1.000000000000000056e-01 9.756258736033263101e-01 0.000000000000000000e+00 2.421504393932769755e-02 1.590824573483750519e-04 0.000000000000000000e+00 0.000000000000000000e+00 -1.084977743597284215e-03 1.536998575857234928e-01 0.000000000000000000e+00 0.000000000000000000e+00 0.000000000000000000e+00 0.000000000000000000e+00 -1.143407128470502829e-03 1.595245697597650562e-03 -1.007425243403863718e-02 -7.329010814301239671e-03
2.000000000000000111e-01 9.059805144471861915e-01 0.000000000000000000e+00 9.156682355371086046e-02 2.452661999105583066e-03 0.000000000000000000e+00 0.000000000000000000e+00 -8.143411278188865746e-03 2.879087403766073527e-01 0.000000000000000000e+00 0.000000000000000000e+00 0.000000000000000000e+00 0.000000000000000000e+00 -8.997048715294622689e-03 1.198480634030959883e-02 -3.688305108782382463e-02 -2.935480413012775056e-02
3.000000000000000444e-01 8.006965176076318302e-01 0.000000000000000000e+00 1.876262187037817664e-01 1.167726368858628717e-02 0.000000000000000000e+00 0.000000000000000000e+00 -2.465178712271834729e-02 3.868125506083188725e-01 0.000000000000000000e+00 0.000000000000000000e+00 0.000000000000000000e+00 0.000000000000000000e+00 -2.945807503080958775e-02 3.637557761417980345e-02 -7.112191384495791802e-02 -6.551043998059877249e-02
4.000000000000000222e-01 6.733898077351282430e-01 0.000000000000000000e+00 2.927104042863520328e-01 3.389978797852494924e-02 0.000000000000000000e+00 0.000000000000000000e+00 -5.015886772450477149e-02 4.411261620607252465e-01 0.000000000000000000e+00 0.000000000000000000e+00 0.000000000000000000e+00 0.000000000000000000e+00 -6.659490754009322888e-02 7.408062457133927914e-02 -1.002307263925557163e-01 -1.130556199900726450e-01
5.000000000000000000e-01 5.387874685852616086e-01 0.000000000000000000e+00 3.868856047184283109e-01 7.432692669630804050e-02 0.000000000000000000e+00 0.000000000000000000e+00 -8.041136453060968026e-02 4.494253308995943552e-01 0.000000000000000000e+00 0.000000000000000000e+00 0.000000000000000000e+00 0.000000000000000000e+00 -1.214773867539256647e-01 1.183184790758237126e-01 -1.121963667090072059e-01 -1.657057391416586201e-01
5.999999999999999778e-01 4.100190735685674825e-01 0.000000000000000000e+00 4.544793147070135819e-01 1.355016117244240981e-01 0.000000000000000000e+00 0.000000000000000000e+00 -1.089524225174587913e-01 4.177015169108935222e-01 0.000000000000000000e+00 0.000000000000000000e+00 0.000000000000000000e+00 0.000000000000000000e+00 -1.912238406884499975e-01 1.581648582938288417e-01 -9.952356263396641700e-02 -2.136663422996533390e-01
7.000000000000000666e-01 2.966673003486979265e-01 0.000000000000000000e+00 4.869282986756769405e-01 2.164044009756247167e-01 0.000000000000000000e+00 0.000000000000000000e+00 -1.294654520901691308e-01 3.573435329819892314e-01 0.000000000000000000e+00 0.000000000000000000e+00 0.000000000000000000e+00 0.000000000000000000e+00 -2.688235269682160977e-01 1.819542198891359597e-01 -6.205596262783867612e-02 -2.456606743725911757e-01
8.000000000000000444e-01 2.040038790693759208e-01 0.000000000000000000e+00 4.833608928361797230e-01 3.126352280944414419e-01 0.000000000000000000e+00 0.000000000000000000e+00 -1.378218681118884570e-01 2.821571012457753658e-01 0.000000000000000000e+00 0.000000000000000000e+00 0.000000000000000000e+00 0.000000000000000000e+00 -3.440636137934770522e-01 1.809305742318618460e-01 -7.512722648970374291e-03 -2.524328787756053849e-01
9.000000000000000222e-01 1.332603741132650510e-01 0.000000000000000000e+00 4.492468672545837927e-01 4.174927586321510176e-01 0.000000000000000000e+00 0.000000000000000000e+00 -1.331629331055188548e-01 2.052667505166094752e-01 0.000000000000000000e+00 0.000000000000000000e+00 0.000000000000000000e+00 0.000000000000000000e+00 -4.055582865589181241e-01 1.519203411030041473e-01 5.079865409198113663e-02 -2.303361412024902688e-01
1.000000000000000000e+00 8.264377988957642696e-02 0.000000000000000000e+00 3.938550309423343165e-01 5.235011891680877438e-01 0.000000000000000000e+00 0.000000000000000000e+00 -1.177188253196215229e-01 1.367184941996198999e-01 0.000000000000000000e+00 0.000000000000000000e+00 0.000000000000000000e+00 0.000000000000000000e+00 -4.433261301557660516e-01 9.821160481637936090e-02 9.841308480786779833e-02 -1.832456869361581975e-01
1.100000000000000089e+00 4.863035260534862708e-02 0.000000000000000000e+00 3.275488589245157400e-01 6.238207884701338912e-01 0.000000000000000000e+00 0.000000000000000000e+00 -9.567823408740047664e-02 8.230730230260566160e-02 0.000000000000000000e+00 0.000000000000000000e+00 0.000000000000000000e+00 0.000000000000000000e+00 -4.511307035796829346e-01 2.851097557764953327e-02 1.246126385769094208e-01 -1.216894209210523103e-01
1.200000000000000178e+00 2.712969535924822373e-02 0.000000000000000000e+00 2.595310490884122911e-01 7.133392555523391243e-01 0.000000000000000000e+00 0.000000000000000000e+00 -7.167018558959219188e-02 4.363923460284863803e-02 0.000000000000000000e+00 0.000000000000000000e+00 0.000000000000000000e+00 0.000000000000000000e+00 -4.278563544786417872e-01 -4.552609399879672947e-02 1.258087166481843822e-01 -5.937039241811216395e-02
1.300000000000000266e+00 1.433761476049143398e-02 0.000000000000000000e+00 1.966087381829947911e-01 7.890536470565173710e-01 0.000000000000000000e+00 0.000000000000000000e+00 -4.950518696294375215e-02 1.918689159497549007e-02 0.000000000000000000e+00 0.000000000000000000e+00 0.000000000000000000e+00 0.000000000000000000e+00 -3.775423825330651018e-01 -1.122345368788449232e-01 1.060163363717995244e-01 -8.583916753859371224e-03
1.400000000000000133e+00 7.171775487313299113e-03 0.000000000000000000e+00 1.428097856683966382e-01 8.500184388442902916e-01 0.000000000000000000e+00 0.000000000000000000e+00 -3.149045817631870164e-02 5.705327949398175148e-03 0.000000000000000000e+00 0.000000000000000000e+00 0.000000000000000000e+00 0.000000000000000000e+00 -3.081894274276816281e-01 -1.625122388176460098e-01 7.445016354498178168e-02 2.352263940430354694e-02
1.500000000000000222e+00 3.391824394645141100e-03 0.000000000000000000e+00 9.969196091071112764e-02 8.969162146946469960e-01 0.000000000000000000e+00 0.000000000000000000e+00 -1.838315458178542763e-02 -4.441318104428833291e-04 0.000000000000000000e+00 0.000000000000000000e+00 0.000000000000000000e+00 0.000000000000000000e+00 -2.298021317560921539e-01 -1.913277721721894642e-01 4.152304081060888968e-02 3.630453673057894293e-02
1.600000000000000089e+00 1.515040109904741174e-03 0.000000000000000000e+00 6.700397888247673628e-02 9.314809810076233321e-01 0.000000000000000000e+00 0.000000000000000000e+00 -9.786764099085245097e-03 -2.394360946005249721e-03 0.000000000000000000e+00 0.000000000000000000e+00 0.000000000000000000e+00 0.000000000000000000e+00 -1.522554870634347246e-01 -1.980686712654308179e-01 1.516090037794049807e-02 3.437118193015472473e-02
1.700000000000000178e+00 6.382756641532846657e-04 0.000000000000000000e+00 4.341801092939528983e-02 9.559437134064551200e-01 0.000000000000000000e+00 0.000000000000000000e+00 -4.699466282493835849e-03 -2.372272456864052154e-03 0.000000000000000000e+00 0.000000000000000000e+00 0.000000000000000000e+00 0.000000000000000000e+00 -8.360542116493747955e-02 -1.857829594544499752e-01 -1.101545900585146603e-03 2.467675435259998606e-02
1.800000000000000266e+00 2.532983999832131628e-04 0.000000000000000000e+00 2.714866231391094287e-02 9.725980392861077739e-01 0.000000000000000000e+00 0.000000000000000000e+00 -1.995002296902432387e-03 -1.701963201611376812e-03 0.000000000000000000e+00 0.000000000000000000e+00 0.000000000000000000e+00 0.000000000000000000e+00 -2.904454799158205994e-02 -1.598785472798889551e-01 -7.888545804738005679e-03 1.356939143074067933e-02
1.900000000000000133e+00 9.455420028044403359e-05 0.000000000000000000e+00 1.639206573397668579e-02 9.835133800657401837e-01 0.000000000000000000e+00 0.000000000000000000e+00 -7.184884182081184003e-04 -1.016716770195894015e-03 0.000000000000000000e+00 0.000000000000000000e+00 0.000000000000000000e+00 0.000000000000000000e+00 9.308194134982190893e-03 -1.266300652008383043e-01 -8.262212913608239090e-03 4.973042037271395606e-03
2.000000000000000000e+00 3.312586794195952696e-05 0.000000000000000000e+00 9.555501293371527691e-03 9.904113728386901849e-01 0.000000000000000000e+00 0.000000000000000000e+00 -1.960787319343744396e-04 -5.273399119389944123e-04 0.000000000000000000e+00 0.000000000000000000e+00 0.000000000000000000e+00 0.000000000000000000e+00 3.204270218366150891e-02 -9.185391836966956547e-02 -5.726661725243531106e-03 1.164989875363633476e-04
2.100000000000000089e+00 1.087724768617989475e-05 0.000000000000000000e+00 5.378370414081312147e-03 9.946107523382359261e-01 0.000000000000000000e+00 0.000000000000000000e+00 -2.112031688522724389e-05 -2.409477788446472049e-04 0.000000000000000000e+00 0.000000000000000000e+00 0.000000000000000000e+00 0.000000000000000000e+00 4.168559427842015441e-02 -6.009738895624444632e-02 -2.856022410881773645e-03 -1.631493840617364915e-03
2.200000000000000178e+00 3.338060974995822709e-06 0.000000000000000000e+00 2.919619206541395999e-03 9.970770427324894269e-01 0.000000000000000000e+00 0.000000000000000000e+00 1.863595995390210857e-05 -9.694626892018127899e-05 0.000000000000000000e+00 0.000000000000000000e+00 0.000000000000000000e+00 0.000000000000000000e+00 4.176275812848771057e-02 -3.416075461607658709e-02 -8.677379718658014213e-04 -1.604785289150299906e-03
2.300000000000000266e+00 9.559082933692732677e-07 0.000000000000000000e+00 1.527970005152079090e-03 9.984710740865546663e-01 0.000000000000000000e+00 0.000000000000000000e+00 1.749584471627388583e-05 -3.397804156285830397e-05 0.000000000000000000e+00 0.000000000000000000e+00 0.000000000000000000e+00 0.000000000000000000e+00 3.598404382606886637e-02 -1.519151988254851746e-02 7.421116666574657729e-05 -9.741389479289369949e-04
2.400000000000000355e+00 2.547087471618907503e-07 0.000000000000000000e+00 7.701324040968558901e-04 9.992296128871570593e-01 0.000000000000000000e+00 0.000000000000000000e+00 9.737906236027712948e-06 -1.006659577259605180e-05 0.000000000000000000e+00 0.000000000000000000e+00 0.000000000000000000e+00 0.000000000000000000e+00 2.758353075229329210e-02 -2.947501367040441383e-03 3.102518769763669545e-04 -3.978183264624171904e-04
2.500000000000000444e+00 6.290428860932020925e-08 0.000000000000000000e+00 3.729205526641041516e-04 9.996270165430465315e-01 0.000000000000000000e+00 0.000000000000000000e+00 4.248198816266588569e-06 -2.326667070726551696e-06 0.000000000000000000e+00 0.000000000000000000e+00 0.000000000000000000e+00 0.000000000000000000e+00 1.894868667325972159e-02 3.705212365668136224e-03 2.389749374788701470e-04 -7.601290428702723407e-05
2.600000000000000089e+00 1.432784334543032989e-08 0.000000000000000000e+00 1.731557937941693439e-04 9.998268298783664632e-01 0.000000000000000000e+00 0.000000000000000000e+00 1.546404869122735190e-06 -3.024788132780760741e-07 0.000000000000000000e+00 0.000000000000000000e+00 0.000000000000000000e+00 0.000000000000000000e+00 1.155664794139252445e-02 6.290429143444004230e-03 1.141933762122949281e-04 3.599619364637969885e-05
2.700000000000000178e+00 3.014287659491649391e-09 0.000000000000000000e+00 7.709655730576903327e-05 9.999229004284032607e-01 0.000000000000000000e+00 0.000000000000000000e+00 4.791747158850460649e-07 5.866119861507939546e-08 0.000000000000000000e+00 0.000000000000000000e+00 0.000000000000000000e+00 0.000000000000000000e+00 6.049995003989728538e-03 6.363018667986115005e-03 3.275890403430080247e-05 4.415499898739717687e-05
2.800000000000000266e+00 5.729967146948190889e-10 0.000000000000000000e+00 3.275909008580779396e-05 9.999672403369174178e-01 0.000000000000000000e+00 0.000000000000000000e+00 1.246652815001394431e-07 5.933658171585080337e-08 0.000000000000000000e+00 0.000000000000000000e+00 0.000000000000000000e+00 0.000000000000000000e+00 2.452283809930100398e-03 5.171473144538541074e-03 -2.196063992780007456e-08 2.413636779005662680e-05
2.900000000000000355e+00 9.405151887986361485e-11 0.000000000000000000e+00 1.322340512069501535e-05 9.999867765008276788e-01 0.000000000000000000e+00 0.000000000000000000e+00 2.623889903058566999e-08 2.567070968555308263e-08 0.000000000000000000e+00 0.000000000000000000e+00 0.000000000000000000e+00 0.000000000000000000e+00 4.374342627768435790e-04 3.609944836368468319e-03 -6.142493416819414483e-06 8.037486502058673203e-06
3.000000000000000444e+00 -3.521750813863359225e-13 0.000000000000000000e+00 5.073270090377652936e-06 9.999949267302642442e-01 0.000000000000000000e+00 0.000000000000000000e+00 3.880675642546323624e-09 8.090940149152595883e-09 0.000000000000000000e+00 0.000000000000000000e+00 0.000000000000000000e+00 0.000000000000000000e+00 -4.645334160175590443e-04 2.203907137071288522e-03 -3.884868468097514066e-06 1.017701029310486956e-06
3.100000000000000089e+00 -9.994203433863516451e-12 0.000000000000000000e+00 1.858789044302895974e-06 9.999981412209509868e-01 0.000000000000000000e+00 0.000000000000000000e+00 2.124683890111711628e-10 2.149291615269852358e-09 0.000000000000000000e+00 0.000000000000000000e+00 0.000000000000000000e+00 0.000000000000000000e+00 -6.992421232615054789e-04 1.170313353474347964e-03 -1.380804929055914090e-06 -6.163272196281673472e-07
3.200000000000000178e+00 -1.410933517827396812e-11 0.000000000000000000e+00 6.315250984641236535e-07 9.999993684890126078e-01 0.000000000000000000e+00 0.000000000000000000e+00 -1.153387481168459051e-10 3.436870987588730679e-10 0.000000000000000000e+00 0.000000000000000000e+00 0.000000000000000000e+00 0.000000000000000000e+00 -6.059036196940444270e-04 5.140243970381478799e-04 -2.552754576365642433e-07 -4.719739965363501563e-07
3.300000000000000266e+00 -1.321453751038276229e-11 0.000000000000000000e+00 2.003416977651867154e-07 9.999997996715203064e-01 0.000000000000000000e+00 0.000000000000000000e+00 -1.051306765958735960e-10 -5.965667622556946261e-11 0.000000000000000000e+00 0.000000000000000000e+00 0.000000000000000000e+00 0.000000000000000000e+00 -4.197581709053200085e-04 1.548430076921387499e-04 2.798390008610838560e-08 -1.780995394166220046e-07
3.400000000000000355e+00 -1.622217964992896228e-11 0.000000000000000000e+00 5.994548216265196481e-08 9.999999400707407782e-01 0.000000000000000000e+00 0.000000000000000000e+00 -1.497553254728237189e-10 -5.680708207656139257e-11 0.000000000000000000e+00 0.000000000000000000e+00 0.000000000000000000e+00 0.000000000000000000e+00 -2.443548737790980792e-04 3.255333136839488333e-06 4.548527989584787911e-08 -3.976449194431771097e-08
3.500000000000000444e+00 -2.149083531790858532e-11 0.000000000000000000e+00 1.527416631731279764e-08 9.999999847473264314e-01 0.000000000000000000e+00 0.000000000000000000e+00 2.230408855896781369e-11 5.984644587999241280e-11 0.000000000000000000e+00 0.000000000000000000e+00 0.000000000000000000e+00 0.000000000000000000e+00 -1.152635034125545460e-04 -4.055211362337385328e-05 4.969068006098819271e-10 2.934748262417310567e-09
3.600000000000000089e+00 -2.344247560356617876e-11 0.000000000000000000e+00 4.219040785435287692e-09 9.999999958044049064e-01 0.000000000000000000e+00 0.000000000000000000e+00 -1.898134702236608567e-11 4.105994328800520531e-12 0.000000000000000000e+00 0.000000000000000000e+00 0.000000000000000000e+00 0.000000000000000000e+00 -4.590752122525193713e-05 -4.221928623018745706e-05 -1.749171449889953749e-08 -1.924666930012795726e-08
3.700000000000000178e+00 -2.760348300019919336e-11 0.000000000000000000e+00 1.317135957101378661e-09 9.999999987104678523e-01 0.000000000000000000e+00 0.000000000000000000e+00 -2.179104374599534311e-10 2.269962897616399532e-10 0.000000000000000000e+00 0.000000000000000000e+00 0.000000000000000000e+00 0.000000000000000000e+00 -2.170438066813719038e-05 -2.340438607504256966e-05 -1.103416404304267313e-08 -2.874703465368985561e-10
3.800000000000000266e+00 -1.949921321631912834e-11 0.000000000000000000e+00 5.348705364627951284e-10 9.999999994846293649e-01 0.000000000000000000e+00 0.000000000000000000e+00 1.061384893274892006e-10 5.308546396641832804e-11 0.000000000000000000e+00 0.000000000000000000e+00 0.000000000000000000e+00 0.000000000000000000e+00 -6.402195071838409194e-06 -1.447200327000553779e-05 -8.123579047970645843e-09 4.294174197020839917e-09
3.900000000000000355e+00 -2.857078780025251023e-11 0.000000000000000000e+00 4.449135352109194725e-10 9.999999995836557076e-01 0.000000000000000000e+00 0.000000000000000000e+00 9.490025490858718656e-11 2.309683793855088166e-11 0.000000000000000000e+00 0.000000000000000000e+00 0.000000000000000000e+00 0.000000000000000000e+00 -7.268193009450658458e-06 -5.719995906041040069e-06 -1.705840264575648381e-08 -2.931480665566550579e-08
4.000000000000000000e+00 -3.346465457479755664e-11 0.000000000000000000e+00 3.609668269855070256e-10 9.999999996725006390e-01 0.000000000000000000e+00 0.000000000000000000e+00 -5.358033183616259153e-12 -3.999875802766810375e-11 0.000000000000000000e+00 0.000000000000000000e+00 0.000000000000000000e+00 0.000000000000000000e+00 -2.029035105419613499e-06 -1.058449419217241414e-06 -1.140383601674188057e-08 -2.095076184636219316e-08
4.099999999999999645e+00 -2.735596671184576711e-11 0.000000000000000000e+00 3.383746900822837882e-10 9.999999996889842313e-01 0.000000000000000000e+00 0.000000000000000000e+00 2.989992408643553652e-11 -1.677842856337640457e-10 0.000000000000000000e+00 0.000000000000000000e+00 0.000000000000000000e+00 0.000000000000000000e+00 -1.060793379134570335e-06 -4.727003735716255625e-06 -9.731163979087228606e-09 -2.526451337321471914e-08
4.200000000000000178e+00 -2.820283000882775763e-11 0.000000000000000000e+00 3.998564718208223219e-10 9.999999996283420733e-01 0.000000000000000000e+00 0.000000000000000000e+00 -1.294071019962957202e-10 5.323680511789785799e-11 0.000000000000000000e+00 0.000000000000000000e+00 0.000000000000000000e+00 0.000000000000000000e+00 -2.646764929957354281e-06 5.176717954365153824e-06 8.808584391859936813e-09 -1.235154723319307875e-08
4.299999999999999822e+00 -3.590301381224271400e-11 0.000000000000000000e+00 4.000356159172057848e-10 9.999999996358678311e-01 0.000000000000000000e+00 0.000000000000000000e+00 5.814665000975157330e-12 7.519085704452638077e-11 0.000000000000000000e+00 0.000000000000000000e+00 0.000000000000000000e+00 0.000000000000000000e+00 -9.885025308671034027e-07 -2.281870115245896025e-06 1.513238511500383228e-09 -4.458916350045712502e-10
4.399999999999999467e+00 -5.086344557438394633e-11 0.000000000000000000e+00 4.823801880494168792e-10 9.999999995684878407e-01 0.000000000000000000e+00 0.000000000000000000e+00 -2.144250219212221993e-10 -9.396524163042332094e-11 0.000000000000000000e+00 0.000000000000000000e+00 0.000000000000000000e+00 0.000000000000000000e+00 -1.534809139574114396e-06 -3.031737232529427865e-06 4.970578373598914357e-09 -5.257209389524308548e-09
4.500000000000000000e+00 -4.516361656895432452e-11 0.000000000000000000e+00 4.726766818490396938e-10 9.999999995724918600e-01 0.000000000000000000e+00 0.000000000000000000e+00 1.501270042420585657e-10 1.481363121813068836e-10 0.000000000000000000e+00 0.000000000000000000e+00 0.000000000000000000e+00 0.000000000000000000e+00 -1.640378375961948647e-06 6.458729426025799255e-06 8.322202790191421470e-09 1.304815667691122182e-09
4.599999999999999645e+00 -4.139709476172413365e-11 0.000000000000000000e+00 4.782076452934618643e-10 9.999999995631911887e-01 0.000000000000000000e+00 0.000000000000000000e+00 -2.922019633250116821e-10 -1.270382047498549986e-10 0.000000000000000000e+00 0.000000000000000000e+00 0.000000000000000000e+00 0.000000000000000000e+00 -1.645261318559183431e-06 -3.696556968495598628e-06 7.915522246021176544e-10 1.218579182965088350e-08
4.700000000000000178e+00 -3.677323759563483942e-11 0.000000000000000000e+00 5.591207313323392685e-10 9.999999994776540557e-01 0.000000000000000000e+00 0.000000000000000000e+00 8.694067492523598576e-11 2.252329202612892362e-11 0.000000000000000000e+00 0.000000000000000000e+00 0.000000000000000000e+00 0.000000000000000000e+00 1.823383056557938201e-06 1.081357317746703333e-05 1.517583405880676094e-08 1.279816840351625108e-08
4.799999999999999822e+00 -4.486149166569094481e-11 0.000000000000000000e+00 5.725396121732700174e-10 9.999999994723222096e-01 0.000000000000000000e+00 0.000000000000000000e+00 -5.585837828827733122e-11 1.339221949805131193e-10 0.000000000000000000e+00 0.000000000000000000e+00 0.000000000000000000e+00 0.000000000000000000e+00 -5.832347547934103110e-07 3.166330399745126753e-06 -1.533753597502276434e-08 1.153727578475975763e-08
4.900000000000000355e+00 -5.532096744084403841e-11 0.000000000000000000e+00 5.769252918172779624e-10 9.999999994783970170e-01 0.000000000000000000e+00 0.000000000000000000e+00 1.396347787146498947e-10 1.668865886527300822e-10 0.000000000000000000e+00 0.000000000000000000e+00 0.000000000000000000e+00 0.000000000000000000e+00 -6.245652273015367043e-06 5.599894195940124161e-06 -7.173137341994128190e-09 4.497643588961330168e-08
5.000000000000000000e+00 -4.547174648495641758e-11 0.000000000000000000e+00 5.445898297847713743e-10 9.999999995008859166e-01 0.000000000000000000e+00 0.000000000000000000e+00 2.302110834864606376e-10 -3.579174301331104918e-10 0.000000000000000000e+00 0.000000000000000000e+00 0.000000000000000000e+00 0.000000000000000000e+00 6.614805099877244641e-06 -6.989688997070552734e-06 7.670567576933838842e-10 8.211265329622351930e-09
5.099999999999999645e+00 -5.008363716894246593e-11 0.000000000000000000e+00 4.779539963754151401e-10 9.999999995721278179e-01 0.000000000000000000e+00 0.000000000000000000e+00 5.176251114434884543e-11 1.104754824303973809e-10 0.000000000000000000e+00 0.000000000000000000e+00 0.000000000000000000e+00 0.000000000000000000e+00 -4.271220151282877914e-08 -3.101026219005486197e-06 -1.499352937457433144e-08 -2.147679347592458702e-08
5.200000000000000178e+00 -4.983253833568207621e-11 0.000000000000000000e+00 4.784835131982497995e-10 9.999999995713542145e-01 0.000000000000000000e+00 0.000000000000000000e+00 9.711927021484055575e-12 -2.562920992818910595e-10 0.000000000000000000e+00 0.000000000000000000e+00 0.000000000000000000e+00 0.000000000000000000e+00 6.310333126817786227e-06 -1.848927729814453407e-06 -2.158214795324949398e-08 1.308363501910493336e-08
5.299999999999999822e+00 -5.843137092495002765e-11 0.000000000000000000e+00 6.152592278592826162e-10 9.999999994431734152e-01 0.000000000000000000e+00 0.000000000000000000e+00 -2.122109509486739305e-10 -2.835425219675696919e-10 0.000000000000000000e+00 0.000000000000000000e+00 0.000000000000000000e+00 0.000000000000000000e+00 6.737018490179789506e-06 -3.005053077751609786e-06 -6.498162935266497504e-09 -1.361131941260524603e-08
5.400000000000000355e+00 -6.813719455616095206e-11 0.000000000000000000e+00 6.265754835784913265e-10 9.999999994415617044e-01 0.000000000000000000e+00 0.000000000000000000e+00 -4.237641092881854401e-10 -2.435344307329180789e-10 0.000000000000000000e+00 0.000000000000000000e+00 0.000000000000000000e+00 0.000000000000000000e+00 2.143565798188772648e-06 -3.979288452264925008e-06 8.968464625246568573e-09 -7.935910153516648561e-09
5.500000000000000000e+00 -6.845083973546938531e-11 0.000000000000000000e+00 6.194844350111172272e-10 9.999999994489693345e-01 0.000000000000000000e+00 0.000000000000000000e+00 8.174083914138302207e-11 -2.366166486492620082e-10 0.000000000000000000e+00 0.000000000000000000e+00 0.000000000000000000e+00 0.000000000000000000e+00 2.509924930154260272e-06 3.363356291633276356e-06 4.232135382545934460e-09 -4.170054698498358998e-08
5.599999999999999645e+00 -7.398472921984065307e-11 0.000000000000000000e+00 6.162850186607685253e-10 9.999999994577064566e-01 0.000000000000000000e+00 0.000000000000000000e+00 -4.058325038862032448e-10 9.133332831514594356e-11 0.000000000000000000e+00 0.000000000000000000e+00 0.000000000000000000e+00 0.000000000000000000e+00 -1.620289606657312138e-06 -7.466741110475089199e-06 1.638872295907208243e-08 1.114422157889223167e-08
5.700000000000000178e+00 -7.617161567922510613e-11 0.000000000000000000e+00 5.781493647191372113e-10 9.999999994980199869e-01 0.000000000000000000e+00 0.000000000000000000e+00 -9.474883341723682941e-11 -3.827738722099755327e-10 0.000000000000000000e+00 0.000000000000000000e+00 0.000000000000000000e+00 0.000000000000000000e+00 2.738097977998853287e-06 -2.341357402022585705e-06 4.248363184629924793e-09 -1.322400862295285836e-08
5.799999999999999822e+00 -7.051415248280119630e-11 0.000000000000000000e+00 5.988019730829629692e-10 9.999999994717131413e-01 0.000000000000000000e+00 0.000000000000000000e+00 -3.903096664579711006e-10 1.638793189245275578e-10 0.000000000000000000e+00 0.000000000000000000e+00 0.000000000000000000e+00 0.000000000000000000e+00 9.424475776032973874e-07 -7.178844628066096826e-06 -9.466914211773639298e-09 1.767092215012660566e-08
5.900000000000000355e+00 -7.415795636888860174e-11 0.000000000000000000e+00 6.591796604352884197e-10 9.999999994149761928e-01 0.000000000000000000e+00 0.000000000000000000e+00 2.646066050536528501e-10 -3.940909046671134459e-10 0.000000000000000000e+00 0.000000000000000000e+00 0.000000000000000000e+00 0.000000000000000000e+00 6.664185785579632345e-06 4.396737611674330590e-07 6.437749276529013792e-09 1.489454376682666818e-08
6.000000000000000000e+00 -8.103858705713267082e-11 0.000000000000000000e+00 6.599226284313992714e-10 9.999999994211181686e-01 0.000000000000000000e+00 0.000000000000000000e+00 2.555393024418088505e-10 1.837468559590188938e-11 0.000000000000000000e+00 0.000000000000000000e+00 0.000000000000000000e+00 0.000000000000000000e+00 -4.849205951485070754e-07 3.446850757290186788e-07 -3.665287037131800436e-08 -3.460303771265851527e-10
