1.000000000000000056e-01 9.756250900246812297e-01 0.000000000000000000e+00 2.421634456022933937e-02 1.585654150873568448e-04 0.000000000000000000e+00 0.000000000000000000e+00 -1.052853823866742051e-03 1.537041471374712420e-01 0.000000000000000000e+00 0.000000000000000000e+00 0.000000000000000000e+00 0.000000000000000000e+00 -1.138309891339198956e-03 1.595031448762830508e-03 -1.007437246253027781e-02 -7.294341452323866923e-03
2.000000000000000111e-01 9.059762466573018092e-01 0.000000000000000000e+00 9.157879344632241514e-02 2.444959896372245547e-03 0.000000000000000000e+00 0.000000000000000000e+00 -7.885918365843919836e-03 2.879340616593276114e-01 0.000000000000000000e+00 0.000000000000000000e+00 0.000000000000000000e+00 0.000000000000000000e+00 -8.949570021909438247e-03 1.199215051774398660e-02 -3.693402045209330520e-02 -2.917111122081026547e-02
3.000000000000000444e-01 8.006782695150934659e-01 0.000000000000000000e+00 1.876790679227590408e-01 1.164266256214933036e-02 0.000000000000000000e+00 0.000000000000000000e+00 -2.388966084423137931e-02 3.869106297975828390e-01 0.000000000000000000e+00 0.000000000000000000e+00 0.000000000000000000e+00 0.000000000000000000e+00 -2.927106724448102007e-02 3.644569496115478840e-02 -7.140887405289648993e-02 -6.498307187486050684e-02
4.000000000000000222e-01 6.733325919395248826e-01 0.000000000000000000e+00 2.928573158807931121e-01 3.381009217968455188e-02 0.000000000000000000e+00 0.000000000000000000e+00 -4.861629642777658827e-02 4.413919247777082777e-01 0.000000000000000000e+00 0.000000000000000000e+00 0.000000000000000000e+00 0.000000000000000000e+00 -6.609383202208715669e-02 7.438506714431228350e-02 -1.011404838590728994e-01 -1.119644564957763683e-01
5.000000000000000000e-01 5.386796833381363170e-01 0.000000000000000000e+00 3.871659962013287437e-01 7.415432046053793691e-02 0.000000000000000000e+00 0.000000000000000000e+00 -7.796269325499539937e-02 4.499780824280544267e-01 0.000000000000000000e+00 0.000000000000000000e+00 0.000000000000000000e+00 0.000000000000000000e+00 -1.204290001761366136e-01 1.191926477154483383e-01 -1.142794312825881620e-01 -1.639684037800356042e-01
5.999999999999999778e-01 4.098494304310097425e-01 0.000000000000000000e+00 4.549128387075506152e-01 1.352377308614389206e-01 0.000000000000000000e+00 0.000000000000000000e+00 -1.056815345507563508e-01 4.186611769426425989e-01 0.000000000000000000e+00 0.000000000000000000e+00 0.000000000000000000e+00 0.000000000000000000e+00 -1.894224435601233325e-01 1.601265684643369547e-01 -1.033611696458864304e-01 -2.115267727273708320e-01
7.000000000000000666e-01 2.964395914946089117e-01 0.000000000000000000e+00 4.874897580683011933e-01 2.160706504370931980e-01 0.000000000000000000e+00 0.000000000000000000e+00 -1.256525130085108521e-01 3.587794736731396705e-01 0.000000000000000000e+00 0.000000000000000000e+00 0.000000000000000000e+00 0.000000000000000000e+00 -2.662139018950199221e-01 1.856404792324004571e-01 -6.800870604035011424e-02 -2.437759447778019006e-01
8.000000000000000444e-01 2.037315691609684343e-01 0.000000000000000000e+00 4.839898331584560620e-01 3.122785976805783625e-01 0.000000000000000000e+00 0.000000000000000000e+00 -1.338686220213840816e-01 2.840478836966420784e-01 0.000000000000000000e+00 0.000000000000000000e+00 0.000000000000000000e+00 0.000000000000000000e+00 -3.408589481695575851e-01 1.869621454369129188e-01 -1.544636588122504095e-02 -2.517586513732899545e-01
9.000000000000000222e-01 1.329744309322772045e-01 0.000000000000000000e+00 4.498485875790840804e-01 4.171769814886399086e-01 0.000000000000000000e+00 0.000000000000000000e+00 -1.294758484139307553e-01 2.074954568803780430e-01 0.000000000000000000e+00 0.000000000000000000e+00 0.000000000000000000e+00 0.000000000000000000e+00 -4.022853468913095143e-01 1.607263997402849365e-01 4.165010045097349706e-02 -2.318170417993395405e-01
1.000000000000000000e+00 8.237234219070578567e-02 0.000000000000000000e+00 3.943472549307281416e-01 5.232804028785630335e-01 0.000000000000000000e+00 0.000000000000000000e+00 -1.146132552321906806e-01 1.390938846976683407e-01 0.000000000000000000e+00 0.000000000000000000e+00 0.000000000000000000e+00 0.000000000000000000e+00 -4.407776690124730057e-01 1.098600786758016923e-01 8.935804148511868050e-02 -1.874005678980706358e-01
1.100000000000000089e+00 4.839269097919812052e-02 0.000000000000000000e+00 3.278550652353940942e-01 6.237522437854107205e-01 0.000000000000000000e+00 0.000000000000000000e+00 -9.331378264331939565e-02 8.460689585363087573e-02 0.000000000000000000e+00 0.000000000000000000e+00 0.000000000000000000e+00 0.000000000000000000e+00 -4.502057196080694323e-01 4.260449050471396687e-02 1.171425091599237467e-01 -1.283069839560298520e-01
1.200000000000000178e+00 2.694007612098212046e-02 0.000000000000000000e+00 2.596295914544962669e-01 7.134303324245232503e-01 0.000000000000000000e+00 0.000000000000000000e+00 -7.005498311290739299e-02 4.568085266312181536e-02 0.000000000000000000e+00 0.000000000000000000e+00 0.000000000000000000e+00 0.000000000000000000e+00 -4.293460686095176837e-01 -2.982581238192543935e-02 1.210967515685158202e-01 -6.749403105264679958e-02
1.300000000000000266e+00 1.419792058056356179e-02 0.000000000000000000e+00 1.965108399798944083e-01 7.892912394395472653e-01 0.000000000000000000e+00 0.000000000000000000e+00 -4.853020871021395538e-02 2.085339630319549969e-02 0.000000000000000000e+00 0.000000000000000000e+00 0.000000000000000000e+00 0.000000000000000000e+00 -3.819299010871630706e-01 -9.609284621289963801e-02 1.045184072251437724e-01 -1.679871560091067417e-02
1.400000000000000133e+00 7.076963389950074318e-03 0.000000000000000000e+00 1.425622957844487060e-01 8.503607408255979827e-01 0.000000000000000000e+00 0.000000000000000000e+00 -3.099152196544231741e-02 6.959433445232835087e-03 0.000000000000000000e+00 0.000000000000000000e+00 0.000000000000000000e+00 0.000000000000000000e+00 -3.155249715347215322e-01 -1.472187886597796924e-01 7.577851059614502949e-02 1.660087809759432792e-02
1.500000000000000222e+00 3.331920141923344972e-03 0.000000000000000000e+00 9.934597394375278834e-02 8.973221059143309253e-01 0.000000000000000000e+00 0.000000000000000000e+00 -1.818878465115182641e-02 4.253992110221344698e-04 0.000000000000000000e+00 0.000000000000000000e+00 0.000000000000000000e+00 0.000000000000000000e+00 -2.396567396419305718e-01 -1.780729784941786631e-01 4.464012736478647353e-02 3.157632999934867346e-02
1.600000000000000089e+00 1.479886876486083283e-03 0.000000000000000000e+00 6.661767458710705914e-02 9.319024385364128582e-01 0.000000000000000000e+00 0.000000000000000000e+00 -9.757559459565971066e-03 -1.837567186403920748e-03 0.000000000000000000e+00 0.000000000000000000e+00 0.000000000000000000e+00 0.000000000000000000e+00 -1.638392889747015690e-01 -1.877175025249660234e-01 1.881975103940772970e-02 3.201448232106849506e-02
1.700000000000000178e+00 6.191443152927659285e-04 0.000000000000000000e+00 4.303809926199233388e-02 9.563427564227142685e-01 0.000000000000000000e+00 0.000000000000000000e+00 -4.740104866625050560e-03 -2.044064550448729083e-03 0.000000000000000000e+00 0.000000000000000000e+00 0.000000000000000000e+00 0.000000000000000000e+00 -9.590255812120816736e-02 -1.787788402792659104e-01 2.071482472704984021e-03 2.424506373035544698e-02
1.800000000000000266e+00 2.435954056592920340e-04 0.000000000000000000e+00 2.680926999037482397e-02 9.729471346039660906e-01 0.000000000000000000e+00 0.000000000000000000e+00 -2.051261538031876833e-03 -1.524119729188126325e-03 0.000000000000000000e+00 0.000000000000000000e+00 0.000000000000000000e+00 0.000000000000000000e+00 -4.102585383798248997e-02 -1.562078155933417922e-01 -5.741471016625369211e-03 1.428429003471143842e-02
1.900000000000000133e+00 8.996867942703934526e-05 0.000000000000000000e+00 1.610969955959531963e-02 9.838003317609789189e-01 0.000000000000000000e+00 0.000000000000000000e+00 -7.660416589405530212e-04 -9.287349469269582476e-04 0.000000000000000000e+00 0.000000000000000000e+00 0.000000000000000000e+00 0.000000000000000000e+00 -1.480895080430134859e-03 -1.258830196516411981e-01 -7.186821248359130491e-03 6.071310785372233294e-03
2.000000000000000000e+00 3.112048176824063058e-05 0.000000000000000000e+00 9.334954121007821293e-03 9.906339253972253900e-01 0.000000000000000000e+00 0.000000000000000000e+00 -2.285611128378967506e-04 -4.881271550096407947e-04 0.000000000000000000e+00 0.000000000000000000e+00 0.000000000000000000e+00 0.000000000000000000e+00 2.306331814995497484e-02 -9.335740714558882214e-02 -5.446375323320684289e-03 1.079816337700524164e-03
2.100000000000000089e+00 1.006497254527915159e-05 0.000000000000000000e+00 5.216184517585417679e-03 9.947737505098650512e-01 0.000000000000000000e+00 0.000000000000000000e+00 -4.038500427400346061e-05 -2.255433414870708039e-04 0.000000000000000000e+00 0.000000000000000000e+00 0.000000000000000000e+00 0.000000000000000000e+00 3.481488187479270247e-02 -6.306224956353763400e-02 -2.996301635571476784e-03 -1.017121500195312857e-03
2.200000000000000178e+00 3.032682736047156277e-06 0.000000000000000000e+00 2.806609397247396710e-03 9.971903579200185330e-01 0.000000000000000000e+00 0.000000000000000000e+00 8.484420081196320139e-06 -9.186718479322402374e-05 0.000000000000000000e+00 0.000000000000000000e+00 0.000000000000000000e+00 0.000000000000000000e+00 3.698757298983791630e-02 -3.782384280829383105e-02 -1.126251652935449403e-03 -1.325035622357969862e-03
2.300000000000000266e+00 8.498009828955781672e-07 0.000000000000000000e+00 1.453288572201728119e-03 9.985458616268155785e-01 0.000000000000000000e+00 0.000000000000000000e+00 1.268805841326801513e-05 -3.277236070743784713e-05 0.000000000000000000e+00 0.000000000000000000e+00 0.000000000000000000e+00 0.000000000000000000e+00 3.306584695608379143e-02 -1.891626036968629965e-02 -1.378873577257022263e-04 -9.107990310051060400e-04
2.400000000000000355e+00 2.203331033990723946e-07 0.000000000000000000e+00 7.223291757304696340e-04 9.992774504911696720e-01 0.000000000000000000e+00 0.000000000000000000e+00 7.679110698099785923e-06 -1.000953756284451740e-05 0.000000000000000000e+00 0.000000000000000000e+00 0.000000000000000000e+00 0.000000000000000000e+00 2.612077322680479013e-02 -6.285883375193469964e-03 1.905851876776471106e-04 -4.287867033595968674e-04
2.500000000000000444e+00 5.274597855547679616e-08 0.000000000000000000e+00 3.441879960023821626e-04 9.996557592580191942e-01 0.000000000000000000e+00 0.000000000000000000e+00 3.457319401446615792e-06 -2.490696073706641661e-06 0.000000000000000000e+00 0.000000000000000000e+00 0.000000000000000000e+00 0.000000000000000000e+00 1.852257043022251248e-02 9.918491575025192158e-04 1.932336144136502856e-04 -1.240710195089599977e-04
2.600000000000000089e+00 1.159337567400323930e-08 0.000000000000000000e+00 1.570132564788775064e-04 9.998429751501428653e-01 0.000000000000000000e+00 0.000000000000000000e+00 1.278938509954830576e-06 -4.315514938925073793e-07 0.000000000000000000e+00 0.000000000000000000e+00 0.000000000000000000e+00 0.000000000000000000e+00 1.177532350127543682e-02 4.281376545166829146e-03 1.076783161537574380e-04 2.503962837121316139e-06
2.700000000000000178e+00 2.319717503765470448e-09 0.000000000000000000e+00 6.823159223928451438e-05 9.999317660880384651e-01 0.000000000000000000e+00 0.000000000000000000e+00 3.987106426997728293e-07 -7.982004196738742452e-09 0.000000000000000000e+00 0.000000000000000000e+00 0.000000000000000000e+00 0.000000000000000000e+00 6.579855157143084908e-03 4.993223428775535669e-03 3.903024290489138875e-05 2.841442849266555002e-05
2.800000000000000266e+00 4.122098340280072097e-10 0.000000000000000000e+00 2.815480467432901216e-05 9.999718447831180690e-01 0.000000000000000000e+00 0.000000000000000000e+00 1.048421405132185317e-07 3.156490789503156331e-08 0.000000000000000000e+00 0.000000000000000000e+00 0.000000000000000000e+00 0.000000000000000000e+00 3.059689789884040105e-03 4.334983207824712886e-03 6.514272486508380675e-06 1.956980173404883818e-05
2.900000000000000355e+00 5.533819505377910689e-11 0.000000000000000000e+00 1.102700589270612587e-05 9.999889729387666515e-01 0.000000000000000000e+00 0.000000000000000000e+00 2.291701878257110800e-08 1.580444000804669230e-08 0.000000000000000000e+00 0.000000000000000000e+00 0.000000000000000000e+00 0.000000000000000000e+00 1.004936414718129957e-03 3.164930558432652377e-03 -2.494134793138091228e-06 8.006880637355077385e-06
3.000000000000000444e+00 -2.919478643407792211e-12 0.000000000000000000e+00 4.040815398388922461e-06 9.999959591875247078e-01 0.000000000000000000e+00 0.000000000000000000e+00 3.861095144347048872e-09 4.971475325837709008e-09 0.000000000000000000e+00 0.000000000000000000e+00 0.000000000000000000e+00 0.000000000000000000e+00 -1.287733989339696550e-05 2.010069412331066171e-03 -2.594095307809477933e-06 1.905293219905454358e-06
3.100000000000000089e+00 -1.080569347108630374e-11 0.000000000000000000e+00 1.387086810318626727e-06 9.999986129239937238e-01 0.000000000000000000e+00 0.000000000000000000e+00 4.573942155456552424e-10 1.203485598593567129e-09 0.000000000000000000e+00 0.000000000000000000e+00 0.000000000000000000e+00 0.000000000000000000e+00 -3.793768355645589572e-04 1.114876992628071207e-03 -1.177876959573810125e-06 -1.855209036240062965e-08
3.200000000000000178e+00 -2.100414409901600055e-11 0.000000000000000000e+00 4.477736597829162362e-07 9.999995522473462684e-01 0.000000000000000000e+00 0.000000000000000000e+00 4.653466066383725209e-11 2.512574859613129466e-10 0.000000000000000000e+00 0.000000000000000000e+00 0.000000000000000000e+00 0.000000000000000000e+00 -4.063346752281396263e-04 5.314177776716698560e-04 -2.944787403751392548e-07 -2.350782495519051872e-07
3.300000000000000266e+00 -1.557519922207825234e-11 0.000000000000000000e+00 1.354063293992212565e-07 9.999998646092485011e-01 0.000000000000000000e+00 0.000000000000000000e+00 -4.996262369017187327e-11 6.522558073016638720e-11 0.000000000000000000e+00 0.000000000000000000e+00 0.000000000000000000e+00 0.000000000000000000e+00 -3.072740882441287054e-04 2.019080645552432773e-04 -2.372674948499745752e-08 -9.109052842644969574e-08
3.400000000000000355e+00 -1.644212209222548838e-11 0.000000000000000000e+00 3.548592036882710837e-08 9.999999645305233109e-01 0.000000000000000000e+00 0.000000000000000000e+00 -6.681184086253072108e-11 -1.743988232861316604e-10 0.000000000000000000e+00 0.000000000000000000e+00 0.000000000000000000e+00 0.000000000000000000e+00 -1.820329676327542452e-04 4.648144509042145996e-05 -9.457010281337888752e-09 -2.534567450323468441e-08
3.500000000000000444e+00 -1.845246512877480848e-11 0.000000000000000000e+00 7.607762730721658176e-09 9.999999924106888205e-01 0.000000000000000000e+00 0.000000000000000000e+00 1.846078878637121892e-10 -7.923218719019490139e-11 0.000000000000000000e+00 0.000000000000000000e+00 0.000000000000000000e+00 0.000000000000000000e+00 -8.556196910090006248e-05 -6.237830460498020407e-06 1.393234423461932097e-08 1.354701586277487620e-08
3.600000000000000089e+00 -2.601304400277878592e-11 0.000000000000000000e+00 2.287732998532786779e-09 9.999999977382781902e-01 0.000000000000000000e+00 0.000000000000000000e+00 -2.385197680245548331e-12 2.000968028785103374e-10 0.000000000000000000e+00 0.000000000000000000e+00 0.000000000000000000e+00 0.000000000000000000e+00 -4.323553660372261945e-05 -1.015320257905884145e-05 -2.250203389347085280e-08 -1.135037584722926979e-08
3.700000000000000178e+00 -1.934211942562034270e-11 0.000000000000000000e+00 3.132618567286353271e-10 9.999999997060808887e-01 0.000000000000000000e+00 0.000000000000000000e+00 1.377325799785282674e-10 6.560077748121760854e-11 0.000000000000000000e+00 0.000000000000000000e+00 0.000000000000000000e+00 0.000000000000000000e+00 -6.418793315007436798e-06 -6.413527786565210137e-06 2.962278474686704268e-09 1.509636841977831606e-09
3.800000000000000266e+00 -2.323262360642456568e-11 0.000000000000000000e+00 3.958314115582751411e-10 9.999999996274063774e-01 0.000000000000000000e+00 0.000000000000000000e+00 -2.128803497102668535e-11 2.619146916431620621e-10 0.000000000000000000e+00 0.000000000000000000e+00 0.000000000000000000e+00 0.000000000000000000e+00 -1.094393853373635397e-05 2.540064176051637355e-06 -1.441394276972084443e-08 -1.820124142089720230e-08
3.900000000000000355e+00 -2.836292107185522722e-11 0.000000000000000000e+00 4.183952567408968591e-10 9.999999996099685484e-01 0.000000000000000000e+00 0.000000000000000000e+00 2.171344299100873630e-11 1.881074600932876631e-10 0.000000000000000000e+00 0.000000000000000000e+00 0.000000000000000000e+00 0.000000000000000000e+00 -8.795373853574725001e-06 6.138330624346808193e-07 1.635165503764701071e-09 7.749122688486039247e-10
4.000000000000000000e+00 -4.372348723266918358e-11 0.000000000000000000e+00 4.934695876554384307e-10 9.999999995502509842e-01 0.000000000000000000e+00 0.000000000000000000e+00 -4.761759045378466036e-10 9.308788101135557094e-11 0.000000000000000000e+00 0.000000000000000000e+00 0.000000000000000000e+00 0.000000000000000000e+00 -9.242003712318044465e-06 -5.182933637800624761e-06 -8.925972054625556320e-10 1.830787713545345381e-08
4.099999999999999645e+00 -2.839976049693332242e-11 0.000000000000000000e+00 4.208847554979047582e-10 9.999999996075166209e-01 0.000000000000000000e+00 0.000000000000000000e+00 -1.375672713165156510e-10 -3.000558867821006382e-11 0.000000000000000000e+00 0.000000000000000000e+00 0.000000000000000000e+00 0.000000000000000000e+00 3.324250856313016486e-06 -5.052612594472932658e-06 7.694182583665478741e-09 -1.677572376330898658e-08
4.200000000000000178e+00 -3.030971471513855873e-11 0.000000000000000000e+00 3.655734517710060203e-10 9.999999996647378486e-01 0.000000000000000000e+00 0.000000000000000000e+00 -9.841211751451083880e-11 1.971176248926188565e-10 0.000000000000000000e+00 0.000000000000000000e+00 0.000000000000000000e+00 0.000000000000000000e+00 -7.753112803696566335e-06 -3.171938954269733649e-07 5.534620705932095444e-09 -7.581293271957769291e-09
4.299999999999999822e+00 -3.860348930551935206e-11 0.000000000000000000e+00 3.524795822149259104e-10 9.999999996861219653e-01 0.000000000000000000e+00 0.000000000000000000e+00 -2.857987024086196211e-11 1.447917048215464041e-11 0.000000000000000000e+00 0.000000000000000000e+00 0.000000000000000000e+00 0.000000000000000000e+00 1.155637805329421432e-07 9.395937608240859700e-07 1.313385909662356175e-09 -1.027494742390712605e-09
4.399999999999999467e+00 -3.741882597688647920e-11 0.000000000000000000e+00 3.797830035536543318e-10 9.999999996576368622e-01 0.000000000000000000e+00 0.000000000000000000e+00 -6.175632853960305422e-11 1.898364293033560954e-10 0.000000000000000000e+00 0.000000000000000000e+00 0.000000000000000000e+00 0.000000000000000000e+00 -1.455533167299977153e-06 -2.680748960185336466e-08 1.975935228098681348e-08 -5.765542287352514970e-09
4.500000000000000000e+00 -4.720136691337560731e-11 0.000000000000000000e+00 3.993900067653203954e-10 9.999999996478107223e-01 0.000000000000000000e+00 0.000000000000000000e+00 -1.119879138672812523e-10 -1.182788187327689901e-10 0.000000000000000000e+00 0.000000000000000000e+00 0.000000000000000000e+00 0.000000000000000000e+00 2.298087176220009323e-06 -4.470514715563731797e-07 6.395392200078182274e-09 7.016209555960644026e-09
4.599999999999999645e+00 -4.752834224079567769e-11 0.000000000000000000e+00 4.372255058936622381e-10 9.999999996103042799e-01 0.000000000000000000e+00 0.000000000000000000e+00 -1.198040331982305357e-10 -6.377176738148844339e-11 0.000000000000000000e+00 0.000000000000000000e+00 0.000000000000000000e+00 0.000000000000000000e+00 1.543574769888441833e-06 -3.162131635833626383e-06 7.987079950426853810e-09 -1.234044056346941268e-08
4.700000000000000178e+00 -4.423955837631771975e-11 0.000000000000000000e+00 5.035369343886527248e-10 9.999999995407046205e-01 0.000000000000000000e+00 0.000000000000000000e+00 -1.521834917392632207e-10 -1.719521505604489847e-10 0.000000000000000000e+00 0.000000000000000000e+00 0.000000000000000000e+00 0.000000000000000000e+00 1.299277822770833452e-06 -7.438572885919630473e-06 3.066154494045400559e-09 6.125686162503069652e-09
4.799999999999999822e+00 -4.413725003322394636e-11 0.000000000000000000e+00 4.120439201744517133e-10 9.999999996321008444e-01 0.000000000000000000e+00 0.000000000000000000e+00 2.453187573590558578e-11 -1.584006985465070567e-10 0.000000000000000000e+00 0.000000000000000000e+00 0.000000000000000000e+00 0.000000000000000000e+00 -6.406255671045420235e-07 9.798814176668840365e-07 -2.138989048104319978e-09 3.783820706945849753e-09
4.900000000000000355e+00 -3.946407079640562513e-11 0.000000000000000000e+00 4.882139620122225882e-10 9.999999995512492967e-01 0.000000000000000000e+00 0.000000000000000000e+00 1.087561439737141176e-10 -2.568710122839038474e-10 0.000000000000000000e+00 0.000000000000000000e+00 0.000000000000000000e+00 0.000000000000000000e+00 6.283263788600917340e-06 4.788157700878904716e-06 -7.296785744755113547e-09 1.429204688836608842e-08
5.000000000000000000e+00 -4.836850628477741189e-11 0.000000000000000000e+00 4.812918358551362208e-10 9.999999995670804109e-01 0.000000000000000000e+00 0.000000000000000000e+00 9.988792493300200344e-11 -1.247295512735300408e-10 0.000000000000000000e+00 0.000000000000000000e+00 0.000000000000000000e+00 0.000000000000000000e+00 -1.440035293344841507e-06 2.862353374464161735e-06 1.686810238072593282e-08 -4.529526162620337810e-09
5.099999999999999645e+00 -4.509247827388404242e-11 0.000000000000000000e+00 3.917023323717171092e-10 9.999999996533880386e-01 0.000000000000000000e+00 0.000000000000000000e+00 -9.254238858772401957e-11 -4.299421936651938427e-11 0.000000000000000000e+00 0.000000000000000000e+00 0.000000000000000000e+00 0.000000000000000000e+00 2.007516951543919689e-06 -4.950277520126715114e-07 -1.720387561070538781e-08 7.754788258685174870e-09
5.200000000000000178e+00 -5.871168295521300913e-11 0.000000000000000000e+00 4.987902746303802121e-10 9.999999995599180291e-01 0.000000000000000000e+00 0.000000000000000000e+00 -3.991022671524396613e-10 -4.477670465411029469e-11 0.000000000000000000e+00 0.000000000000000000e+00 0.000000000000000000e+00 0.000000000000000000e+00 -1.515592902983806560e-06 -6.980663968879661168e-06 -3.788404121794123334e-09 2.993336389946412523e-09
5.299999999999999822e+00 -6.274219977884072443e-11 0.000000000000000000e+00 3.989155763561546935e-10 9.999999996638311295e-01 0.000000000000000000e+00 0.000000000000000000e+00 8.756434455083517602e-11 -3.220038249535857624e-10 0.000000000000000000e+00 0.000000000000000000e+00 0.000000000000000000e+00 0.000000000000000000e+00 2.895258910438906496e-06 -1.077959056647876671e-06 1.311827381225424361e-09 -2.635334741709882269e-09
5.400000000000000355e+00 -7.212638160239435748e-11 0.000000000000000000e+00 5.403984624010224022e-10 9.999999995317292445e-01 0.000000000000000000e+00 0.000000000000000000e+00 5.537348961370045348e-11 -1.137573335991283475e-10 0.000000000000000000e+00 0.000000000000000000e+00 0.000000000000000000e+00 0.000000000000000000e+00 1.606021743021254333e-06 4.377676100862242002e-06 -6.472489587104889450e-10 -8.538433847520950085e-10
5.500000000000000000e+00 -6.399758916834999180e-11 0.000000000000000000e+00 5.297515297422845880e-10 9.999999995342429004e-01 0.000000000000000000e+00 0.000000000000000000e+00 3.157305315450447145e-12 -1.599225931385589754e-10 0.000000000000000000e+00 0.000000000000000000e+00 0.000000000000000000e+00 0.000000000000000000e+00 -7.051080625733642814e-06 -1.022907524225990042e-07 2.749529297792871505e-09 2.387300660739567979e-09
5.599999999999999645e+00 -7.095817424050316279e-11 0.000000000000000000e+00 5.209505700311672358e-10 9.999999995500060690e-01 0.000000000000000000e+00 0.000000000000000000e+00 1.124781789876918218e-10 -1.941860290428128318e-10 0.000000000000000000e+00 0.000000000000000000e+00 0.000000000000000000e+00 0.000000000000000000e+00 1.736825999568657912e-06 3.408970580527981363e-06 2.000318896582377026e-08 -4.788490332259817622e-09
5.700000000000000178e+00 -7.662853406187616482e-11 0.000000000000000000e+00 5.228367053387956323e-10 9.999999995537903752e-01 0.000000000000000000e+00 0.000000000000000000e+00 2.134212039846125230e-10 -3.911618610051900717e-10 0.000000000000000000e+00 0.000000000000000000e+00 0.000000000000000000e+00 0.000000000000000000e+00 4.397520599373178691e-06 -3.130875420912583712e-06 -1.223126094831626900e-08 -2.855429917358913208e-09
5.799999999999999822e+00 -7.189268761879766379e-11 0.000000000000000000e+00 4.734606030333975771e-10 9.999999995984325540e-01 0.000000000000000000e+00 0.000000000000000000e+00 1.769958693074993999e-10 -1.780286763753489610e-10 0.000000000000000000e+00 0.000000000000000000e+00 0.000000000000000000e+00 0.000000000000000000e+00 1.963759866983808909e-06 -3.622325577710028711e-06 -1.529951083456372047e-09 -1.151315669430753385e-08
5.900000000000000355e+00 -7.280338956125142397e-11 0.000000000000000000e+00 6.090565025141364604e-10 9.999999994637447376e-01 0.000000000000000000e+00 0.000000000000000000e+00 9.023926962455167219e-12 -1.289421414785144826e-10 0.000000000000000000e+00 0.000000000000000000e+00 0.000000000000000000e+00 0.000000000000000000e+00 -3.245783659837964218e-06 2.399969395092798751e-06 -2.508913646316709178e-09 -2.862140908006918740e-08
6.000000000000000000e+00 -7.885186772816531247e-11 0.000000000000000000e+00 5.297539212760211630e-10 9.999999995491003490e-01 0.000000000000000000e+00 0.000000000000000000e+00 3.415025623285412266e-10 3.026891876291143794e-10 0.000000000000000000e+00 0.000000000000000000e+00 0.000000000000000000e+00 0.000000000000000000e+00 1.230274948832842254e-06 3.392711913390847738e-06 -2.770222966901587652e-08 -2.906894587032194553e-08
