1.000000000000000056e-01 9.756222462503569837e-01 0.000000000000000000e+00 2.422168569283292619e-02 1.560680568082421760e-04 0.000000000000000000e+00 0.000000000000000000e+00 -8.510533273164591454e-04 1.537221230778907655e-01 0.000000000000000000e+00 0.000000000000000000e+00 0.000000000000000000e+00 0.000000000000000000e+00 -1.113542366447994696e-03 1.593817688189061270e-03 -1.007598554986432679e-02 -7.123060020800314231e-03
2.000000000000000111e-01 9.059370276720840609e-01 0.000000000000000000e+00 9.165434294523809589e-02 2.408629382677093811e-03 0.000000000000000000e+00 0.000000000000000000e+00 -6.387058552807872540e-03 2.880837872997100146e-01 0.000000000000000000e+00 0.000000000000000000e+00 0.000000000000000000e+00 0.000000000000000000e+00 -8.715173853949704022e-03 1.203358168671499716e-02 -3.721608111381954909e-02 -2.823171711360386582e-02
3.000000000000000444e-01 8.004948417708090957e-01 0.000000000000000000e+00 1.880175171451104188e-01 1.148764108407968228e-02 0.000000000000000000e+00 0.000000000000000000e+00 -1.936555375071687818e-02 3.874687444848969875e-01 0.000000000000000000e+00 0.000000000000000000e+00 0.000000000000000000e+00 0.000000000000000000e+00 -2.831625211221252408e-02 3.685196901910698514e-02 -7.302844156636346951e-02 -6.215017418284812800e-02
4.000000000000000222e-01 6.728458973219845207e-01 0.000000000000000000e+00 2.937279915061261626e-01 3.342611117188966363e-02 0.000000000000000000e+00 0.000000000000000000e+00 -3.946313286835551049e-02 4.428050757905097057e-01 0.000000000000000000e+00 0.000000000000000000e+00 0.000000000000000000e+00 0.000000000000000000e+00 -6.344753718355589100e-02 7.610909618889791228e-02 -1.062127424506359857e-01 -1.058748086127617866e-01
5.000000000000000000e-01 5.377209467849715097e-01 0.000000000000000000e+00 3.887917561121044807e-01 7.348729710292380146e-02 0.000000000000000000e+00 0.000000000000000000e+00 -6.339730580985998565e-02 4.528159149156590346e-01 0.000000000000000000e+00 0.000000000000000000e+00 0.000000000000000000e+00 0.000000000000000000e+00 -1.147442339644312997e-01 1.241169451087081599e-01 -1.258453966461419438e-01 -1.538785076236816873e-01
5.999999999999999778e-01 4.083195888709338361e-01 0.000000000000000000e+00 4.573027194084238745e-01 1.343776917206468136e-01 0.000000000000000000e+00 0.000000000000000000e+00 -8.612945674247625416e-02 4.234470156789132411e-01 0.000000000000000000e+00 0.000000000000000000e+00 0.000000000000000000e+00 0.000000000000000000e+00 -1.793773908330305034e-01 1.710994901335458618e-01 -1.246480478801056530e-01 -1.983227370686311830e-01
7.000000000000000666e-01 2.943733555956362102e-01 0.000000000000000000e+00 4.903435534561976228e-01 2.152830909481648625e-01 0.000000000000000000e+00 0.000000000000000000e+00 -1.026766368011537700e-01 3.657889903730546788e-01 0.000000000000000000e+00 0.000000000000000000e+00 0.000000000000000000e+00 0.000000000000000000e+00 -2.511384417460139074e-01 2.061362629508057820e-01 -1.011868608946531189e-01 -2.305099240364036073e-01
8.000000000000000444e-01 2.012898791604463000e-01 0.000000000000000000e+00 4.867335890218505989e-01 3.119765318177016300e-01 0.000000000000000000e+00 0.000000000000000000e+00 -1.097269272951156560e-01 2.931459478559502174e-01 0.000000000000000000e+00 0.000000000000000000e+00 0.000000000000000000e+00 0.000000000000000000e+00 -3.213735519672779595e-01 2.203826152890700774e-01 -6.028130985117081259e-02 -2.432362680107874042e-01
9.000000000000000222e-01 1.303956211663566955e-01 0.000000000000000000e+00 4.517946614734358324e-01 4.178097173602093317e-01 0.000000000000000000e+00 0.000000000000000000e+00 -1.064996775406229779e-01 2.181051677379014508e-01 0.000000000000000000e+00 0.000000000000000000e+00 0.000000000000000000e+00 0.000000000000000000e+00 -3.806247113233339752e-01 2.094970858052907503e-01 -1.141223760888703150e-02 -2.331315475106862378e-01
1.000000000000000000e+00 7.991088760823647497e-02 0.000000000000000000e+00 3.948904274842243711e-01 5.251986849075397368e-01 0.000000000000000000e+00 0.000000000000000000e+00 -9.464713048652050043e-02 1.503261961769776500e-01 0.000000000000000000e+00 0.000000000000000000e+00 0.000000000000000000e+00 0.000000000000000000e+00 -4.206055737071673351e-01 1.746049385275083854e-01 3.434222104435145223e-02 -2.019646130511115745e-01
1.100000000000000089e+00 4.625359220686468820e-02 0.000000000000000000e+00 3.266506141907712935e-01 6.270957936023693335e-01 0.000000000000000000e+00 0.000000000000000000e+00 -7.739900908198642238e-02 9.548904487015362486e-02 0.000000000000000000e+00 0.000000000000000000e+00 0.000000000000000000e+00 0.000000000000000000e+00 -4.359345955514988824e-01 1.216645160449183055e-01 6.772764619313974277e-02 -1.562638761763928408e-01
1.200000000000000178e+00 2.523699513520325649e-02 0.000000000000000000e+00 2.566716710904862198e-01 7.180913337743152214e-01 0.000000000000000000e+00 0.000000000000000000e+00 -5.839503909862942682e-02 5.538629001452291534e-02 0.000000000000000000e+00 0.000000000000000000e+00 0.000000000000000000e+00 0.000000000000000000e+00 -4.251535416440193060e-01 5.965038637285655088e-02 8.385438076305061494e-02 -1.053133908454896156e-01
1.300000000000000266e+00 1.295136421025353153e-02 0.000000000000000000e+00 1.921121573022898654e-01 7.949364784874578538e-01 0.000000000000000000e+00 0.000000000000000000e+00 -4.068525615348398544e-02 2.885869793394299151e-02 0.000000000000000000e+00 0.000000000000000000e+00 0.000000000000000000e+00 0.000000000000000000e+00 -3.907860561326321203e-01 -1.794454675520586098e-03 8.302970829892149240e-02 -5.832306017150935828e-02
1.400000000000000133e+00 6.234821535458220064e-03 0.000000000000000000e+00 1.372342505307638516e-01 8.565309279337787185e-01 0.000000000000000000e+00 0.000000000000000000e+00 -2.615973029675171951e-02 1.308814648465570114e-02 0.000000000000000000e+00 0.000000000000000000e+00 0.000000000000000000e+00 0.000000000000000000e+00 -3.385032586112995956e-01 -5.441437074540469987e-02 6.971537491947575604e-02 -2.191082020464982932e-02
1.500000000000000222e+00 2.806831958504334146e-03 0.000000000000000000e+00 9.367606817511182904e-02 9.035170998663818454e-01 0.000000000000000000e+00 0.000000000000000000e+00 -1.549038915048943886e-02 4.793831906565900608e-03 0.000000000000000000e+00 0.000000000000000000e+00 0.000000000000000000e+00 0.000000000000000000e+00 -2.757405398166282162e-01 -9.276359245848017632e-02 5.034392883357682869e-02 1.228599214285009365e-03
1.600000000000000089e+00 1.177467838102298900e-03 0.000000000000000000e+00 6.113687898070672977e-02 9.376856531811930129e-01 0.000000000000000000e+00 0.000000000000000000e+00 -8.417187650073322883e-03 1.066612407503433760e-03 0.000000000000000000e+00 0.000000000000000000e+00 0.000000000000000000e+00 0.000000000000000000e+00 -2.101877935615647508e-01 -1.146658867797768488e-01 3.093867741546578801e-02 1.211994038905894917e-02
1.700000000000000178e+00 4.582220628146338025e-04 0.000000000000000000e+00 3.813587788216173807e-02 9.614059000550273515e-01 0.000000000000000000e+00 0.000000000000000000e+00 -4.173273764061622045e-03 -2.418406310712353910e-04 0.000000000000000000e+00 0.000000000000000000e+00 0.000000000000000000e+00 0.000000000000000000e+00 -1.484765369851681893e-01 -1.209081298942455973e-01 1.548129422512242725e-02 1.417275270811265732e-02
1.800000000000000266e+00 1.645951604798251129e-04 0.000000000000000000e+00 2.271402810026174404e-02 9.771213767392568084e-01 0.000000000000000000e+00 0.000000000000000000e+00 -1.872870307951122722e-03 -4.805995643672884821e-04 0.000000000000000000e+00 0.000000000000000000e+00 0.000000000000000000e+00 0.000000000000000000e+00 -9.539968304867842142e-02 -1.144257959027114163e-01 5.445016038811494388e-03 1.145343789195106196e-02
1.900000000000000133e+00 5.423041381651434739e-05 0.000000000000000000e+00 1.289117271055616881e-02 9.870545968756294641e-01 0.000000000000000000e+00 0.000000000000000000e+00 -7.516579286955081670e-04 -3.662021184568412750e-04 0.000000000000000000e+00 0.000000000000000000e+00 0.000000000000000000e+00 0.000000000000000000e+00 -5.357552475141569986e-02 -9.926708583613445824e-02 3.039795011566216927e-04 7.309990873031482761e-03
2.000000000000000000e+00 1.625835091671546786e-05 0.000000000000000000e+00 6.948119225846907145e-03 9.930356224232371742e-01 0.000000000000000000e+00 0.000000000000000000e+00 -2.646820925391641819e-04 -2.071434670622548306e-04 0.000000000000000000e+00 0.000000000000000000e+00 0.000000000000000000e+00 0.000000000000000000e+00 -2.358122147218857240e-02 -7.964707012991251167e-02 -1.476204215521442547e-03 3.737104958034900316e-03
2.100000000000000089e+00 4.395402038366076912e-06 0.000000000000000000e+00 3.541562233183721299e-03 9.964540423647785250e-01 0.000000000000000000e+00 0.000000000000000000e+00 -7.922831287065666347e-05 -9.638211579524063764e-05 0.000000000000000000e+00 0.000000000000000000e+00 0.000000000000000000e+00 0.000000000000000000e+00 -4.430534240720565738e-03 -5.923997167596405100e-02 -1.513072604542741459e-03 1.445832258006138566e-03
2.200000000000000178e+00 1.058015213157347269e-06 0.000000000000000000e+00 1.695693178995495579e-03 9.983032488057931308e-01 0.000000000000000000e+00 0.000000000000000000e+00 -1.884937832172798493e-05 -3.793138952122517048e-05 0.000000000000000000e+00 0.000000000000000000e+00 0.000000000000000000e+00 0.000000000000000000e+00 5.909983076270859149e-03 -4.071717040155782563e-02 -9.765048320867359940e-04 3.204117035249020641e-04
2.300000000000000266e+00 2.231428409595796480e-07 0.000000000000000000e+00 7.559910825000085806e-04 9.992437857746614416e-01 0.000000000000000000e+00 0.000000000000000000e+00 -2.912843769964677502e-06 -1.265771678517018180e-05 0.000000000000000000e+00 0.000000000000000000e+00 0.000000000000000000e+00 0.000000000000000000e+00 9.878969166928073392e-03 -2.564810386419076257e-02 -4.674940666895197310e-04 -6.658468834719865617e-05
2.400000000000000355e+00 4.034638959237014018e-08 0.000000000000000000e+00 3.099819025820475392e-04 9.996899777510286356e-01 0.000000000000000000e+00 0.000000000000000000e+00 6.285990332047025749e-08 -3.536620906238086533e-06 0.000000000000000000e+00 0.000000000000000000e+00 0.000000000000000000e+00 0.000000000000000000e+00 9.867810491698604872e-03 -1.457778945051199648e-02 -1.643158316745337944e-04 -1.155353804383334757e-04
2.500000000000000444e+00 6.045934483130063978e-09 0.000000000000000000e+00 1.146795757075137024e-04 9.998853143783612563e-01 0.000000000000000000e+00 0.000000000000000000e+00 2.245894158056579257e-07 -8.033659095116279207e-07 0.000000000000000000e+00 0.000000000000000000e+00 0.000000000000000000e+00 0.000000000000000000e+00 7.871196959989296832e-03 -7.260197282884139208e-03 -3.544818371430038129e-05 -6.935491394923230845e-05
2.600000000000000089e+00 7.061710767625267576e-10 0.000000000000000000e+00 3.723303108023181347e-05 9.999627662627464941e-01 0.000000000000000000e+00 0.000000000000000000e+00 8.459756666136982506e-08 -1.411688356446510429e-07 0.000000000000000000e+00 0.000000000000000000e+00 0.000000000000000000e+00 0.000000000000000000e+00 5.313990279842068128e-03 -2.998822414560160018e-03 7.240844726061585671e-07 -2.694173577916223242e-05
2.700000000000000178e+00 4.841784192934900538e-11 0.000000000000000000e+00 1.008129769882004166e-05 9.999899186538824258e-01 0.000000000000000000e+00 0.000000000000000000e+00 1.888461814705534611e-08 -1.715655976404717503e-08 0.000000000000000000e+00 0.000000000000000000e+00 0.000000000000000000e+00 0.000000000000000000e+00 3.047834516709726355e-03 -8.897653672922499349e-04 4.200797065487520318e-06 -6.827756767072376914e-06
2.800000000000000266e+00 -1.784369853687532632e-11 0.000000000000000000e+00 2.018317168041692478e-06 9.999979817006745542e-01 0.000000000000000000e+00 0.000000000000000000e+00 2.536532808781955490e-09 -8.124033550944770138e-10 0.000000000000000000e+00 0.000000000000000000e+00 0.000000000000000000e+00 0.000000000000000000e+00 1.417868576956129870e-03 -8.793192877856385967e-05 1.717018928310254280e-06 -7.986642338370667928e-07
2.900000000000000355e+00 -1.736880495434223989e-11 0.000000000000000000e+00 2.301294648026386778e-07 9.999997698879045105e-01 0.000000000000000000e+00 0.000000000000000000e+00 2.348506913140967510e-10 1.361466768573841660e-10 0.000000000000000000e+00 0.000000000000000000e+00 0.000000000000000000e+00 0.000000000000000000e+00 4.756398717903809648e-04 6.082781344903144668e-05 3.096976182650847996e-07 1.000366905096971376e-07
3.000000000000000444e+00 -2.000234260702136153e-11 0.000000000000000000e+00 2.675718709593721745e-09 9.999999973442872392e-01 0.000000000000000000e+00 0.000000000000000000e+00 -1.729922344727738890e-10 -4.049696517867445836e-11 0.000000000000000000e+00 0.000000000000000000e+00 0.000000000000000000e+00 0.000000000000000000e+00 3.567461295922430266e-05 -3.428759636947509656e-05 -1.234889236195082080e-08 5.238822914662867164e-08
3.100000000000000089e+00 -2.181522765407010503e-11 0.000000000000000000e+00 1.988418383252345486e-08 9.999999801376303621e-01 0.000000000000000000e+00 0.000000000000000000e+00 1.137794605068232988e-10 -9.278636557655245327e-12 0.000000000000000000e+00 0.000000000000000000e+00 0.000000000000000000e+00 0.000000000000000000e+00 -8.181279227304328152e-05 -1.139130383600971407e-04 -7.249254018370073363e-09 4.191965884029809498e-09
3.200000000000000178e+00 -2.314351770046442173e-11 0.000000000000000000e+00 2.298660911562602288e-08 9.999999770365345375e-01 0.000000000000000000e+00 0.000000000000000000e+00 1.731407808210443740e-10 8.252091643912445600e-11 0.000000000000000000e+00 0.000000000000000000e+00 0.000000000000000000e+00 0.000000000000000000e+00 -6.981084535642536107e-05 -1.336533887472178637e-04 -1.160141456295950127e-08 1.166509083452346785e-08
3.300000000000000266e+00 -2.839031815154075261e-11 0.000000000000000000e+00 1.306115984342798134e-08 9.999999869672329122e-01 0.000000000000000000e+00 0.000000000000000000e+00 -7.457373026103521025e-11 1.099615071559019466e-10 0.000000000000000000e+00 0.000000000000000000e+00 0.000000000000000000e+00 0.000000000000000000e+00 -2.989779886094936804e-05 -1.092928707451208057e-04 -1.280163306974495582e-08 1.078487353209225659e-08
3.400000000000000355e+00 -3.251105484245982146e-11 0.000000000000000000e+00 2.814033689309715451e-09 9.999999972184782093e-01 0.000000000000000000e+00 0.000000000000000000e+00 -1.309528599806593224e-10 2.887026998802111450e-10 0.000000000000000000e+00 0.000000000000000000e+00 0.000000000000000000e+00 0.000000000000000000e+00 -1.075234722732256778e-05 -4.908116555093077236e-05 4.529603557561092591e-09 3.084665465863193390e-09
3.500000000000000444e+00 -2.901978521421995764e-11 0.000000000000000000e+00 2.923879011795036289e-10 9.999999997366332272e-01 0.000000000000000000e+00 0.000000000000000000e+00 -1.645751808149005201e-10 1.040459315822996880e-10 0.000000000000000000e+00 0.000000000000000000e+00 0.000000000000000000e+00 0.000000000000000000e+00 -4.690408140946171702e-06 -8.574230437957970738e-06 -3.149134737346076910e-09 -8.763168193875301099e-09
3.600000000000000089e+00 -3.096411929627983147e-11 0.000000000000000000e+00 5.997607103729245190e-10 9.999999994312045448e-01 0.000000000000000000e+00 0.000000000000000000e+00 1.994121707891005114e-10 8.642587732440561555e-11 0.000000000000000000e+00 0.000000000000000000e+00 0.000000000000000000e+00 0.000000000000000000e+00 -1.040847761200730741e-05 1.595340968782512581e-05 -2.962363358284863096e-09 3.541429330297045474e-09
3.700000000000000178e+00 -3.579527335369534085e-11 0.000000000000000000e+00 1.031207488423101742e-09 9.999999990045898013e-01 0.000000000000000000e+00 0.000000000000000000e+00 1.363685083841474406e-10 2.312032900669874767e-10 0.000000000000000000e+00 0.000000000000000000e+00 0.000000000000000000e+00 0.000000000000000000e+00 -2.423593328807744672e-05 1.304897171283181579e-05 -9.070144812368442252e-09 8.409276889309694142e-10
3.800000000000000266e+00 -3.524719920582154190e-11 0.000000000000000000e+00 9.282639150083570314e-10 9.999999991069855598e-01 0.000000000000000000e+00 0.000000000000000000e+00 -1.338678407660831583e-10 2.420117966979160151e-10 0.000000000000000000e+00 0.000000000000000000e+00 0.000000000000000000e+00 0.000000000000000000e+00 -2.386505910772450582e-05 8.427933854911781424e-06 7.758809541140283393e-09 6.173207553408364079e-10
3.900000000000000355e+00 -3.979842726981773136e-11 0.000000000000000000e+00 4.401681230170054109e-10 9.999999995996287083e-01 0.000000000000000000e+00 0.000000000000000000e+00 9.540517323006433386e-11 -8.336485039852669599e-13 0.000000000000000000e+00 0.000000000000000000e+00 0.000000000000000000e+00 0.000000000000000000e+00 -9.739035790518123142e-06 4.069739271050843174e-06 8.709932115513358568e-09 1.096393009654324596e-08
4.000000000000000000e+00 -4.589945528132865637e-11 0.000000000000000000e+00 4.780995563198733902e-10 9.999999995678002795e-01 0.000000000000000000e+00 0.000000000000000000e+00 7.006210740452582496e-11 -4.954347893251867295e-11 0.000000000000000000e+00 0.000000000000000000e+00 0.000000000000000000e+00 0.000000000000000000e+00 -8.495334681004981954e-06 3.719256055066105895e-06 9.431627670418469629e-09 1.408596368715566597e-09
4.099999999999999645e+00 -4.061781251670716622e-11 0.000000000000000000e+00 3.071727650525485587e-10 9.999999997334424462e-01 0.000000000000000000e+00 0.000000000000000000e+00 -5.953164656225910982e-11 -1.103223048773631388e-10 0.000000000000000000e+00 0.000000000000000000e+00 0.000000000000000000e+00 0.000000000000000000e+00 1.009425261534156415e-06 2.590936896014416132e-06 5.398843806392549291e-09 3.445514098949280124e-09
4.200000000000000178e+00 -5.053376525408835911e-11 0.000000000000000000e+00 3.402792684372168633e-10 9.999999997102529958e-01 0.000000000000000000e+00 0.000000000000000000e+00 -2.601824449234746872e-10 -3.139963980430181511e-10 0.000000000000000000e+00 0.000000000000000000e+00 0.000000000000000000e+00 0.000000000000000000e+00 1.446384419768217115e-06 2.922822313407236225e-06 -1.958398582216658817e-09 -2.120483720955362722e-09
4.299999999999999822e+00 -5.161832556510166488e-11 0.000000000000000000e+00 3.760119274229176562e-10 9.999999996756036014e-01 0.000000000000000000e+00 0.000000000000000000e+00 -9.129005816979490887e-11 5.453753926904889620e-11 0.000000000000000000e+00 0.000000000000000000e+00 0.000000000000000000e+00 0.000000000000000000e+00 2.058677504389635163e-06 4.487487355339471957e-06 2.690656044275661050e-09 -1.874299475076518620e-09
4.399999999999999467e+00 -4.559652925435567558e-11 0.000000000000000000e+00 2.945450402883531061e-10 9.999999997510528038e-01 0.000000000000000000e+00 0.000000000000000000e+00 3.817631039865039057e-11 -1.435698999574845406e-10 0.000000000000000000e+00 0.000000000000000000e+00 0.000000000000000000e+00 0.000000000000000000e+00 1.715973623928192778e-06 3.358159741801739405e-06 4.028808478551260695e-09 -7.039206432141368105e-09
4.500000000000000000e+00 -4.560408751899491714e-11 0.000000000000000000e+00 3.225009343844312662e-10 9.999999997231010518e-01 0.000000000000000000e+00 0.000000000000000000e+00 2.590053205351008042e-11 -2.748295439555845541e-10 0.000000000000000000e+00 0.000000000000000000e+00 0.000000000000000000e+00 0.000000000000000000e+00 4.166368207583093258e-06 -9.537857706273178164e-07 7.519568231696206319e-09 -1.228325831426553814e-08
4.599999999999999645e+00 -6.235893591653080519e-11 0.000000000000000000e+00 3.616286101862194311e-10 9.999999997007286145e-01 0.000000000000000000e+00 0.000000000000000000e+00 -2.465975836590665582e-10 2.317504418345932789e-10 0.000000000000000000e+00 0.000000000000000000e+00 0.000000000000000000e+00 0.000000000000000000e+00 -2.098972096304261157e-06 -3.640708319443886913e-07 8.019575426323751114e-10 1.795296680327449838e-08
4.700000000000000178e+00 -5.987896524886537290e-11 0.000000000000000000e+00 3.383978483845021778e-10 9.999999997214815695e-01 0.000000000000000000e+00 0.000000000000000000e+00 1.015227837689918292e-10 -3.532108097354337806e-10 0.000000000000000000e+00 0.000000000000000000e+00 0.000000000000000000e+00 0.000000000000000000e+00 3.265874651687281254e-06 -2.287891099204117309e-06 1.259085993700532849e-09 3.954639668612119437e-09
4.799999999999999822e+00 -6.070257307025075631e-11 0.000000000000000000e+00 3.724720542626281553e-10 9.999999996882268372e-01 0.000000000000000000e+00 0.000000000000000000e+00 9.700823949690917942e-11 1.016619692217106610e-10 0.000000000000000000e+00 0.000000000000000000e+00 0.000000000000000000e+00 0.000000000000000000e+00 1.301188849707595046e-06 2.467439622387896438e-06 -7.939959301290106178e-09 1.406463753412283681e-09
4.900000000000000355e+00 -5.683174469788223812e-11 0.000000000000000000e+00 3.130958753807131987e-10 9.999999997437382104e-01 0.000000000000000000e+00 0.000000000000000000e+00 -7.154634336174226679e-11 -1.156658257221168649e-12 0.000000000000000000e+00 0.000000000000000000e+00 0.000000000000000000e+00 0.000000000000000000e+00 1.433208889434889426e-06 -6.888797836615467265e-07 3.162035863227709348e-09 2.467284809203429937e-09
5.000000000000000000e+00 -6.276977582462788096e-11 0.000000000000000000e+00 4.128848003520173647e-10 9.999999996498820654e-01 0.000000000000000000e+00 0.000000000000000000e+00 -1.932188168996585859e-10 -2.638683952801946370e-10 0.000000000000000000e+00 0.000000000000000000e+00 0.000000000000000000e+00 0.000000000000000000e+00 6.905203042862128129e-06 -3.596560128270408281e-06 -4.473489047224487410e-09 -2.913843908581655433e-08
5.099999999999999645e+00 -6.373401484360954361e-11 0.000000000000000000e+00 3.752264994298911746e-10 9.999999996885031717e-01 0.000000000000000000e+00 0.000000000000000000e+00 -1.210003592176676953e-10 -2.114702795580952960e-11 0.000000000000000000e+00 0.000000000000000000e+00 0.000000000000000000e+00 0.000000000000000000e+00 -1.625127628232359315e-06 2.200798882959141286e-06 1.011502840631430045e-08 -2.699156603035168616e-09
5.200000000000000178e+00 -7.611458967784604103e-11 0.000000000000000000e+00 4.630169238528639326e-10 9.999999996131012647e-01 0.000000000000000000e+00 0.000000000000000000e+00 -1.589380809729317486e-10 5.737054431505636623e-11 0.000000000000000000e+00 0.000000000000000000e+00 0.000000000000000000e+00 0.000000000000000000e+00 -1.452613856976031983e-06 -3.072528312281615178e-06 -7.573610874833463871e-09 1.137441794519471743e-08
5.299999999999999822e+00 -8.827132418904643994e-11 0.000000000000000000e+00 4.889839916782729394e-10 9.999999995992856494e-01 0.000000000000000000e+00 0.000000000000000000e+00 -2.954689028598311515e-10 -4.567183277846048746e-10 0.000000000000000000e+00 0.000000000000000000e+00 0.000000000000000000e+00 0.000000000000000000e+00 1.769583622355962900e-06 -2.558696950706649845e-06 -7.893274309729660365e-09 -3.295104941242583280e-09
5.400000000000000355e+00 -7.450856793128172212e-11 0.000000000000000000e+00 4.257498687010368145e-10 9.999999996487632936e-01 0.000000000000000000e+00 0.000000000000000000e+00 -2.493826552727921819e-10 -1.828584818601129454e-10 0.000000000000000000e+00 0.000000000000000000e+00 0.000000000000000000e+00 0.000000000000000000e+00 8.145942930583750217e-07 1.215166697807365790e-06 -6.574854430140348130e-09 5.572147375577480869e-09
5.500000000000000000e+00 -8.361541052557655513e-11 0.000000000000000000e+00 3.991974138190100856e-10 9.999999996844171068e-01 0.000000000000000000e+00 0.000000000000000000e+00 1.287475725899664502e-10 -4.042183449715304552e-10 0.000000000000000000e+00 0.000000000000000000e+00 0.000000000000000000e+00 0.000000000000000000e+00 1.958268919384973478e-06 -6.924084709148203478e-06 -3.639279993701994747e-09 8.818523793036326904e-11
5.599999999999999645e+00 -7.018826497113207407e-11 0.000000000000000000e+00 4.743190746776638316e-10 9.999999995958704924e-01 0.000000000000000000e+00 0.000000000000000000e+00 -1.733740026449610614e-10 -3.643619459710748330e-10 0.000000000000000000e+00 0.000000000000000000e+00 0.000000000000000000e+00 0.000000000000000000e+00 7.615778038060779170e-08 -6.469241719087770474e-06 9.458139407115031251e-09 -1.637743815859262139e-08
5.700000000000000178e+00 -7.554012924802313559e-11 0.000000000000000000e+00 3.599113278423149139e-10 9.999999997156281406e-01 0.000000000000000000e+00 0.000000000000000000e+00 -1.451566399052070067e-10 -3.282419668254320622e-10 0.000000000000000000e+00 0.000000000000000000e+00 0.000000000000000000e+00 0.000000000000000000e+00 -1.119480605203410397e-06 -1.130172637831796252e-06 1.500517494259826848e-08 1.841788208959925301e-08
5.799999999999999822e+00 -9.148250190626185123e-11 0.000000000000000000e+00 4.785986051792381186e-10 9.999999996128828839e-01 0.000000000000000000e+00 0.000000000000000000e+00 3.770725115595518363e-10 6.691665752144954242e-11 0.000000000000000000e+00 0.000000000000000000e+00 0.000000000000000000e+00 0.000000000000000000e+00 2.766940238380826214e-06 5.187353054118560730e-06 -5.396329991100393689e-09 -1.506908832308481839e-08
5.900000000000000355e+00 -9.857257377804857300e-11 0.000000000000000000e+00 6.013125201758899501e-10 9.999999994972599282e-01 0.000000000000000000e+00 0.000000000000000000e+00 4.389530733294705134e-10 1.194635845887514568e-10 0.000000000000000000e+00 0.000000000000000000e+00 0.000000000000000000e+00 0.000000000000000000e+00 2.842314507870228610e-06 7.715402924363063607e-06 8.135280996997405475e-09 1.797672080953511170e-09
6.000000000000000000e+00 -7.826397726477386895e-11 0.000000000000000000e+00 4.425937367532070960e-10 9.999999996356697674e-01 0.000000000000000000e+00 0.000000000000000000e+00 2.034533806425027103e-10 -1.678859408634063512e-10 0.000000000000000000e+00 0.000000000000000000e+00 0.000000000000000000e+00 0.000000000000000000e+00 -3.635010810661089273e-06 4.448549542877947837e-07 -1.440062356072866753e-08 -6.050272018436047069e-09
