1.000000000000000056e-01 9.756245749369212295e-01 0.000000000000000000e+00 2.421801368583021211e-02 1.574113772459609926e-04 0.000000000000000000e+00 0.000000000000000000e+00 -9.687431023900609393e-04 1.537099569101981755e-01 0.000000000000000000e+00 0.000000000000000000e+00 0.000000000000000000e+00 0.000000000000000000e+00 -1.126923497557355070e-03 1.594438562068669490e-03 -1.007470665497604313e-02 -7.216279838300584254e-03
2.000000000000000111e-01 9.059632918534739066e-01 0.000000000000000000e+00 9.160864219139011611e-02 2.428065955135289954e-03 0.000000000000000000e+00 0.000000000000000000e+00 -7.265732327114926732e-03 2.879952710836155561e-01 0.000000000000000000e+00 0.000000000000000000e+00 0.000000000000000000e+00 0.000000000000000000e+00 -8.843723688924262638e-03 1.200917885699270826e-02 -3.705251502924238743e-02 -2.875499537926897581e-02
3.000000000000000444e-01 8.006177942701309114e-01 0.000000000000000000e+00 1.878132707347628383e-01 1.156893499510613758e-02 0.000000000000000000e+00 0.000000000000000000e+00 -2.201568833385614612e-02 3.871459104914483085e-01 0.000000000000000000e+00 0.000000000000000000e+00 0.000000000000000000e+00 0.000000000000000000e+00 -2.884646647134528341e-02 3.661530954008899302e-02 -7.209497220626152891e-02 -6.375429555057585129e-02
4.000000000000000222e-01 6.731708236410993695e-01 0.000000000000000000e+00 2.932087093933045674e-01 3.362046696559679859e-02 0.000000000000000000e+00 0.000000000000000000e+00 -4.482804987616221398e-02 4.420067808693824429e-01 0.000000000000000000e+00 0.000000000000000000e+00 0.000000000000000000e+00 0.000000000000000000e+00 -6.493358787854786041e-02 7.510953930193643713e-02 -1.032987035932818459e-01 -1.093695354115416657e-01
5.000000000000000000e-01 5.383605938675668501e-01 0.000000000000000000e+00 3.878349601364278199e-01 7.380444599600805011e-02 0.000000000000000000e+00 0.000000000000000000e+00 -7.194159161385714485e-02 4.512421377009921408e-01 0.000000000000000000e+00 0.000000000000000000e+00 0.000000000000000000e+00 0.000000000000000000e+00 -1.179690549175272801e-01 1.212734367327677337e-01 -1.192177292316765475e-01 -1.597514895620169573e-01
5.999999999999999778e-01 4.093351925238425948e-01 0.000000000000000000e+00 4.559278741475544794e-01 1.347369333286058957e-01 0.000000000000000000e+00 0.000000000000000000e+00 -9.761988598759656355e-02 4.208297541867311309e-01 0.000000000000000000e+00 0.000000000000000000e+00 0.000000000000000000e+00 0.000000000000000000e+00 -1.851383109506154756e-01 1.647851006368684090e-01 -1.124592188641397178e-01 -2.061686024315366461e-01
7.000000000000000666e-01 2.957484895281261017e-01 0.000000000000000000e+00 4.887609105374561835e-01 2.154905999344192968e-01 0.000000000000000000e+00 0.000000000000000000e+00 -1.162189970414484047e-01 3.619992345486882646e-01 0.000000000000000000e+00 0.000000000000000000e+00 0.000000000000000000e+00 0.000000000000000000e+00 -2.598915572763532134e-01 1.943701631003074137e-01 -8.216187768825504445e-02 -2.387057715395143054e-01
8.000000000000000444e-01 2.029212490199336916e-01 0.000000000000000000e+00 4.853216843585294593e-01 3.117570666215370712e-01 0.000000000000000000e+00 0.000000000000000000e+00 -1.240191961998099723e-01 2.882729979643351981e-01 0.000000000000000000e+00 0.000000000000000000e+00 0.000000000000000000e+00 0.000000000000000000e+00 -3.328779206521932932e-01 2.012330853194164992e-01 -3.446541373772201572e-02 -2.491470823134017132e-01
9.000000000000000222e-01 1.321160011069841544e-01 0.000000000000000000e+00 4.509960468056345984e-01 4.168879520873838285e-01 0.000000000000000000e+00 0.000000000000000000e+00 -1.201928230494138522e-01 2.124558295840391076e-01 0.000000000000000000e+00 0.000000000000000000e+00 0.000000000000000000e+00 0.000000000000000000e+00 -3.937570012475565262e-01 1.815770974309696140e-01 1.940073037376223788e-02 -2.338828356999914926e-01
1.000000000000000000e+00 8.155365993656849000e-02 0.000000000000000000e+00 3.950839873239532785e-01 5.233623527394792863e-01 0.000000000000000000e+00 0.000000000000000000e+00 -1.066646957472563995e-01 1.443717001909421982e-01 0.000000000000000000e+00 0.000000000000000000e+00 0.000000000000000000e+00 0.000000000000000000e+00 -4.334281589289643022e-01 1.375213297769349308e-01 6.676376504466628725e-02 -1.955114189997039231e-01
1.100000000000000089e+00 4.767985218919203183e-02 0.000000000000000000e+00 3.280283303644759285e-01 6.242918174463328862e-01 0.000000000000000000e+00 0.000000000000000000e+00 -8.711393204026349202e-02 8.973017962185246554e-02 0.000000000000000000e+00 0.000000000000000000e+00 0.000000000000000000e+00 0.000000000000000000e+00 -4.460576555862743042e-01 7.627562175799466881e-02 9.759404322700875045e-02 -1.422727811816830445e-01
1.200000000000000178e+00 2.637224862935247383e-02 0.000000000000000000e+00 2.592068584584067970e-01 7.144208929122444207e-01 0.000000000000000000e+00 0.000000000000000000e+00 -6.565772696077812332e-02 5.024868765024496919e-02 0.000000000000000000e+00 0.000000000000000000e+00 0.000000000000000000e+00 0.000000000000000000e+00 -4.302535812589910469e-01 8.040588559906218166e-03 1.074255646731807901e-01 -8.544374451382562297e-02
1.300000000000000266e+00 1.378093396838620671e-02 0.000000000000000000e+00 1.955654814094998362e-01 7.906535846221176556e-01 0.000000000000000000e+00 0.000000000000000000e+00 -4.571204833010374807e-02 2.460657678192628220e-02 0.000000000000000000e+00 0.000000000000000000e+00 0.000000000000000000e+00 0.000000000000000000e+00 -3.891268968442204712e-01 -5.661101477971453716e-02 9.807861092126064773e-02 -3.572857235471963572e-02
1.400000000000000133e+00 6.793559840651523449e-03 0.000000000000000000e+00 1.412418149767580844e-01 8.519646251825875316e-01 0.000000000000000000e+00 0.000000000000000000e+00 -2.938160945481344682e-02 9.811001222484056969e-03 0.000000000000000000e+00 0.000000000000000000e+00 0.000000000000000000e+00 0.000000000000000000e+00 -3.293192776573087843e-01 -1.090038680585585368e-01 7.607780641436144575e-02 -1.999604839774700557e-04
1.500000000000000222e+00 3.153936527072351888e-03 0.000000000000000000e+00 9.783568132498357550e-02 8.990103821479444868e-01 0.000000000000000000e+00 0.000000000000000000e+00 -1.739665375558750379e-02 2.433919656664203582e-03 0.000000000000000000e+00 0.000000000000000000e+00 0.000000000000000000e+00 0.000000000000000000e+00 -2.593611572121533593e-01 -1.438300501686258503e-01 4.969645991209278163e-02 1.912285259585967678e-02
1.600000000000000089e+00 1.376122064320555198e-03 0.000000000000000000e+00 6.508548894403332064e-02 9.335383889916484268e-01 0.000000000000000000e+00 0.000000000000000000e+00 -9.449325294522685492e-03 -5.251946271241954419e-04 0.000000000000000000e+00 0.000000000000000000e+00 0.000000000000000000e+00 0.000000000000000000e+00 -1.879099757119976066e-01 -1.595294437046554936e-01 2.599409689599016526e-02 2.467731136219974974e-02
1.700000000000000178e+00 5.631328958025132647e-04 0.000000000000000000e+00 4.162329187272310188e-02 9.578135752314816953e-01 0.000000000000000000e+00 0.000000000000000000e+00 -4.677778719906078818e-03 -1.248131033330751117e-03 0.000000000000000000e+00 0.000000000000000000e+00 0.000000000000000000e+00 0.000000000000000000e+00 -1.222854294547372767e-01 -1.578405132977981629e-01 9.009824544887917383e-03 2.140559200738710935e-02
1.800000000000000266e+00 2.155223007899053809e-04 0.000000000000000000e+00 2.559281599444066663e-02 9.741916617047762239e-01 0.000000000000000000e+00 0.000000000000000000e+00 -2.087326740743644833e-03 -1.076517643847826108e-03 0.000000000000000000e+00 0.000000000000000000e+00 0.000000000000000000e+00 0.000000000000000000e+00 -6.752274682362224834e-02 -1.427339709247707755e-01 -4.967630571605611157e-04 1.448148052264136044e-02
1.900000000000000133e+00 7.695825225353033756e-05 0.000000000000000000e+00 1.513069881407295633e-02 9.847923429336699064e-01 0.000000000000000000e+00 0.000000000000000000e+00 -8.245553193300032314e-04 -6.960896718641190230e-04 0.000000000000000000e+00 0.000000000000000000e+00 0.000000000000000000e+00 0.000000000000000000e+00 -2.613939763441582367e-02 -1.192364379477833664e-01 -4.061005212331143463e-03 7.700398432348393857e-03
2.000000000000000000e+00 2.554127621909882414e-05 0.000000000000000000e+00 8.592671090141177151e-03 9.913817876336356028e-01 0.000000000000000000e+00 0.000000000000000000e+00 -2.782015734985285077e-04 -3.769239204986912502e-04 0.000000000000000000e+00 0.000000000000000000e+00 0.000000000000000000e+00 0.000000000000000000e+00 1.683425652813280108e-03 -9.228100355171955926e-02 -4.102477127151897725e-03 2.913901307840916378e-03
2.100000000000000089e+00 7.850516202600793438e-06 0.000000000000000000e+00 4.681637098093967622e-03 9.953105123857050041e-01 0.000000000000000000e+00 0.000000000000000000e+00 -7.350592013733029718e-05 -1.770597824511739484e-04 0.000000000000000000e+00 0.000000000000000000e+00 0.000000000000000000e+00 0.000000000000000000e+00 1.753493716999565688e-02 -6.597127047858808435e-02 -2.770349304926637835e-03 3.726378760291947046e-04
2.200000000000000178e+00 2.224181299020896146e-06 0.000000000000000000e+00 2.442044987845165462e-03 9.975557308308568016e-01 0.000000000000000000e+00 0.000000000000000000e+00 -1.050906893832635976e-05 -7.294604212146818122e-05 0.000000000000000000e+00 0.000000000000000000e+00 0.000000000000000000e+00 0.000000000000000000e+00 2.401687952858668276e-02 -4.311919898242190519e-02 -1.391362201486548086e-03 -5.318461962156460429e-04
2.300000000000000266e+00 5.778206219874492498e-07 0.000000000000000000e+00 1.216681386714322079e-03 9.987827407926636036e-01 0.000000000000000000e+00 0.000000000000000000e+00 3.033346504288090687e-06 -2.634080364579305901e-05 0.000000000000000000e+00 0.000000000000000000e+00 0.000000000000000000e+00 0.000000000000000000e+00 2.408432834024927527e-02 -2.520209014345912643e-02 -4.855735512926833732e-04 -5.842508354369921808e-04
2.400000000000000355e+00 1.369189134661672150e-07 0.000000000000000000e+00 5.772756018228157896e-04 9.994225874792661557e-01 0.000000000000000000e+00 0.000000000000000000e+00 3.296841799864589863e-06 -8.256917021103919404e-06 0.000000000000000000e+00 0.000000000000000000e+00 0.000000000000000000e+00 0.000000000000000000e+00 2.050651304090564744e-02 -1.250699982738139732e-02 -6.178064638522333570e-05 -3.647330327519731773e-04
2.500000000000000444e+00 2.930199003043294094e-08 0.000000000000000000e+00 2.595786890137765897e-04 9.997403920089935614e-01 0.000000000000000000e+00 0.000000000000000000e+00 1.672943312775209312e-06 -2.193303536970531987e-06 0.000000000000000000e+00 0.000000000000000000e+00 0.000000000000000000e+00 0.000000000000000000e+00 1.547119914665438627e-02 -4.489224601047022041e-03 6.178322672468952031e-05 -1.596531461701694446e-04
2.600000000000000089e+00 5.615568913215396811e-09 0.000000000000000000e+00 1.100760739729112733e-04 9.998899183104612565e-01 0.000000000000000000e+00 0.000000000000000000e+00 6.316624084475928884e-07 -4.700807383256819067e-07 0.000000000000000000e+00 0.000000000000000000e+00 0.000000000000000000e+00 0.000000000000000000e+00 1.049043283022878942e-02 -1.209057839950291701e-04 5.966640054446466240e-05 -4.548793633537970759e-05
2.700000000000000178e+00 9.371989661267387680e-10 0.000000000000000000e+00 4.364500133183957947e-05 9.999563540614718749e-01 0.000000000000000000e+00 0.000000000000000000e+00 1.914013941028881203e-07 -7.041318102877756526e-08 0.000000000000000000e+00 0.000000000000000000e+00 0.000000000000000000e+00 0.000000000000000000e+00 6.379234531929344441e-03 1.717067415113757460e-03 3.075802509586595670e-05 -2.765898060065063368e-06
2.800000000000000266e+00 1.263716131009108579e-10 0.000000000000000000e+00 1.612553944481273866e-05 9.999838743341840086e-01 0.000000000000000000e+00 0.000000000000000000e+00 4.788425638734183658e-08 -2.757448310317333309e-09 0.000000000000000000e+00 0.000000000000000000e+00 0.000000000000000000e+00 0.000000000000000000e+00 3.439054659242119210e-03 2.073161831180234897e-03 1.056587411313395099e-05 5.550793799027325626e-06
2.900000000000000355e+00 2.580065389960715803e-12 0.000000000000000000e+00 5.479446090980912975e-06 9.999945205513265378e-01 0.000000000000000000e+00 0.000000000000000000e+00 9.856318572711660359e-09 2.281856638837303910e-09 0.000000000000000000e+00 0.000000000000000000e+00 0.000000000000000000e+00 0.000000000000000000e+00 1.589014692277197511e-03 1.718795758472230943e-03 2.061211557727229615e-06 3.744092533660549526e-06
3.000000000000000444e+00 -1.524350163014550119e-11 0.000000000000000000e+00 1.687068581618381028e-06 9.999983129466600840e-01 0.000000000000000000e+00 0.000000000000000000e+00 1.586416479700392517e-09 1.119998387176234852e-09 0.000000000000000000e+00 0.000000000000000000e+00 0.000000000000000000e+00 0.000000000000000000e+00 5.747215078467351936e-04 1.164725947571453729e-03 -1.496723277006546559e-07 1.405886191152133203e-06
3.100000000000000089e+00 -1.683757734122676320e-11 0.000000000000000000e+00 4.595786229394003225e-07 9.999995404382118203e-01 0.000000000000000000e+00 0.000000000000000000e+00 3.579814324053477492e-10 2.355333258658881028e-10 0.000000000000000000e+00 0.000000000000000000e+00 0.000000000000000000e+00 0.000000000000000000e+00 1.211129412259226700e-04 6.668500486319927202e-04 -2.590721468500448961e-07 3.141689380212051778e-07
3.200000000000000178e+00 -1.558150029639118180e-11 0.000000000000000000e+00 1.046996387775421408e-07 9.999998953159406900e-01 0.000000000000000000e+00 0.000000000000000000e+00 -1.342130402869990262e-11 5.797691060647091431e-11 0.000000000000000000e+00 0.000000000000000000e+00 0.000000000000000000e+00 0.000000000000000000e+00 -3.905805034177728722e-05 3.209210111273309352e-04 -1.066253114375010208e-07 1.482058095518295201e-08
3.300000000000000266e+00 -2.485570177365821916e-11 0.000000000000000000e+00 1.913510268914355582e-08 9.999999808897540587e-01 0.000000000000000000e+00 0.000000000000000000e+00 9.719983478773193507e-11 -7.058165833628838217e-11 0.000000000000000000e+00 0.000000000000000000e+00 0.000000000000000000e+00 0.000000000000000000e+00 -5.101235720458559779e-05 1.276988833822692267e-04 -2.777329084824676837e-08 -5.233802136393819142e-09
3.400000000000000355e+00 -2.428503944721000559e-11 0.000000000000000000e+00 2.595143283592434984e-09 9.999999974291436944e-01 0.000000000000000000e+00 0.000000000000000000e+00 9.618965830634568309e-11 -7.818876379020485749e-11 0.000000000000000000e+00 0.000000000000000000e+00 0.000000000000000000e+00 0.000000000000000000e+00 -2.574212713644890603e-05 4.091552918138136274e-05 -7.270635239773579079e-09 -4.377507962130653191e-09
3.500000000000000444e+00 -2.941443145231071201e-11 0.000000000000000000e+00 3.481499134918902175e-10 9.999999996812662939e-01 0.000000000000000000e+00 0.000000000000000000e+00 -7.876624483965751381e-11 3.545987411067089605e-11 0.000000000000000000e+00 0.000000000000000000e+00 0.000000000000000000e+00 0.000000000000000000e+00 -8.615110050019662743e-06 1.865145279726753815e-06 -3.771787261279787845e-09 -4.829503941282566593e-10
3.600000000000000089e+00 -2.521232961080469459e-11 0.000000000000000000e+00 2.386663775859722488e-10 9.999999997865455237e-01 0.000000000000000000e+00 0.000000000000000000e+00 3.763357317376165466e-11 1.811900890516656910e-10 0.000000000000000000e+00 0.000000000000000000e+00 0.000000000000000000e+00 0.000000000000000000e+00 5.060605233281009231e-07 -4.734774258385740048e-07 -1.681375170529703582e-08 8.285372539480876381e-09
3.700000000000000178e+00 -3.052759799898975373e-11 0.000000000000000000e+00 3.166750193278163159e-10 9.999999997138555585e-01 0.000000000000000000e+00 0.000000000000000000e+00 1.640327394959759563e-10 -2.388838836598739300e-10 0.000000000000000000e+00 0.000000000000000000e+00 0.000000000000000000e+00 0.000000000000000000e+00 7.162166619581178892e-06 -1.283641172161001205e-06 1.108578874412642089e-08 -1.963963088616495987e-09
3.800000000000000266e+00 -2.860914784577030837e-11 0.000000000000000000e+00 3.302111896038249652e-10 9.999999996983999218e-01 0.000000000000000000e+00 0.000000000000000000e+00 1.233631410203988926e-10 2.292956626211478251e-10 0.000000000000000000e+00 0.000000000000000000e+00 0.000000000000000000e+00 0.000000000000000000e+00 -1.338734198914647728e-06 9.256260377630788348e-06 -7.549949447651699795e-09 -1.789874635951901057e-08
3.900000000000000355e+00 -4.160661313010166344e-11 0.000000000000000000e+00 3.953602583661723836e-10 9.999999996462459739e-01 0.000000000000000000e+00 0.000000000000000000e+00 1.284285054693663542e-11 -9.474444785329010546e-11 0.000000000000000000e+00 0.000000000000000000e+00 0.000000000000000000e+00 0.000000000000000000e+00 1.183798859629805832e-06 2.822375515290753464e-06 -1.136566255584258161e-08 2.339383518526349414e-08
4.000000000000000000e+00 -4.138640542934404939e-11 0.000000000000000000e+00 3.244039368353163310e-10 9.999999997169835009e-01 0.000000000000000000e+00 0.000000000000000000e+00 1.832167934529533164e-10 -3.151790973034505935e-11 0.000000000000000000e+00 0.000000000000000000e+00 0.000000000000000000e+00 0.000000000000000000e+00 -1.586101803543332696e-06 4.028212743208981651e-06 -1.220587178934691533e-08 -5.663940248780540007e-09
4.099999999999999645e+00 -3.921610462609828656e-11 0.000000000000000000e+00 2.051918857025826428e-10 9.999999998340228791e-01 0.000000000000000000e+00 0.000000000000000000e+00 -6.085681103860283700e-11 1.690695303903373974e-10 0.000000000000000000e+00 0.000000000000000000e+00 0.000000000000000000e+00 0.000000000000000000e+00 -1.361949789643258967e-06 7.896037806430851784e-07 -4.555439656392059308e-09 -1.442084546127568945e-08
4.200000000000000178e+00 -4.221462884641399470e-11 0.000000000000000000e+00 3.037211051452600214e-10 9.999999997384964034e-01 0.000000000000000000e+00 0.000000000000000000e+00 3.093382149573122703e-11 -5.011140103709294001e-11 0.000000000000000000e+00 0.000000000000000000e+00 0.000000000000000000e+00 0.000000000000000000e+00 3.453550676619164218e-06 -1.798182651368009935e-07 6.872724416315707841e-09 -5.663443345169709285e-09
4.299999999999999822e+00 -4.726652290424061379e-11 0.000000000000000000e+00 3.715365934325719122e-10 9.999999996757275023e-01 0.000000000000000000e+00 0.000000000000000000e+00 2.677471471005942296e-10 -1.621449027982914793e-11 0.000000000000000000e+00 0.000000000000000000e+00 0.000000000000000000e+00 0.000000000000000000e+00 1.192271045966336162e-06 4.330600302551451612e-06 -1.815035615152258534e-08 -2.191141641290713158e-08
4.399999999999999467e+00 -5.789242391818461584e-11 0.000000000000000000e+00 3.510858166825411429e-10 9.999999997068060864e-01 0.000000000000000000e+00 0.000000000000000000e+00 -4.906681148995550975e-11 2.324144541148949777e-12 0.000000000000000000e+00 0.000000000000000000e+00 0.000000000000000000e+00 0.000000000000000000e+00 3.504535228243106464e-06 -2.087916340651536402e-06 2.824305064326638150e-09 1.505934743550162213e-09
4.500000000000000000e+00 -5.787882166036116872e-11 0.000000000000000000e+00 4.883890968378722851e-10 9.999999995694875965e-01 0.000000000000000000e+00 0.000000000000000000e+00 -8.993189445156591081e-11 6.365317634672882491e-11 0.000000000000000000e+00 0.000000000000000000e+00 0.000000000000000000e+00 0.000000000000000000e+00 -2.899048285201968053e-06 -3.185471811540586334e-06 1.248574333780582064e-09 -3.571055091155894038e-09
4.599999999999999645e+00 -5.343006112842780301e-11 0.000000000000000000e+00 3.657122138597001594e-10 9.999999996877197983e-01 0.000000000000000000e+00 0.000000000000000000e+00 1.668458209694732830e-11 -1.318217705300761460e-10 0.000000000000000000e+00 0.000000000000000000e+00 0.000000000000000000e+00 0.000000000000000000e+00 4.915435075362167415e-06 8.645032873941572572e-07 -4.518214704874625914e-09 -4.823305806272258573e-09
4.700000000000000178e+00 -6.649810538085918425e-11 0.000000000000000000e+00 4.107860578394227072e-10 9.999999996557142889e-01 0.000000000000000000e+00 0.000000000000000000e+00 -1.929505291793304869e-10 -8.601259528040456402e-12 0.000000000000000000e+00 0.000000000000000000e+00 0.000000000000000000e+00 0.000000000000000000e+00 -1.456692178478517462e-06 -1.902558490599886719e-06 1.068853759127098845e-08 7.210522594576648254e-09
4.799999999999999822e+00 -5.657145093719420104e-11 0.000000000000000000e+00 3.887716558572148404e-10 9.999999996677982894e-01 0.000000000000000000e+00 0.000000000000000000e+00 4.119970361442990669e-10 -2.147763680891333680e-10 0.000000000000000000e+00 0.000000000000000000e+00 0.000000000000000000e+00 0.000000000000000000e+00 6.974062246960314620e-06 -2.710483554918815056e-07 4.128047895310699232e-09 1.768921369876355555e-09
4.900000000000000355e+00 -6.685393715266415503e-11 0.000000000000000000e+00 4.984080858838279965e-10 9.999999995684418774e-01 0.000000000000000000e+00 0.000000000000000000e+00 1.349118338561228294e-10 1.428281065672094476e-10 0.000000000000000000e+00 0.000000000000000000e+00 0.000000000000000000e+00 0.000000000000000000e+00 2.605782358046056842e-06 -8.611146542962993321e-07 -8.899216525865479833e-09 5.684561173891999454e-09
5.000000000000000000e+00 -6.524100871432960171e-11 0.000000000000000000e+00 4.283326144900221882e-10 9.999999996369091093e-01 0.000000000000000000e+00 0.000000000000000000e+00 -1.429287352234866411e-10 -4.773250417554654829e-11 0.000000000000000000e+00 0.000000000000000000e+00 0.000000000000000000e+00 0.000000000000000000e+00 5.084948864095652701e-07 -1.877279094728009341e-06 -2.823055235543351639e-08 1.223859669599531600e-09
5.099999999999999645e+00 -7.076769892893864678e-11 0.000000000000000000e+00 5.221112289435856868e-10 9.999999995486563709e-01 0.000000000000000000e+00 0.000000000000000000e+00 1.057873193516497496e-11 -2.449987405128972713e-10 0.000000000000000000e+00 0.000000000000000000e+00 0.000000000000000000e+00 0.000000000000000000e+00 5.784337792773815119e-06 2.774028834023231809e-06 1.590715854488806171e-08 -3.661172949975058223e-09
5.200000000000000178e+00 -6.433726000655394833e-11 0.000000000000000000e+00 4.378588293009623667e-10 9.999999996264768987e-01 0.000000000000000000e+00 0.000000000000000000e+00 -2.352703375964594020e-10 9.708520382777611884e-11 0.000000000000000000e+00 0.000000000000000000e+00 0.000000000000000000e+00 0.000000000000000000e+00 -5.652798817893051140e-06 -2.947279341005528640e-06 -7.892938197896446704e-09 -1.421080657304905958e-08
5.299999999999999822e+00 -7.095617568135286000e-11 0.000000000000000000e+00 4.530799230852890307e-10 9.999999996178792205e-01 0.000000000000000000e+00 0.000000000000000000e+00 1.551094770033699304e-10 3.658669711965711638e-11 0.000000000000000000e+00 0.000000000000000000e+00 0.000000000000000000e+00 0.000000000000000000e+00 3.182175182327787533e-06 1.165723968409453007e-06 1.060579943557252146e-08 -1.386457714923949679e-09
5.400000000000000355e+00 -6.714972591630822336e-11 0.000000000000000000e+00 3.691510551347847457e-10 9.999999996979980210e-01 0.000000000000000000e+00 0.000000000000000000e+00 -1.374222180442601886e-10 5.988061846734591694e-11 0.000000000000000000e+00 0.000000000000000000e+00 0.000000000000000000e+00 0.000000000000000000e+00 9.906147140952275748e-07 -2.520256770602523678e-06 -5.881644140727298766e-09 -8.984418566066322248e-09
5.500000000000000000e+00 -8.188815025086006542e-11 0.000000000000000000e+00 5.125906487284837967e-10 9.999999995692965271e-01 0.000000000000000000e+00 0.000000000000000000e+00 2.820786664604716615e-10 1.507560748764609317e-10 0.000000000000000000e+00 0.000000000000000000e+00 0.000000000000000000e+00 0.000000000000000000e+00 -1.988769221848109917e-06 4.638765105470017210e-06 -1.107751638377292135e-08 1.384863848184651002e-08
5.599999999999999645e+00 -8.289468196846897273e-11 0.000000000000000000e+00 5.012525983016138471e-10 9.999999995816419851e-01 0.000000000000000000e+00 0.000000000000000000e+00 1.672539541580804566e-10 -3.128944728215341368e-11 0.000000000000000000e+00 0.000000000000000000e+00 0.000000000000000000e+00 0.000000000000000000e+00 4.708678570918803209e-06 -8.086176991227734172e-07 -7.617450922342058464e-09 -2.836469599620904888e-09
5.700000000000000178e+00 -8.279184017872881959e-11 0.000000000000000000e+00 4.655208027451800235e-10 9.999999996172704853e-01 0.000000000000000000e+00 0.000000000000000000e+00 -1.047685512746474872e-10 -4.614677727520987631e-11 0.000000000000000000e+00 0.000000000000000000e+00 0.000000000000000000e+00 0.000000000000000000e+00 -4.530248447325687062e-06 2.655078256596329514e-06 1.066193490394093713e-08 -2.129941910153802383e-08
5.799999999999999822e+00 -8.157880323124454876e-11 0.000000000000000000e+00 4.315178724888095480e-10 9.999999996500622546e-01 0.000000000000000000e+00 0.000000000000000000e+00 1.748561611057225532e-10 -2.514854285599357202e-10 0.000000000000000000e+00 0.000000000000000000e+00 0.000000000000000000e+00 0.000000000000000000e+00 1.892481878920556042e-06 3.679833526080780972e-07 -2.817903085266941058e-09 -2.676460081599890083e-08
5.900000000000000355e+00 -9.231582816864240997e-11 0.000000000000000000e+00 4.973501784332784775e-10 9.999999995949642173e-01 0.000000000000000000e+00 0.000000000000000000e+00 9.750957549066169799e-11 -3.849696680991059102e-10 0.000000000000000000e+00 0.000000000000000000e+00 0.000000000000000000e+00 0.000000000000000000e+00 1.816639228764634640e-07 2.159637043219096349e-06 1.336076581076647312e-08 -4.684636205490586776e-09
6.000000000000000000e+00 -8.904920374211319435e-11 0.000000000000000000e+00 5.527177348388884519e-10 9.999999995363315630e-01 0.000000000000000000e+00 0.000000000000000000e+00 1.001289439805076492e-10 -2.616110054375122860e-10 0.000000000000000000e+00 0.000000000000000000e+00 0.000000000000000000e+00 0.000000000000000000e+00 8.547454445826941890e-06 4.032396019216629300e-06 1.302466513089954349e-08 5.110135154252911069e-09
