1.000000000000000056e-01 -4.892416502334582910e-04 -3.080549014041401024e-01 -9.511757350754660445e-01
2.000000000000000111e-01 -3.760209919188966295e-03 -5.806705774858715863e-01 -8.108165724224908333e-01
2.999999999999999889e-01 -1.188404742507619127e-02 -7.879932083464772363e-01 -5.960517668324342155e-01
4.000000000000000222e-01 -2.575204891261685322e-02 -9.098682279804244377e-01 -3.318100141742481579e-01
5.000000000000000000e-01 -4.497585600571647052e-02 -9.376295138670646123e-01 -4.664283109159429730e-02
5.999999999999999778e-01 -6.812883933638570755e-02 -8.735956309572812106e-01 2.312414117963066118e-01
6.999999999999999556e-01 -9.318670538010088988e-02 -7.290020235125561632e-01 4.769154354836238063e-01
7.999999999999999334e-01 -1.179983308041878676e-01 -5.213367221268240259e-01 6.703990984956816890e-01
8.999999999999999112e-01 -1.406620203291233107e-01 -2.718584084493506081e-01 7.972925851718409840e-01
9.999999999999998890e-01 -1.597565979986749485e-01 -3.644614884606113634e-03 8.488597681964552555e-01
1.099999999999999867e+00 -1.744309108146492870e-01 2.598464588644096573e-01 8.219787728436024343e-01
1.199999999999999956e+00 -1.843881962181059264e-01 4.959708363953929666e-01 7.191956984754046545e-01
1.300000000000000044e+00 -1.898037904421571442e-01 6.841331391547537111e-01 5.488473402188241979e-01
1.399999999999999911e+00 -1.912076542680903879e-01 8.072162475037502061e-01 3.250325019974913965e-01
1.500000000000000000e+00 -1.893533878640848434e-01 8.531673499063492372e-01 6.713194259004831577e-02
1.599999999999999867e+00 -1.850917961722092775e-01 8.164993378691958181e-01 -2.013682536311690585e-01
1.699999999999999956e+00 -1.792601902404859782e-01 6.993627031429554552e-01 -4.548057537551121188e-01
1.800000000000000044e+00 -1.725992899764640931e-01 5.118698470063683947e-01 -6.678680647981699581e-01
1.899999999999999911e+00 -1.657021292278745561e-01 2.714751350725252421e-01 -8.183845016943768202e-01
2.000000000000000000e+00 -1.589963310138717278e-01 1.398204188370609372e-03 -8.899414350501757554e-01
2.099999999999999645e+00 -1.527520460262336566e-01 -2.716982637887327967e-01 -8.739008521557364295e-01
2.199999999999999734e+00 -1.471078939403106522e-01 -5.204917490285729809e-01 -7.705428224893193789e-01
2.299999999999999822e+00 -1.421047354677398844e-01 -7.198750683810075657e-01 -5.891751703863963296e-01
2.399999999999999911e+00 -1.377194145920220825e-01 -8.495715480767463967e-01 -3.472359443911216537e-01
2.500000000000000000e+00 -1.338928280910573199e-01 -8.962330363658083110e-01 -6.850222006521212992e-02
2.600000000000000089e+00 -1.305512855617016188e-01 -8.547883595604217621e-01 2.193448842443528057e-01
2.699999999999999734e+00 -1.276199466626268819e-01 -7.289503965545792719e-01 4.875506165010726201e-01
2.799999999999999822e+00 -1.250303980709661644e-01 -5.308396416821282715e-01 7.092031664805147351e-01
2.899999999999999911e+00 -1.227239560550785341e-01 -2.797763093869578555e-01 8.619527855627027169e-01
3.000000000000000000e+00 -1.206523312784434365e-01 -3.599537409292168934e-04 9.302628753200427036e-01
