1.000000000000000056e-01 5.794856758364326510e-02 -3.028110265057348260e-01 -9.466636734510401885e-01
2.000000000000000111e-01 8.620607655785691992e-02 -5.703145604711100658e-01 -7.963349185508887818e-01
2.999999999999999889e-01 6.543983305573693177e-02 -7.713287307767794365e-01 -5.754856311751387343e-01
4.000000000000000222e-01 -6.624151179601735391e-03 -8.832405837570685980e-01 -3.205829732868036297e-01
5.000000000000000000e-01 -1.144949490800791780e-01 -8.963235465741505870e-01 -6.940368255752149551e-02
5.999999999999999778e-01 -2.303599651906450829e-01 -8.165961978749954886e-01 1.467948409715166824e-01
6.999999999999999556e-01 -3.235940232890197055e-01 -6.656045253533913186e-01 3.081689403143459960e-01
7.999999999999999334e-01 -3.708211862475555010e-01 -4.762574585067976818e-01 4.074914483841492463e-01
8.999999999999999112e-01 -3.629656274006068939e-01 -2.853445197373740139e-01 4.482191913293383512e-01
9.999999999999998890e-01 -3.070401440483809252e-01 -1.248109951813300977e-01 4.407961275004252943e-01
1.099999999999999867e+00 -2.224790376923498070e-01 -1.453796727012687459e-02 3.986397957931316349e-01
1.199999999999999956e+00 -1.337468172161070112e-01 4.112243948416489936e-02 3.348884397609950825e-01
1.300000000000000044e+00 -6.204194152379518407e-02 5.208505019670681829e-02 2.603706786466912781e-01
1.399999999999999911e+00 -1.895535426946726165e-02 3.715479784949667075e-02 1.827811904143865906e-01
1.500000000000000000e+00 -4.110394848187880895e-03 1.642863902318867156e-02 1.067729351622145051e-01
1.599999999999999867e+00 -7.431377876526265927e-03 4.121849406348245329e-03 3.460546391122489712e-02
1.699999999999999956e+00 -1.504507044736203697e-02 4.429874903581476446e-03 -3.297493517351434561e-02
1.800000000000000044e+00 -1.630210887031577002e-02 1.208372792333890083e-02 -9.589280702362504294e-02
1.899999999999999911e+00 -8.645079638832400132e-03 1.734820511536157295e-02 -1.541481001073596591e-01
2.000000000000000000e+00 2.232462870671841210e-03 1.295580149524838860e-02 -2.075894764239784585e-01
2.099999999999999645e+00 7.151495317827867224e-03 -8.917016683408007316e-04 -2.560351418796583678e-01
2.199999999999999734e+00 3.589013933469399923e-04 -1.660398194063517768e-02 -2.995613029837537189e-01
2.299999999999999822e+00 -1.590273556761248250e-02 -2.450733296065148170e-02 -3.386872685267517946e-01
2.399999999999999911e+00 -3.250777566179818834e-02 -1.992685259419666940e-02 -3.742613177662150736e-01
2.500000000000000000e+00 -3.979285164123693569e-02 -6.944972046421234689e-03 -4.070761033897746795e-01
2.600000000000000089e+00 -3.470598552976229129e-02 4.239320202494653404e-03 -4.374765132251197119e-01
2.699999999999999734e+00 -2.329080505103175297e-02 4.783026314760898019e-03 -4.652790296763979483e-01
2.799999999999999822e+00 -1.624655772956615229e-02 -6.038702660125745691e-03 -4.901100080437447715e-01
2.899999999999999911e+00 -2.067939406184533813e-02 -2.020586440502827180e-02 -5.119291155379477321e-01
3.000000000000000000e+00 -3.450064104546905763e-02 -2.727301608707319996e-02 -5.313102640083113837e-01
