0.000000000000000000e+00 -7.385203749983603627e-12 1.012799619766317427e-11 -1.000000000000000000e+00
1.025641025641025605e-01 -1.958190249854477594e-01 2.478559906943996749e-01 -9.456125366472062366e-01
2.051282051282051211e-01 -3.860428185235038612e-01 4.431854191178842273e-01 -7.930477326606819588e-01
3.076923076923077094e-01 -5.611122393136653841e-01 5.483538808985284341e-01 -5.699031286432191257e-01
4.102564102564102422e-01 -7.063627162619638966e-01 5.490226088677497840e-01 -3.108519303171315418e-01
5.128205128205127750e-01 -8.042956288078546567e-01 4.541571799676165644e-01 -4.779894726017874101e-02
6.153846153846154188e-01 -8.391321088243443027e-01 2.904875821566770266e-01 1.959612353473785817e-01
7.179487179487179516e-01 -8.019145187555228871e-01 9.509392756287993187e-02 4.067937391898983068e-01
8.205128205128204844e-01 -6.949672518841041313e-01 -9.204423375654971484e-02 5.790373815216125486e-01
9.230769230769230171e-01 -5.342718148544054468e-01 -2.356332580184796743e-01 7.125382652193603672e-01
1.025641025641025550e+00 -3.480632408298686142e-01 -3.126883975121580450e-01 8.105505314561213259e-01
1.128205128205128194e+00 -1.703527877696507653e-01 -3.183565717297682229e-01 8.783640098871634549e-01
1.230769230769230838e+00 -3.090365007827760094e-02 -2.667085539007357786e-01 9.222577601924406565e-01
1.333333333333333259e+00 5.428356793587599260e-02 -1.846719388949555618e-01 9.486785770691780195e-01
1.435897435897435903e+00 8.665816058446582093e-02 -1.010616099530258494e-01 9.634932719751331254e-01
1.538461538461538325e+00 8.113594306751227558e-02 -3.632276503344079865e-02 9.714253261659011596e-01
1.641025641025640969e+00 5.732250293138856090e-02 1.995594201497800924e-03 9.758147568681430073e-01
1.743589743589743613e+00 3.136090003088342487e-02 1.724258414649860668e-02 9.787108098516759114e-01
1.846153846153846034e+00 1.201055741864851152e-02 1.794318644722753611e-02 9.811714369164701299e-01
1.948717948717948678e+00 1.284278798706304028e-03 1.252674191432207561e-02 9.836132879448843402e-01
2.051282051282051100e+00 -2.723778754821624525e-03 6.553442028228640380e-03 9.861071427033364367e-01
2.153846153846153744e+00 -3.020325452764171994e-03 2.399229373760724746e-03 9.885752229486828302e-01
2.256410256410256387e+00 -1.995760404484779073e-03 3.100292492740079793e-04 9.909023911037856402e-01
2.358974358974359031e+00 -9.455164154291089513e-04 -3.686214392211686246e-04 9.929896728121658800e-01
2.461538461538461675e+00 -3.024020952299997849e-04 -3.856229908778172045e-04 9.947741000491951979e-01
2.564102564102563875e+00 -2.625392045616867643e-05 -2.260014719347378507e-04 9.962314503387219577e-01
2.666666666666666519e+00 4.143586728732110130e-05 -9.092788769043688246e-05 9.973706095018610718e-01
2.769230769230769162e+00 3.837385382691263513e-05 -2.093088686161837840e-05 9.982242142897516102e-01
2.871794871794871806e+00 1.673607183799646561e-05 -1.355694870142343697e-06 9.988383256155064505e-01
2.974358974358974450e+00 4.412347341257994143e-06 2.150269477981593560e-06 9.992632200581091917e-01
3.076923076923076650e+00 2.398025880466317072e-06 3.840082704194723373e-06 9.995464481103284449e-01
3.179487179487179294e+00 1.139779497192710724e-06 3.724444103319240231e-06 9.997286896445016779e-01
3.282051282051281937e+00 1.805423011137049765e-06 6.510584716297156533e-07 9.998421007507181102e-01
3.384615384615384581e+00 5.374882926790444255e-07 -4.727533679832106784e-07 9.999104889240365557e-01
3.487179487179487225e+00 1.960359903427054773e-06 3.259484659797272965e-06 9.999505197955390612e-01
3.589743589743589425e+00 -6.944730951473545116e-07 3.645280080162293327e-07 9.999733017975593885e-01
3.692307692307692069e+00 -3.370641989673486194e-06 1.213160629299824991e-06 9.999859259771978204e-01
3.794871794871794712e+00 -2.450426724075525938e-06 1.762430544006709031e-06 9.999927457184787372e-01
3.897435897435897356e+00 -2.261028221574285185e-06 -1.504518739526298476e-06 9.999963413051874417e-01
4.000000000000000000e+00 -1.374298239899795247e-06 5.274509448574064122e-07 9.999981932399553131e-01
