0.000000000000000000e+00 -7.568645108472745648e-12 1.015626368539829794e-11 -1.000000000000000000e+00
1.025641025641025605e-01 -2.006857092190696967e-01 2.485034559899805262e-01 -9.468904968613496287e-01
2.051282051282051211e-01 -3.964550175744077087e-01 4.450234720558367552e-01 -7.974879632852837075e-01
3.076923076923077094e-01 -5.785454477080249625e-01 5.517462550198543036e-01 -5.775699034013626054e-01
4.102564102564102422e-01 -7.324858831894291988e-01 5.529160704995859099e-01 -3.196123109868794221e-01
5.128205128205127750e-01 -8.393267226955879456e-01 4.553739686878385817e-01 -5.411515283504728796e-02
6.153846153846154188e-01 -8.801385388291609324e-01 2.847255372656993799e-01 1.953034609517288189e-01
7.179487179487179516e-01 -8.427874017439371812e-01 7.950652191210919040e-02 4.131924496301131455e-01
8.205128205128204844e-01 -7.287205531497059630e-01 -1.165843909075856832e-01 5.916803642661617735e-01
9.230769230769230171e-01 -5.563153323192653321e-01 -2.646548004518672337e-01 7.292229789750146463e-01
1.025641025641025550e+00 -3.579681401763207260e-01 -3.406083606667081876e-01 8.290248898543767231e-01
1.128205128205128194e+00 -1.709871843309775374e-01 -3.412224496510650185e-01 8.972729393861016423e-01
1.230769230769230838e+00 -2.602404444879312384e-02 -2.831964457339710695e-01 9.412914840968301666e-01
1.333333333333333259e+00 6.171140738428097794e-02 -1.951114468859390105e-01 9.681081738032184525e-01
1.435897435897435903e+00 9.458989519528979151e-02 -1.062752080922901160e-01 9.835401471462805745e-01
1.538461538461538325e+00 8.799698166732507210e-02 -3.735407334447473499e-02 9.918898387969223851e-01
1.641025641025640969e+00 6.193589733578253043e-02 3.721111291450703018e-03 9.960731665767514897e-01
1.743589743589743613e+00 3.336226752758783554e-02 1.996249336659891918e-02 9.979198793336085949e-01
1.846153846153846034e+00 1.200545138799348661e-02 2.020691206136383117e-02 9.985201674839020436e-01
1.948717948717948678e+00 3.513242835624080102e-04 1.368797920179468629e-02 9.985009804746792783e-01
2.051282051282051100e+00 -3.667606426885499510e-03 6.738446164458206100e-03 9.982154218074631435e-01
2.153846153846153744e+00 -3.553501566523531788e-03 2.105646205491597776e-03 9.978597878048319769e-01
2.256410256410256387e+00 -2.137748028716950337e-03 -2.870192715809737581e-05 9.975398189615108935e-01
2.358974358974359031e+00 -8.861073647382478697e-04 -5.749080252342497538e-04 9.973070273574987654e-01
2.461538461538461675e+00 -2.043070365330561288e-04 -4.554479475841262284e-04 9.971795578940511051e-01
2.564102564102563875e+00 3.532960251269404725e-05 -2.232647223981183303e-04 9.971553252256416533e-01
2.666666666666666519e+00 6.537563170474534695e-05 -7.180017191690100009e-05 9.972207868016409460e-01
2.769230769230769162e+00 4.080275695810477204e-05 -1.112216096076861871e-05 9.973570518824267372e-01
2.871794871794871806e+00 1.515399682263828655e-05 4.767565598468751243e-06 9.975439987625926985e-01
2.974358974358974450e+00 8.251780239917016845e-07 7.139390782996521992e-06 9.977628304289423156e-01
3.076923076923076650e+00 3.432194802668782837e-06 -1.022072929408916461e-07 9.979974455502053088e-01
3.179487179487179294e+00 1.886380422956027641e-06 1.088538499061097161e-06 9.982349767611343738e-01
3.282051282051281937e+00 3.093533370623926835e-06 5.927379232784644989e-08 9.984657795272517955e-01
3.384615384615384581e+00 2.379000142260844954e-06 -2.968855720044410317e-06 9.986831207072233152e-01
3.487179487179487225e+00 1.548858977423401127e-06 3.714638075986094714e-06 9.988827180685572182e-01
3.589743589743589425e+00 -7.609284243417254624e-07 9.195873232041835600e-07 9.990622483945013066e-01
3.692307692307692069e+00 -1.353254093061549909e-06 2.388325858925414474e-06 9.992208826847768233e-01
3.794871794871794712e+00 9.695612817522394214e-07 9.550457150620287384e-07 9.993588829459666423e-01
3.897435897435897356e+00 -1.438973277155501752e-06 -4.329230386279814679e-06 9.994772627532362286e-01
4.000000000000000000e+00 -3.497138180471328892e-06 -4.045475401230241851e-06 9.995775183936903563e-01
