0.000000000000000000e+00 8.269484479299027056e-12 9.093229223839242625e-12 -1.000000000000000000e+00
1.025641025641025605e-01 2.176497193408270248e-01 2.204525909821913598e-01 -9.484596788533937728e-01
2.051282051282051211e-01 4.260272086491208587e-01 3.835206670689167430e-01 -8.051329322545575096e-01
3.076923076923077094e-01 6.114539184018731310e-01 4.508773718741712622e-01 -5.985280123219951509e-01
4.102564102564102422e-01 7.552206201088800253e-01 4.126391785356899877e-01 -3.624512541678373556e-01
5.128205128205127750e-01 8.374199167118753229e-01 2.853437427624512246e-01 -1.256316334908612609e-01
6.153846153846154188e-01 8.431588680309503037e-01 1.036318913950648457e-01 9.273778237102955901e-02
7.179487179487179516e-01 7.687345462501387061e-01 -8.963936443060629977e-02 2.825287200550595235e-01
8.205128205128204844e-01 6.255186283887564924e-01 -2.530683460341230928e-01 4.401727564123631975e-01
9.230769230769230171e-01 4.395385769973401691e-01 -3.558801929134994824e-01 5.663239813137471712e-01
1.025641025641025550e+00 2.457729573359546671e-01 -3.848934459265528907e-01 6.641181375376059570e-01
1.128205128205128194e+00 7.848633697181572888e-02 -3.468405968132824424e-01 7.378673688429137068e-01
1.230769230769230838e+00 -3.864121339391521359e-02 -2.643031082915148766e-01 7.920236509772694555e-01
1.333333333333333259e+00 -9.834502779328495314e-02 -1.666454946504493939e-01 8.303770491556308198e-01
1.435897435897435903e+00 -1.090923396151703556e-01 -7.972118970851904685e-02 8.556406800104034982e-01
1.538461538461538325e+00 -8.891869375912783702e-02 -1.869428931762779147e-02 8.694455607930685614e-01
1.641025641025640969e+00 -5.720240858772488585e-02 1.355414062968812033e-02 8.726410438056703134e-01
1.743589743589743613e+00 -2.824730240394976444e-02 2.320607401247008761e-02 8.657357970041870132e-01
1.846153846153846034e+00 -8.767947777342070814e-03 1.998711246994199983e-02 8.492968725917853234e-01
1.948717948717948678e+00 8.782294195814419752e-04 1.246619835124302203e-02 8.242088592118009815e-01
2.051282051282051100e+00 3.685696975445958840e-03 5.783357321845124591e-03 7.917736560818551261e-01
2.153846153846153744e+00 3.174839510302587559e-03 1.703350937934453588e-03 7.536719961076123742e-01
2.256410256410256387e+00 1.811826358201675674e-03 -5.808704734481390242e-05 7.118397538624146037e-01
2.358974358974359031e+00 7.312574208307963397e-04 -4.696209264391724677e-04 6.683074014026567644e-01
2.461538461538461675e+00 1.724667704522097060e-04 -3.624593038934111749e-04 6.250459508755309423e-01
2.564102564102563875e+00 -2.014655743063034784e-05 -1.760808393844578361e-04 5.838421263663577943e-01
2.666666666666666519e+00 -4.373720823849088852e-05 -5.645207779674119768e-05 5.462150414005919608e-01
2.769230769230769162e+00 -2.724599770071310626e-05 -5.912343650588519200e-06 5.133750281001270288e-01
2.871794871794871806e+00 -7.739024274260654593e-06 4.107998787533209185e-06 4.862157373034800556e-01
2.974358974358974450e+00 -2.753411280127319237e-06 2.918186059458404707e-06 4.653309559859622468e-01
3.076923076923076650e+00 1.810323292891678417e-06 2.660229290670672334e-06 4.510439158887333821e-01
3.179487179487179294e+00 1.766969053451591651e-06 1.306799329128746602e-06 4.434439714590947546e-01
3.282051282051281937e+00 -4.256089969872084089e-06 -1.875447729834187371e-06 4.424207810024780030e-01
3.384615384615384581e+00 -1.834985252111216357e-06 -1.557600729915812997e-06 4.476965345151986964e-01
3.487179487179487225e+00 -1.623459190629361342e-06 1.761488836398683101e-06 4.588533997808821319e-01
3.589743589743589425e+00 3.422817814043803149e-06 5.480908477457043364e-07 4.753574222456081744e-01
3.692307692307692069e+00 -7.444134844908596351e-07 3.356659744834869620e-06 4.965793713156153033e-01
3.794871794871794712e+00 1.136161131977542464e-06 -1.642072110122085999e-06 5.218165550749442883e-01
3.897435897435897356e+00 -1.482596848319958598e-07 1.098579334251324787e-07 5.503133499872135959e-01
4.000000000000000000e+00 2.165609006037502299e-06 -3.990222445260224119e-06 5.812846128576426574e-01
