0.000000000000000000e+00 8.472661492303379271e-12 9.205777591332092507e-12 -1.000000000000000000e+00
1.041666666666666713e-01 2.264819282138353096e-01 2.264826081886347209e-01 -9.447622413746564751e-01
2.083333333333333426e-01 4.445241990032688939e-01 3.925900361998279076e-01 -7.909030403524477393e-01
3.125000000000000000e-01 6.385882209715049163e-01 4.556050616699923728e-01 -5.695970149029514484e-01
4.166666666666666852e-01 7.847525081666372193e-01 4.022392221117656042e-01 -3.205486637658627735e-01
5.208333333333333703e-01 8.570277249528797103e-01 2.509669380514766845e-01 -8.006191831091075128e-02
6.250000000000000000e-01 8.379057774952987092e-01 4.482438928049337079e-02 1.270820848205867215e-01
7.291666666666667407e-01 7.275476591696609097e-01 -1.623466779963486650e-01 2.901628142895947282e-01
8.333333333333333703e-01 5.469264663621012934e-01 -3.215982402935388951e-01 4.102742314704125870e-01
9.375000000000000000e-01 3.333444367613020987e-01 -4.019357396002568028e-01 4.958976571693231583e-01
1.041666666666666741e+00 1.298967336286896146e-01 -3.971197225622267735e-01 5.582826932272133558e-01
1.145833333333333481e+00 -2.723630996367744361e-02 -3.244916164566673533e-01 6.079481456311637277e-01
1.250000000000000000e+00 -1.188417524995042662e-01 -2.164511107058733896e-01 6.526719031735118692e-01
1.354166666666666741e+00 -1.461889331506548706e-01 -1.078349419673148707e-01 6.968653595994778183e-01
1.458333333333333481e+00 -1.268696286594976907e-01 -2.438639043365581696e-02 7.418729112847620710e-01
1.562500000000000000e+00 -8.539344724988090496e-02 2.337579344715872559e-02 7.868841979324650016e-01
1.666666666666666741e+00 -4.323125408639352102e-02 3.911812477863269022e-02 8.300112654006853719e-01
1.770833333333333481e+00 -1.282943957644606253e-02 3.453272126548528193e-02 8.692311495538476152e-01
1.875000000000000000e+00 3.009846893702414206e-03 2.208806286890967543e-02 9.030284301459836627e-01
1.979166666666666741e+00 7.694578993453510957e-03 1.037317572304520888e-02 9.306662456256327154e-01
2.083333333333333481e+00 6.539249810962792162e-03 2.910379189327798061e-03 9.521721794003323858e-01
2.187500000000000000e+00 3.770280239825375690e-03 -4.124703138405493193e-04 9.681426430327149113e-01
2.291666666666666963e+00 1.530268521122589518e-03 -1.157720797785242051e-03 9.794928767497855793e-01
2.395833333333333481e+00 3.336806464043095720e-04 -8.656400187350432335e-04 9.872320496852643457e-01
2.500000000000000000e+00 -8.175651722380978311e-05 -4.139134248297594442e-04 9.923055865239939211e-01
