1.000000000000000056e-01 9.756267313339869185e-01 6.060265588207653167e-03 1.831300307780267186e-02 0.000000000000000000e+00 -4.391553417870081022e-02 6.311880040907100198e-02 -2.278360207032800733e-03 1.336467897473190281e-01 8.748920239786022943e-03 -5.868394759474833584e-03 0.000000000000000000e+00 0.000000000000000000e+00 0.000000000000000000e+00 0.000000000000000000e+00 0.000000000000000000e+00 0.000000000000000000e+00
2.000000000000000111e-01 9.059888911693088076e-01 2.300098085452932303e-02 7.101012797616128303e-02 0.000000000000000000e+00 -8.819834512624012690e-02 1.142789790502567460e-01 -1.726865433751113496e-02 2.530537110381173571e-01 3.360061782255815283e-02 -2.245664880852620698e-02 0.000000000000000000e+00 0.000000000000000000e+00 0.000000000000000000e+00 0.000000000000000000e+00 0.000000000000000000e+00 0.000000000000000000e+00
2.999999999999999889e-01 8.007200329227125435e-01 4.744529124599083936e-02 1.518346758312930367e-01 0.000000000000000000e+00 -1.314270332381280992e-01 1.439351593725291534e-01 -5.322971606929473992e-02 3.445920253869230176e-01 7.067979996707393631e-02 -4.699155554769576110e-02 0.000000000000000000e+00 0.000000000000000000e+00 0.000000000000000000e+00 0.000000000000000000e+00 0.000000000000000000e+00 0.000000000000000000e+00
4.000000000000000222e-01 6.734356587245379222e-01 7.477410406649249996e-02 2.517902372089701468e-01 0.000000000000000000e+00 -1.695496767866964960e-01 1.469981466749953336e-01 -1.107252642003666299e-01 3.966162378196189664e-01 1.144508516394139447e-01 -7.568614113329036330e-02 0.000000000000000000e+00 0.000000000000000000e+00 0.000000000000000000e+00 0.000000000000000000e+00 0.000000000000000000e+00 0.000000000000000000e+00
5.000000000000000000e-01 5.388748112746246655e-01 1.002994162080123319e-01 3.608257725173609209e-01 0.000000000000000000e+00 -1.965734727332464626e-01 1.241277519007484009e-01 -1.817802187025621963e-01 4.017410511054053668e-01 1.588502201234859024e-01 -1.046767495777827794e-01 0.000000000000000000e+00 0.000000000000000000e+00 0.000000000000000000e+00 0.000000000000000000e+00 0.000000000000000000e+00 0.000000000000000000e+00
5.999999999999999778e-01 4.101380526968719797e-01 1.203029167714609743e-01 4.695590305316716950e-01 0.000000000000000000e+00 -2.065513924138851209e-01 8.171490860871744033e-02 -2.517276857820094915e-01 3.594679382090070208e-01 1.983931830042290068e-01 -1.308795855049446899e-01 0.000000000000000000e+00 0.000000000000000000e+00 0.000000000000000000e+00 0.000000000000000000e+00 0.000000000000000000e+00 0.000000000000000000e+00
6.999999999999999556e-01 2.968286935311972852e-01 1.326975347983892772e-01 5.704737716704073591e-01 0.000000000000000000e+00 -1.961253866666707313e-01 3.038533492468937364e-02 -3.035950848968131388e-01 2.777823045607850649e-01 2.290318061355660628e-01 -1.524627657364812372e-01 0.000000000000000000e+00 0.000000000000000000e+00 0.000000000000000000e+00 0.000000000000000000e+00 0.000000000000000000e+00 0.000000000000000000e+00
7.999999999999999334e-01 2.041858263879423041e-01 1.371709886612955676e-01 6.586431849507617953e-01 0.000000000000000000e+00 -1.663996479987829014e-01 -1.787536888039533561e-02 -3.235695016107060229e-01 1.725931069745492985e-01 2.485808473237070271e-01 -1.689801739162160032e-01 0.000000000000000000e+00 0.000000000000000000e+00 0.000000000000000000e+00 0.000000000000000000e+00 0.000000000000000000e+00 0.000000000000000000e+00
8.999999999999999112e-01 1.334438447675938000e-01 1.348487281981372021e-01 7.317074270342635023e-01 0.000000000000000000e+00 -1.232123880958844592e-01 -5.304187171568200410e-02 -3.057587083290380647e-01 6.444737800511979309e-02 2.566986222717980715e-01 -1.810404188115086188e-01 0.000000000000000000e+00 0.000000000000000000e+00 0.000000000000000000e+00 0.000000000000000000e+00 0.000000000000000000e+00 0.000000000000000000e+00
9.999999999999998890e-01 8.282124645845885536e-02 1.277372608531440745e-01 7.894414926884000261e-01 0.000000000000000000e+00 -7.556494105254106530e-02 -6.978036137596245470e-02 -2.543003776962430851e-01 -2.671790166226711144e-02 2.545310389254737404e-01 -1.898816580906318163e-01 0.000000000000000000e+00 0.000000000000000000e+00 0.000000000000000000e+00 0.000000000000000000e+00 0.000000000000000000e+00 0.000000000000000000e+00
1.099999999999999867e+00 4.878166159825556708e-02 1.180769496654700407e-01 8.331413887362760784e-01 0.000000000000000000e+00 -3.275571495021194907e-02 -6.846205463069963970e-02 -1.818798986250516059e-01 -8.695817205549850881e-02 2.441684206018766290e-01 -1.968668996306283947e-01 0.000000000000000000e+00 0.000000000000000000e+00 0.000000000000000000e+00 0.000000000000000000e+00 0.000000000000000000e+00 0.000000000000000000e+00
1.199999999999999956e+00 2.725013786326236850e-02 1.078552201754129636e-01 8.648946419613229297e-01 0.000000000000000000e+00 -1.538733316588060483e-03 -5.419134532515924169e-02 -1.053226691627805051e-01 -1.116943754602553601e-01 2.280697450479550470e-01 -2.031442674626046940e-01 0.000000000000000000e+00 0.000000000000000000e+00 0.000000000000000000e+00 0.000000000000000000e+00 0.000000000000000000e+00 0.000000000000000000e+00
1.300000000000000044e+00 1.442603233175389701e-02 9.850279137252856976e-02 8.870711762957180779e-01 0.000000000000000000e+00 1.557716316723579790e-02 -3.432719668319324235e-02 -4.000137499976851030e-02 -1.058149676856494498e-01 2.085967377928714672e-01 -2.094430422760788224e-01 0.000000000000000000e+00 0.000000000000000000e+00 0.000000000000000000e+00 0.000000000000000000e+00 0.000000000000000000e+00 0.000000000000000000e+00
1.399999999999999911e+00 7.230575821648307921e-03 9.085362491429258003e-02 9.019157992640604027e-01 0.000000000000000000e+00 2.028347502262696153e-02 -1.566858826919214492e-02 4.642296618884828550e-03 -8.062145859144026483e-02 1.877286673887565982e-01 -2.161024459173595258e-01 0.000000000000000000e+00 0.000000000000000000e+00 0.000000000000000000e+00 0.000000000000000000e+00 0.000000000000000000e+00 0.000000000000000000e+00
1.500000000000000000e+00 3.429653645717798630e-03 8.519847698719601459e-02 9.113718693670889159e-01 0.000000000000000000e+00 1.691987832881444720e-02 -2.432894838042044729e-03 2.677796140969532224e-02 -4.907780099045105232e-02 1.669209353211941749e-01 -2.231252933914086578e-01 0.000000000000000000e+00 0.000000000000000000e+00 0.000000000000000000e+00 0.000000000000000000e+00 0.000000000000000000e+00 0.000000000000000000e+00
1.599999999999999867e+00 1.537173473673235802e-03 8.144543168124482313e-02 9.170173948450811574e-01 0.000000000000000000e+00 1.032908063155133296e-02 4.301842084418854018e-03 3.082005602433538632e-02 -2.144152268850404650e-02 1.470912774771709064e-01 -2.303280999753911373e-01 0.000000000000000000e+00 0.000000000000000000e+00 0.000000000000000000e+00 0.000000000000000000e+00 0.000000000000000000e+00 0.000000000000000000e+00
1.699999999999999956e+00 6.502119256279746988e-04 7.929620474172847933e-02 9.200535833326393131e-01 0.000000000000000000e+00 4.179092560893099030e-03 5.839051124672342379e-03 2.426967197771173410e-02 -3.035253596741906666e-03 1.287306662890585207e-01 -2.374556228775598354e-01 0.000000000000000000e+00 0.000000000000000000e+00 0.000000000000000000e+00 0.000000000000000000e+00 0.000000000000000000e+00 0.000000000000000000e+00
1.800000000000000044e+00 2.594316195575439572e-04 7.837299198353997465e-02 9.213675763969080279e-01 0.000000000000000000e+00 2.338954537594308501e-04 4.503078906397345836e-03 1.436896857341540476e-02 5.706536169049024679e-03 1.120057271875584681e-01 -2.442643050524393455e-01 0.000000000000000000e+00 0.000000000000000000e+00 0.000000000000000000e+00 0.000000000000000000e+00 0.000000000000000000e+00 0.000000000000000000e+00
1.899999999999999911e+00 9.744875244371268999e-05 7.831362175789130520e-02 9.215889294896648654e-01 0.000000000000000000e+00 -1.393990114825839925e-03 2.385026314123022025e-03 5.907015712529385155e-03 7.410451102886557971e-03 9.686944584628491561e-02 -2.505778866209334432e-01 0.000000000000000000e+00 0.000000000000000000e+00 0.000000000000000000e+00 0.000000000000000000e+00 0.000000000000000000e+00 0.000000000000000000e+00
2.000000000000000000e+00 3.437275214315597385e-05 7.881312346704492933e-02 9.211525037808130367e-01 0.000000000000000000e+00 -1.483078427689063722e-03 7.137900419559715286e-04 7.559684299908674392e-04 5.575929044309702910e-03 8.317310782002593217e-02 -2.562833199954560048e-01 0.000000000000000000e+00 0.000000000000000000e+00 0.000000000000000000e+00 0.000000000000000000e+00 0.000000000000000000e+00 0.000000000000000000e+00
2.099999999999999645e+00 1.140675364168110053e-05 7.964682784051572983e-02 9.203417654058422270e-01 0.000000000000000000e+00 -9.420756182823696468e-04 -1.449073465741093365e-04 -1.311921904958011486e-03 2.962581495397435035e-03 7.071566261598749570e-02 -2.613457425755086327e-01 0.000000000000000000e+00 0.000000000000000000e+00 0.000000000000000000e+00 0.000000000000000000e+00 0.000000000000000000e+00 0.000000000000000000e+00
2.199999999999999734e+00 3.543638436131903707e-06 8.065309832424982783e-02 9.193433580373077119e-01 0.000000000000000000e+00 -3.853072858292216083e-04 -3.705871035566880942e-04 -1.504445409181920639e-03 9.971772396416408654e-04 5.930042719578602906e-02 -2.657655913566455141e-01 0.000000000000000000e+00 0.000000000000000000e+00 0.000000000000000000e+00 0.000000000000000000e+00 0.000000000000000000e+00 0.000000000000000000e+00
2.299999999999999822e+00 1.020587419699003157e-06 8.173421129607739977e-02 9.182647681164990416e-01 0.000000000000000000e+00 -5.156716642046129035e-05 -2.841631407372286031e-04 -9.680223682837061803e-04 6.094808643677033416e-07 4.874679130520719744e-02 -2.695874568420569828e-01 0.000000000000000000e+00 0.000000000000000000e+00 0.000000000000000000e+00 0.000000000000000000e+00 0.000000000000000000e+00 0.000000000000000000e+00
2.399999999999999911e+00 2.739437204915372141e-07 8.282699842058394157e-02 9.171727276356927971e-01 0.000000000000000000e+00 6.452575887120294757e-05 -1.360747749272240594e-04 -4.179646938569770266e-04 -2.764927307015959995e-04 3.890908717602220568e-02 -2.728603066810785238e-01 0.000000000000000000e+00 0.000000000000000000e+00 0.000000000000000000e+00 0.000000000000000000e+00 0.000000000000000000e+00 0.000000000000000000e+00
2.500000000000000000e+00 6.762032702524387248e-08 8.390050949716461315e-02 9.160994228825094510e-01 0.000000000000000000e+00 6.717696029880650631e-05 -3.393780912423761920e-05 -8.773887094767725205e-05 -2.327059527661736978e-04 2.967499460807825756e-02 -2.756457926191372421e-01 0.000000000000000000e+00 0.000000000000000000e+00 0.000000000000000000e+00 0.000000000000000000e+00 0.000000000000000000e+00 0.000000000000000000e+00
2.600000000000000089e+00 1.614798064099543231e-08 8.494127360229210277e-02 9.150587102497322878e-01 0.000000000000000000e+00 3.633234432051866801e-05 6.493671486093658428e-06 3.021609692311964617e-05 -1.173107251270401867e-04 2.095443309015386849e-02 -2.780056905203329154e-01 0.000000000000000000e+00 0.000000000000000000e+00 0.000000000000000000e+00 0.000000000000000000e+00 0.000000000000000000e+00 0.000000000000000000e+00
2.699999999999999734e+00 3.994138660998277390e-09 8.593984198827837873e-02 9.140601540175848916e-01 0.000000000000000000e+00 1.319031117470753491e-05 1.263664428926287529e-05 4.311429765799872738e-05 -4.111047954155325386e-05 1.267032854818975728e-02 -2.799886568248873275e-01 0.000000000000000000e+00 0.000000000000000000e+00 0.000000000000000000e+00 0.000000000000000000e+00 0.000000000000000000e+00 0.000000000000000000e+00
2.799999999999999822e+00 8.436625162101435183e-10 8.689500376977327134e-02 9.131049953865716384e-01 0.000000000000000000e+00 1.118331404099229639e-06 7.767605900554625084e-06 2.523747499334948877e-05 -3.197459161792203942e-06 4.780423527245696545e-03 -2.816405679746659119e-01 0.000000000000000000e+00 0.000000000000000000e+00 0.000000000000000000e+00 0.000000000000000000e+00 0.000000000000000000e+00 0.000000000000000000e+00
2.899999999999999911e+00 1.982794134515568653e-10 8.781241049556513800e-02 9.121875893061511809e-01 0.000000000000000000e+00 -4.607427358370339913e-07 2.858640653643660356e-06 9.227525231274822276e-06 1.394758663823314805e-06 -2.765233942067579515e-03 -2.830083823793732023e-01 0.000000000000000000e+00 0.000000000000000000e+00 0.000000000000000000e+00 0.000000000000000000e+00 0.000000000000000000e+00 0.000000000000000000e+00
3.000000000000000000e+00 2.985688482395154100e-10 8.869126058590184880e-02 9.113087391155288985e-01 0.000000000000000000e+00 -3.354424258402344598e-06 -4.046846709917267626e-07 -9.185124434947130920e-07 1.079120504191013614e-05 -9.992945000788943169e-03 -2.841219137314833221e-01 0.000000000000000000e+00 0.000000000000000000e+00 0.000000000000000000e+00 0.000000000000000000e+00 0.000000000000000000e+00 0.000000000000000000e+00
