1.000000000000000056e-01 9.755744089247055939e-01 6.104555216036569934e-03 1.832103585925847627e-02 0.000000000000000000e+00 -4.283297494501510372e-02 6.419333379626045166e-02 -6.069489613490515294e-04 1.336905581624708850e-01 8.823560741827286488e-03 -5.829798525957996524e-03 0.000000000000000000e+00 0.000000000000000000e+00 0.000000000000000000e+00 0.000000000000000000e+00 0.000000000000000000e+00 0.000000000000000000e+00
2.000000000000000111e-01 9.051979025674291579e-01 2.367918948721059805e-02 7.112290794536209326e-02 0.000000000000000000e+00 -8.290309838326202774e-02 1.206707459792889653e-01 -4.626234193892601529e-03 2.536905694910522868e-01 3.424285378024831406e-02 -2.261768730664044311e-02 0.000000000000000000e+00 0.000000000000000000e+00 0.000000000000000000e+00 0.000000000000000000e+00 0.000000000000000000e+00 0.000000000000000000e+00
2.999999999999999889e-01 7.971055510545890233e-01 5.062639064735132560e-02 1.522680582980603381e-01 0.000000000000000000e+00 -1.175032537463967658e-01 1.629342271449462365e-01 -1.437921592496982891e-02 3.480904374892497266e-01 7.327191610612071582e-02 -4.837363447839752167e-02 0.000000000000000000e+00 0.000000000000000000e+00 0.000000000000000000e+00 0.000000000000000000e+00 0.000000000000000000e+00 0.000000000000000000e+00
4.000000000000000222e-01 6.635409129300033904e-01 8.383052571379247253e-02 2.526285613562025967e-01 0.000000000000000000e+00 -1.440910365968963991e-01 1.867157109846180885e-01 -3.028009572191050700e-02 4.083044232157053144e-01 1.214694369251520106e-01 -8.014462553346939078e-02 0.000000000000000000e+00 0.000000000000000000e+00 0.000000000000000000e+00 0.000000000000000000e+00 0.000000000000000000e+00 0.000000000000000000e+00
5.000000000000000000e-01 5.188511370282562485e-01 1.196467465099998045e-01 3.615021164617430727e-01 0.000000000000000000e+00 -1.604794547231612190e-01 1.905916972618440508e-01 -5.051839973119592875e-02 4.301321603930335358e-01 1.736274189890450181e-01 -1.144817516737435814e-01 0.000000000000000000e+00 0.000000000000000000e+00 0.000000000000000000e+00 0.000000000000000000e+00 0.000000000000000000e+00 0.000000000000000000e+00
5.999999999999999778e-01 3.772988204978395266e-01 1.544620335388349752e-01 4.682391459633243880e-01 0.000000000000000000e+00 -1.651108663829688461e-01 1.761157144390911033e-01 -7.132626790491765345e-02 4.142205221901739121e-01 2.245633447063634658e-01 -1.479745751210885529e-01 0.000000000000000000e+00 0.000000000000000000e+00 0.000000000000000000e+00 0.000000000000000000e+00 0.000000000000000000e+00 0.000000000000000000e+00
6.999999999999999556e-01 2.510631935286427585e-01 1.852070458913325224e-01 5.637297605800251077e-01 0.000000000000000000e+00 -1.573527201722117463e-01 1.474408147223233989e-01 -8.776722468681924516e-02 3.658260627776590557e-01 2.698448281381739533e-01 -1.777371440219605858e-01 0.000000000000000000e+00 0.000000000000000000e+00 0.000000000000000000e+00 0.000000000000000000e+00 0.000000000000000000e+00 0.000000000000000000e+00
7.999999999999999334e-01 1.487039332906382461e-01 2.097487787004893023e-01 6.415472880088730623e-01 0.000000000000000000e+00 -1.377631711293158256e-01 1.105069095948481572e-01 -9.490335279668167534e-02 2.939284925321331565e-01 3.063491004396433071e-01 -2.017770769891340799e-01 0.000000000000000000e+00 0.000000000000000000e+00 0.000000000000000000e+00 0.000000000000000000e+00 0.000000000000000000e+00 0.000000000000000000e+00
8.999999999999999112e-01 7.437407210758990861e-02 2.270899582364288294e-01 6.985359696559828580e-01 0.000000000000000000e+00 -1.082216604165717189e-01 7.195607778327571535e-02 -8.903131256169073693e-02 2.098246646895340906e-01 3.325524028736411286e-01 -2.191789303712764481e-01 0.000000000000000000e+00 0.000000000000000000e+00 0.000000000000000000e+00 0.000000000000000000e+00 0.000000000000000000e+00 0.000000000000000000e+00
9.999999999999998890e-01 2.782343579893163665e-02 2.373645696803192429e-01 7.348119945207494119e-01 0.000000000000000000e+00 -7.185265940789588301e-02 3.796700165591637005e-02 -6.870113320575609028e-02 1.253999549096949107e-01 3.485342166687346310e-01 -2.300917918710684573e-01 0.000000000000000000e+00 0.000000000000000000e+00 0.000000000000000000e+00 0.000000000000000000e+00 0.000000000000000000e+00 0.000000000000000000e+00
1.099999999999999867e+00 5.155528737996999816e-03 2.416398964309851294e-01 7.532045748310181033e-01 0.000000000000000000e+00 -3.272612148862649034e-02 1.322052965469544192e-02 -3.528840860692667586e-02 5.136045224054848479e-02 3.557084481240496143e-01 -2.355329602976085901e-01 0.000000000000000000e+00 0.000000000000000000e+00 0.000000000000000000e+00 0.000000000000000000e+00 0.000000000000000000e+00 0.000000000000000000e+00
1.199999999999999956e+00 9.073015727220667178e-05 2.415877938322618657e-01 7.583214760104676211e-01 0.000000000000000000e+00 4.677648733081136122e-03 1.972193548421070290e-04 7.093596579826768819e-03 -4.299243829855855376e-03 3.563695672105543499e-01 -2.370694918605412149e-01 0.000000000000000000e+00 0.000000000000000000e+00 0.000000000000000000e+00 0.000000000000000000e+00 0.000000000000000000e+00 0.000000000000000000e+00
1.300000000000000044e+00 5.462503681225927728e-03 2.390968712714364175e-01 7.554406250473369999e-01 0.000000000000000000e+00 3.612285994914174458e-02 -1.098417024640651902e-03 5.226812106637010458e-02 -3.734488838619069023e-02 3.531520349299261952e-01 -2.364468864350785238e-01 0.000000000000000000e+00 0.000000000000000000e+00 0.000000000000000000e+00 0.000000000000000000e+00 0.000000000000000000e+00 0.000000000000000000e+00
1.399999999999999911e+00 1.462473955171065751e-02 2.359074817827247761e-01 7.494677786655654650e-01 0.000000000000000000e+00 5.831019943582883835e-02 7.071500221852931520e-03 9.319628432071183632e-02 -4.769930436701644988e-02 3.485182265367803289e-01 -2.352447706405887684e-01 0.000000000000000000e+00 0.000000000000000000e+00 0.000000000000000000e+00 0.000000000000000000e+00 0.000000000000000000e+00 0.000000000000000000e+00
1.500000000000000000e+00 2.251783051230900681e-02 2.333356917462739155e-01 7.441464777414138476e-01 0.000000000000000000e+00 6.943611618571880750e-02 2.080479058713089954e-02 1.233962635392692742e-01 -3.911427302273955825e-02 3.443667920337440402e-01 -2.346219207331877443e-01 0.000000000000000000e+00 0.000000000000000000e+00 0.000000000000000000e+00 0.000000000000000000e+00 0.000000000000000000e+00 0.000000000000000000e+00
1.599999999999999867e+00 2.623178874311570333e-02 2.321278554920520598e-01 7.416403557648317824e-01 0.000000000000000000e+00 6.951128970436494525e-02 3.545855981089729436e-02 1.382853408490184177e-01 -1.821311675876981576e-02 3.418212000905663239e-01 -2.351885466991968932e-01 0.000000000000000000e+00 0.000000000000000000e+00 0.000000000000000000e+00 0.000000000000000000e+00 0.000000000000000000e+00 0.000000000000000000e+00
1.699999999999999956e+00 2.502891501951560321e-02 2.324549212780480933e-01 7.425161637024385586e-01 0.000000000000000000e+00 6.034447177002588703e-02 4.665446589178271625e-02 1.361470286574471833e-01 6.954172835970382979e-03 3.412119044626599762e-01 -2.370147097415536974e-01 0.000000000000000000e+00 0.000000000000000000e+00 0.000000000000000000e+00 0.000000000000000000e+00 0.000000000000000000e+00 0.000000000000000000e+00
1.800000000000000044e+00 1.990931932566773407e-02 2.340258563573577866e-01 7.460648243169751836e-01 0.000000000000000000e+00 4.518083093260244487e-02 5.116627825303290966e-02 1.184875984768324758e-01 2.853650051648991964e-02 3.422253947997182522e-01 -2.397503671799417202e-01 0.000000000000000000e+00 0.000000000000000000e+00 0.000000000000000000e+00 0.000000000000000000e+00 0.000000000000000000e+00 0.000000000000000000e+00
1.899999999999999911e+00 1.289145480479306737e-02 2.362756966449212348e-01 7.508328485502845373e-01 0.000000000000000000e+00 2.805772334998551248e-02 4.752579933474544716e-02 8.970970134765048065e-02 4.039179552626107755e-02 3.441583941416908599e-01 -2.428138259998706694e-01 0.000000000000000000e+00 0.000000000000000000e+00 0.000000000000000000e+00 0.000000000000000000e+00 0.000000000000000000e+00 0.000000000000000000e+00
2.000000000000000000e+00 6.205319090345419453e-03 2.385767212640300394e-01 7.552179596456256583e-01 0.000000000000000000e+00 1.300278521650814582e-02 3.621287429368954397e-02 5.614737310634452389e-02 3.916428132306121190e-02 3.462067607935027658e-01 -2.455978489983901003e-01 0.000000000000000000e+00 0.000000000000000000e+00 0.000000000000000000e+00 0.000000000000000000e+00 0.000000000000000000e+00 0.000000000000000000e+00
2.099999999999999645e+00 1.618001557800684970e-03 2.404163586247664852e-01 7.579656398174328125e-01 0.000000000000000000e+00 3.235525255716712508e-03 1.945572959915922370e-02 2.471964599947526486e-02 2.480581932643378951e-02 3.477106412235196897e-01 -2.476381413823391109e-01 0.000000000000000000e+00 0.000000000000000000e+00 0.000000000000000000e+00 0.000000000000000000e+00 0.000000000000000000e+00 0.000000000000000000e+00
2.199999999999999734e+00 2.880372698587043222e-06 2.415124343445256561e-01 7.584846852827759056e-01 0.000000000000000000e+00 5.530512319078784676e-04 6.243040193222710015e-04 1.440551609178411909e-03 3.308356384748700600e-04 3.483147887992519287e-01 -2.487172906319743970e-01 0.000000000000000000e+00 0.000000000000000000e+00 0.000000000000000000e+00 0.000000000000000000e+00 0.000000000000000000e+00 0.000000000000000000e+00
2.299999999999999822e+00 1.238752981087841692e-03 2.418433072769946290e-01 7.569179397419185662e-01 0.000000000000000000e+00 5.022458922919626617e-03 -1.656378534993294821e-02 -9.818701359103506471e-03 -2.900391930902534304e-02 3.480118575314965490e-01 -2.488840792450751627e-01 0.000000000000000000e+00 0.000000000000000000e+00 0.000000000000000000e+00 0.000000000000000000e+00 0.000000000000000000e+00 0.000000000000000000e+00
2.399999999999999911e+00 4.393398865603972796e-03 2.416042357156145126e-01 7.540023654187802959e-01 0.000000000000000000e+00 1.504469122849667016e-02 -2.889846048427363590e-02 -8.098443659697860883e-03 -5.698287704513477214e-02 3.470840949569460321e-01 -2.484004755479685689e-01 0.000000000000000000e+00 0.000000000000000000e+00 0.000000000000000000e+00 0.000000000000000000e+00 0.000000000000000000e+00 0.000000000000000000e+00
2.500000000000000000e+00 8.110935660439404227e-03 2.411103342629402069e-01 7.507787300766219918e-01 0.000000000000000000e+00 2.780322928348990738e-02 -3.438910909665007093e-02 4.574787151132520858e-03 -7.790115030200099600e-02 3.459705719084836817e-01 -2.476385954155890523e-01 0.000000000000000000e+00 0.000000000000000000e+00 0.000000000000000000e+00 0.000000000000000000e+00 0.000000000000000000e+00 0.000000000000000000e+00
2.600000000000000089e+00 1.105646580229813561e-02 2.406834500589067338e-01 7.482600841387978541e-01 0.000000000000000000e+00 3.993190466370233338e-02 -3.265809673644540917e-02 2.374723139826721494e-02 -8.780194132277495400e-02 3.451117746805499875e-01 -2.469649399582078964e-01 0.000000000000000000e+00 0.000000000000000000e+00 0.000000000000000000e+00 0.000000000000000000e+00 0.000000000000000000e+00 0.000000000000000000e+00
2.699999999999999734e+00 1.230059098250211626e-02 2.405536830816129568e-01 7.471457259358836867e-01 0.000000000000000000e+00 4.832962095110843875e-02 -2.496397787743753066e-02 4.368074050623187154e-02 -8.533655048998946280e-02 3.448137909897969755e-01 -2.466416544617408280e-01 0.000000000000000000e+00 0.000000000000000000e+00 0.000000000000000000e+00 0.000000000000000000e+00 0.000000000000000000e+00 0.000000000000000000e+00
2.799999999999999822e+00 1.154257828369103199e-02 2.408010511371805051e-01 7.476563705791291481e-01 0.000000000000000000e+00 5.086600636188565866e-02 -1.386053227391068239e-02 5.870795904583532565e-02 -7.199484462258141926e-02 3.451677974245964675e-01 -2.467704024912295291e-01 0.000000000000000000e+00 0.000000000000000000e+00 0.000000000000000000e+00 0.000000000000000000e+00 0.000000000000000000e+00 0.000000000000000000e+00
2.899999999999999911e+00 9.119745189947498984e-03 2.413512905153120114e-01 7.495289642947398079e-01 0.000000000000000000e+00 4.684614445236406910e-02 -2.549702850758206116e-03 6.455460413511111828e-02 -5.165477847237410353e-02 3.460446134273539309e-01 -2.472911408214624740e-01 0.000000000000000000e+00 0.000000000000000000e+00 0.000000000000000000e+00 0.000000000000000000e+00 0.000000000000000000e+00 0.000000000000000000e+00
3.000000000000000000e+00 5.844029692025980507e-03 2.420162033928425771e-01 7.521397669151309584e-01 0.000000000000000000e+00 3.714479787227796537e-02 5.883354935540767612e-03 5.931039350768533419e-02 -2.962776297107116291e-02 3.471512032985253904e-01 -2.480242989260876829e-01 0.000000000000000000e+00 0.000000000000000000e+00 0.000000000000000000e+00 0.000000000000000000e+00 0.000000000000000000e+00 0.000000000000000000e+00
