0.000000000000000000e+00 -7.375572127752766868e-12 9.946159633452710572e-12 -1.000000000000000000e+00
2.068965517241379282e-01 -3.917111476954944771e-01 4.390950403151788750e-01 -7.892501016988887619e-01
4.137931034482758563e-01 -7.221689717107769857e-01 5.383405361634171493e-01 -2.934820289008303051e-01
6.206896551724138122e-01 -8.470267779422622212e-01 2.667048490359066326e-01 2.246682880839615815e-01
8.275862068965517127e-01 -6.767149048870800820e-01 -1.105503300832267333e-01 6.001770283652310134e-01
1.034482758620689724e+00 -3.242821857977525868e-01 -3.051851290232996394e-01 8.133536864833583735e-01
1.241379310344827624e+00 -2.647053889013975536e-02 -2.490382354470923598e-01 9.142431743719225956e-01
1.448275862068965525e+00 7.982836704399833005e-02 -9.348595929039349439e-02 9.559695253773176082e-01
1.655172413793103425e+00 5.254359244996851391e-02 1.824986111990958837e-03 9.722838326636247253e-01
1.862068965517241326e+00 1.049634435002573529e-02 1.644239512235952036e-02 9.795823555701607122e-01
2.068965517241379448e+00 -2.748333123788449048e-03 5.613516559382193162e-03 9.842934320169687279e-01
2.275862068965517349e+00 -1.708437420905194529e-03 7.803031699108180404e-05 9.883065153597666574e-01
2.482758620689655249e+00 -1.909164826451375467e-04 -3.444492102914147426e-04 9.918472852540493045e-01
2.689655172413793149e+00 4.738859120566217895e-05 -5.721487872188579424e-05 9.947502375406189756e-01
2.896551724137931050e+00 1.351726100824677729e-05 1.362138140505129709e-06 9.969024239527384257e-01
3.103448275862068950e+00 -4.446524476763260931e-07 -2.006070325529734383e-06 9.983339360600472778e-01
3.310344827586206851e+00 -3.853590324078865851e-07 -8.178966966198493047e-07 9.991847940874396539e-01
3.517241379310344751e+00 -9.564300069596761174e-07 5.453651921162813664e-07 9.996365474046264854e-01
3.724137931034482651e+00 5.885934483177039721e-07 3.169947510267358009e-06 9.998516695671103571e-01
3.931034482758620552e+00 -2.823851395602622598e-06 -2.533100820401527870e-06 9.999442417495740809e-01
4.137931034482758896e+00 -2.424934358610625392e-06 4.921569373350274586e-07 9.999805685754128426e-01
4.344827586206896797e+00 -3.343938850641458450e-06 -1.238040860468004586e-07 9.999936842881483878e-01
4.551724137931034697e+00 1.470648373341127886e-06 -1.262400636930957560e-06 9.999980753950415968e-01
4.758620689655172598e+00 3.679880392336247238e-06 3.113597736903846386e-06 9.999994475933670079e-01
4.965517241379310498e+00 -5.032809854959295173e-06 -2.980810080083387899e-06 9.999998500380771205e-01
5.172413793103448398e+00 3.767105751861249237e-06 1.117090179239656028e-06 9.999999613555426992e-01
5.379310344827586299e+00 -2.498205523386780112e-07 -1.799991309470745810e-06 9.999999905279607360e-01
5.586206896551724199e+00 -3.997198115470744990e-06 -2.495962129892062977e-06 9.999999977799935991e-01
5.793103448275862100e+00 -1.687265967251330586e-06 -1.273093791366343617e-06 9.999999995174583267e-01
6.000000000000000000e+00 -4.971749513755459912e-07 3.560309059063264431e-06 9.999999999114739246e-01
