1.000000000000000056e-01 1.001325817196964119e-01 2.964458638189821360e-01 -9.463452390660950231e-01
2.000000000000000111e-01 2.106126543539061924e-01 5.456769876858753587e-01 -7.953330612214751794e-01
2.999999999999999889e-01 3.339299904269114050e-01 7.097188871006285815e-01 -5.740297710210827686e-01
4.000000000000000222e-01 4.606583561966475227e-01 7.673524043177984977e-01 -3.193006104812229906e-01
5.000000000000000000e-01 5.711791480075769645e-01 7.182412304303711359e-01 -6.862939536620282777e-02
5.999999999999999778e-01 6.424646584639857050e-01 5.824151109079581667e-01 1.478750138982989903e-01
6.999999999999999556e-01 6.568612122013864907e-01 3.948979945788089196e-01 3.121309698670012844e-01
7.999999999999999334e-01 6.090934202800066810e-01 1.966867009813766665e-01 4.187367224463099946e-01
8.999999999999999112e-01 5.085838186045226195e-01 2.465939232628117095e-02 4.725089664504293352e-01
9.999999999999998890e-01 3.764506333676057026e-01 -9.656587590319096193e-02 4.844257076854946997e-01
1.099999999999999867e+00 2.387025554821200490e-01 -1.585109549359660919e-01 4.676100779354427917e-01
1.199999999999999956e+00 1.185620845658888894e-01 -1.677003168647039633e-01 4.343209413939056462e-01
1.300000000000000044e+00 3.072241018930717618e-02 -1.405739426418800841e-01 3.943380810105543977e-01
1.399999999999999911e+00 -2.074583371110924959e-02 -9.671449235785793686e-02 3.545234430335034714e-01
1.500000000000000000e+00 -4.085218937216136131e-02 -5.283817421494836630e-02 3.191518249773242499e-01
1.599999999999999867e+00 -3.978393846987160476e-02 -1.928202799508747789e-02 2.905629456618882833e-01
1.699999999999999956e+00 -2.854146363267578979e-02 5.649210250609921482e-04 2.698301702942065838e-01
1.800000000000000044e+00 -1.568434172971774204e-02 8.523050841342662970e-03 2.572804198959707245e-01
1.899999999999999911e+00 -5.947695531766087999e-03 8.908008524688487348e-03 2.528310566227078282e-01
2.000000000000000000e+00 -5.913491212305383229e-04 6.071398017156233451e-03 2.561675460604161958e-01
2.099999999999999645e+00 1.281539451332573470e-03 2.985773741828686746e-03 2.668133254402085264e-01
2.199999999999999734e+00 1.264530201697298658e-03 9.573855301139208010e-04 2.841389021834005435e-01
2.299999999999999822e+00 6.763163883539155888e-04 7.810785574328594117e-05 3.073459764566589536e-01
2.399999999999999911e+00 2.124003241408486150e-04 -9.357303385286440693e-05 3.354501797349591641e-01
2.500000000000000000e+00 3.212848474210771535e-05 -1.458889186245944391e-05 3.672758305151651581e-01
2.600000000000000089e+00 3.639769129446993436e-05 4.741268983431724544e-05 4.014722684025472388e-01
2.699999999999999734e+00 7.843869889275466040e-05 2.943862450286705747e-05 4.365553372263097365e-01
2.799999999999999822e+00 7.609377263993199222e-05 -2.298422378913246399e-05 4.709731889010920214e-01
2.899999999999999911e+00 2.845447967659259063e-05 -4.824958469324579701e-05 5.031934116722061034e-01
3.000000000000000000e+00 -2.011352332818569304e-05 -1.652878074026545933e-05 5.318006157072701079e-01
