1.000000000000000056e-01 -8.754192186087014771e-02 2.889813618249743032e-01 -9.480683800366694891e-01
2.000000000000000111e-01 -1.859242517675585016e-01 5.358813897295406914e-01 -8.009094212530516455e-01
2.999999999999999889e-01 -2.989525749222306517e-01 7.062938332230999094e-01 -5.821015752098605001e-01
4.000000000000000222e-01 -4.195710854489818620e-01 7.798367540299716572e-01 -3.240415115927889333e-01
5.000000000000000000e-01 -5.309708095589661392e-01 7.538596691589178889e-01 -6.020485051269908183e-02
5.999999999999999778e-01 -6.121414160456331022e-01 6.434455425897737113e-01 1.816858445198685501e-01
6.999999999999999556e-01 -6.454235273242884263e-01 4.774197249582243785e-01 3.837837365521667987e-01
7.999999999999999334e-01 -6.229124386956503834e-01 2.912063272654745738e-01 5.389396727506765572e-01
8.999999999999999112e-01 -5.492316299536303958e-01 1.184628061853283398e-01 6.488816210525959471e-01
9.999999999999998890e-01 -4.398760670387825145e-01 -1.607665435991609271e-02 7.209884854897832263e-01
1.099999999999999867e+00 -3.161681297681276925e-01 -1.006009766473333622e-01 7.649634123185854451e-01
1.199999999999999956e+00 -1.989835857443370548e-01 -1.362471819637146586e-01 7.902777900726758453e-01
1.300000000000000044e+00 -1.036055615868003155e-01 -1.337469636142529505e-01 8.046873316934189946e-01
1.399999999999999911e+00 -3.715809181242318848e-02 -1.083117175402553284e-01 8.137379257298948954e-01
1.500000000000000000e+00 1.043317141948274735e-03 -7.464604333377798662e-02 8.209201411348936439e-01
1.599999999999999867e+00 1.704175785713301153e-02 -4.352381863251012645e-02 8.281401288516007098e-01
1.699999999999999956e+00 1.900301669286598091e-02 -2.053719166582339967e-02 8.362414125730839309e-01
1.800000000000000044e+00 1.441917625354088503e-02 -6.729244790590303837e-03 8.454405153212103396e-01
1.899999999999999911e+00 8.514238329673176273e-03 -2.927158237397342253e-04 8.556307990241858175e-01
2.000000000000000000e+00 3.927563093566711037e-03 1.588342927974459176e-03 8.665659689679547917e-01
2.099999999999999645e+00 1.303297036807241419e-03 1.413244268297754371e-03 8.779567732929191015e-01
2.199999999999999734e+00 2.058291519435685778e-04 7.494536850987411607e-04 8.895154042146701245e-01
2.299999999999999822e+00 -8.123401319630601538e-05 2.712725781656118770e-04 9.009731008195923652e-01
2.399999999999999911e+00 -9.501126399081202801e-05 7.000983801134618833e-05 9.120866149010092849e-01
2.500000000000000000e+00 -8.888128886900843045e-05 1.249544305835496944e-05 9.226418647400361772e-01
2.600000000000000089e+00 -1.035137907274193429e-04 -1.871535011587330450e-05 9.324572419099999010e-01
2.699999999999999734e+00 -9.899036243338886910e-05 -5.869336069224819299e-05 9.413880551000014529e-01
2.799999999999999822e+00 -6.395386844953963325e-05 -8.522074500941776484e-05 9.493305754507892491e-01
2.899999999999999911e+00 -1.531073148974636985e-05 -6.662175427889873759e-05 9.562252197196502435e-01
3.000000000000000000e+00 -4.152974704120995713e-06 -1.300355931159542159e-05 9.620576721810280008e-01
