1.000000000000000056e-01 -1.861186451363793480e-03 -3.071758836403264414e-01 -9.512833086493049928e-01
2.000000000000000111e-01 -1.191346150699966987e-02 -5.760147852639162513e-01 -8.119276586091832559e-01
2.999999999999999889e-01 -2.809196616326002649e-02 -7.814835258180167221e-01 -5.979943915383074682e-01
4.000000000000000222e-01 -4.131821034844405244e-02 -9.113792720948796777e-01 -3.283722197876190463e-01
5.000000000000000000e-01 -4.574052569320719713e-02 -9.578350513078460748e-01 -2.474054217406815998e-02
5.999999999999999778e-01 -4.326763426494698722e-02 -9.142576910396292833e-01 2.847688806654906646e-01
6.999999999999999556e-01 -3.966956840882442104e-02 -7.804798847748508628e-01 5.668373783288267465e-01
7.999999999999999334e-01 -3.850974469916706999e-02 -5.679753247040727482e-01 7.906418535755983523e-01
8.999999999999999112e-01 -3.933233332928504772e-02 -2.986748946049490594e-01 9.344606282150923482e-01
9.999999999999998890e-01 -4.006184827958403361e-02 2.892514261738244401e-05 9.864403196109535754e-01
1.099999999999999867e+00 -3.950887254241739616e-02 2.990354153662074244e-01 9.427677433897648784e-01
1.199999999999999956e+00 -3.782812190068624708e-02 5.695184863558218069e-01 8.072911869699562759e-01
1.300000000000000044e+00 -3.573018445093384399e-02 7.850004571036787171e-01 5.922890203831334688e-01
1.399999999999999911e+00 -3.377227684295522336e-02 9.240260595948007749e-01 3.182894621206252550e-01
1.500000000000000000e+00 -3.216872920848832390e-02 9.726192552835529748e-01 1.218162531620342430e-02
1.599999999999999867e+00 -3.091039987135484751e-02 9.258056889777710463e-01 -2.957364193042918421e-01
1.699999999999999956e+00 -2.991442114064081850e-02 7.880783847465629988e-01 -5.749862592796832761e-01
1.800000000000000044e+00 -2.910223861279909174e-02 5.728908991459568112e-01 -7.979966063852289571e-01
1.899999999999999911e+00 -2.841912318796880471e-02 3.013140119949111462e-01 -9.427849966315735575e-01
2.000000000000000000e+00 -2.783032790567699713e-02 -4.574355703535912878e-05 -9.950968279462271138e-01
2.099999999999999645e+00 -2.731363952325273695e-02 -3.016550258884285740e-01 -9.497744851701143132e-01
2.199999999999999734e+00 -2.685411325527842924e-02 -5.739362064086194204e-01 -8.112514706473495929e-01
2.299999999999999822e+00 -2.644122911743580079e-02 -7.901829339517477679e-01 -5.931073422071393431e-01
2.399999999999999911e+00 -2.606708725675871766e-02 -9.291688975928390493e-01 -3.167317098836058276e-01
2.500000000000000000e+00 -2.572570588384366294e-02 -9.772328053156207339e-01 -9.223418699991922654e-03
2.600000000000000089e+00 -2.541237469481828423e-02 -9.296196538181178415e-01 2.992665445813983416e-01
2.699999999999999734e+00 -2.512327207599241233e-02 -7.909493085032771598e-01 5.784935801700951119e-01
2.799999999999999822e+00 -2.485529690243958728e-02 -5.747650616290249648e-01 8.010832590673296894e-01
2.899999999999999911e+00 -2.460592004207823313e-02 -3.022111769204305354e-01 9.452113447080984221e-01
3.000000000000000000e+00 -2.437299654441632893e-02 3.943815644048580726e-05 9.967452030871279955e-01
