8.000000000000000444e-01 -7.726470600633372765e-01 -1.040485755634830700e-01 5.746761010530155867e-01
8.517241379310345195e-01 -6.917565338288280685e-01 -1.910478072869911670e-01 6.526679878112533473e-01
9.034482758620689946e-01 -5.984182456488792434e-01 -2.622942773527111582e-01 7.197694083838162005e-01
9.551724137931034697e-01 -4.973132739040522776e-01 -3.149682526463780108e-01 7.765996170062193782e-01
1.006896551724137945e+00 -3.934705482348496153e-01 -3.476934040416116423e-01 8.239951804472063213e-01
1.058620689655172420e+00 -2.918577093187061378e-01 -3.605584265439013558e-01 8.629363786562768146e-01
1.110344827586206895e+00 -1.970175185519834338e-01 -3.550032039842512255e-01 8.944678266593164562e-01
1.162068965517241370e+00 -1.127259656814997291e-01 -3.336260106297561090e-01 9.196347825842294821e-01
1.213793103448275845e+00 -4.173347784260181964e-02 -2.998728607383696065e-01 9.394401755977117574e-01
1.265517241379310320e+00 1.438085298416229285e-02 -2.576467233746987384e-01 9.548186037481303234e-01
1.317241379310344795e+00 5.521740349092257860e-02 -2.109662268686536835e-01 9.666015716848610495e-01
1.368965517241379271e+00 8.148026848729901517e-02 -1.635532262036067663e-01 9.755218918254570104e-01
1.420689655172413746e+00 9.477150641139873988e-02 -1.186215567973734064e-01 9.821927218474671983e-01
1.472413793103448221e+00 9.732030779697373180e-02 -7.859986864928883432e-02 9.871295157918920093e-01
1.524137931034482696e+00 9.172970313414410826e-02 -4.508122041424906384e-02 9.907457454853872969e-01
1.575862068965517171e+00 8.063183449157115823e-02 -1.881811896130484302e-02 9.933728062697684269e-01
1.627586206896551646e+00 6.650791081451010167e-02 2.031714594714906230e-04 9.952666014909091752e-01
1.679310344827586121e+00 5.144295662255512352e-02 1.258720390691598495e-02 9.966244337499388095e-01
1.731034482758620596e+00 3.705599854202351606e-02 1.935573688884757379e-02 9.975936656271598979e-01
1.782758620689655071e+00 2.444932089863537800e-02 2.173771187331831681e-02 9.982836493191487026e-01
1.834482758620689546e+00 1.420250095846642066e-02 2.101324727230868480e-02 9.987747724934256111e-01
1.886206896551724022e+00 6.519375565813967724e-03 1.836467579019576690e-02 9.991241096169315439e-01
1.937931034482758497e+00 1.238446971909246477e-03 1.478217846817735798e-02 9.993730772673725671e-01
1.989655172413792972e+00 -1.969455659436398880e-03 1.100884014402722828e-02 9.995509067622500021e-01
2.041379310344827225e+00 -3.571352960529254952e-03 7.548255689860713935e-03 9.996782093695073534e-01
2.093103448275861922e+00 -4.025856502026866658e-03 4.681237992434788414e-03 9.997695479053333445e-01
2.144827586206896619e+00 -3.755464786124759497e-03 2.512157830665402453e-03 9.998352012400009148e-01
2.196551724137930872e+00 -3.111633134992538782e-03 1.015495534471344725e-03 9.998824209226363502e-01
2.248275862068965125e+00 -2.342629352829372642e-03 8.800934942893869593e-05 9.999163826278659739e-01
2.299999999999999822e+00 -1.613353819680400907e-03 -3.985626017785835447e-04 9.999407673826258280e-01
