8.000000000000000444e-01 -7.571014621791527510e-01 -9.469626160147828764e-02 5.700805849865441255e-01
8.517241379310345195e-01 -6.779286620854554357e-01 -1.798931481878237038e-01 6.463566412929696581e-01
9.034482758620689946e-01 -5.868962266062206501e-01 -2.496644064671037777e-01 7.118889358900085673e-01
9.551724137931034697e-01 -4.885499846041135852e-01 -3.013853585479011610e-01 7.673613254784447113e-01
1.006896551724137945e+00 -3.877183010852913725e-01 -3.338043395560060800e-01 8.136657064802691464e-01
1.058620689655172420e+00 -2.891338567129737580e-01 -3.470541373041501343e-01 8.518174815605132899e-01
1.110344827586206895e+00 -1.971106533488997947e-01 -3.425613728273816938e-01 8.828607921491214983e-01
1.162068965517241370e+00 -1.152062457052887984e-01 -3.228180066897179401e-01 9.078331534780489376e-01
1.213793103448275845e+00 -4.602731726288199904e-02 -2.911066109585824790e-01 9.277087551699239043e-01
1.265517241379310320e+00 8.933985749174158664e-03 -2.511276846845564292e-01 9.433869629777715815e-01
1.317241379310344795e+00 4.927923117137750220e-02 -2.066776450212397254e-01 9.556602672232263895e-01
1.368965517241379271e+00 7.564708420016516555e-02 -1.613131527411286736e-01 9.652120273627199376e-01
1.420689655172413746e+00 8.951310896993695809e-02 -1.180836003215663399e-01 9.726173993148444774e-01
1.472413793103448221e+00 9.295760755807039311e-02 -7.934873113186362292e-02 9.783498651073527785e-01
1.524137931034482696e+00 8.840894824447380340e-02 -4.667569394687105105e-02 9.827912542904125859e-01
1.575862068965517171e+00 7.836805599281861101e-02 -2.083638694138677250e-02 9.862440870330002607e-01
1.627586206896551646e+00 6.519593169746065731e-02 -1.899547148650683470e-03 9.889422791825738246e-01
1.679310344827586121e+00 5.090822054372688699e-02 1.065306275411245437e-02 9.910664335774720390e-01
1.731034482758620596e+00 3.708805375605671306e-02 1.774305758353892162e-02 9.927524608848085075e-01
1.782758620689655071e+00 2.483636806540498454e-02 2.051685657985791167e-02 9.941021890482940604e-01
1.834482758620689546e+00 1.477337881937231326e-02 2.018837673173770261e-02 9.951916336359586390e-01
1.886206896551724022e+00 7.126612329403090793e-03 1.787354180651666569e-02 9.960774710380381203e-01
1.937931034482758497e+00 1.795787545822616349e-03 1.455365950105211824e-02 9.968015832778148733e-01
1.989655172413792972e+00 -1.517584254785824156e-03 1.097150936540951943e-02 9.973957989540284119e-01
2.041379310344827225e+00 -3.233871206136233224e-03 7.623530414385206594e-03 9.978846168958582785e-01
2.093103448275861922e+00 -3.799488100347450138e-03 4.807257219435709730e-03 9.982868828570899966e-01
2.144827586206896619e+00 -3.622992534710083729e-03 2.648759945319809940e-03 9.986175801551595566e-01
2.196551724137930872e+00 -3.048400601772654431e-03 1.138438567006053084e-03 9.988888613015755036e-01
2.248275862068965125e+00 -2.327214267870110400e-03 1.865455981305101651e-04 9.991107232115516990e-01
2.299999999999999822e+00 -1.622907293424856066e-03 -3.290587119326609557e-04 9.992914796954123213e-01
