8.000000000000000444e-01 -7.906568311286952255e-01 -1.220866669723361386e-01 5.877301417178003584e-01
8.517241379310345195e-01 -7.061270532658827648e-01 -2.103402853256220173e-01 6.671741389073775341e-01
9.034482758620689946e-01 -6.086707720069073346e-01 -2.819551704506848555e-01 7.351402086079562581e-01
9.551724137931034697e-01 -5.033501707888898835e-01 -3.340313766122871009e-01 7.922524017008821806e-01
1.006896551724137945e+00 -3.955728411600743510e-01 -3.652408304131531391e-01 8.393992836596082530e-01
1.058620689655172420e+00 -2.906092602756277232e-01 -3.758307463316064578e-01 8.776579281486638351e-01
1.110344827586206895e+00 -1.932409290406135183e-01 -3.675189476040073289e-01 9.081594441567224507e-01
1.162068965517241370e+00 -1.073088134531269278e-01 -3.431820898749522453e-01 9.320736245103703466e-01
1.213793103448275845e+00 -3.554566125338227967e-02 -3.065426632053125378e-01 9.505049629632210673e-01
1.265517241379310320e+00 2.060348362822192816e-02 -2.617435642821740460e-01 9.644729487894814213e-01
1.317241379310344795e+00 6.090780134082071640e-02 -2.129370530486451030e-01 9.748837024605218060e-01
1.368965517241379271e+00 8.628595911328626467e-02 -1.639379286554986936e-01 9.825141918902501326e-01
1.420689655172413746e+00 9.852476018959914483e-02 -1.179358386499403527e-01 9.880141925365468758e-01
1.472413793103448221e+00 1.000239442789132988e-01 -7.730877494907595349e-02 9.919127486336041244e-01
1.524137931034482696e+00 9.348498274422700760e-02 -4.356429460681464361e-02 9.946292325185459582e-01
1.575862068965517171e+00 8.162486409127156506e-02 -1.733295676322044870e-02 9.964904728466269512e-01
1.627586206896551646e+00 6.693046735998814389e-02 1.496096319352713255e-03 9.977440722227605141e-01
1.679310344827586121e+00 5.148608881849462554e-02 1.360875317423220973e-02 9.985740427617245674e-01
1.731034482758620596e+00 3.688409574837269583e-02 2.009133318968391035e-02 9.991137584890573686e-01
1.782758620689655071e+00 2.417223233669279353e-02 2.222281658871345586e-02 9.994587329976802881e-01
1.834482758620689546e+00 1.391195718974460281e-02 2.130250133394353748e-02 9.996751963506216310e-01
1.886206896551724022e+00 6.259343046556798892e-03 1.850434727716985389e-02 9.998086249643476364e-01
1.937931034482758497e+00 1.030121847638336419e-03 1.482674260573079578e-02 9.998892608227769596e-01
1.989655172413792972e+00 -2.122005161114806117e-03 1.100384905090928678e-02 9.999370606670910933e-01
2.041379310344827225e+00 -3.668776415105159776e-03 7.515726186743175094e-03 9.999649556472167689e-01
2.093103448275861922e+00 -4.084010474448504686e-03 4.642519903079808316e-03 9.999808495438144984e-01
2.144827586206896619e+00 -3.788219525680156744e-03 2.474920976441976998e-03 9.999897457626742980e-01
2.196551724137930872e+00 -3.123816110349395166e-03 9.861715350742653735e-04 9.999946270164151718e-01
2.248275862068965125e+00 -2.342475251830412972e-03 6.617228908755335044e-05 9.999972507307676173e-01
2.299999999999999822e+00 -1.609718371228113136e-03 -4.128305733670315772e-04 9.999986176219658462e-01
