8.000000000000000444e-01 7.149045106084033208e-01 -1.914699962668048316e-01 4.925114489455108546e-01
8.517241379310345195e-01 6.260959822193179480e-01 -2.676142695301385599e-01 5.643871267296383110e-01
9.034482758620689946e-01 5.272841101112396567e-01 -3.261140086795565884e-01 6.267742678561042391e-01
9.551724137931034697e-01 4.234511720799475354e-01 -3.649436678408834456e-01 6.804164078437835439e-01
1.006896551724137945e+00 3.197147606328504810e-01 -3.835448220394941932e-01 7.261990520600626331e-01
1.058620689655172420e+00 2.209360728459189294e-01 -3.828114658253785052e-01 7.650664591337426046e-01
1.110344827586206895e+00 1.313226475822193429e-01 -3.649013487759225627e-01 7.979797775941205318e-01
1.162068965517241370e+00 5.416073694615711198e-02 -3.329782053199222824e-01 8.258492006142251762e-01
1.213793103448275845e+00 -8.410211121998370509e-03 -2.908533238402130627e-01 8.495079122635436075e-01
1.265517241379310320e+00 -5.545001908158381232e-02 -2.426084568347386672e-01 8.696858479972582323e-01
1.317241379310344795e+00 -8.719593193962230093e-02 -1.922197619156220116e-01 8.870036147102491331e-01
1.368965517241379271e+00 -1.048885289831288786e-01 -1.432153966772575782e-01 9.019763810902797774e-01
1.420689655172413746e+00 -1.105592121874764272e-01 -9.844745426895924745e-02 9.150151363287014616e-01
1.472413793103448221e+00 -1.067269492206749243e-01 -5.993152134098229944e-02 9.264425661825479441e-01
1.524137931034482696e+00 -9.611232388328047604e-02 -2.881399069892221637e-02 9.365058312816920694e-01
1.575862068965517171e+00 -8.136412358076273998e-02 -5.422439214447294376e-03 9.453932977152899042e-01
1.627586206896551646e+00 -6.482043606360125831e-02 1.062346772856041094e-02 9.532502380957178501e-01
1.679310344827586121e+00 -4.839366801739878460e-02 2.020996541813982125e-02 9.601872241338630376e-01
1.731034482758620596e+00 -3.346208704570566989e-02 2.452967611910007381e-02 9.662941672698146522e-01
1.782758620689655071e+00 -2.089020162870673658e-02 2.493913486326029133e-02 9.716454545875899962e-01
1.834482758620689546e+00 -1.104404432685537028e-02 2.272950957471757752e-02 9.763079399158837157e-01
1.886206896551724022e+00 -3.930827637320258652e-03 1.903871893141376864e-02 9.803428736021547740e-01
1.937931034482758497e+00 7.164347150024411026e-04 1.480158980251578688e-02 9.838084263694427678e-01
1.989655172413792972e+00 3.351754157159574608e-03 1.067363911960184444e-02 9.867614335858291286e-01
2.041379310344827225e+00 4.467117940138286281e-03 7.066735604593086736e-03 9.892568154022827187e-01
2.093103448275861922e+00 4.548625342863409256e-03 4.188580050808807589e-03 9.913475191479874660e-01
2.144827586206896619e+00 4.021435333793055983e-03 2.086438616544328967e-03 9.930840220835628340e-01
2.196551724137930872e+00 3.209175328648943438e-03 6.788004145329776251e-04 9.945138839506368900e-01
2.248275862068965125e+00 2.346226591753186683e-03 -1.545544767274165468e-04 9.956810100574933209e-01
2.299999999999999822e+00 1.569056290519471424e-03 -5.567101943363049433e-04 9.966254781752462710e-01
