8.000000000000000444e-01 7.443043489333194263e-01 -1.659428679658475625e-01 5.251814888460462072e-01
8.517241379310345195e-01 6.590543445097024611e-01 -2.453014940990716208e-01 6.030955724205691038e-01
9.034482758620689946e-01 5.627627272798977343e-01 -3.079991109639842461e-01 6.711330904581803702e-01
9.551724137931034697e-01 4.602377972491593638e-01 -3.517077767816302325e-01 7.297938205663064837e-01
1.006896551724137945e+00 3.565162024658590223e-01 -3.755357673182951328e-01 7.797620849071323912e-01
1.058620689655172420e+00 2.564636220776767006e-01 -3.800141880100531000e-01 8.218466635845882440e-01
1.110344827586206895e+00 1.644108085706713629e-01 -3.669612750061977957e-01 8.569184721363962698e-01
1.162068965517241370e+00 8.384936759923702909e-02 -3.392571567305843194e-01 8.858537136504288645e-01
1.213793103448275845e+00 1.717354099593023514e-02 -3.005000943203738895e-01 9.095099420639103371e-01
1.265517241379310320e+00 -3.437128564025092314e-02 -2.546444821038341133e-01 9.286871449581508564e-01
1.317241379310344795e+00 -7.072785641992802852e-02 -2.056253405286054270e-01 9.441149728352539183e-01
1.368965517241379271e+00 -9.285290774986602880e-02 -1.570182109426939143e-01 9.564426685455681421e-01
1.420689655172413746e+00 -1.025572302984033707e-01 -1.118063878278265089e-01 9.662280346656493268e-01
1.472413793103448221e+00 -1.021791200835436564e-01 -7.217690984692944067e-02 9.739515289077141924e-01
1.524137931034482696e+00 -9.433263532801328122e-02 -3.948092107476827012e-02 9.800144524259341017e-01
1.575862068965517171e+00 -8.164554180268764061e-02 -1.424953382734864965e-02 9.847478812423631211e-01
1.627586206896551646e+00 -6.649074914534355840e-02 3.703263549898479223e-03 9.884251184263679324e-01
1.679310344827586121e+00 -5.083636338370236402e-02 1.509967746701602540e-02 9.912680097790907974e-01
1.731034482758620596e+00 -3.620006741527748151e-02 2.102582151323282092e-02 9.934532841444149165e-01
1.782758620689655071e+00 -2.356071983617923082e-02 2.275680430564947648e-02 9.951237936097531156e-01
1.834482758620689546e+00 -1.341671059434811943e-02 2.156849815425875005e-02 9.963932957534855639e-01
1.886206896551724022e+00 -5.887375831528682962e-03 1.860295045734537689e-02 9.973519832315611566e-01
1.937931034482758497e+00 -7.751999132212996496e-04 1.483261511776808386e-02 9.980707937070480984e-01
1.989655172413792972e+00 2.294091029100286255e-03 1.096365357437024610e-02 9.986058222310661980e-01
2.041379310344827225e+00 3.765211652801171704e-03 7.464675954217184044e-03 9.990010011580443550e-01
2.093103448275861922e+00 4.137544026061554768e-03 4.594296528017612589e-03 9.992903719740758861e-01
2.144827586206896619e+00 3.811722245859073144e-03 2.438930738239841831e-03 9.995004597295619186e-01
2.196551724137930872e+00 3.133060670295709140e-03 9.552440412614075435e-04 9.996515997676235221e-01
2.248275862068965125e+00 2.344760636868031389e-03 4.529537789577835552e-05 9.997592966871303721e-01
2.299999999999999822e+00 1.607062174965292719e-03 -4.259225433150509547e-04 9.998352922020985467e-01
