2.299999999999999822e+00 1.231659819779092448e-03 -1.575465938755223148e-03 9.364204381838722169e-01
2.334482758620689324e+00 7.199864463491824828e-04 -1.415685144436428606e-03 9.421804700540727939e-01
2.368965517241379271e+00 3.433854440446426149e-04 -1.209147920862717936e-03 9.475441481266340116e-01
2.403448275862068773e+00 8.068813264490947140e-05 -9.853063425404803843e-04 9.525229737459703916e-01
2.437931034482758275e+00 -8.642707186599940267e-05 -7.682700239514822244e-04 9.571302892912746385e-01
2.472413793103448221e+00 -1.842921671368615510e-04 -5.735716510837592140e-04 9.613808476116004753e-01
2.506896551724137723e+00 -2.251764573370020907e-04 -4.090229159080898650e-04 9.652906263693715738e-01
2.541379310344827225e+00 -2.355262770856686536e-04 -2.722688273042416494e-04 9.688764192506255091e-01
2.575862068965517171e+00 -2.150236187597202777e-04 -1.679652152068651411e-04 9.721555802854902062e-01
2.610344827586206673e+00 -1.904377853713820840e-04 -9.280608531509926978e-05 9.751458096115585006e-01
2.644827586206896619e+00 -1.538147441282301461e-04 -4.124056212102170484e-05 9.778650264672423820e-01
2.679310344827586121e+00 -1.182346074720420361e-04 -4.344874082011032927e-06 9.803309292207957881e-01
2.713793103448275623e+00 -8.341989291161578963e-05 1.613496185215261818e-05 9.825610868662231212e-01
2.748275862068965125e+00 -6.243353782528853987e-05 2.583631638074567952e-05 9.845726371947581823e-01
2.782758620689655071e+00 -4.525012773052455758e-05 2.897994332985607088e-05 9.863822223480763762e-01
2.817241379310344573e+00 -2.187836401565546463e-05 2.390015074263010075e-05 9.880058797554652772e-01
2.851724137931034520e+00 -1.120343192966748256e-05 2.403800818364537368e-05 9.894589681227989875e-01
2.886206896551724022e+00 -7.159123100790232752e-06 1.867044925376234050e-05 9.907560961094000751e-01
2.920689655172413524e+00 -1.743977948178865192e-06 1.492660989761897288e-05 9.919110869259430974e-01
2.955172413793103026e+00 1.477726031149077309e-06 9.147727171752153489e-06 9.929369574312485458e-01
2.989655172413792972e+00 3.877232734763608105e-06 4.551577620206102909e-06 9.938458967829146840e-01
3.024137931034482474e+00 -7.860709668401761170e-07 3.392411879365844026e-06 9.946492722827686706e-01
3.058620689655172420e+00 2.369703601559627664e-06 2.271797372541913677e-06 9.953576190160595694e-01
3.093103448275861922e+00 -2.173215271087898381e-07 -1.642490360800106284e-07 9.959806888753736098e-01
3.127586206896551424e+00 2.771889522810387325e-06 -2.542748587812564620e-06 9.965274380176296631e-01
3.162068965517240926e+00 -7.479985877255359548e-07 1.622775816189479675e-06 9.970060935753469744e-01
3.196551724137930872e+00 -7.720235716971221286e-08 7.503398596852567472e-07 9.974241461058304115e-01
3.231034482758620374e+00 6.062291116310247762e-07 8.000921653225590715e-07 9.977884306165368811e-01
3.265517241379310320e+00 -1.037939597154299978e-06 -2.283207635287684013e-06 9.981051206290382227e-01
3.299999999999999822e+00 3.414031418487015874e-07 -1.047454182928611275e-06 9.983798143726769769e-01
