0.000000000000000000e+00 -7.241597546049216122e-12 1.014626164292203902e-11 -1.000000000000000000e+00
1.025641025641025605e-01 -1.921984029432518559e-01 2.482980325700116508e-01 -9.449169685600292690e-01
2.051282051282051211e-01 -3.788540591042386385e-01 4.437700275618999268e-01 -7.905790907264623746e-01
3.076923076923077094e-01 -5.503205195984635090e-01 5.487628199028219411e-01 -5.654040905535449024e-01
4.102564102564102422e-01 -6.917895760511669767e-01 5.493953446225209314e-01 -3.051109898058455561e-01
5.128205128205127750e-01 -7.859792203422708567e-01 4.555127294632662083e-01 -4.238339421167749976e-02
6.153846153846154188e-01 -8.179460671217533285e-01 2.946191256047290818e-01 1.992003959695403392e-01
7.179487179487179516e-01 -7.800378375927918828e-01 1.038058361930747076e-01 4.064074550512978834e-01
8.205128205128204844e-01 -6.756694550162193336e-01 -7.807164815362953314e-02 5.744005426856505503e-01
9.230769230769230171e-01 -5.208642290881794201e-01 -2.176793929097155522e-01 7.039916190184459799e-01
1.025641025641025550e+00 -3.424356188669439582e-01 -2.938214985155200853e-01 7.992217822018023998e-01
1.128205128205128194e+00 -1.720670332421546100e-01 -3.021937783365339913e-01 8.657352080442151099e-01
1.230769230769230838e+00 -3.738275683199661359e-02 -2.558069854086440498e-01 9.097321174032619862e-01
1.333333333333333259e+00 4.640349558687052733e-02 -1.795281843051446669e-01 9.372533244673233455e-01
1.435897435897435903e+00 8.002477394838705682e-02 -1.003525488259309068e-01 9.536520197902145224e-01
1.538461538461538325e+00 7.691134165113895638e-02 -3.798154639952575767e-02 9.632233759191940470e-01
1.641025641025640969e+00 5.537750323764195626e-02 -2.390593719499914394e-04 9.690559161780714081e-01
1.743589743589743613e+00 3.092232565881423631e-02 1.542351299285601302e-02 9.731136307778909256e-01
1.846153846153846034e+00 1.229011186335913011e-02 1.683519069825655315e-02 9.764744848127592247e-01
1.948717948717948678e+00 1.743587178463259363e-03 1.202617144953083486e-02 9.796194837698328772e-01
2.051282051282051100e+00 -2.352123208429323081e-03 6.428589812076349053e-03 9.826864294870091276e-01
2.153846153846153744e+00 -2.805671383297289340e-03 2.441049279852251438e-03 9.856493465445189672e-01
2.256410256410256387e+00 -1.905961090962835208e-03 3.937672222699337404e-04 9.884256066370901150e-01
2.358974358974359031e+00 -9.324652357850066967e-04 -3.045253911696783975e-04 9.909313566621252845e-01
2.461538461538461675e+00 -3.123152613536659978e-04 -3.544458201727942082e-04 9.931058921157206454e-01
2.564102564102563875e+00 -3.925021946035852846e-05 -2.174729217913009443e-04 9.949195161719233127e-01
2.666666666666666519e+00 3.043516406734078400e-05 -9.100414779085466634e-05 9.963729814487235492e-01
2.769230769230769162e+00 3.474217404113373229e-05 -2.329589944475278116e-05 9.974922140924460390e-01
2.871794871794871806e+00 1.708267812669929473e-05 -2.785581867003321675e-06 9.983205319970188674e-01
2.974358974358974450e+00 7.850206231190554542e-06 2.537436999904720664e-07 9.989100790893452597e-01
3.076923076923076650e+00 2.485148275848767702e-06 2.651603876122779363e-06 9.993140426789181019e-01
3.179487179487179294e+00 -4.551244138888342702e-07 2.022406324715935509e-06 9.995809070407372099e-01
3.282051282051281937e+00 -2.024774915222415003e-07 1.451531264681740299e-06 9.997511592534815694e-01
3.384615384615384581e+00 -4.025041116050282702e-07 -1.291028465504310954e-06 9.998562411720939291e-01
3.487179487179487225e+00 3.346902654548107587e-06 2.819789700244613794e-06 9.999191008842956974e-01
3.589743589743589425e+00 -2.439801442626343025e-06 -2.287849892798863104e-06 9.999556071003664615e-01
3.692307692307692069e+00 -3.041613189856489340e-06 9.480085320639328808e-07 9.999762224936012966e-01
3.794871794871794712e+00 -3.836941238352493968e-06 -6.779334230808151080e-07 9.999875580753527782e-01
3.897435897435897356e+00 3.563534926107403476e-07 2.809882947230716166e-07 9.999936346542270815e-01
4.000000000000000000e+00 1.844876353540853823e-06 -2.575872778012544044e-06 9.999968137533188361e-01
