1.000000000000000056e-01 1.926563849875325557e-03 -4.414001908592160139e-04 -8.576809934827863691e-01
2.000000000000000111e-01 3.664047704564700556e-03 -8.418651976525732541e-04 -7.317267819257009531e-01
2.999999999999999889e-01 5.041911506800279309e-03 -1.164386741179043380e-03 -5.354823214069193149e-01
4.000000000000000222e-01 5.924847783672567390e-03 -1.379423020393942241e-03 -2.880615842629754564e-01
5.000000000000000000e-01 6.226044537657182687e-03 -1.467722114328229473e-03 -1.355516630651734146e-02
5.999999999999999778e-01 5.915690256794757691e-03 -1.422149804636470456e-03 2.613141631243194318e-01
6.999999999999999556e-01 5.023918094532267911e-03 -1.248351844790202177e-03 5.098081479245385461e-01
7.999999999999999334e-01 3.637818258648982568e-03 -9.641719256657268989e-04 7.077808514902510506e-01
8.999999999999999112e-01 1.893008593616604934e-03 -5.979211367297490066e-04 8.360217829699124747e-01
9.999999999999998890e-01 -3.978881687611929096e-05 -1.855940741257795692e-04 8.821464493935382567e-01
1.099999999999999867e+00 -1.971315494586473299e-03 2.325927959907545634e-04 8.417874527992045275e-01
1.199999999999999956e+00 -3.712443986942931626e-03 6.161168861255138891e-04 7.190206128496442473e-01
1.300000000000000044e+00 -5.092573508412214650e-03 9.280327355112450837e-04 5.259658210977862236e-01
1.399999999999999911e+00 -5.976465639132978562e-03 1.138553582839993113e-03 2.815907625859513930e-01
1.500000000000000000e+00 -6.277418022719999380e-03 1.227883649813400280e-03 9.858705533854275616e-03
1.599999999999999867e+00 -5.965786475754657724e-03 1.188099251524531207e-03 -2.626151662829303013e-01
1.699999999999999956e+00 -5.071908724870006005e-03 1.023871267199345531e-03 -5.091674507441567021e-01
1.800000000000000044e+00 -3.683126066803844249e-03 7.519571159615679682e-04 -7.056947892230833741e-01
1.899999999999999911e+00 -1.935261132728651823e-03 3.995296288429808101e-04 -8.330028317251436665e-01
2.000000000000000000e+00 6.791639036192718475e-07 1.496219452715159034e-06 -8.786831450607682781e-01
2.099999999999999645e+00 1.935260767282074960e-03 -4.029324821078752658e-04 -8.383214774178781026e-01
2.199999999999999734e+00 3.679167271764333808e-03 -7.740729316754376430e-04 -7.159206398228035173e-01
2.299999999999999822e+00 5.061631597292576105e-03 -1.075616886798453839e-03 -5.235151113812123169e-01
2.399999999999999911e+00 5.947360869438059368e-03 -1.278203576629391262e-03 -2.799687735627213181e-01
2.500000000000000000e+00 6.249579573968713601e-03 -1.362215269774903975e-03 -9.151974396807151593e-03
2.600000000000000089e+00 5.938658738178758875e-03 -1.319692601476944336e-03 2.624175541551702628e-01
2.699999999999999734e+00 5.044987798751606432e-03 -1.155070117788055579e-03 5.081559888903073308e-01
2.799999999999999822e+00 3.655958379508654488e-03 -8.847011339188939850e-04 7.040300291165861868e-01
2.899999999999999911e+00 1.907536663528512340e-03 -5.352534176553632762e-04 8.308834371068584135e-01
3.000000000000000000e+00 -2.917443054831175047e-05 -1.410539534506964935e-04 8.763328506124286044e-01
