1.000000000000000056e-01 -7.884128369411441684e-02 8.870992389979560910e-02 -9.514148268467250702e-01
2.000000000000000111e-01 -8.932119134401473107e-03 9.134959740449056023e-03 -8.150795546503940558e-01
2.999999999999999889e-01 -1.102889465691317910e-04 9.628507977660005703e-05 -6.200271831423499469e-01
4.000000000000000222e-01 -1.730595900733567962e-07 1.206688850587838879e-07 -4.115084617450424642e-01
5.000000000000000000e-01 2.638011950380099003e-11 4.711894416792135985e-11 -2.354650720253397278e-01
5.999999999999999778e-01 3.794818309022959801e-11 1.691374119369808984e-11 -1.173216187297934643e-01
6.999999999999999556e-01 2.032642046941102657e-11 8.983646941268453767e-12 -5.398532424669257729e-02
7.999999999999999334e-01 1.112382340138191477e-11 4.861846222162075968e-12 -2.590875407787698523e-02
8.999999999999999112e-01 6.927991922068761653e-12 2.988590796791914036e-12 -1.438176523934276904e-02
9.999999999999998890e-01 4.804595281833887980e-12 2.042214327774327537e-12 -9.004953317687034234e-03
1.099999999999999867e+00 3.429267591486803968e-12 1.433968842624936762e-12 -5.864880035427812860e-03
1.199999999999999956e+00 2.426396323275976414e-12 9.958965177731756667e-13 -3.819905811729427773e-03
1.300000000000000044e+00 1.701259453947053900e-12 6.841394017805535325e-13 -2.484449477962712063e-03
1.399999999999999911e+00 1.195856746397627683e-12 4.700696216794194643e-13 -1.630707577771938052e-03
1.500000000000000000e+00 8.520635726511935393e-13 3.265453482313697091e-13 -1.091316769798613903e-03
1.599999999999999867e+00 6.200128193154361220e-13 2.311582537499920010e-13 -7.498556982531341415e-04
1.699999999999999956e+00 4.627710768814674092e-13 1.673599688581762691e-13 -5.310438113502136083e-04
1.800000000000000044e+00 3.549467320250236018e-13 1.241380792309201482e-13 -3.881989219505131380e-04
1.899999999999999911e+00 2.798227274376282316e-13 9.432835373711917802e-14 -2.928889750497729559e-04
2.000000000000000000e+00 2.265181503157633453e-13 7.332855562067667198e-14 -2.278041563987749966e-04
2.099999999999999645e+00 1.879815346556935475e-13 5.819731065461481470e-14 -1.823184864024156575e-04
2.199999999999999734e+00 1.595885355035394044e-13 4.703152894413139259e-14 -1.498112290290208658e-04
2.299999999999999822e+00 1.382874707734882130e-13 3.858873201639639565e-14 -1.260855179356278814e-04
2.399999999999999911e+00 1.220212294437058033e-13 3.204699016341343160e-14 -1.084281890583948881e-04
2.500000000000000000e+00 1.093959157901566343e-13 2.684553660064296838e-14 -9.505084334140294388e-05
2.600000000000000089e+00 9.943296507427470148e-14 2.260619038494996863e-14 -8.475071383846197377e-05
2.699999999999999734e+00 9.144323516198453830e-14 1.906403781344493038e-14 -7.670395531809566752e-05
2.799999999999999822e+00 8.493475762608070008e-14 1.603221219821915740e-14 -7.033564736240690879e-05
2.899999999999999911e+00 7.954616632166996968e-14 1.337672689320051884e-14 -6.523555195255237001e-05
3.000000000000000000e+00 7.501035637015484177e-14 1.100357485700048002e-14 -6.110933837698508304e-05
