0.000000000000000000e+00 8.651827777367487676e-12 9.271048753632589759e-12 -1.000000000000000000e+00
2.068965517241379282e-01 4.469974895114399716e-01 3.883146213502183808e-01 -7.835497475622115182e-01
4.137931034482758563e-01 7.689531278625237887e-01 3.798393553842669412e-01 -3.138721209459956474e-01
6.206896551724138122e-01 7.786992742461295025e-01 1.486769451487077176e-02 8.749237806659954098e-02
8.275862068965517127e-01 4.543581431179010699e-01 -3.180314730222628117e-01 2.718777053497188900e-01
1.034482758620689724e+00 5.606322153804980946e-02 -3.428407629696407222e-01 2.905606412148266648e-01
1.241379310344827624e+00 -1.362471586604409035e-01 -1.479260583326854062e-01 2.468608022563371918e-01
1.448275862068965525e+00 -1.043597674218840754e-01 1.407858573655220574e-02 1.987509238073164874e-01
1.655172413793103425e+00 -2.023145517173766811e-02 4.313886735283617435e-02 1.534587609181622125e-01
1.862068965517241326e+00 1.021172941559394393e-02 1.494689990542452142e-02 1.013132379303377101e-01
2.068965517241379448e+00 5.705826351744335695e-03 -5.917248727214897627e-04 4.341931800603074376e-02
2.275862068965517349e+00 5.573020426122755498e-04 -1.416900044959055376e-03 -4.431976158719161743e-03
2.482758620689655249e+00 -2.211146344717216728e-04 -2.601087494171896520e-04 -2.281348937059840196e-02
2.689655172413793149e+00 -6.210231584342316155e-05 7.050188990444850631e-06 1.908491844384852410e-03
2.896551724137931050e+00 -5.684821636867629723e-06 1.001791223435811659e-05 7.476543325227678893e-02
3.103448275862068950e+00 1.147627047684714748e-06 3.739638591315139526e-07 1.919139127286683677e-01
3.310344827586206851e+00 -7.141105302316961717e-07 -1.035001866685259007e-06 3.405099863440745334e-01
3.517241379310344751e+00 -1.938339405039100990e-06 -1.973506530470791507e-06 5.005486401546807018e-01
3.724137931034482651e+00 -2.172346806906268609e-07 2.240607911520537523e-06 6.504227378236285828e-01
3.931034482758620552e+00 2.338735152207438560e-06 -2.702641395225276556e-08 7.740006259690888069e-01
4.137931034482758896e+00 -1.800912418695645641e-06 -2.387990574402297612e-06 8.647228157725264097e-01
4.344827586206896797e+00 4.546235381893204823e-06 3.126513032836616026e-06 9.247162800622642509e-01
4.551724137931034697e+00 -5.212304493842440063e-07 -1.789083206554762548e-06 9.608631427957848858e-01
4.758620689655172598e+00 5.007088144646312472e-06 1.111077996619008770e-07 9.809090438926229005e-01
4.965517241379310498e+00 1.133077989790958403e-06 -1.573334045166794104e-07 9.912272396030749055e-01
5.172413793103448398e+00 2.269844830921394022e-06 9.608417606353414656e-07 9.961893285553512500e-01
5.379310344827586299e+00 -1.340941235139448221e-06 1.253256510519497515e-06 9.984304513515548374e-01
5.586206896551724199e+00 1.815822882518707137e-06 2.156884541996240537e-06 9.993851181876196588e-01
5.793103448275862100e+00 -1.659600770300599498e-06 -1.265556048234507870e-08 9.997701317047265057e-01
6.000000000000000000e+00 2.488309341390173727e-06 2.361171294774808772e-06 9.999176875544447674e-01
