1.000000000000000056e-01 1.398856610438811987e-01 1.381702072311653817e-02 -8.738258927142704691e-01
2.000000000000000111e-01 2.692839523336411078e-01 3.253129150863728891e-02 -7.948806729718047581e-01
2.999999999999999889e-01 3.786119126794994516e-01 6.031953899028898863e-02 -6.723610636896291126e-01
4.000000000000000222e-01 4.600152500795237076e-01 1.000019468757892549e-01 -5.188801998555173656e-01
5.000000000000000000e-01 5.080407214751671008e-01 1.525656571754920310e-01 -3.502547829548375846e-01
5.999999999999999778e-01 5.200957776138166455e-01 2.169046500362289409e-01 -1.838897444355737931e-01
6.999999999999999556e-01 4.966567498594059993e-01 2.898128930994746111e-01 -3.699610777309211840e-02
7.999999999999999334e-01 4.412062810013518410e-01 3.662352401189216122e-01 7.517940840646478162e-02
8.999999999999999112e-01 3.599079350994954796e-01 4.397517797799977979e-01 1.409217494095849066e-01
9.999999999999998890e-01 2.610482133507656122e-01 5.032495984097420383e-01 1.532737038240821470e-01
1.099999999999999867e+00 1.542940805032322060e-01 5.497120793882930290e-01 1.107773739434995963e-01
1.199999999999999956e+00 4.983098088272002596e-02 5.730405900335728830e-01 1.765370925937950752e-02
1.300000000000000044e+00 -4.253370038777657541e-02 5.688132314626299646e-01 -1.165745308085030796e-01
1.399999999999999911e+00 -1.142292228553900557e-01 5.349037212058851409e-01 -2.780263618759441502e-01
1.500000000000000000e+00 -1.586672589265389344e-01 4.718802287184922228e-01 -4.498354806581029708e-01
1.599999999999999867e+00 -1.718012258033000672e-01 3.831359270354527391e-01 -6.138437969783665515e-01
1.699999999999999956e+00 -1.524574411697191823e-01 2.747263221188959159e-01 -7.524367402714439157e-01
1.800000000000000044e+00 -1.024090789948956526e-01 1.549216448397482682e-01 -8.503356012081441095e-01
1.899999999999999911e+00 -2.618538226097430477e-02 3.350655290240452111e-02 -8.961741101542818333e-01
2.000000000000000000e+00 6.936396623745245960e-02 -7.910712753159003519e-02 -8.836905659212651587e-01
2.099999999999999645e+00 1.757047272483251987e-01 -1.728653074673414392e-01 -8.124167637979833323e-01
2.199999999999999734e+00 2.834032499949037942e-01 -2.390659040038220495e-01 -6.877921959811597041e-01
2.299999999999999822e+00 3.829811457516537621e-01 -2.712519386095217366e-01 -5.206885076166234416e-01
2.399999999999999911e+00 4.657708634842360751e-01 -2.659178767171558322e-01 -3.263807189820219778e-01
2.500000000000000000e+00 5.246857838734760859e-01 -2.229462491304427807e-01 -1.230742669922909871e-01
2.600000000000000089e+00 5.548441354280986282e-01 -1.457266190468384237e-01 6.986994164650929540e-02
2.699999999999999734e+00 5.539892452160043446e-01 -4.093491513855185282e-02 2.338586720267481212e-01
2.799999999999999822e+00 5.226676055501743301e-01 8.201374923092485947e-02 3.529046590311814557e-01
2.899999999999999911e+00 4.641530900751780764e-01 2.117946442971248011e-01 4.152452880741570040e-01
3.000000000000000000e+00 3.841261662561205603e-01 3.362068182163533425e-01 4.145420549601139815e-01
