1.000000000000000056e-01 5.327404802436663811e-02 -2.376158771863478777e-02 -8.964199380374590076e-01
2.000000000000000111e-01 1.036132740711151745e-01 -4.844773636697857766e-02 -8.830405816587424406e-01
2.999999999999999889e-01 1.482668728186633533e-01 -7.474170885731250269e-02 -8.626238030742235940e-01
4.000000000000000222e-01 1.848347848429711948e-01 -1.028750717079160437e-01 -8.377551118485294657e-01
5.000000000000000000e-01 2.114293348296967245e-01 -1.324765781585106883e-01 -8.116038987880359601e-01
5.999999999999999778e-01 2.267989303006284207e-01 -1.625030796249683496e-01 -7.875393387922293709e-01
6.999999999999999556e-01 2.304313168612163731e-01 -1.912624924518702141e-01 -7.687096419696987093e-01
7.999999999999999334e-01 2.226050918131340373e-01 -2.165340683648225018e-01 -7.576442339971363182e-01
8.999999999999999112e-01 2.044005183468134701e-01 -2.357661469771715479e-01 -7.559221256869932404e-01
9.999999999999998890e-01 1.776558137594491382e-01 -2.463533888520469395e-01 -7.639383119405181999e-01
1.099999999999999867e+00 1.448749680724218947e-01 -2.459351981596532011e-01 -7.808121934197731484e-01
1.199999999999999956e+00 1.090814924007400266e-01 -2.327124175886766955e-01 -8.044358947967608087e-01
1.300000000000000044e+00 7.362730773951889351e-02 -2.057271879012285143e-01 -8.316717637251941353e-01
1.399999999999999911e+00 4.196829095057364595e-02 -1.650755037941564196e-01 -8.586782113263581317e-01
1.500000000000000000e+00 1.741223510991003753e-02 -1.120342301252606060e-01 -8.813263672893979495e-01
1.599999999999999867e+00 2.861866895576667749e-03 -4.906683425607408916e-02 -8.956705296542604167e-01
1.699999999999999956e+00 5.737828917208717336e-04 2.028489857118673939e-02 -8.984139522615960383e-01
1.800000000000000044e+00 1.194479343175854427e-02 9.162946502937761861e-02 -8.873245357961663249e-01
1.899999999999999911e+00 3.734997772278268041e-02 1.600591453341139447e-01 -8.615491193775615120e-01
2.000000000000000000e+00 7.605618857701292035e-02 2.205547410720135049e-01 -8.217884088473351722e-01
2.099999999999999645e+00 1.262072898577559776e-01 2.684302249537795504e-01 -7.703103150214226646e-01
2.199999999999999734e+00 1.849071571155353477e-01 2.997731290146170013e-01 -7.107951768250575508e-01
2.299999999999999822e+00 2.483925873090344350e-01 3.118439428154602400e-01 -6.480147078832884100e-01
2.399999999999999911e+00 3.122754461486519362e-01 3.033857882061016809e-01 -5.873910882312354254e-01
2.500000000000000000e+00 3.718766907125686250e-01 2.748100095930586795e-01 -5.344536460501103647e-01
2.600000000000000089e+00 4.225764544048952187e-01 2.282453605249867845e-01 -4.942795882951768749e-01
2.699999999999999734e+00 4.602039938511355288e-01 1.674270662898268980e-01 -4.709423766990584737e-01
2.799999999999999822e+00 4.814045712006126410e-01 9.743535166121918001e-02 -4.670468708156174098e-01
2.899999999999999911e+00 4.839579280827211449e-01 2.430270875952009191e-02 -4.834019266456767716e-01
3.000000000000000000e+00 4.670197379977769070e-01 -4.548028570801994352e-02 -5.188668647295856529e-01
