1.000000000000000056e-01 2.724408508412648477e-02 5.050000928957609075e-02 -8.965705463802002839e-01
2.000000000000000111e-01 5.166279643156460044e-02 9.995772306249886552e-02 -8.836261011308060853e-01
2.999999999999999889e-01 7.071509990193676487e-02 1.472511612311744322e-01 -8.638806457365414415e-01
4.000000000000000222e-01 8.240286147075906453e-02 1.911173068718878820e-01 -8.398448325083629484e-01
5.000000000000000000e-01 8.548060002255300494e-02 2.301287740221933109e-01 -8.145959768662425216e-01
5.999999999999999778e-01 7.959906732443916555e-02 2.627184058552181622e-01 -7.913997436140727260e-01
6.999999999999999556e-01 6.536537555299667956e-02 2.872522612707627543e-01 -7.733068705239780627e-01
7.999999999999999334e-01 4.431866370257752513e-02 3.021598148257881866e-01 -7.627615299950409877e-01
8.999999999999999112e-01 1.881461524178941469e-02 3.060962490310009110e-01 -7.612787234287405891e-01
9.999999999999998890e-01 -8.163877948045863975e-03 2.981273185812247650e-01 -7.692222862250464033e-01
1.099999999999999867e+00 -3.326470100141838693e-02 2.779151278742088005e-01 -7.857108732112348948e-01
1.199999999999999956e+00 -5.306186594078367985e-02 2.458701033849473583e-01 -8.086738828187419736e-01
1.300000000000000044e+00 -6.437099392632253392e-02 2.032619143701087649e-01 -8.350403053304313872e-01
1.399999999999999911e+00 -6.455441137159771692e-02 1.522452589458837269e-01 -8.610619258080944860e-01
1.500000000000000000e+00 -5.179048950138905039e-02 9.581065169159952433e-02 -8.827185722120982625e-01
1.599999999999999867e+00 -2.527785599157951132e-02 3.763656642190194024e-02 -8.961775209146017884e-01
1.699999999999999956e+00 1.463647635169534542e-02 -1.814463535998925639e-02 -8.982489101058480641e-01
1.800000000000000044e+00 6.642843668188902484e-02 -6.725378857461193627e-02 -8.867892356984116153e-01
1.899999999999999911e+00 1.274670238373157294e-01 -1.056185366487685517e-01 -8.610060385187043863e-01
2.000000000000000000e+00 1.941826610715192691e-01 -1.297489763376457605e-01 -8.216266009253733182e-01
2.099999999999999645e+00 2.623281159155905207e-01 -1.370880843983309505e-01 -7.709056709950510289e-01
2.199999999999999734e+00 3.272937609389432456e-01 -1.263154261122584610e-01 -7.124732405342640851e-01
2.299999999999999822e+00 3.844893813524867809e-01 -9.754821345194089610e-02 -6.510165189727100676e-01
2.399999999999999911e+00 4.297176425912917486e-01 -5.243826317638895784e-02 -5.918436103029692807e-01
2.500000000000000000e+00 4.595393053864370581e-01 5.871467631158588940e-03 -5.403601669428169663e-01
2.600000000000000089e+00 4.715902544754191350e-01 7.293312872981690120e-02 -5.015077926188061808e-01
2.699999999999999734e+00 4.648131757402750863e-01 1.433083077015022411e-01 -4.792380586134246112e-01
2.799999999999999822e+00 4.395961597494660311e-01 2.109911272141906935e-01 -4.760536052273515728e-01
2.899999999999999911e+00 3.977883609360934880e-01 2.699109970948487813e-01 -4.926947638249988826e-01
3.000000000000000000e+00 3.425996095638841332e-01 3.144652430963435497e-01 -5.279854720564807202e-01
