1.500000000000000000e+00 -1.219923536850118645e-01 8.200892139221119259e-02 3.355777113352496066e-01
1.551724137931034475e+00 -8.528890173373082639e-02 9.202478879688949509e-02 3.696703502670294350e-01
1.603448275862068950e+00 -5.202012570167382360e-02 9.229308595580452967e-02 4.064380977935792560e-01
1.655172413793103425e+00 -2.412896903637913940e-02 8.511368126656784772e-02 4.452612712011740914e-01
1.706896551724137900e+00 -2.651812523955209000e-03 7.298858642150461706e-02 4.854772194183404332e-01
1.758620689655172376e+00 1.223129146153829894e-02 5.833232301376279488e-02 5.264101192789126804e-01
1.810344827586206851e+00 2.102567162489505856e-02 4.322220419603445274e-02 5.674014825547587515e-01
1.862068965517241326e+00 2.473577938805953183e-02 2.924064864638580702e-02 6.078331868444413200e-01
1.913793103448275801e+00 2.460859438618231282e-02 1.742373037831674437e-02 6.471494393428336434e-01
1.965517241379310276e+00 2.194342440091531787e-02 8.265078366601825641e-03 6.848713516853347505e-01
2.017241379310344751e+00 1.792116398314216874e-02 1.815972954743255707e-03 7.206080642612522347e-01
2.068965517241379448e+00 1.349131254221109383e-02 -2.199800869650665736e-03 7.540593344928784303e-01
2.120689655172413701e+00 9.320903542144487464e-03 -4.252321529553799995e-03 7.850169040996012315e-01
2.172413793103448398e+00 5.814455797695896808e-03 -4.867469192133413482e-03 8.133587127343980816e-01
2.224137931034482651e+00 3.134544707911660240e-03 -4.571317999980958370e-03 8.390404473604727853e-01
2.275862068965517349e+00 1.277778295149529196e-03 -3.794476693131230548e-03 8.620854932025856510e-01
2.327586206896551602e+00 1.282347014558106110e-04 -2.842883636810924347e-03 8.825739274840136428e-01
2.379310344827586299e+00 -4.692898063065281764e-04 -1.950159632879235917e-03 9.006292467559395831e-01
2.431034482758620552e+00 -6.972994423030542824e-04 -1.206963689588766864e-03 9.164071551449239905e-01
2.482758620689655249e+00 -6.950326375098135438e-04 -6.552515188569527690e-04 9.300852101187605525e-01
2.534482758620689502e+00 -5.769909055085965886e-04 -2.903148719999160804e-04 9.418526646850330364e-01
2.586206896551724199e+00 -4.264831884422633289e-04 -7.601512858396316206e-05 9.519030692676506700e-01
2.637931034482758896e+00 -2.837710744028143581e-04 3.777513849414300320e-05 9.604272663715174296e-01
2.689655172413793149e+00 -1.678718983489437021e-04 7.630914990981988615e-05 9.676090631714160395e-01
2.741379310344827402e+00 -8.747454693778093670e-05 8.130952701926639310e-05 9.736212846908750551e-01
2.793103448275862100e+00 -3.715270148446263239e-05 6.254912777759227252e-05 9.786234522033484540e-01
2.844827586206896797e+00 -1.212687805171552599e-05 4.647685753438328578e-05 9.827607423040334300e-01
2.896551724137931050e+00 3.284131181706513526e-06 2.416389406826123098e-05 9.861630716973179833e-01
2.948275862068965303e+00 5.172695262560197530e-06 1.349303450997408446e-05 9.889455470323602615e-01
3.000000000000000000e+00 7.868599763826602113e-06 1.032352255882847299e-05 9.912088835180524748e-01
