1.500000000000000000e+00 -1.158286171050090380e-01 2.563902111850319132e-02 6.295890089644909926e-01
1.551724137931034475e+00 -8.918991839408087208e-02 4.238083401866094002e-02 6.591443055096143366e-01
1.603448275862068950e+00 -6.363323146134679253e-02 5.066024108005186960e-02 6.883992378679623103e-01
1.655172413793103425e+00 -4.098302766241122830e-02 5.210392054139989515e-02 7.170026831228225594e-01
1.706896551724137900e+00 -2.234665218973259926e-02 4.855780392488391606e-02 7.446359967400127955e-01
1.758620689655172376e+00 -8.173610160392454083e-03 4.185055774392976158e-02 7.710261185261280126e-01
1.810344827586206851e+00 1.644191076713465149e-03 3.360802399865179396e-02 7.959538274111748191e-01
1.862068965517241326e+00 7.614459354489785253e-03 2.513853188787985513e-02 8.192569386725725433e-01
1.913793103448275801e+00 1.047253259369797240e-02 1.736476071245948022e-02 8.408297613688699990e-01
1.965517241379310276e+00 1.105437833020744137e-02 1.084696733480735448e-02 8.606180358062076596e-01
2.017241379310344751e+00 1.015351267043819450e-02 5.815233114060713512e-03 8.786136538141522401e-01
2.068965517241379448e+00 8.449853786706497047e-03 2.258659717024651993e-03 8.948471415821611652e-01
2.120689655172413701e+00 6.459441031976266914e-03 -1.271640363224423725e-05 9.093799449075122832e-01
2.172413793103448398e+00 4.548801181469485158e-03 -1.250136543257602314e-03 9.222970652113879897e-01
2.224137931034482651e+00 2.925596057585974109e-03 -1.745890975576862725e-03 9.337003784252569938e-01
2.275862068965517349e+00 1.676063441757214348e-03 -1.764885766380562418e-03 9.437023179769334913e-01
2.327586206896551602e+00 7.973679923352484759e-04 -1.520853181279408113e-03 9.524212421672033635e-01
2.379310344827586299e+00 2.419619825061330477e-04 -1.175571460481857978e-03 9.599767580997133898e-01
2.431034482758620552e+00 -6.821087221270491930e-05 -8.223816762248919044e-04 9.664869072880053480e-01
2.482758620689655249e+00 -2.028933628637569426e-04 -5.247664315836687290e-04 9.720653857515244578e-01
2.534482758620689502e+00 -2.308775771500696443e-04 -2.996165359437499365e-04 9.768198950090579702e-01
2.586206896551724199e+00 -2.027485626830296639e-04 -1.452886092859091152e-04 9.808509349346998807e-01
2.637931034482758896e+00 -1.583861545965081189e-04 -5.172859115906977892e-05 9.842510481298141212e-01
2.689655172413793149e+00 -1.069227708713085898e-04 -2.414792408825169054e-06 9.871045381739868008e-01
2.741379310344827402e+00 -6.503084525307478681e-05 1.763404290158681822e-05 9.894873394574303926e-01
2.793103448275862100e+00 -3.418321928967696052e-05 1.973982947091530872e-05 9.914673390846733270e-01
2.844827586206896797e+00 -1.956362106716436723e-05 2.423600987599609471e-05 9.931046152794601456e-01
2.896551724137931050e+00 -5.342962087140825720e-06 1.866820086094105063e-05 9.944519641143183541e-01
2.948275862068965303e+00 -2.413059213704168122e-06 8.631210226565509775e-06 9.955554378021677087e-01
3.000000000000000000e+00 2.508510047136701714e-06 6.775293897510890831e-06 9.964548607228590482e-01
