1.500000000000000000e+00 -1.028865449194669435e-01 -3.448931010520464580e-02 8.906098792016157173e-01
1.551724137931034475e+00 -8.826923262347351196e-02 -8.649975974232126247e-03 9.013843843976940828e-01
1.603448275862068950e+00 -7.123806994582253249e-02 9.501371010250309057e-03 9.112372358511188208e-01
1.655172413793103425e+00 -5.387654230385768850e-02 2.071333916548176793e-02 9.202951385967599318e-01
1.706896551724137900e+00 -3.777769728291591189e-02 2.615728818444790216e-02 9.286445311418001225e-01
1.758620689655172376e+00 -2.396764648243248502e-02 2.719404068025528531e-02 9.363450066895210311e-01
1.810344827586206851e+00 -1.298312011553071424e-02 2.518746424593289179e-02 9.434375052281668284e-01
1.862068965517241326e+00 -4.908974545135688303e-03 2.138458570589931579e-02 9.499521186870133471e-01
1.913793103448275801e+00 4.795946333368879960e-04 1.682155733408426113e-02 9.559126742980547098e-01
1.965517241379310276e+00 3.604777281774784910e-03 1.226310150800403315e-02 9.613411543441533480e-01
2.017241379310344751e+00 5.005162002961288832e-03 8.207502501773319276e-03 9.662595626695428264e-01
2.068965517241379448e+00 5.195279707515140788e-03 4.928318244684095142e-03 9.706913994895384201e-01
2.120689655172413701e+00 4.653204884437929338e-03 2.485037772417991384e-03 9.746622590933374797e-01
2.172413793103448398e+00 3.754399005525120570e-03 8.360489330963925131e-04 9.781994743492481437e-01
2.224137931034482651e+00 2.772821808500747220e-03 -1.519160009534263438e-04 9.813321312833681587e-01
2.275862068965517349e+00 1.870485645907494230e-03 -6.478967692119720232e-04 9.840905251365174022e-01
2.327586206896551602e+00 1.140835840672263990e-03 -8.045454384850863911e-04 9.865053977241963201e-01
2.379310344827586299e+00 6.088855472258996671e-04 -7.657100633853942224e-04 9.886075675813710273e-01
2.431034482758620552e+00 2.524733485619207207e-04 -6.235018745792514057e-04 9.904272759476150378e-01
2.482758620689655249e+00 4.056464301460313820e-05 -4.553855058478136061e-04 9.919937569482523143e-01
2.534482758620689502e+00 -6.198433029265814102e-05 -2.988122728208137627e-04 9.933349174436582052e-01
2.586206896551724199e+00 -9.652498324481382814e-05 -1.782354536812654649e-04 9.944769715652382880e-01
2.637931034482758896e+00 -9.653048776352385167e-05 -9.274450320413697420e-05 9.954443231112908297e-01
2.689655172413793149e+00 -7.796053785113059580e-05 -4.021042836587464866e-05 9.962593967787038984e-01
2.741379310344827402e+00 -5.344034566270183416e-05 -8.279700549409071053e-06 9.969425917213032839e-01
2.793103448275862100e+00 -3.312297401134199143e-05 1.946938547041087992e-06 9.975123198279022274e-01
2.844827586206896797e+00 -1.991266308452968896e-05 9.681829241510775982e-06 9.979849995647523953e-01
2.896551724137931050e+00 -1.100668664369381733e-05 8.539582942531893180e-06 9.983751950637006489e-01
2.948275862068965303e+00 -4.448960298358501472e-06 2.191717073710002191e-06 9.986956901492466399e-01
3.000000000000000000e+00 -5.844239012853455518e-07 3.775274717795725370e-06 9.989576348583062426e-01
