1.500000000000000000e+00 -1.089298222183842924e-01 -7.921236221614029113e-03 7.773728067589934509e-01
1.551724137931034475e+00 -8.890345883105313374e-02 1.357014235951971987e-02 7.978970700272223215e-01
1.603448275862068950e+00 -6.814296338506482809e-02 2.717302269034248957e-02 8.173087122850651864e-01
1.655172413793103425e+00 -4.853693565631998774e-02 3.401370232545879169e-02 8.355824117750932922e-01
1.706896551724137900e+00 -3.140775898967088087e-02 3.553995572334702618e-02 8.526941921540795999e-01
1.758620689655172376e+00 -1.749540515449822531e-02 3.326918877629856525e-02 8.686289831363813718e-01
1.810344827586206851e+00 -7.031172262364909775e-03 2.865092201186960133e-02 8.833820417061734043e-01
1.862068965517241326e+00 1.486334771207825645e-04 2.292278022835430445e-02 8.969608432771263296e-01
1.913793103448275801e+00 4.492714572642627843e-03 1.705350736303162459e-02 9.093845688566107865e-01
1.965517241379310276e+00 6.584265315499928869e-03 1.170875887973186688e-02 9.206840545387987573e-01
2.017241379310344751e+00 7.054050005730161214e-03 7.262925507716002857e-03 9.309004444156572244e-01
2.068965517241379448e+00 6.484260767579768346e-03 3.867667786803261846e-03 9.400833049261492214e-01
2.120689655172413701e+00 5.369496020566068457e-03 1.500549902820440696e-03 9.482892044243067531e-01
2.172413793103448398e+00 4.071103768685293764e-03 1.569245567615727352e-05 9.555799152859335566e-01
2.224137931034482651e+00 2.831387953384815418e-03 -7.819038694271000008e-04 9.620207062094340289e-01
2.275862068965517349e+00 1.794692478549356034e-03 -1.087686798654648743e-03 9.676785445284963316e-01
2.327586206896551602e+00 1.003499330865941126e-03 -1.082667628413087890e-03 9.726210594432129763e-01
2.379310344827586299e+00 4.612630335262262338e-04 -9.278593294938055659e-04 9.769148740642690232e-01
2.431034482758620552e+00 1.222385864812339023e-04 -6.997601725105219352e-04 9.806248940458456298e-01
2.482758620689655249e+00 -5.696921555302207618e-05 -4.806233921128788512e-04 9.838132170924491771e-01
2.534482758620689502e+00 -1.292246102368756200e-04 -2.987022132442364243e-04 9.865386347791660349e-01
2.586206896551724199e+00 -1.391208243804608778e-04 -1.683117485746463159e-04 9.888561045773072156e-01
2.637931034482758896e+00 -1.202981954223852434e-04 -7.629074851679145297e-05 9.908164194120709922e-01
2.689655172413793149e+00 -8.746320742576082520e-05 -2.199836330562689028e-05 9.924660765568764642e-01
2.741379310344827402e+00 -5.770739890770842820e-05 8.712701127320935691e-07 9.938472039097537847e-01
2.793103448275862100e+00 -3.415604420379910524e-05 1.188860413893076169e-05 9.949976761926033753e-01
2.844827586206896797e+00 -1.811599448075568484e-05 1.454505053992265364e-05 9.959512002286915466e-01
2.896551724137931050e+00 -6.532709370373493296e-06 1.077920491589961527e-05 9.967375568487497617e-01
2.948275862068965303e+00 -4.627328044834100682e-06 8.676010558970244051e-06 9.973828597967538956e-01
3.000000000000000000e+00 -2.197707940365517317e-07 7.563867923380705221e-06 9.979098109983405296e-01
