1.500000000000000000e+00 -1.115761342725405669e-01 -9.411819380529262702e-04 7.599693716081689088e-01
1.611111111111111160e+00 -6.480218442508271781e-02 3.409528021031706796e-02 8.073732759039220497e-01
1.722222222222222321e+00 -2.518384707798451347e-02 3.835256024001375275e-02 8.515272209466808739e-01
1.833333333333333259e+00 -1.711454734077560297e-03 2.733964027333417313e-02 8.902255005319703596e-01
1.944444444444444420e+00 7.040937130330569838e-03 1.388935404649381707e-02 9.221500744287373097e-01
2.055555555555555358e+00 7.143579379249891635e-03 4.444452615501623405e-03 9.470107055598219192e-01
2.166666666666666519e+00 4.323907847552025188e-03 -9.895595119535464945e-06 9.653499521801912620e-01
2.277777777777777679e+00 1.766531540243448072e-03 -1.147800234442931033e-03 9.782099962022464679e-01
2.388888888888888840e+00 3.861517619914939334e-04 -8.952140661768349245e-04 9.868087778625661555e-01
2.500000000000000000e+00 -8.234481066042836223e-05 -4.190763134102528796e-04 9.923055666428401977e-01
