0.000000000000000000e+00 8.591571624237938497e-12 8.944254771790666765e-12 -1.000000000000000000e+00
2.105263157894736725e-01 4.495888733833692807e-01 3.752938267445523057e-01 -7.899524304967839861e-01
4.210526315789473450e-01 7.690951044927940572e-01 3.498471242265140391e-01 -3.360046673438406573e-01
6.315789473684210176e-01 7.904663032195744510e-01 -1.344200448067281450e-02 8.154200368537382893e-02
8.421052631578946901e-01 4.927499039503009381e-01 -3.476213925283813677e-01 3.589986494140820494e-01
1.052631578947368363e+00 9.793872765333877517e-02 -3.914223319035614046e-01 5.336314761279283836e-01
1.263157894736842035e+00 -1.231899933015958570e-01 -2.033493409246225903e-01 6.620346080083073792e-01
1.473684210526315708e+00 -1.193651573251238440e-01 -2.083194580607053426e-02 7.689776189516593918e-01
1.684210526315789380e+00 -3.885083496825940397e-02 3.564086405095732296e-02 8.549689574902908928e-01
1.894736842105263053e+00 2.892696761330231653e-03 1.925324645990761363e-02 9.167870362828248743e-01
2.105263157894736725e+00 5.635449423830498315e-03 2.266425567026302944e-03 9.562433535576245758e-01
2.315789473684210620e+00 1.194248851313711116e-03 -1.044290240883815734e-03 9.788495901538338817e-01
2.526315789473684070e+00 -1.011006018641594944e-04 -3.289931763468473616e-04 9.905860218597486444e-01
2.736842105263157521e+00 -5.639389156422484580e-05 -3.650559984144701115e-06 9.961378642043938747e-01
2.947368421052631415e+00 -2.953827267408162638e-06 1.140527941786686714e-05 9.985385526185620586e-01
3.157894736842105310e+00 2.725099369999348639e-06 1.360723180274718374e-07 9.994896020339371079e-01
3.368421052631578760e+00 2.554852506870144422e-07 -2.686126095640063731e-07 9.998353873917558143e-01
3.578947368421052211e+00 2.995887319344003622e-06 -2.824243999579977902e-08 9.999509422971131212e-01
3.789473684210526105e+00 3.872767086444202540e-06 -1.138161265188236931e-07 9.999864818893192675e-01
4.000000000000000000e+00 -3.882989158168961666e-06 -1.409934350989668349e-06 9.999965534137126300e-01
