1.000000000000000056e-01 9.825706558726051698e-01 0.000000000000000000e+00 1.742934412739723105e-02 0.000000000000000000e+00 0.000000000000000000e+00 0.000000000000000000e+00 4.161330803725189070e-02 1.240721317542488600e-01 0.000000000000000000e+00 0.000000000000000000e+00 0.000000000000000000e+00 0.000000000000000000e+00 0.000000000000000000e+00 0.000000000000000000e+00 0.000000000000000000e+00 0.000000000000000000e+00
2.000000000000000111e-01 9.320931473853755200e-01 0.000000000000000000e+00 6.790685261462682532e-02 0.000000000000000000e+00 0.000000000000000000e+00 0.000000000000000000e+00 7.425832797537321173e-02 2.403772300843648180e-01 0.000000000000000000e+00 0.000000000000000000e+00 0.000000000000000000e+00 0.000000000000000000e+00 0.000000000000000000e+00 0.000000000000000000e+00 0.000000000000000000e+00 0.000000000000000000e+00
2.999999999999999889e-01 8.536732746755233414e-01 0.000000000000000000e+00 1.463267253244832089e-01 0.000000000000000000e+00 0.000000000000000000e+00 0.000000000000000000e+00 9.074530516000585412e-02 3.415852809429706927e-01 0.000000000000000000e+00 0.000000000000000000e+00 0.000000000000000000e+00 0.000000000000000000e+00 0.000000000000000000e+00 0.000000000000000000e+00 0.000000000000000000e+00 0.000000000000000000e+00
4.000000000000000222e-01 7.548748765500749025e-01 0.000000000000000000e+00 2.451251234499230436e-01 0.000000000000000000e+00 0.000000000000000000e+00 0.000000000000000000e+00 8.706172154277573572e-02 4.212588915416259350e-01 0.000000000000000000e+00 0.000000000000000000e+00 0.000000000000000000e+00 0.000000000000000000e+00 0.000000000000000000e+00 0.000000000000000000e+00 0.000000000000000000e+00 0.000000000000000000e+00
5.000000000000000000e-01 6.444995058692114531e-01 0.000000000000000000e+00 3.555004941307892685e-01 0.000000000000000000e+00 0.000000000000000000e+00 0.000000000000000000e+00 6.307107055021446418e-02 4.744912356520449292e-01 0.000000000000000000e+00 0.000000000000000000e+00 0.000000000000000000e+00 0.000000000000000000e+00 0.000000000000000000e+00 0.000000000000000000e+00 0.000000000000000000e+00 0.000000000000000000e+00
5.999999999999999778e-01 5.313166632555503810e-01 0.000000000000000000e+00 4.686833367444487308e-01 0.000000000000000000e+00 0.000000000000000000e+00 0.000000000000000000e+00 2.240019192891523278e-02 4.985152934338420994e-01 0.000000000000000000e+00 0.000000000000000000e+00 0.000000000000000000e+00 0.000000000000000000e+00 0.000000000000000000e+00 0.000000000000000000e+00 0.000000000000000000e+00 0.000000000000000000e+00
6.999999999999999556e-01 4.229659368496464511e-01 0.000000000000000000e+00 5.770340631503501072e-01 0.000000000000000000e+00 0.000000000000000000e+00 0.000000000000000000e+00 -2.847379049102558013e-02 4.932088769062418776e-01 0.000000000000000000e+00 0.000000000000000000e+00 0.000000000000000000e+00 0.000000000000000000e+00 0.000000000000000000e+00 0.000000000000000000e+00 0.000000000000000000e+00 0.000000000000000000e+00
7.999999999999999334e-01 3.251600869971041363e-01 0.000000000000000000e+00 6.748399130028925885e-01 0.000000000000000000e+00 0.000000000000000000e+00 0.000000000000000000e+00 -8.163622349715059234e-02 4.612662262078566222e-01 0.000000000000000000e+00 0.000000000000000000e+00 0.000000000000000000e+00 0.000000000000000000e+00 0.000000000000000000e+00 0.000000000000000000e+00 0.000000000000000000e+00 0.000000000000000000e+00
8.999999999999999112e-01 2.414195756474792620e-01 0.000000000000000000e+00 7.585804243525272605e-01 0.000000000000000000e+00 0.000000000000000000e+00 0.000000000000000000e+00 -1.293450513993175954e-01 4.079289420229624819e-01 0.000000000000000000e+00 0.000000000000000000e+00 0.000000000000000000e+00 0.000000000000000000e+00 0.000000000000000000e+00 0.000000000000000000e+00 0.000000000000000000e+00 0.000000000000000000e+00
9.999999999999998890e-01 1.731298091819252483e-01 0.000000000000000000e+00 8.268701908180738913e-01 0.000000000000000000e+00 0.000000000000000000e+00 0.000000000000000000e+00 -1.654367902192267759e-01 3.402742226427517003e-01 0.000000000000000000e+00 0.000000000000000000e+00 0.000000000000000000e+00 0.000000000000000000e+00 0.000000000000000000e+00 0.000000000000000000e+00 0.000000000000000000e+00 0.000000000000000000e+00
1.099999999999999867e+00 1.199477370986149760e-01 0.000000000000000000e+00 8.800522629013789455e-01 0.000000000000000000e+00 0.000000000000000000e+00 0.000000000000000000e+00 -1.863251296680295543e-01 2.661639023117194358e-01 0.000000000000000000e+00 0.000000000000000000e+00 0.000000000000000000e+00 0.000000000000000000e+00 0.000000000000000000e+00 0.000000000000000000e+00 0.000000000000000000e+00 0.000000000000000000e+00
1.199999999999999956e+00 8.028122040855713293e-02 0.000000000000000000e+00 9.197187795914363306e-01 0.000000000000000000e+00 0.000000000000000000e+00 0.000000000000000000e+00 -1.912112567565081023e-01 1.930657951286416651e-01 0.000000000000000000e+00 0.000000000000000000e+00 0.000000000000000000e+00 0.000000000000000000e+00 0.000000000000000000e+00 0.000000000000000000e+00 0.000000000000000000e+00 0.000000000000000000e+00
1.300000000000000044e+00 5.192852958503708927e-02 0.000000000000000000e+00 9.480714704149592054e-01 0.000000000000000000e+00 0.000000000000000000e+00 0.000000000000000000e+00 -1.818552525289392485e-01 1.271244450148385219e-01 0.000000000000000000e+00 0.000000000000000000e+00 0.000000000000000000e+00 0.000000000000000000e+00 0.000000000000000000e+00 0.000000000000000000e+00 0.000000000000000000e+00 0.000000000000000000e+00
1.399999999999999911e+00 3.246389956887420214e-02 0.000000000000000000e+00 9.675361004311168189e-01 0.000000000000000000e+00 0.000000000000000000e+00 0.000000000000000000e+00 -1.617539555212760827e-01 7.242687740069177205e-02 0.000000000000000000e+00 0.000000000000000000e+00 0.000000000000000000e+00 0.000000000000000000e+00 0.000000000000000000e+00 0.000000000000000000e+00 0.000000000000000000e+00 0.000000000000000000e+00
1.500000000000000000e+00 1.962117572485494107e-02 0.000000000000000000e+00 9.803788242751454440e-01 0.000000000000000000e+00 0.000000000000000000e+00 0.000000000000000000e+00 -1.352136972081461608e-01 3.087784242861965275e-02 0.000000000000000000e+00 0.000000000000000000e+00 0.000000000000000000e+00 0.000000000000000000e+00 0.000000000000000000e+00 0.000000000000000000e+00 0.000000000000000000e+00 0.000000000000000000e+00
1.599999999999999867e+00 1.146705227258438403e-02 0.000000000000000000e+00 9.885329477274185095e-01 0.000000000000000000e+00 0.000000000000000000e+00 0.000000000000000000e+00 -1.064424362413240038e-01 2.359390792785921384e-03 0.000000000000000000e+00 0.000000000000000000e+00 0.000000000000000000e+00 0.000000000000000000e+00 0.000000000000000000e+00 0.000000000000000000e+00 0.000000000000000000e+00 0.000000000000000000e+00
1.699999999999999956e+00 6.481046948567889023e-03 0.000000000000000000e+00 9.935189530514265677e-01 0.000000000000000000e+00 0.000000000000000000e+00 0.000000000000000000e+00 -7.888010450048092703e-02 -1.472997020982118668e-02 0.000000000000000000e+00 0.000000000000000000e+00 0.000000000000000000e+00 0.000000000000000000e+00 0.000000000000000000e+00 0.000000000000000000e+00 0.000000000000000000e+00 0.000000000000000000e+00
1.800000000000000044e+00 3.545590954111739641e-03 0.000000000000000000e+00 9.964544090458838932e-01 0.000000000000000000e+00 0.000000000000000000e+00 0.000000000000000000e+00 -5.488122251106613420e-02 -2.282698218918461849e-02 0.000000000000000000e+00 0.000000000000000000e+00 0.000000000000000000e+00 0.000000000000000000e+00 0.000000000000000000e+00 0.000000000000000000e+00 0.000000000000000000e+00 0.000000000000000000e+00
1.899999999999999911e+00 1.876799886153245360e-03 0.000000000000000000e+00 9.981232001138482524e-01 0.000000000000000000e+00 0.000000000000000000e+00 0.000000000000000000e+00 -3.559690949809028726e-02 -2.461985856440624537e-02 0.000000000000000000e+00 0.000000000000000000e+00 0.000000000000000000e+00 0.000000000000000000e+00 0.000000000000000000e+00 0.000000000000000000e+00 0.000000000000000000e+00 0.000000000000000000e+00
2.000000000000000000e+00 9.624501918163720334e-04 0.000000000000000000e+00 9.990375498081821570e-01 0.000000000000000000e+00 0.000000000000000000e+00 0.000000000000000000e+00 -2.124823687620839424e-02 -2.258397927812308414e-02 0.000000000000000000e+00 0.000000000000000000e+00 0.000000000000000000e+00 0.000000000000000000e+00 0.000000000000000000e+00 0.000000000000000000e+00 0.000000000000000000e+00 0.000000000000000000e+00
2.099999999999999645e+00 4.783177456867466928e-04 0.000000000000000000e+00 9.995216822543137036e-01 0.000000000000000000e+00 0.000000000000000000e+00 0.000000000000000000e+00 -1.133876346975738574e-02 -1.869548874808255740e-02 0.000000000000000000e+00 0.000000000000000000e+00 0.000000000000000000e+00 0.000000000000000000e+00 0.000000000000000000e+00 0.000000000000000000e+00 0.000000000000000000e+00 0.000000000000000000e+00
2.199999999999999734e+00 2.308664076243371519e-04 0.000000000000000000e+00 9.997691335923770684e-01 0.000000000000000000e+00 0.000000000000000000e+00 0.000000000000000000e+00 -5.031019548485850777e-03 -1.433533638842936567e-02 0.000000000000000000e+00 0.000000000000000000e+00 0.000000000000000000e+00 0.000000000000000000e+00 0.000000000000000000e+00 0.000000000000000000e+00 0.000000000000000000e+00 0.000000000000000000e+00
2.299999999999999822e+00 1.080676296671788378e-04 0.000000000000000000e+00 9.998919323703346906e-01 0.000000000000000000e+00 0.000000000000000000e+00 0.000000000000000000e+00 -1.372729460590812285e-03 -1.030395471152216469e-02 0.000000000000000000e+00 0.000000000000000000e+00 0.000000000000000000e+00 0.000000000000000000e+00 0.000000000000000000e+00 0.000000000000000000e+00 0.000000000000000000e+00 0.000000000000000000e+00
2.399999999999999911e+00 4.908307347655416382e-05 0.000000000000000000e+00 9.999509169265220487e-01 0.000000000000000000e+00 0.000000000000000000e+00 0.000000000000000000e+00 4.906830369267161382e-04 -6.988549408906587559e-03 0.000000000000000000e+00 0.000000000000000000e+00 0.000000000000000000e+00 0.000000000000000000e+00 0.000000000000000000e+00 0.000000000000000000e+00 0.000000000000000000e+00 0.000000000000000000e+00
2.500000000000000000e+00 2.155782585189722764e-05 0.000000000000000000e+00 9.999784421741562124e-01 0.000000000000000000e+00 0.000000000000000000e+00 0.000000000000000000e+00 1.218974365986696951e-03 -4.480110226815505435e-03 0.000000000000000000e+00 0.000000000000000000e+00 0.000000000000000000e+00 0.000000000000000000e+00 0.000000000000000000e+00 0.000000000000000000e+00 0.000000000000000000e+00 0.000000000000000000e+00
2.600000000000000089e+00 9.221448389026941163e-06 0.000000000000000000e+00 9.999907785516093384e-01 0.000000000000000000e+00 0.000000000000000000e+00 0.000000000000000000e+00 1.328914041700793910e-03 -2.730439141178645033e-03 0.000000000000000000e+00 0.000000000000000000e+00 0.000000000000000000e+00 0.000000000000000000e+00 0.000000000000000000e+00 0.000000000000000000e+00 0.000000000000000000e+00 0.000000000000000000e+00
2.699999999999999734e+00 3.869517709894278477e-06 0.000000000000000000e+00 9.999961304822923003e-01 0.000000000000000000e+00 0.000000000000000000e+00 0.000000000000000000e+00 1.158914758254174981e-03 -1.589447931420927924e-03 0.000000000000000000e+00 0.000000000000000000e+00 0.000000000000000000e+00 0.000000000000000000e+00 0.000000000000000000e+00 0.000000000000000000e+00 0.000000000000000000e+00 0.000000000000000000e+00
2.799999999999999822e+00 1.593064861258378457e-06 0.000000000000000000e+00 9.999984069351410820e-01 0.000000000000000000e+00 0.000000000000000000e+00 0.000000000000000000e+00 8.996751292515368361e-04 -8.852159787329577038e-04 0.000000000000000000e+00 0.000000000000000000e+00 0.000000000000000000e+00 0.000000000000000000e+00 0.000000000000000000e+00 0.000000000000000000e+00 0.000000000000000000e+00 0.000000000000000000e+00
2.899999999999999911e+00 6.629995655006484101e-07 0.000000000000000000e+00 9.999993370004377491e-01 0.000000000000000000e+00 0.000000000000000000e+00 0.000000000000000000e+00 6.666606846197045862e-04 -4.674646973140822448e-04 0.000000000000000000e+00 0.000000000000000000e+00 0.000000000000000000e+00 0.000000000000000000e+00 0.000000000000000000e+00 0.000000000000000000e+00 0.000000000000000000e+00 0.000000000000000000e+00
3.000000000000000000e+00 2.622795418249754873e-07 0.000000000000000000e+00 9.999997377204515869e-01 0.000000000000000000e+00 0.000000000000000000e+00 0.000000000000000000e+00 4.664911177025093903e-04 -2.112974564687340609e-04 0.000000000000000000e+00 0.000000000000000000e+00 0.000000000000000000e+00 0.000000000000000000e+00 0.000000000000000000e+00 0.000000000000000000e+00 0.000000000000000000e+00 0.000000000000000000e+00
