8.000000000000000444e-01 7.675738578784980781e-01 -1.471092297475899147e-01 5.546621808701160949e-01
8.517241379310345195e-01 6.835411616396820378e-01 -2.295808165308493298e-01 6.352247073461652072e-01
9.034482758620689946e-01 5.875529985833217728e-01 -2.958008778452724807e-01 7.051024678546609081e-01
9.551724137931034697e-01 4.844291700404118606e-01 -3.431794638851687340e-01 7.647258740013471723e-01
1.006896551724137945e+00 3.793000012170072432e-01 -3.705485852824185744e-01 8.147815416416609446e-01
1.058620689655172420e+00 2.771760188669685210e-01 -3.782071204401169506e-01 8.561428487293117895e-01
1.110344827586206895e+00 1.825756681530477099e-01 -3.678342700563877465e-01 8.897711136809133281e-01
1.162068965517241370e+00 9.918500076982250668e-02 -3.421918574387354806e-01 9.166852016997661945e-01
1.213793103448275845e+00 2.961743930626117155e-02 -3.048555119005431635e-01 9.378848904046734880e-01
1.265517241379310320e+00 -2.472687877908813156e-02 -2.598060735993206194e-01 9.543231589349412403e-01
1.317241379310344795e+00 -6.363245683388461804e-02 -2.110470837600888772e-01 9.668728082340469765e-01
1.368965517241379271e+00 -8.796782412922604655e-02 -1.622648271259459485e-01 9.763066273430137665e-01
1.420689655172413746e+00 -9.947492765221702116e-02 -1.165630653095773017e-01 9.832875964088144682e-01
1.472413793103448221e+00 -1.004934178409466472e-01 -7.625780052309986956e-02 9.883740467245448746e-01
1.524137931034482696e+00 -9.366203155906110966e-02 -4.280025219017864757e-02 9.920240194245065757e-01
1.575862068965517171e+00 -8.163773338614532804e-02 -1.680456966960714588e-02 9.946037832018420621e-01
1.627586206896551646e+00 -6.686870304092050465e-02 1.838227050521445971e-03 9.963991278637525095e-01
1.679310344827586121e+00 -5.140074779923866494e-02 1.381640715728006327e-02 9.976302734368615033e-01
1.731034482758620596e+00 -3.679824060293845206e-02 2.020963885167873300e-02 9.984617932924192418e-01
1.782758620689655071e+00 -2.410121399651042606e-02 2.228471585810135047e-02 9.990150495794477559e-01
1.834482758620689546e+00 -1.386144151723872273e-02 2.132773522760612536e-02 9.993777793217616390e-01
1.886206896551724022e+00 -6.223005155205667965e-03 1.852276869307752788e-02 9.996119939693531853e-01
1.937931034482758497e+00 -1.011299518533332817e-03 1.482813152651342795e-02 9.997613695696767611e-01
1.989655172413792972e+00 2.132053006638116345e-03 1.099716763672070260e-02 9.998550856843545498e-01
2.041379310344827225e+00 3.677325065449502106e-03 7.513556594698505078e-03 9.999130835996720146e-01
2.093103448275861922e+00 4.084902858944249558e-03 4.637121676478210379e-03 9.999485544829018746e-01
2.144827586206896619e+00 3.782679272263262879e-03 2.474723197332421090e-03 9.999699133706673182e-01
2.196551724137930872e+00 3.124702522441392700e-03 9.809899250278297615e-04 9.999826038526715699e-01
2.248275862068965125e+00 2.345723917021307493e-03 6.757449293157396369e-05 9.999900613388512660e-01
2.299999999999999822e+00 1.612303227564315308e-03 -4.144719346503696012e-04 9.999943837290936610e-01
