8.000000000000000444e-01 7.495925621978909437e-01 -1.620067302352863337e-01 5.322961397501492220e-01
8.517241379310345195e-01 6.643270357786132951e-01 -2.421706694206871013e-01 6.104215765791428661e-01
9.034482758620689946e-01 5.678347953476802212e-01 -3.056838583697594758e-01 6.784687082056495289e-01
9.551724137931034697e-01 4.649533563906329547e-01 -3.501732160697896279e-01 7.369536332480474128e-01
1.006896551724137945e+00 3.607594453619706321e-01 -3.746936393633290008e-01 7.865935341719462182e-01
1.058620689655172420e+00 2.601633275046183469e-01 -3.797456181040760881e-01 8.282320661622786240e-01
1.110344827586206895e+00 1.675358934120749765e-01 -3.671481149534092658e-01 8.627702619994276345e-01
1.162068965517241370e+00 8.639374250921866283e-02 -3.397687661238938950e-01 8.911248165240739372e-01
1.213793103448275845e+00 1.917556627143566367e-02 -3.012159311179001264e-01 9.141800210576100927e-01
1.265517241379310320e+00 -3.286605478164300598e-02 -2.554567924128975931e-01 9.327620218757521897e-01
1.317241379310344795e+00 -6.964640853814973998e-02 -2.064512199305005846e-01 9.476179209841820716e-01
1.368965517241379271e+00 -9.213250709082906886e-02 -1.577982529991582561e-01 9.594101097023468583e-01
1.420689655172413746e+00 -1.021091247558071624e-01 -1.124905295707719355e-01 9.687096737188231055e-01
1.472413793103448221e+00 -1.019381209081266226e-01 -7.275745900689653545e-02 9.759977880903127900e-01
1.524137931034482696e+00 -9.424623893416310405e-02 -3.994221122459763046e-02 9.816797818880961257e-01
1.575862068965517171e+00 -8.164345678014608976e-02 -1.459351198219905471e-02 9.860876199525760999e-01
1.627586206896551646e+00 -6.653931835748586043e-02 3.452822969285423982e-03 9.894892186910029253e-01
1.679310344827586121e+00 -5.091304685683301773e-02 1.492746489994495329e-02 9.921027739402641377e-01
1.731034482758620596e+00 -3.628273980854642561e-02 2.091827790513485150e-02 9.941005328052189283e-01
1.782758620689655071e+00 -2.362965819386898120e-02 2.269552071651217626e-02 9.956200585823019589e-01
1.834482758620689546e+00 -1.346912520724764112e-02 2.153451961831911315e-02 9.967694596522090889e-01
1.886206896551724022e+00 -5.926875224644313420e-03 1.859737199651108341e-02 9.976336264390449626e-01
1.937931034482758497e+00 -8.036736362547064472e-04 1.483190353025251595e-02 9.982795301062390436e-01
1.989655172413792972e+00 2.270356607602771332e-03 1.096581346227806786e-02 9.987588053480208616e-01
2.041379310344827225e+00 3.759135589178434593e-03 7.464719564689883263e-03 9.991118782665300291e-01
2.093103448275861922e+00 4.128723394481326886e-03 4.594476761475885934e-03 9.993698857680437531e-01
2.144827586206896619e+00 3.808869656130621940e-03 2.440102132719167236e-03 9.995568406535205730e-01
2.196551724137930872e+00 3.130714267293602769e-03 9.582523413764532962e-04 9.996911646200857815e-01
2.248275862068965125e+00 2.344924727711785329e-03 4.790122859436971199e-05 9.997867652960281681e-01
2.299999999999999822e+00 1.606875155096705024e-03 -4.234212503680976703e-04 9.998541665219597974e-01
