0.000000000000000000e+00 9.147258395746145573e-12 8.868370660174914936e-12 -1.000000000000000000e+00
2.105263157894736725e-01 4.724125123350487176e-01 3.600384075089143598e-01 -7.750285255001215790e-01
4.210526315789473450e-01 7.763945194684589435e-01 2.804431205082424383e-01 -3.156616102953993530e-01
6.315789473684210176e-01 7.233857815644565425e-01 -1.270560973406560379e-01 4.080824171141831519e-02
8.421052631578946901e-01 3.446818981273037652e-01 -4.261443470379796539e-01 1.956386225620881381e-01
1.052631578947368363e+00 -6.055340667950121630e-02 -3.782314247146834063e-01 2.374740888758340995e-01
1.263157894736842035e+00 -2.156041298481381208e-01 -1.239311466798760641e-01 2.711531544700921947e-01
1.473684210526315708e+00 -1.313096822101535166e-01 5.592263734010734927e-02 3.457957393257296008e-01
1.684210526315789380e+00 -1.398505523496285097e-02 6.855944398396512929e-02 4.597704028119860009e-01
1.894736842105263053e+00 2.102192242457865887e-02 1.972550655133013114e-02 5.887477210315489318e-01
2.105263157894736725e+00 9.400113741499814546e-03 -3.118946510866051763e-03 7.090376400147151426e-01
2.315789473684210620e+00 3.320027845429016425e-04 -2.799366191144072539e-03 8.072483905489813427e-01
2.526315789473684070e+00 -5.795633923729680542e-04 -3.140111927805568168e-04 8.798372760226969014e-01
2.736842105263157521e+00 -8.909226218665301051e-05 8.497029479591391142e-05 9.292900967501834808e-01
2.947368421052631415e+00 1.192521744793963234e-05 1.762219367739844119e-05 9.606449609088655306e-01
3.157894736842105310e+00 1.126892106125746399e-06 8.436155875686372115e-07 9.792509870089332047e-01
3.368421052631578760e+00 1.756955439292532043e-06 2.120636030517599084e-07 9.896239505115840274e-01
3.578947368421052211e+00 -8.374419725534960285e-07 6.254634369379998525e-07 9.950729755372285101e-01
3.789473684210526105e+00 3.992867313663645907e-06 2.847394630790146475e-06 9.977763330221633975e-01
4.000000000000000000e+00 -2.573662996496519326e-07 1.398508562416851084e-07 9.990453254224266333e-01
