1.000000000000000056e-01 9.756168716931137297e-01 1.218245713803607980e-02 1.220067116884831354e-02 0.000000000000000000e+00 5.645070554171472549e-02 9.326697472101636022e-02 1.090959511321922260e-01 1.119862334260978386e-03 6.419517501171638496e-03 -1.036455250426882371e-02 0.000000000000000000e+00 0.000000000000000000e+00 0.000000000000000000e+00 0.000000000000000000e+00 0.000000000000000000e+00 0.000000000000000000e+00
2.000000000000000111e-01 9.058249169942729218e-01 4.695981793726194953e-02 4.721526506846710630e-02 0.000000000000000000e+00 1.013221292909602111e-01 1.796418640017520274e-01 2.066314303913581452e-01 8.497972552437591670e-03 2.479831114549408549e-02 -4.002829019311193726e-02 0.000000000000000000e+00 0.000000000000000000e+00 0.000000000000000000e+00 0.000000000000000000e+00 0.000000000000000000e+00 0.000000000000000000e+00
2.999999999999999889e-01 7.999745168765188819e-01 9.941234146834773688e-02 1.006131416551359348e-01 0.000000000000000000e+00 1.257316948729992057e-01 2.524259906148124122e-01 2.824881076286214210e-01 2.623772914271525411e-02 5.267766964896181126e-02 -8.501324081991878945e-02 0.000000000000000000e+00 0.000000000000000000e+00 0.000000000000000000e+00 0.000000000000000000e+00 0.000000000000000000e+00 0.000000000000000000e+00
4.000000000000000222e-01 6.714256892173342539e-01 1.625424285357603416e-01 1.660318822469044053e-01 0.000000000000000000e+00 1.255176096526060270e-01 3.055822177280465013e-01 3.293522398273244778e-01 5.481945920465049193e-02 8.651941491489628655e-02 -1.396481872327345053e-01 0.000000000000000000e+00 0.000000000000000000e+00 0.000000000000000000e+00 0.000000000000000000e+00 0.000000000000000000e+00 0.000000000000000000e+00
5.000000000000000000e-01 5.348851150605158367e-01 2.287072342817885462e-01 2.364076506576941183e-01 0.000000000000000000e+00 1.020428821327925561e-01 3.345434882552389966e-01 3.438116372276793231e-01 9.079918242252973948e-02 1.223810566966535701e-01 -1.977144832999054302e-01 0.000000000000000000e+00 0.000000000000000000e+00 0.000000000000000000e+00 0.000000000000000000e+00 0.000000000000000000e+00 0.000000000000000000e+00
5.999999999999999778e-01 4.037662616004123461e-01 2.910344089408180568e-01 3.051993294587714289e-01 0.000000000000000000e+00 6.162046002648797344e-02 3.372132770455630868e-01 3.269643764747158787e-01 1.277634095766026490e-01 1.566035088368792072e-01 -2.535721740998806983e-01 0.000000000000000000e+00 0.000000000000000000e+00 0.000000000000000000e+00 0.000000000000000000e+00 0.000000000000000000e+00 0.000000000000000000e+00
6.999999999999999556e-01 2.881542208818569928e-01 3.444964089828596587e-01 3.673493701352834040e-01 0.000000000000000000e+00 1.371447519226558741e-02 3.147697690869257769e-01 2.842928270299457938e-01 1.582114410525967685e-01 1.863554367226793462e-01 -3.030217649890202258e-01 0.000000000000000000e+00 0.000000000000000000e+00 0.000000000000000000e+00 0.000000000000000000e+00 0.000000000000000000e+00 0.000000000000000000e+00
7.999999999999999334e-01 1.938710741625390699e-01 3.863864124255929067e-01 4.197425134118655810e-01 0.000000000000000000e+00 -3.157679451246126617e-02 2.718677157200822814e-01 2.246661344522385140e-01 1.757869732418578523e-01 2.099156188733626027e-01 -3.436833380485923573e-01 0.000000000000000000e+00 0.000000000000000000e+00 0.000000000000000000e+00 0.000000000000000000e+00 0.000000000000000000e+00 0.000000000000000000e+00
8.999999999999999112e-01 1.225164895113041441e-01 4.162560089961169774e-01 4.612275014925773520e-01 0.000000000000000000e+00 -6.599289322852959494e-02 2.159702826250882168e-01 1.586019208619266763e-01 1.770689273217943560e-01 2.267043952424090403e-01 -3.749584459474837317e-01 0.000000000000000000e+00 0.000000000000000000e+00 0.000000000000000000e+00 0.000000000000000000e+00 0.000000000000000000e+00 0.000000000000000000e+00
9.999999999999998890e-01 7.238059257632199761e-02 4.353847713922237572e-01 4.922346360314551750e-01 0.000000000000000000e+00 -8.488995866494289388e-02 1.559073527632720557e-01 9.615668882393070549e-02 1.624257547601035412e-01 2.370888591530425082e-01 -3.976183312474831921e-01 0.000000000000000000e+00 0.000000000000000000e+00 0.000000000000000000e+00 0.000000000000000000e+00 0.000000000000000000e+00 0.000000000000000000e+00
1.099999999999999867e+00 3.973520246600856232e-02 4.460556138039007412e-01 5.142091837300909463e-01 0.000000000000000000e+00 -8.785509194898391550e-02 1.000279606341280964e-01 4.499355971818842781e-02 1.356752946119670344e-01 2.420626830798609797e-01 -4.132451458038363667e-01 0.000000000000000000e+00 0.000000000000000000e+00 0.000000000000000000e+00 0.000000000000000000e+00 0.000000000000000000e+00 0.000000000000000000e+00
1.199999999999999956e+00 2.010823013593319303e-02 4.508464133513807592e-01 5.290453565126899127e-01 0.000000000000000000e+00 -7.806736984303974669e-02 5.450879915760928340e-02 9.162756193215599101e-03 1.027336831850420018e-01 2.429143392328040885e-01 -4.236871785614022001e-01 0.000000000000000000e+00 0.000000000000000000e+00 0.000000000000000000e+00 0.000000000000000000e+00 0.000000000000000000e+00 0.000000000000000000e+00
1.300000000000000044e+00 9.278453110600623152e-03 4.520892922330778108e-01 5.386322546563262481e-01 0.000000000000000000e+00 -6.078334592775980899e-02 2.236233739225667108e-02 -1.109285358937038037e-02 6.981849819029245507e-02 2.409416263553301740e-01 -4.306471960541755628e-01 0.000000000000000000e+00 0.000000000000000000e+00 0.000000000000000000e+00 0.000000000000000000e+00 0.000000000000000000e+00 0.000000000000000000e+00
1.399999999999999911e+00 3.845268630946870481e-03 4.515789179516004892e-01 5.445758134174544240e-01 0.000000000000000000e+00 -4.153236937126830730e-02 3.391831268483479038e-03 -1.855080673013884476e-02 4.183189973695723013e-02 2.372644936265824456e-01 -4.354589723820626590e-01 0.000000000000000000e+00 0.000000000000000000e+00 0.000000000000000000e+00 0.000000000000000000e+00 0.000000000000000000e+00 0.000000000000000000e+00
1.500000000000000000e+00 1.399329371585094012e-03 4.504985519659167603e-01 5.481021186624959185e-01 0.000000000000000000e+00 -2.460129707844682309e-02 -5.017172421122885126e-03 -1.759919473586970401e-02 2.138325782784480933e-02 2.327397272365183123e-01 -4.390346571184354230e-01 0.000000000000000000e+00 0.000000000000000000e+00 0.000000000000000000e+00 0.000000000000000000e+00 0.000000000000000000e+00 0.000000000000000000e+00
1.599999999999999867e+00 4.315182333624686560e-04 4.494982072281585306e-01 5.500702745384759007e-01 0.000000000000000000e+00 -1.227316916641359168e-02 -6.583007180649741788e-03 -1.269614032518132270e-02 8.727735382345834167e-03 2.279559227764439699e-01 -4.419182045630263289e-01 0.000000000000000000e+00 0.000000000000000000e+00 0.000000000000000000e+00 0.000000000000000000e+00 0.000000000000000000e+00 0.000000000000000000e+00
1.699999999999999956e+00 1.057878354599827797e-04 4.488440966069864868e-01 5.510501155575534549e-01 0.000000000000000000e+00 -4.859576494473688557e-03 -4.885360102622032449e-03 -7.254242922964921660e-03 2.381246769681511291e-03 2.232705634039975073e-01 -4.443937970069675170e-01 0.000000000000000000e+00 0.000000000000000000e+00 0.000000000000000000e+00 0.000000000000000000e+00 0.000000000000000000e+00 0.000000000000000000e+00
1.800000000000000044e+00 1.795362615631480567e-05 4.485733213458422131e-01 5.514087250280045316e-01 0.000000000000000000e+00 -1.337999273034664411e-03 -2.502644068337265149e-03 -3.144425137771244671e-03 1.109832186120368028e-04 2.188700289698611023e-01 -4.465905883700838630e-01 0.000000000000000000e+00 0.000000000000000000e+00 0.000000000000000000e+00 0.000000000000000000e+00 0.000000000000000000e+00 0.000000000000000000e+00
1.899999999999999911e+00 1.336599119416575592e-06 4.486138691465421657e-01 5.513847942543373959e-01 0.000000000000000000e+00 -1.928286519395731858e-04 -7.499470004946909253e-04 -8.422001651382718520e-04 -1.663211493007196642e-04 2.148279429304678079e-01 -4.485619476433987951e-01 0.000000000000000000e+00 0.000000000000000000e+00 0.000000000000000000e+00 0.000000000000000000e+00 0.000000000000000000e+00 0.000000000000000000e+00
2.000000000000000000e+00 2.666982960544627812e-08 4.488658668066934920e-01 5.511341065234750536e-01 0.000000000000000000e+00 -8.379907435839860429e-05 7.018284711503926156e-05 3.099333666615408802e-05 1.170876171412863154e-04 2.111475144786272573e-01 -4.503354478371524583e-01 0.000000000000000000e+00 0.000000000000000000e+00 0.000000000000000000e+00 0.000000000000000000e+00 0.000000000000000000e+00 0.000000000000000000e+00
2.099999999999999645e+00 1.870125889218498284e-07 4.492395338392320414e-01 5.507602791481797100e-01 0.000000000000000000e+00 -1.756819467484640638e-04 2.304768829673762643e-04 1.505950661624578136e-04 2.833439831089243203e-04 2.077995950405335246e-01 -4.519320959616272559e-01 0.000000000000000000e+00 0.000000000000000000e+00 0.000000000000000000e+00 0.000000000000000000e+00 0.000000000000000000e+00 0.000000000000000000e+00
2.199999999999999734e+00 1.051167181356634276e-07 4.496683422688355636e-01 5.503315526144444414e-01 0.000000000000000000e+00 -1.722255763624335812e-04 1.325764804569997595e-04 5.525308901061840960e-05 2.340086581477503961e-04 2.047388009251125129e-01 -4.533747901635180599e-01 0.000000000000000000e+00 0.000000000000000000e+00 0.000000000000000000e+00 0.000000000000000000e+00 0.000000000000000000e+00 0.000000000000000000e+00
2.299999999999999822e+00 1.566321778299261336e-08 4.501112687055226491e-01 5.498887156312611824e-01 0.000000000000000000e+00 -7.723214412084508174e-05 3.266423786358186291e-05 -1.649907444401031535e-06 9.267029690023094143e-05 2.019188156654901090e-01 -4.546865946098540556e-01 0.000000000000000000e+00 0.000000000000000000e+00 0.000000000000000000e+00 0.000000000000000000e+00 0.000000000000000000e+00 0.000000000000000000e+00
2.399999999999999911e+00 8.909646973628354432e-10 4.505475167039781903e-01 5.494524824050566192e-01 0.000000000000000000e+00 1.588688083976012646e-05 1.094125263225332540e-05 1.809845183250138103e-05 -1.123539471104393646e-05 1.992983936822513569e-01 -4.558888041701370519e-01 0.000000000000000000e+00 0.000000000000000000e+00 0.000000000000000000e+00 0.000000000000000000e+00 0.000000000000000000e+00 0.000000000000000000e+00
2.500000000000000000e+00 8.174039142135331521e-09 4.509682489871325584e-01 5.490317428388330478e-01 0.000000000000000000e+00 5.045100199031137363e-05 3.335149237186277028e-05 5.581887968930728542e-05 -3.656815542628300204e-05 1.968432522392009887e-01 -4.569995817852297582e-01 0.000000000000000000e+00 0.000000000000000000e+00 0.000000000000000000e+00 0.000000000000000000e+00 0.000000000000000000e+00 0.000000000000000000e+00
2.600000000000000089e+00 6.564344599254874791e-09 4.513705255892939139e-01 5.486294678463614627e-01 0.000000000000000000e+00 3.768040176072939926e-05 3.873221662965019350e-05 5.554304943453688796e-05 -2.154416603360339942e-05 1.945274547028014722e-01 -4.580330125868075641e-01 0.000000000000000000e+00 0.000000000000000000e+00 0.000000000000000000e+00 0.000000000000000000e+00 0.000000000000000000e+00 0.000000000000000000e+00
2.699999999999999734e+00 1.970003682126085242e-09 4.517589236187716240e-01 5.482410744112222734e-01 0.000000000000000000e+00 1.474458371214677687e-05 2.534751787864581333e-05 3.203117146373329969e-05 -4.189451567704549766e-06 1.923327238720021759e-01 -4.589999139271032647e-01 0.000000000000000000e+00 0.000000000000000000e+00 0.000000000000000000e+00 0.000000000000000000e+00 0.000000000000000000e+00 0.000000000000000000e+00
2.799999999999999822e+00 1.202663365125585051e-10 4.521327803603548134e-01 5.478672195193786676e-01 0.000000000000000000e+00 4.470774817181404871e-06 -2.565499496100148638e-06 -7.284413257494996102e-07 -5.627181886516785633e-06 1.902454738911977250e-01 -4.599080222077926994e-01 0.000000000000000000e+00 0.000000000000000000e+00 0.000000000000000000e+00 0.000000000000000000e+00 0.000000000000000000e+00 0.000000000000000000e+00
2.899999999999999911e+00 7.289611097653280492e-10 4.524951161279984757e-01 5.475048831430365803e-01 0.000000000000000000e+00 8.450396221303996917e-06 -1.491344293403677511e-05 -1.167027452474960913e-05 -1.480939937651337343e-05 1.882549966763814031e-01 -4.607638678346404060e-01 0.000000000000000000e+00 0.000000000000000000e+00 0.000000000000000000e+00 0.000000000000000000e+00 0.000000000000000000e+00 0.000000000000000000e+00
3.000000000000000000e+00 1.016331390430392343e-09 4.528470849377736474e-01 5.471529140458960550e-01 0.000000000000000000e+00 1.507999325602748763e-05 -1.391927912370743053e-05 -7.981790465753783089e-06 -2.109857948335349407e-05 1.863539112868623782e-01 -4.615721199191044066e-01 0.000000000000000000e+00 0.000000000000000000e+00 0.000000000000000000e+00 0.000000000000000000e+00 0.000000000000000000e+00 0.000000000000000000e+00
