1.000000000000000056e-01 0.000000000000000000e+00 -3.060166962512723687e-01 -9.510581352476747963e-01
2.000000000000000111e-01 0.000000000000000000e+00 -5.649186065550291236e-01 -8.090416029353437732e-01
2.999999999999999889e-01 0.000000000000000000e+00 -7.410119478190478892e-01 -5.879002369150112539e-01
4.000000000000000222e-01 0.000000000000000000e+00 -8.114764929816916661e-01 -3.093590866385627081e-01
5.000000000000000000e-01 0.000000000000000000e+00 -7.835678295992974940e-01 -7.400505742165794680e-04
5.999999999999999778e-01 0.000000000000000000e+00 -6.654466815233085475e-01 3.076481395703738464e-01
6.999999999999999556e-01 0.000000000000000000e+00 -4.975756370391326566e-01 5.856319477992824041e-01
7.999999999999999334e-01 0.000000000000000000e+00 -3.115298926162237136e-01 8.060144847641717014e-01
8.999999999999999112e-01 0.000000000000000000e+00 -1.383653823116084702e-01 9.473129728906732883e-01
9.999999999999998890e-01 0.000000000000000000e+00 -1.203928105970589236e-06 9.958415461724607898e-01
1.099999999999999867e+00 0.000000000000000000e+00 9.490987537805493923e-02 9.471126440612285258e-01
1.199999999999999956e+00 0.000000000000000000e+00 1.408784165650861508e-01 8.059331492823308407e-01
1.300000000000000044e+00 0.000000000000000000e+00 1.513148985071849917e-01 5.865424584090785931e-01
1.399999999999999911e+00 0.000000000000000000e+00 1.360856239560272740e-01 3.105519831616594395e-01
1.500000000000000000e+00 0.000000000000000000e+00 1.073178695037683705e-01 5.116214560747748587e-03
1.599999999999999867e+00 0.000000000000000000e+00 7.504621215710528814e-02 -2.998155493931513038e-01
1.699999999999999956e+00 0.000000000000000000e+00 4.601677855223876290e-02 -5.744503553342901192e-01
1.800000000000000044e+00 0.000000000000000000e+00 2.362646826157550894e-02 -7.920870097489133288e-01
1.899999999999999911e+00 0.000000000000000000e+00 8.605608282466639322e-03 -9.317054427348420154e-01
2.000000000000000000e+00 0.000000000000000000e+00 4.978917437252693570e-07 -9.800233738500967462e-01
2.099999999999999645e+00 0.000000000000000000e+00 -3.891053762895103647e-03 -9.327512248477873857e-01
2.199999999999999734e+00 0.000000000000000000e+00 -4.831435644379729506e-03 -7.949714219796115700e-01
2.299999999999999822e+00 0.000000000000000000e+00 -4.255596640282886117e-03 -5.805916868690037536e-01
2.399999999999999911e+00 0.000000000000000000e+00 -3.138603158210376016e-03 -3.109335977447103549e-01
2.500000000000000000e+00 0.000000000000000000e+00 -2.029750891780012553e-03 -1.258773759063009506e-02
2.600000000000000089e+00 0.000000000000000000e+00 -1.163986434022131703e-03 2.851931935201680313e-01
2.699999999999999734e+00 0.000000000000000000e+00 -5.853102206496518887e-04 5.534209277039078279e-01
2.799999999999999822e+00 0.000000000000000000e+00 -2.464514666902729227e-04 7.661635229103936906e-01
2.899999999999999911e+00 0.000000000000000000e+00 -7.362265392916405411e-05 9.030982004977504696e-01
3.000000000000000000e+00 0.000000000000000000e+00 -1.360952703147755638e-08 9.514411685984325295e-01
