1.000000000000000056e-01 -1.880716714588978045e-01 2.403331372390627441e-01 -9.487604103219932083e-01
3.071428571428571619e-01 -5.607156102154609023e-01 5.474069345850318680e-01 -5.714387636422609829e-01
5.142857142857142350e-01 -8.138192027260203743e-01 4.498223016743676528e-01 -3.737127136393744026e-02
7.214285714285714191e-01 -8.004535470429344768e-01 8.314075309645085898e-02 4.201673661258799597e-01
9.285714285714284921e-01 -5.193615923454886207e-01 -2.359904496578124344e-01 7.133251981891020055e-01
1.135714285714285676e+00 -1.648146423549571304e-01 -3.065787097861478738e-01 8.680939722131855163e-01
1.342857142857142971e+00 4.938915946522944717e-02 -1.796058359214952604e-01 9.407113165009111100e-01
1.550000000000000044e+00 7.908795346546287908e-02 -3.748969615816992451e-02 9.734082959361822773e-01
1.757142857142857117e+00 3.141095910484071468e-02 1.726041672742621713e-02 9.883484585309993964e-01
1.964285714285714191e+00 6.348110482450285141e-04 1.263951444464758711e-02 9.952159813169584313e-01
2.171428571428571264e+00 -3.263039675586736424e-03 1.959919268089622621e-03 9.982164067207420777e-01
2.378571428571428559e+00 -7.970465339974489461e-04 -5.359785738256878096e-04 9.994041612209859649e-01
2.585714285714285854e+00 3.782414388790672564e-05 -1.971793266475716931e-04 9.998219206147586080e-01
2.792857142857142705e+00 3.265977413303817697e-05 -3.895123990764371189e-06 9.999522449755500197e-01
3.000000000000000000e+00 4.449092121438638555e-06 2.332113124116917486e-06 9.999884671152621252e-01
