1.000000000000000056e-01 1.620537119688409966e-01 -2.539659103218361302e-01 -9.518839437682752314e-01
3.071428571428571619e-01 3.333557461382446463e-01 -6.883852711697215909e-01 -6.028913205329962111e-01
5.142857142857142350e-01 2.059742989252145162e-01 -8.872884841287944635e-01 -1.086381088742725126e-01
7.214285714285714191e-01 -6.661422679336487240e-02 -8.085858156694619714e-01 3.504710553156876740e-01
9.285714285714284921e-01 -2.677856982985485357e-01 -5.260367207468563677e-01 6.908496888080817300e-01
1.135714285714285676e+00 -2.867057625255888254e-01 -2.087375356728111697e-01 8.873077162610846225e-01
1.342857142857142971e+00 -1.749151153545784876e-01 -1.297027076544279151e-02 9.699090788454129974e-01
1.550000000000000044e+00 -5.982154373125604663e-02 3.733244650624696626e-02 9.942794497275156962e-01
1.757142857142857117e+00 -6.924715387585024529e-03 2.094159827793201298e-02 9.992399687388767715e-01
1.964285714285714191e+00 1.947112975594105042e-03 4.336371303751840843e-03 9.999285553956592798e-01
2.171428571428571264e+00 4.064604302016733110e-04 1.595791864506043299e-04 9.999947577555122757e-01
2.378571428571428559e+00 -6.448004348458102723e-05 2.958445806293256205e-05 9.999996706803304658e-01
2.585714285714285854e+00 -2.763648785220728674e-06 7.904485961971750590e-07 9.999999844824387640e-01
2.792857142857142705e+00 -4.734412733213214566e-06 -8.992750331483192523e-06 9.999999993916679486e-01
3.000000000000000000e+00 -3.643170888845044084e-09 -4.956413780462599954e-07 9.999999999900944792e-01
