0.000000000000000000e+00 8.735399697625362316e-12 9.112872209621648746e-12 -1.000000000000000000e+00
1.025641025641025605e-01 2.286665477779834532e-01 2.190847878797750337e-01 -9.434057546652078186e-01
2.051282051282051211e-01 4.423950451000525641e-01 3.722147300401900116e-01 -7.885449423083756848e-01
3.076923076923077094e-01 6.214435061140946015e-01 4.172560722857219240e-01 -5.733645797917810150e-01
4.102564102564102422e-01 7.422014132253395013e-01 3.484797027521390200e-01 -3.429773432751526685e-01
5.128205128205127750e-01 7.843905650663234308e-01 1.939388726289425213e-01 -1.343228762177745006e-01
6.153846153846154188e-01 7.398573575065487962e-01 1.925102501646125397e-03 3.165168261402118849e-02
7.179487179487179516e-01 6.178921514324383635e-01 -1.759872128587215978e-01 1.496277035885861806e-01
8.205128205128204844e-01 4.445642160728572323e-01 -2.994277942335203946e-01 2.248416570646342427e-01
9.230769230769230171e-01 2.563102122355022106e-01 -3.483877905316978829e-01 2.671018637223508962e-01
1.025641025641025550e+00 8.979444430674693445e-02 -3.258354289312054841e-01 2.862244605624120197e-01
1.128205128205128194e+00 -2.866905714763378493e-02 -2.534598503515996248e-01 2.895594903580621104e-01
1.230769230769230838e+00 -8.994920031440802044e-02 -1.618143015723213785e-01 2.814315520149929806e-01
1.333333333333333259e+00 -1.020531097477475058e-01 -7.852532589080490899e-02 2.640301037777104121e-01
1.435897435897435903e+00 -8.340322831449764607e-02 -1.981410300625497528e-02 2.389419544964015429e-01
1.538461538461538325e+00 -5.354602950401027295e-02 1.131445977271135911e-02 2.085126873614304432e-01
1.641025641025640969e+00 -2.630234297901014318e-02 2.102353203771272633e-02 1.763947652673119038e-01
1.743589743589743613e+00 -7.830044587023882174e-03 1.853117849972572145e-02 1.472233455288257942e-01
1.846153846153846034e+00 1.569203220406308573e-03 1.167340820020837562e-02 1.258123272712225460e-01
1.948717948717948678e+00 4.431091791842613897e-03 5.181285992328085038e-03 1.163595508762063913e-01
2.051282051282051100e+00 3.814144403515126042e-03 9.664622523231549550e-04 1.219416300755341437e-01
2.153846153846153744e+00 2.095764347907563829e-03 -8.933575715537290466e-04 1.443060980051063258e-01
2.256410256410256387e+00 6.218750138988405523e-04 -1.171981620455888164e-03 1.838248563923812751e-01
2.358974358974359031e+00 -1.585048841233271878e-04 -7.552117629212097040e-04 2.395028637691629103e-01
2.461538461538461675e+00 -3.514532141607807953e-04 -2.738356975939801362e-04 3.090185316993623865e-01
2.564102564102563875e+00 -2.538612158283789057e-04 7.281004456361752850e-06 3.888610902244624690e-01
2.666666666666666519e+00 -1.025262743224847453e-04 9.005235379571940337e-05 4.746340304828630674e-01
2.769230769230769162e+00 -1.388501764649959094e-05 6.967802951389313946e-05 5.615470202424160950e-01
2.871794871794871806e+00 1.299346211264450904e-05 2.820914288609021131e-05 6.450232702193490208e-01
2.974358974358974450e+00 1.458651252298367071e-05 3.676128184096887023e-06 7.212801037405708326e-01
3.076923076923076650e+00 4.521379262416561461e-06 -3.658852922472567234e-06 7.877277280418596428e-01
3.179487179487179294e+00 2.687649967183565164e-06 3.389854203497151519e-06 8.431103440159679607e-01
3.282051282051281937e+00 2.379072134882370043e-06 -2.324627250130681204e-06 8.873839590341235928e-01
3.384615384615384581e+00 -2.319633244083920730e-06 -3.172634440217438348e-06 9.214216318975527731e-01
3.487179487179487225e+00 -6.908113438017258740e-07 8.392314990717013021e-07 9.466520350953153695e-01
3.589743589743589425e+00 7.093754634567151587e-07 3.717323230592001022e-07 9.647264075089302393e-01
3.692307692307692069e+00 1.674510236400947373e-07 -3.139807597767048811e-06 9.772660681475837663e-01
3.794871794871794712e+00 1.908158464608890370e-06 1.573632846393417995e-06 9.857068081455434561e-01
3.897435897435897356e+00 -9.583832133289570950e-07 -1.105301094877011325e-06 9.912278065919631898e-01
4.000000000000000000e+00 3.130517217442713648e-06 -1.323690661589860647e-06 9.947414255786054538e-01
