0.000000000000000000e+00 -7.169934301119603886e-12 1.003710808639358932e-11 -1.000000000000000000e+00
2.105263157894736725e-01 -3.894095856699922309e-01 4.490207111590049927e-01 -7.830109428445243269e-01
4.210526315789473450e-01 -7.189165192003621474e-01 5.421413146080269474e-01 -2.772990532369711270e-01
6.315789473684210176e-01 -8.357235742097602893e-01 2.564413212107993223e-01 2.417114100463557957e-01
8.421052631578946901e-01 -6.523205525441965191e-01 -1.218781697311645401e-01 6.091789969924605863e-01
1.052631578947368363e+00 -2.976397910357118648e-01 -3.029166373513512145e-01 8.145506486567867244e-01
1.263157894736842035e+00 -1.178443210445759975e-02 -2.362816020050515220e-01 9.138757940732565865e-01
1.473684210526315708e+00 8.152671807659921110e-02 -8.197806957175904352e-02 9.594560142377938083e-01
1.684210526315789380e+00 4.881932449773900007e-02 6.756819783531722856e-03 9.809624528362654861e-01
1.894736842105263053e+00 7.496158903009439087e-03 1.649439106783338882e-02 9.914972942490493102e-01
2.105263157894736725e+00 -3.430623779074601972e-03 4.513012352883405062e-03 9.965288807838789120e-01
2.315789473684210620e+00 -1.453781675278762939e-03 -3.144335423809624386e-04 9.987282693290954194e-01
2.526315789473684070e+00 -5.530954774253247813e-05 -3.150445259560149614e-04 9.995831613367587298e-01
2.736842105263157521e+00 4.580105697221750229e-05 -3.005376093199159265e-05 9.998773768271416174e-01
2.947368421052631415e+00 1.693038568406972933e-06 4.717189632358461800e-06 9.999674798882636217e-01
3.157894736842105310e+00 -8.231090958381131239e-07 2.662894349060312231e-08 9.999921937783931014e-01
3.368421052631578760e+00 1.031645830051047305e-07 1.365483481351736357e-06 9.999982983448951757e-01
3.578947368421052211e+00 -5.054571448386848459e-07 1.381582426718569627e-06 9.999996621919032824e-01
3.789473684210526105e+00 -1.839477939108012840e-06 -6.437593174708543916e-07 9.999999387732406708e-01
4.000000000000000000e+00 -2.437729013560871414e-06 -1.960624863704061834e-06 9.999999898441127577e-01
