1.000000000000000056e-01 2.307748214995393454e-01 -1.683250665644900890e-01 -9.581088890850271156e-01
2.000000000000000111e-01 4.290957354597306206e-01 -3.333840287055773177e-01 -8.379944187117026599e-01
2.999999999999999889e-01 5.690604108483421353e-01 -4.899269508735089595e-01 -6.548204496440814815e-01
4.000000000000000222e-01 6.357381612296272300e-01 -6.297369028984672878e-01 -4.296256926503307927e-01
5.000000000000000000e-01 6.266096738366495611e-01 -7.422109336097223453e-01 -1.850983509156344520e-01
5.999999999999999778e-01 5.506261302452249984e-01 -8.163323854855549788e-01 5.785354076469564205e-02
6.999999999999999556e-01 4.256840339313318067e-01 -8.435055404933459178e-01 2.823305829203658357e-01
7.999999999999999334e-01 2.750304997555657049e-01 -8.203554697106445470e-01 4.767070629212056820e-01
8.999999999999999112e-01 1.229411155895175078e-01 -7.504242894756201210e-01 6.350621937689534535e-01
9.999999999999998890e-01 -9.677790057716406658e-03 -6.440643706854510819e-01 7.566993230544611926e-01
1.099999999999999867e+00 -1.087286213224107484e-01 -5.163936483525364274e-01 8.449493213941948744e-01
1.199999999999999956e+00 -1.685082333313739911e-01 -3.839965238120522928e-01 9.055408608302786266e-01
1.300000000000000044e+00 -1.911868883173188927e-01 -2.615833033233975757e-01 9.449651378033503413e-01
1.399999999999999911e+00 -1.845395357478255283e-01 -1.594163348587031015e-01 9.693270734499817021e-01
1.500000000000000000e+00 -1.589772674950907239e-01 -8.235631884252034296e-02 9.836431568073850107e-01
1.599999999999999867e+00 -1.247256885713512592e-01 -3.030025752515769222e-02 9.916532986320824028e-01
1.699999999999999956e+00 -8.990312672040398634e-02 3.900281480413575474e-04 9.959240452289737089e-01
1.800000000000000044e+00 -5.967192337426333731e-02 1.511174989142806402e-02 9.980950780988765425e-01
1.899999999999999911e+00 -3.634825292570997152e-02 1.941771027512705430e-02 9.991479394753792764e-01
2.000000000000000000e+00 -2.009221812321887457e-02 1.800169454339125077e-02 9.996353357744932611e-01
2.099999999999999645e+00 -9.823896876297009279e-03 1.421022178009411809e-02 9.998505831871736804e-01
2.199999999999999734e+00 -3.974810975206757857e-03 1.006676340522289978e-02 9.999413840858749625e-01
2.299999999999999822e+00 -1.026568019689253972e-03 6.553383470873747410e-03 9.999779894109495082e-01
2.399999999999999911e+00 2.174607422867395022e-04 3.975861758020109160e-03 9.999920705093845452e-01
2.500000000000000000e+00 5.876152347396494755e-04 2.263612000289202172e-03 9.999972649753960940e-01
2.600000000000000089e+00 5.736521013169766344e-04 1.219901139828465878e-03 9.999990913122395186e-01
2.699999999999999734e+00 4.354287356962428237e-04 6.276769765428738806e-04 9.999997082026508277e-01
2.799999999999999822e+00 2.936644186766002376e-04 3.044345130538760958e-04 9.999999105446285563e-01
2.899999999999999911e+00 1.790978785784247981e-04 1.427879110197124274e-04 9.999999737728549887e-01
3.000000000000000000e+00 1.056186959008937991e-04 6.663094512360175385e-05 9.999999922082727366e-01
