1.000000000000000056e-01 9.215652735205548396e-02 3.821712490265489343e-02 -9.949802555203052234e-01
2.000000000000000111e-01 1.832837749867148036e-01 7.571010916056179763e-02 -9.800092034368337313e-01
2.999999999999999889e-01 2.723841351559378454e-01 1.117735248642681145e-01 -9.553470672388489904e-01
4.000000000000000222e-01 3.584952570933644389e-01 1.457579414946753860e-01 -9.214203932935987051e-01
5.000000000000000000e-01 4.407452225311248584e-01 1.770796168784116720e-01 -8.787982510412611914e-01
5.999999999999999778e-01 5.183376302780406952e-01 2.052408840559599157e-01 -8.281820140977973477e-01
6.999999999999999556e-01 5.905851701324353886e-01 2.298432658971965026e-01 -7.703754777013467336e-01
7.999999999999999334e-01 6.569240403346320312e-01 2.506030088775068609e-01 -7.062482397801704836e-01
8.999999999999999112e-01 7.168897771469083802e-01 2.673220826365042546e-01 -6.367440166347376751e-01
9.999999999999998890e-01 7.701509552373708711e-01 2.799257583406922212e-01 -5.628167615183424788e-01
1.099999999999999867e+00 8.164835243834633882e-01 2.884296429378158666e-01 -4.854396655884174461e-01
1.199999999999999956e+00 8.557858777180804566e-01 2.929459323171691443e-01 -4.055497494056516383e-01
1.300000000000000044e+00 8.880507576086729138e-01 2.936534590751485041e-01 -3.240738444227789228e-01
1.399999999999999911e+00 9.133696564554322217e-01 2.908098674326856647e-01 -2.418755234310503155e-01
1.500000000000000000e+00 9.319186595492719993e-01 2.847179824650484248e-01 -1.597659019409549130e-01
1.599999999999999867e+00 9.439479055568362753e-01 2.757245967055684810e-01 -7.848765487508857497e-02
1.699999999999999956e+00 9.497735886323364074e-01 2.642004734665219789e-01 1.292669577927833173e-03
1.800000000000000044e+00 9.497657142799738050e-01 2.505338969471150312e-01 7.898048018994152653e-02
1.899999999999999911e+00 9.443383390216300022e-01 2.351162816802170319e-01 1.540766563025123270e-01
2.000000000000000000e+00 9.339389471201513526e-01 2.183442536664039757e-01 2.261468984899380197e-01
2.099999999999999645e+00 9.190427542064223410e-01 2.005882135446396264e-01 2.948481106711952071e-01
2.199999999999999734e+00 9.001350317080362151e-01 1.822107120049742401e-01 3.599218175880585235e-01
2.299999999999999822e+00 8.777094123888300459e-01 1.635417915546125145e-01 4.211809763803271434e-01
2.399999999999999911e+00 8.522650794435688848e-01 1.448849396209673235e-01 4.784939595430116599e-01
2.500000000000000000e+00 8.242882274188859659e-01 1.265121089026732815e-01 5.318075545749023636e-01
2.600000000000000089e+00 7.942513878496264557e-01 1.086635094532442669e-01 5.811235410967886539e-01
2.699999999999999734e+00 7.625935856176760952e-01 9.153375958409809554e-02 6.265139885828130417e-01
2.799999999999999822e+00 7.297514029100438115e-01 7.528368812524111053e-02 6.680626256514698991e-01
2.899999999999999911e+00 6.961151678408683541e-01 6.004764580260779638e-02 7.059112505031599483e-01
3.000000000000000000e+00 6.620451623849554768e-01 4.591615678267219058e-02 7.402285140259792229e-01
