1.000000000000000056e-01 -1.393884239463671904e-01 1.977110575236654955e-01 -8.605307877021932672e-01
2.000000000000000111e-01 -2.747615268819673107e-01 3.655104346581797281e-01 -7.450090870936662002e-01
2.999999999999999889e-01 -4.005249954896948905e-01 4.800261422048696103e-01 -5.711629238615909543e-01
4.000000000000000222e-01 -5.090294442474003755e-01 5.289858231254260801e-01 -3.618251594807478932e-01
5.000000000000000000e-01 -5.915836502835342126e-01 5.126053114165737279e-01 -1.406955174792104968e-01
5.999999999999999778e-01 -6.405040173901885847e-01 4.418938397977141275e-01 7.212257396718951830e-02
6.999999999999999556e-01 -6.512932918357248191e-01 3.348583893337345740e-01 2.626355668110143537e-01
7.999999999999999334e-01 -6.240382257431925650e-01 2.120414575846610306e-01 4.234311550665860180e-01
8.999999999999999112e-01 -5.636536036254148341e-01 9.250798988509476017e-02 5.526491975331507822e-01
9.999999999999998890e-01 -4.789926083587738859e-01 -9.005967204647330471e-03 6.522836572972985358e-01
1.099999999999999867e+00 -3.811745826852582786e-01 -8.351198864703816838e-02 7.264732773407127642e-01
1.199999999999999956e+00 -2.816331864614729508e-01 -1.280423834439147757e-01 7.801148483010742485e-01
1.300000000000000044e+00 -1.902833675091928911e-01 -1.447628587045948212e-01 8.179557362108631491e-01
1.399999999999999911e+00 -1.141417058947955532e-01 -1.395024913011577994e-01 8.441093248223217049e-01
1.500000000000000000e+00 -5.669241093728552561e-02 -1.198646442894282654e-01 8.618728203550332090e-01
1.599999999999999867e+00 -1.801136440146641760e-02 -9.345480652223303597e-02 8.737420460197568017e-01
1.699999999999999956e+00 4.425931570997999887e-03 -6.650147354256126520e-02 8.815275671541022984e-01
1.800000000000000044e+00 1.461753934060265950e-02 -4.311153579084650578e-02 8.865079496674288517e-01
1.899999999999999911e+00 1.683735954496365719e-02 -2.521816503495200382e-02 8.895722473440271783e-01
2.000000000000000000e+00 1.479721155222293860e-02 -1.300115331290223331e-02 8.913384563872474020e-01
2.099999999999999645e+00 1.116553318633335158e-02 -5.567601293727094010e-03 8.922386845664291855e-01
2.199999999999999734e+00 7.541037373141527660e-03 -1.597863533684605770e-03 8.925765910311178608e-01
2.299999999999999822e+00 4.642057326468232437e-03 1.721430065176319558e-04 8.925650686104019682e-01
2.399999999999999911e+00 2.629350316287047684e-03 7.411826296412611734e-04 8.923507190982096215e-01
2.500000000000000000e+00 1.376953397254026103e-03 7.532500448012682858e-04 8.920311991032467969e-01
2.600000000000000089e+00 6.663299738184359474e-04 5.743982592472157613e-04 8.916682945536043015e-01
2.699999999999999734e+00 2.953610874826242331e-04 3.825684842238771550e-04 8.912983037306113632e-01
2.799999999999999822e+00 1.211664663682261267e-04 2.304630353274934049e-04 8.909402993142214733e-01
2.899999999999999911e+00 4.406402935969058569e-05 1.299707600986925416e-04 8.906024130868159805e-01
3.000000000000000000e+00 1.190587064732130304e-05 6.756538673293333713e-05 8.902864134818201380e-01
