0.000000000000000000e+00 7.962073845834358038e-12 9.504189116347231982e-12 -1.000000000000000000e+00
1.025641025641025605e-01 2.108245707861439167e-01 2.323385520768264934e-01 -9.490026225609905497e-01
2.051282051282051211e-01 4.177261168183099560e-01 4.147910828128206218e-01 -8.047190818465987938e-01
3.076923076923077094e-01 6.115651006989756278e-01 5.107800022955245600e-01 -5.897827336590638625e-01
4.102564102564102422e-01 7.757331054535960835e-01 5.044587599124877864e-01 -3.331431763031649784e-01
5.128205128205127750e-01 8.881711799960713138e-01 4.017337553144306739e-01 -6.339494565347365829e-02
6.153846153846154188e-01 9.273350682830334701e-01 2.277191853152796541e-01 1.948986751639182891e-01
7.179487179487179516e-01 8.805803448249578391e-01 2.179912645368742297e-02 4.230539670102389516e-01
8.205128205128204844e-01 7.517441121092786060e-01 -1.707117582764436925e-01 6.096292530086906414e-01
9.230769230769230171e-01 5.636989283408117002e-01 -3.101893574815057786e-01 7.509872754096106329e-01
1.025641025641025550e+00 3.532787806222772997e-01 -3.738491203451107525e-01 8.503277990420301524e-01
1.128205128205128194e+00 1.601051360746238716e-01 -3.614169703996819583e-01 9.152319899010101789e-01
1.230769230769230838e+00 1.444240570489518927e-02 -2.925459091316591209e-01 9.547526120084599555e-01
1.333333333333333259e+00 -7.067759414164218046e-02 -1.974314243938126434e-01 9.772386984489511708e-01
1.435897435897435903e+00 -1.000603407853059429e-01 -1.052608379921493309e-01 9.892173693199118878e-01
1.538461538461538325e+00 -9.063720849078181485e-02 -3.550281203700504651e-02 9.951951906032802109e-01
1.641025641025640969e+00 -6.291245817025828413e-02 5.264121969832009917e-03 9.979896393105267549e-01
1.743589743589743613e+00 -3.359231373348824795e-02 2.096361046752148044e-02 9.992118372254411574e-01
1.846153846153846034e+00 -1.196028714274379769e-02 2.079314987735406128e-02 9.997113744604767538e-01
1.948717948717948678e+00 -2.175423368802921475e-04 1.402245184931353444e-02 9.999014766951700439e-01
2.051282051282051100e+00 3.821959608489843355e-03 6.915465912535335470e-03 9.999687507388870245e-01
2.153846153846153744e+00 3.693884677816441139e-03 2.170191641558141815e-03 9.999908171421619807e-01
2.256410256410256387e+00 2.225752096043306667e-03 -3.387464398548162108e-05 9.999975216017498170e-01
2.358974358974359031e+00 9.309083114227278142e-04 -6.014887671943958602e-04 9.999993857005957665e-01
2.461538461538461675e+00 2.157563944487209725e-04 -4.783960403924654870e-04 9.999998622853645269e-01
2.564102564102563875e+00 -3.548690647562960355e-05 -2.381032841509898000e-04 9.999999710274809495e-01
2.666666666666666519e+00 -6.911484223276511394e-05 -7.360885730798739511e-05 9.999999949081900263e-01
2.769230769230769162e+00 -3.900871925780631229e-05 -9.288469765323079965e-06 9.999999992024043438e-01
2.871794871794871806e+00 -1.510645995030701546e-05 3.498265640875652401e-06 9.999999998859093742e-01
2.974358974358974450e+00 1.567691483999615726e-07 5.292347944855450323e-06 9.999999999918905980e-01
3.076923076923076650e+00 -2.449553952307941002e-06 1.341949427502030983e-08 1.000000000002929212e+00
3.179487179487179294e+00 5.076073378988441050e-07 2.435680057008629365e-06 1.000000000002626344e+00
3.282051282051281937e+00 2.521276781945593971e-06 -1.358519614915271186e-06 1.000000000002657652e+00
3.384615384615384581e+00 -3.228726812629081163e-06 2.460154001803939800e-06 9.999999999992977839e-01
3.487179487179487225e+00 -7.005957425629465930e-07 -1.609880549211858286e-06 1.000000000007624568e+00
3.589743589743589425e+00 1.268341812641676846e-06 2.638557610833387031e-06 1.000000000004108269e+00
3.692307692307692069e+00 -7.629668583033387970e-07 1.545354562168004944e-06 1.000000000005937251e+00
3.794871794871794712e+00 7.325041913707299467e-07 1.067370022331577435e-06 1.000000000009665824e+00
3.897435897435897356e+00 -1.193036286990152897e-06 -4.912575418634250399e-08 1.000000000010665246e+00
4.000000000000000000e+00 1.514096297728143032e-06 1.908121832131750037e-06 1.000000000008830714e+00
