1.000000000000000056e-01 9.972668422071827576e-01 0.000000000000000000e+00 2.733157792816990825e-03 0.000000000000000000e+00 0.000000000000000000e+00 0.000000000000000000e+00 2.901507796538320763e-03 -5.212743023740758902e-02 0.000000000000000000e+00 0.000000000000000000e+00 0.000000000000000000e+00 0.000000000000000000e+00 0.000000000000000000e+00 0.000000000000000000e+00 0.000000000000000000e+00 0.000000000000000000e+00
2.000000000000000111e-01 9.891278132948847501e-01 0.000000000000000000e+00 1.087218670511581366e-02 0.000000000000000000e+00 0.000000000000000000e+00 0.000000000000000000e+00 5.726352023113060602e-03 -1.035431830668786662e-01 0.000000000000000000e+00 0.000000000000000000e+00 0.000000000000000000e+00 0.000000000000000000e+00 0.000000000000000000e+00 0.000000000000000000e+00 0.000000000000000000e+00 0.000000000000000000e+00
2.999999999999999889e-01 9.757623940137801766e-01 0.000000000000000000e+00 2.423760598622099263e-02 0.000000000000000000e+00 0.000000000000000000e+00 0.000000000000000000e+00 8.394771337677908729e-03 -1.535567380477693145e-01 0.000000000000000000e+00 0.000000000000000000e+00 0.000000000000000000e+00 0.000000000000000000e+00 0.000000000000000000e+00 0.000000000000000000e+00 0.000000000000000000e+00 0.000000000000000000e+00
4.000000000000000222e-01 9.574608336595775704e-01 0.000000000000000000e+00 4.253916634041742667e-02 0.000000000000000000e+00 0.000000000000000000e+00 0.000000000000000000e+00 1.083833879340514311e-02 -2.015244779215530357e-01 0.000000000000000000e+00 0.000000000000000000e+00 0.000000000000000000e+00 0.000000000000000000e+00 0.000000000000000000e+00 0.000000000000000000e+00 0.000000000000000000e+00 0.000000000000000000e+00
5.000000000000000000e-01 9.346092294207648532e-01 0.000000000000000000e+00 6.539077057923714520e-02 0.000000000000000000e+00 0.000000000000000000e+00 0.000000000000000000e+00 1.299364171385742478e-02 -2.468724004202895173e-01 0.000000000000000000e+00 0.000000000000000000e+00 0.000000000000000000e+00 0.000000000000000000e+00 0.000000000000000000e+00 0.000000000000000000e+00 0.000000000000000000e+00 0.000000000000000000e+00
5.999999999999999778e-01 9.076782890193699771e-01 0.000000000000000000e+00 9.232171098063116088e-02 0.000000000000000000e+00 0.000000000000000000e+00 0.000000000000000000e+00 1.481174361621621915e-02 -2.891003702820757471e-01 0.000000000000000000e+00 0.000000000000000000e+00 0.000000000000000000e+00 0.000000000000000000e+00 0.000000000000000000e+00 0.000000000000000000e+00 0.000000000000000000e+00 0.000000000000000000e+00
6.999999999999999556e-01 8.771951674020004308e-01 0.000000000000000000e+00 1.228048325979946703e-01 0.000000000000000000e+00 0.000000000000000000e+00 0.000000000000000000e+00 1.623987502733921506e-02 -3.278110297657139127e-01 0.000000000000000000e+00 0.000000000000000000e+00 0.000000000000000000e+00 0.000000000000000000e+00 0.000000000000000000e+00 0.000000000000000000e+00 0.000000000000000000e+00 0.000000000000000000e+00
7.999999999999999334e-01 8.437308942251737776e-01 0.000000000000000000e+00 1.562691057748284984e-01 0.000000000000000000e+00 0.000000000000000000e+00 0.000000000000000000e+00 1.725110960565297280e-02 -3.627002488047120776e-01 0.000000000000000000e+00 0.000000000000000000e+00 0.000000000000000000e+00 0.000000000000000000e+00 0.000000000000000000e+00 0.000000000000000000e+00 0.000000000000000000e+00 0.000000000000000000e+00
8.999999999999999112e-01 8.078780958264936141e-01 0.000000000000000000e+00 1.921219041735049149e-01 0.000000000000000000e+00 0.000000000000000000e+00 0.000000000000000000e+00 1.782438578914144478e-02 -3.935649495000884679e-01 0.000000000000000000e+00 0.000000000000000000e+00 0.000000000000000000e+00 0.000000000000000000e+00 0.000000000000000000e+00 0.000000000000000000e+00 0.000000000000000000e+00 0.000000000000000000e+00
9.999999999999998890e-01 7.702227110746994176e-01 0.000000000000000000e+00 2.297772889252970296e-01 0.000000000000000000e+00 0.000000000000000000e+00 0.000000000000000000e+00 1.795045907310333089e-02 -4.203063959109434311e-01 0.000000000000000000e+00 0.000000000000000000e+00 0.000000000000000000e+00 0.000000000000000000e+00 0.000000000000000000e+00 0.000000000000000000e+00 0.000000000000000000e+00 0.000000000000000000e+00
1.099999999999999867e+00 7.313356383989696452e-01 0.000000000000000000e+00 2.686643616010326863e-01 0.000000000000000000e+00 0.000000000000000000e+00 0.000000000000000000e+00 1.763382737116454824e-02 -4.429140663452887927e-01 0.000000000000000000e+00 0.000000000000000000e+00 0.000000000000000000e+00 0.000000000000000000e+00 0.000000000000000000e+00 0.000000000000000000e+00 0.000000000000000000e+00 0.000000000000000000e+00
1.199999999999999956e+00 6.917629655554129453e-01 0.000000000000000000e+00 3.082370344445856114e-01 0.000000000000000000e+00 0.000000000000000000e+00 0.000000000000000000e+00 1.688816868683296057e-02 -4.614561239560104333e-01 0.000000000000000000e+00 0.000000000000000000e+00 0.000000000000000000e+00 0.000000000000000000e+00 0.000000000000000000e+00 0.000000000000000000e+00 0.000000000000000000e+00 0.000000000000000000e+00
1.300000000000000044e+00 6.519977033357402529e-01 0.000000000000000000e+00 3.480022966642584703e-01 0.000000000000000000e+00 0.000000000000000000e+00 0.000000000000000000e+00 1.572566447258172406e-02 -4.760770946221528077e-01 0.000000000000000000e+00 0.000000000000000000e+00 0.000000000000000000e+00 0.000000000000000000e+00 0.000000000000000000e+00 0.000000000000000000e+00 0.000000000000000000e+00 0.000000000000000000e+00
1.399999999999999911e+00 6.124911054279165157e-01 0.000000000000000000e+00 3.875088945720885358e-01 0.000000000000000000e+00 0.000000000000000000e+00 0.000000000000000000e+00 1.418258749151016240e-02 -4.869749526360399594e-01 0.000000000000000000e+00 0.000000000000000000e+00 0.000000000000000000e+00 0.000000000000000000e+00 0.000000000000000000e+00 0.000000000000000000e+00 0.000000000000000000e+00 0.000000000000000000e+00
1.500000000000000000e+00 5.736214423604601986e-01 0.000000000000000000e+00 4.263785576395414667e-01 0.000000000000000000e+00 0.000000000000000000e+00 0.000000000000000000e+00 1.228756680989234740e-02 -4.943975112828898899e-01 0.000000000000000000e+00 0.000000000000000000e+00 0.000000000000000000e+00 0.000000000000000000e+00 0.000000000000000000e+00 0.000000000000000000e+00 0.000000000000000000e+00 0.000000000000000000e+00
1.599999999999999867e+00 5.357177110788687857e-01 0.000000000000000000e+00 4.642822889211348780e-01 0.000000000000000000e+00 0.000000000000000000e+00 0.000000000000000000e+00 1.008017880912367992e-02 -4.986207323020647730e-01 0.000000000000000000e+00 0.000000000000000000e+00 0.000000000000000000e+00 0.000000000000000000e+00 0.000000000000000000e+00 0.000000000000000000e+00 0.000000000000000000e+00 0.000000000000000000e+00
1.699999999999999956e+00 4.990406641126478027e-01 0.000000000000000000e+00 5.009593358873539737e-01 0.000000000000000000e+00 0.000000000000000000e+00 0.000000000000000000e+00 7.598089971612126403e-03 -4.999413446598181543e-01 0.000000000000000000e+00 0.000000000000000000e+00 0.000000000000000000e+00 0.000000000000000000e+00 0.000000000000000000e+00 0.000000000000000000e+00 0.000000000000000000e+00 0.000000000000000000e+00
1.800000000000000044e+00 4.638177501511199230e-01 0.000000000000000000e+00 5.361822498488825195e-01 0.000000000000000000e+00 0.000000000000000000e+00 0.000000000000000000e+00 4.879953812726323115e-03 -4.986652487166317593e-01 0.000000000000000000e+00 0.000000000000000000e+00 0.000000000000000000e+00 0.000000000000000000e+00 0.000000000000000000e+00 0.000000000000000000e+00 0.000000000000000000e+00 0.000000000000000000e+00
1.899999999999999911e+00 4.301921549338367234e-01 0.000000000000000000e+00 5.698078450661639982e-01 0.000000000000000000e+00 0.000000000000000000e+00 0.000000000000000000e+00 1.972061722197326894e-03 -4.950989544638465523e-01 0.000000000000000000e+00 0.000000000000000000e+00 0.000000000000000000e+00 0.000000000000000000e+00 0.000000000000000000e+00 0.000000000000000000e+00 0.000000000000000000e+00 0.000000000000000000e+00
2.000000000000000000e+00 3.982805258256748582e-01 0.000000000000000000e+00 6.017194741743283615e-01 0.000000000000000000e+00 0.000000000000000000e+00 0.000000000000000000e+00 -1.088428988702122568e-03 -4.895426059799610763e-01 0.000000000000000000e+00 0.000000000000000000e+00 0.000000000000000000e+00 0.000000000000000000e+00 0.000000000000000000e+00 0.000000000000000000e+00 0.000000000000000000e+00 0.000000000000000000e+00
2.099999999999999645e+00 3.681432954215955178e-01 0.000000000000000000e+00 6.318567045784009295e-01 0.000000000000000000e+00 0.000000000000000000e+00 0.000000000000000000e+00 -4.262799413449147590e-03 -4.822816985752207963e-01 0.000000000000000000e+00 0.000000000000000000e+00 0.000000000000000000e+00 0.000000000000000000e+00 0.000000000000000000e+00 0.000000000000000000e+00 0.000000000000000000e+00 0.000000000000000000e+00
2.199999999999999734e+00 3.398160347865117337e-01 0.000000000000000000e+00 6.601839652134899872e-01 0.000000000000000000e+00 0.000000000000000000e+00 0.000000000000000000e+00 -7.518749961190562825e-03 -4.735869151657393084e-01 0.000000000000000000e+00 0.000000000000000000e+00 0.000000000000000000e+00 0.000000000000000000e+00 0.000000000000000000e+00 0.000000000000000000e+00 0.000000000000000000e+00 0.000000000000000000e+00
2.299999999999999822e+00 3.132927835645168968e-01 0.000000000000000000e+00 6.867072164354872665e-01 0.000000000000000000e+00 0.000000000000000000e+00 0.000000000000000000e+00 -1.081365844078434335e-02 -4.637062430494960918e-01 0.000000000000000000e+00 0.000000000000000000e+00 0.000000000000000000e+00 0.000000000000000000e+00 0.000000000000000000e+00 0.000000000000000000e+00 0.000000000000000000e+00 0.000000000000000000e+00
2.399999999999999911e+00 2.885498457482681967e-01 0.000000000000000000e+00 7.114501542517293053e-01 0.000000000000000000e+00 0.000000000000000000e+00 0.000000000000000000e+00 -1.412651470991271863e-02 -4.528678323889115953e-01 0.000000000000000000e+00 0.000000000000000000e+00 0.000000000000000000e+00 0.000000000000000000e+00 0.000000000000000000e+00 0.000000000000000000e+00 0.000000000000000000e+00 0.000000000000000000e+00
2.500000000000000000e+00 2.655440833827299452e-01 0.000000000000000000e+00 7.344559166172733855e-01 0.000000000000000000e+00 0.000000000000000000e+00 0.000000000000000000e+00 -1.742482727141773935e-02 -4.412785941511842558e-01 0.000000000000000000e+00 0.000000000000000000e+00 0.000000000000000000e+00 0.000000000000000000e+00 0.000000000000000000e+00 0.000000000000000000e+00 0.000000000000000000e+00 0.000000000000000000e+00
2.600000000000000089e+00 2.442088654452324592e-01 0.000000000000000000e+00 7.557911345547673188e-01 0.000000000000000000e+00 0.000000000000000000e+00 0.000000000000000000e+00 -2.068960114011107743e-02 -4.291186728551616980e-01 0.000000000000000000e+00 0.000000000000000000e+00 0.000000000000000000e+00 0.000000000000000000e+00 0.000000000000000000e+00 0.000000000000000000e+00 0.000000000000000000e+00 0.000000000000000000e+00
2.699999999999999734e+00 2.244693315215413876e-01 0.000000000000000000e+00 7.755306684784579740e-01 0.000000000000000000e+00 0.000000000000000000e+00 0.000000000000000000e+00 -2.389396141789694450e-02 -4.165476313442080802e-01 0.000000000000000000e+00 0.000000000000000000e+00 0.000000000000000000e+00 0.000000000000000000e+00 0.000000000000000000e+00 0.000000000000000000e+00 0.000000000000000000e+00 0.000000000000000000e+00
2.799999999999999822e+00 2.062520035061564394e-01 0.000000000000000000e+00 7.937479964938448651e-01 0.000000000000000000e+00 0.000000000000000000e+00 0.000000000000000000e+00 -2.701579171177273531e-02 -4.037106161890319234e-01 0.000000000000000000e+00 0.000000000000000000e+00 0.000000000000000000e+00 0.000000000000000000e+00 0.000000000000000000e+00 0.000000000000000000e+00 0.000000000000000000e+00 0.000000000000000000e+00
2.899999999999999911e+00 1.894647015074188978e-01 0.000000000000000000e+00 8.105352984925824344e-01 0.000000000000000000e+00 0.000000000000000000e+00 0.000000000000000000e+00 -3.005161538096200180e-02 -3.907233423328297373e-01 0.000000000000000000e+00 0.000000000000000000e+00 0.000000000000000000e+00 0.000000000000000000e+00 0.000000000000000000e+00 0.000000000000000000e+00 0.000000000000000000e+00 0.000000000000000000e+00
3.000000000000000000e+00 1.740300681629641799e-01 0.000000000000000000e+00 8.259699318370353760e-01 0.000000000000000000e+00 0.000000000000000000e+00 0.000000000000000000e+00 -3.298393216588899057e-02 -3.776978470012631317e-01 0.000000000000000000e+00 0.000000000000000000e+00 0.000000000000000000e+00 0.000000000000000000e+00 0.000000000000000000e+00 0.000000000000000000e+00 0.000000000000000000e+00 0.000000000000000000e+00
