1.000000000000000056e-01 9.879762733336187042e-01 0.000000000000000000e+00 1.202372666638045970e-02 0.000000000000000000e+00 0.000000000000000000e+00 0.000000000000000000e+00 5.844626696607713168e-02 9.199559998555592588e-02 0.000000000000000000e+00 0.000000000000000000e+00 0.000000000000000000e+00 0.000000000000000000e+00 0.000000000000000000e+00 0.000000000000000000e+00 0.000000000000000000e+00 0.000000000000000000e+00
2.000000000000000111e-01 9.528368559621076539e-01 0.000000000000000000e+00 4.716314403789173548e-02 0.000000000000000000e+00 0.000000000000000000e+00 0.000000000000000000e+00 1.049228169756297041e-01 1.842009346860886132e-01 0.000000000000000000e+00 0.000000000000000000e+00 0.000000000000000000e+00 0.000000000000000000e+00 0.000000000000000000e+00 0.000000000000000000e+00 0.000000000000000000e+00 0.000000000000000000e+00
2.999999999999999889e-01 8.972489762605835306e-01 0.000000000000000000e+00 1.027510237394182874e-01 0.000000000000000000e+00 0.000000000000000000e+00 0.000000000000000000e+00 1.286006962995313585e-01 2.750547431496992989e-01 0.000000000000000000e+00 0.000000000000000000e+00 0.000000000000000000e+00 0.000000000000000000e+00 0.000000000000000000e+00 0.000000000000000000e+00 0.000000000000000000e+00 0.000000000000000000e+00
4.000000000000000222e-01 8.252636487500378815e-01 0.000000000000000000e+00 1.747363512499638671e-01 0.000000000000000000e+00 0.000000000000000000e+00 0.000000000000000000e+00 1.211311428647970923e-01 3.599038824190578523e-01 0.000000000000000000e+00 0.000000000000000000e+00 0.000000000000000000e+00 0.000000000000000000e+00 0.000000000000000000e+00 0.000000000000000000e+00 0.000000000000000000e+00 0.000000000000000000e+00
5.000000000000000000e-01 7.418054353847817195e-01 0.000000000000000000e+00 2.581945646152213891e-01 0.000000000000000000e+00 0.000000000000000000e+00 0.000000000000000000e+00 7.817876867280559861e-02 4.306021488014905585e-01 0.000000000000000000e+00 0.000000000000000000e+00 0.000000000000000000e+00 0.000000000000000000e+00 0.000000000000000000e+00 0.000000000000000000e+00 0.000000000000000000e+00 0.000000000000000000e+00
5.999999999999999778e-01 6.520887759331974731e-01 0.000000000000000000e+00 3.479112240668053579e-01 0.000000000000000000e+00 0.000000000000000000e+00 0.000000000000000000e+00 1.005012052989695537e-03 4.763066171508683055e-01 0.000000000000000000e+00 0.000000000000000000e+00 0.000000000000000000e+00 0.000000000000000000e+00 0.000000000000000000e+00 0.000000000000000000e+00 0.000000000000000000e+00 0.000000000000000000e+00
6.999999999999999556e-01 5.610718210304800335e-01 0.000000000000000000e+00 4.389281789695166913e-01 0.000000000000000000e+00 0.000000000000000000e+00 0.000000000000000000e+00 -1.024212720894170647e-01 4.855719470113392111e-01 0.000000000000000000e+00 0.000000000000000000e+00 0.000000000000000000e+00 0.000000000000000000e+00 0.000000000000000000e+00 0.000000000000000000e+00 0.000000000000000000e+00 0.000000000000000000e+00
7.999999999999999334e-01 4.730140090100844463e-01 0.000000000000000000e+00 5.269859909899193839e-01 0.000000000000000000e+00 0.000000000000000000e+00 0.000000000000000000e+00 -2.173285743299872563e-01 4.494886507631683514e-01 0.000000000000000000e+00 0.000000000000000000e+00 0.000000000000000000e+00 0.000000000000000000e+00 0.000000000000000000e+00 0.000000000000000000e+00 0.000000000000000000e+00 0.000000000000000000e+00
8.999999999999999112e-01 3.912009568045697327e-01 0.000000000000000000e+00 6.087990431954385384e-01 0.000000000000000000e+00 0.000000000000000000e+00 0.000000000000000000e+00 -3.237188265151459410e-01 3.651970557146658192e-01 0.000000000000000000e+00 0.000000000000000000e+00 0.000000000000000000e+00 0.000000000000000000e+00 0.000000000000000000e+00 0.000000000000000000e+00 0.000000000000000000e+00 0.000000000000000000e+00
9.999999999999998890e-01 3.178376374407897442e-01 0.000000000000000000e+00 6.821623625592101448e-01 0.000000000000000000e+00 0.000000000000000000e+00 0.000000000000000000e+00 -3.997665669371383568e-01 2.387541951328209233e-01 0.000000000000000000e+00 0.000000000000000000e+00 0.000000000000000000e+00 0.000000000000000000e+00 0.000000000000000000e+00 0.000000000000000000e+00 0.000000000000000000e+00 0.000000000000000000e+00
1.099999999999999867e+00 2.540675868591000253e-01 0.000000000000000000e+00 7.459324131408983094e-01 0.000000000000000000e+00 0.000000000000000000e+00 0.000000000000000000e+00 -4.267196614810473410e-01 8.618340024430111435e-02 0.000000000000000000e+00 0.000000000000000000e+00 0.000000000000000000e+00 0.000000000000000000e+00 0.000000000000000000e+00 0.000000000000000000e+00 0.000000000000000000e+00 0.000000000000000000e+00
1.199999999999999956e+00 2.001610887255257654e-01 0.000000000000000000e+00 7.998389112744759277e-01 0.000000000000000000e+00 0.000000000000000000e+00 0.000000000000000000e+00 -3.942632492954900036e-01 -6.821376210666493800e-02 0.000000000000000000e+00 0.000000000000000000e+00 0.000000000000000000e+00 0.000000000000000000e+00 0.000000000000000000e+00 0.000000000000000000e+00 0.000000000000000000e+00 0.000000000000000000e+00
1.300000000000000044e+00 1.556936350682042725e-01 0.000000000000000000e+00 8.443063649317956720e-01 0.000000000000000000e+00 0.000000000000000000e+00 0.000000000000000000e+00 -3.046833947303409507e-01 -1.965226602758262664e-01 0.000000000000000000e+00 0.000000000000000000e+00 0.000000000000000000e+00 0.000000000000000000e+00 0.000000000000000000e+00 0.000000000000000000e+00 0.000000000000000000e+00 0.000000000000000000e+00
1.399999999999999911e+00 1.197982857452543487e-01 0.000000000000000000e+00 8.802017142547486905e-01 0.000000000000000000e+00 0.000000000000000000e+00 0.000000000000000000e+00 -1.741984541314178792e-01 -2.740466289358052254e-01 0.000000000000000000e+00 0.000000000000000000e+00 0.000000000000000000e+00 0.000000000000000000e+00 0.000000000000000000e+00 0.000000000000000000e+00 0.000000000000000000e+00 0.000000000000000000e+00
1.500000000000000000e+00 9.135992394693774610e-02 0.000000000000000000e+00 9.086400760530640719e-01 0.000000000000000000e+00 0.000000000000000000e+00 0.000000000000000000e+00 -3.025037674553240213e-02 -2.865278393127308476e-01 0.000000000000000000e+00 0.000000000000000000e+00 0.000000000000000000e+00 0.000000000000000000e+00 0.000000000000000000e+00 0.000000000000000000e+00 0.000000000000000000e+00 0.000000000000000000e+00
1.599999999999999867e+00 6.918638476425331696e-02 0.000000000000000000e+00 9.308136152357459059e-01 0.000000000000000000e+00 0.000000000000000000e+00 0.000000000000000000e+00 9.510602969790667160e-02 -2.352753112252138901e-01 0.000000000000000000e+00 0.000000000000000000e+00 0.000000000000000000e+00 0.000000000000000000e+00 0.000000000000000000e+00 0.000000000000000000e+00 0.000000000000000000e+00 0.000000000000000000e+00
1.699999999999999956e+00 5.212893949241757807e-02 0.000000000000000000e+00 9.478710605075812978e-01 0.000000000000000000e+00 0.000000000000000000e+00 0.000000000000000000e+00 1.742170795418802598e-01 -1.380576772270592500e-01 0.000000000000000000e+00 0.000000000000000000e+00 0.000000000000000000e+00 0.000000000000000000e+00 0.000000000000000000e+00 0.000000000000000000e+00 0.000000000000000000e+00 0.000000000000000000e+00
1.800000000000000044e+00 3.914600639156480544e-02 0.000000000000000000e+00 9.608539936084352640e-01 0.000000000000000000e+00 0.000000000000000000e+00 0.000000000000000000e+00 1.923660715809041299e-01 -2.467571806213144509e-02 0.000000000000000000e+00 0.000000000000000000e+00 0.000000000000000000e+00 0.000000000000000000e+00 0.000000000000000000e+00 0.000000000000000000e+00 0.000000000000000000e+00 0.000000000000000000e+00
1.899999999999999911e+00 2.934986801922365857e-02 0.000000000000000000e+00 9.706501319807748773e-01 0.000000000000000000e+00 0.000000000000000000e+00 0.000000000000000000e+00 1.527321977977529333e-01 7.184238946048533692e-02 0.000000000000000000e+00 0.000000000000000000e+00 0.000000000000000000e+00 0.000000000000000000e+00 0.000000000000000000e+00 0.000000000000000000e+00 0.000000000000000000e+00 0.000000000000000000e+00
2.000000000000000000e+00 2.200029497245370447e-02 0.000000000000000000e+00 9.779997050275457404e-01 0.000000000000000000e+00 0.000000000000000000e+00 0.000000000000000000e+00 7.546405881852760733e-02 1.257833750126682582e-01 0.000000000000000000e+00 0.000000000000000000e+00 0.000000000000000000e+00 0.000000000000000000e+00 0.000000000000000000e+00 0.000000000000000000e+00 0.000000000000000000e+00 0.000000000000000000e+00
2.099999999999999645e+00 1.651124477636401952e-02 0.000000000000000000e+00 9.834887552236321051e-01 0.000000000000000000e+00 0.000000000000000000e+00 0.000000000000000000e+00 -9.236021671016263895e-03 1.270957088310517846e-01 0.000000000000000000e+00 0.000000000000000000e+00 0.000000000000000000e+00 0.000000000000000000e+00 0.000000000000000000e+00 0.000000000000000000e+00 0.000000000000000000e+00 0.000000000000000000e+00
2.199999999999999734e+00 1.242092448539582408e-02 0.000000000000000000e+00 9.875790755146028888e-01 0.000000000000000000e+00 0.000000000000000000e+00 0.000000000000000000e+00 -7.188572285819980201e-02 8.425608437920231730e-02 0.000000000000000000e+00 0.000000000000000000e+00 0.000000000000000000e+00 0.000000000000000000e+00 0.000000000000000000e+00 0.000000000000000000e+00 0.000000000000000000e+00 0.000000000000000000e+00
2.299999999999999822e+00 9.375248570344305726e-03 0.000000000000000000e+00 9.906247514296558920e-01 0.000000000000000000e+00 0.000000000000000000e+00 0.000000000000000000e+00 -9.423463903308802736e-02 2.017884614128910570e-02 0.000000000000000000e+00 0.000000000000000000e+00 0.000000000000000000e+00 0.000000000000000000e+00 0.000000000000000000e+00 0.000000000000000000e+00 0.000000000000000000e+00 0.000000000000000000e+00
2.399999999999999911e+00 7.104465503901306878e-03 0.000000000000000000e+00 9.928955344961007956e-01 0.000000000000000000e+00 0.000000000000000000e+00 0.000000000000000000e+00 -7.521972874646504215e-02 -3.736287104039898860e-02 0.000000000000000000e+00 0.000000000000000000e+00 0.000000000000000000e+00 0.000000000000000000e+00 0.000000000000000000e+00 0.000000000000000000e+00 0.000000000000000000e+00 0.000000000000000000e+00
2.500000000000000000e+00 5.409753949730717465e-03 0.000000000000000000e+00 9.945902460502696885e-01 0.000000000000000000e+00 0.000000000000000000e+00 0.000000000000000000e+00 -2.994035780152263376e-02 -6.696314739671209437e-02 0.000000000000000000e+00 0.000000000000000000e+00 0.000000000000000000e+00 0.000000000000000000e+00 0.000000000000000000e+00 0.000000000000000000e+00 0.000000000000000000e+00 0.000000000000000000e+00
2.600000000000000089e+00 4.140946133087108558e-03 0.000000000000000000e+00 9.958590538669146452e-01 0.000000000000000000e+00 0.000000000000000000e+00 0.000000000000000000e+00 1.806323662364616583e-02 -6.162400288579515661e-02 0.000000000000000000e+00 0.000000000000000000e+00 0.000000000000000000e+00 0.000000000000000000e+00 0.000000000000000000e+00 0.000000000000000000e+00 0.000000000000000000e+00 0.000000000000000000e+00
2.699999999999999734e+00 3.187789922273532618e-03 0.000000000000000000e+00 9.968122100777235817e-01 0.000000000000000000e+00 0.000000000000000000e+00 0.000000000000000000e+00 4.761711639424930087e-02 -3.017014899909330194e-02 0.000000000000000000e+00 0.000000000000000000e+00 0.000000000000000000e+00 0.000000000000000000e+00 0.000000000000000000e+00 0.000000000000000000e+00 0.000000000000000000e+00 0.000000000000000000e+00
2.799999999999999822e+00 2.468750651985189819e-03 0.000000000000000000e+00 9.975312493480130716e-01 0.000000000000000000e+00 0.000000000000000000e+00 0.000000000000000000e+00 4.890568361066066627e-02 8.419601705757950860e-03 0.000000000000000000e+00 0.000000000000000000e+00 0.000000000000000000e+00 0.000000000000000000e+00 0.000000000000000000e+00 0.000000000000000000e+00 0.000000000000000000e+00 0.000000000000000000e+00
2.899999999999999911e+00 1.923049871971410684e-03 0.000000000000000000e+00 9.980769501280343237e-01 0.000000000000000000e+00 0.000000000000000000e+00 0.000000000000000000e+00 2.657148168735307125e-02 3.483256341719973004e-02 0.000000000000000000e+00 0.000000000000000000e+00 0.000000000000000000e+00 0.000000000000000000e+00 0.000000000000000000e+00 0.000000000000000000e+00 0.000000000000000000e+00 0.000000000000000000e+00
3.000000000000000000e+00 1.507145616635692693e-03 0.000000000000000000e+00 9.984928543833638814e-01 0.000000000000000000e+00 0.000000000000000000e+00 0.000000000000000000e+00 -4.252773773682831833e-03 3.855888369213599648e-02 0.000000000000000000e+00 0.000000000000000000e+00 0.000000000000000000e+00 0.000000000000000000e+00 0.000000000000000000e+00 0.000000000000000000e+00 0.000000000000000000e+00 0.000000000000000000e+00
