1.000000000000000056e-01 9.965830518646772163e-01 0.000000000000000000e+00 3.416948135323227397e-03 0.000000000000000000e+00 0.000000000000000000e+00 0.000000000000000000e+00 1.484088432240318091e-02 -5.643604436044531020e-02 0.000000000000000000e+00 0.000000000000000000e+00 0.000000000000000000e+00 0.000000000000000000e+00 0.000000000000000000e+00 0.000000000000000000e+00 0.000000000000000000e+00 0.000000000000000000e+00
2.000000000000000111e-01 9.867883499551891591e-01 0.000000000000000000e+00 1.321165004481095889e-02 0.000000000000000000e+00 0.000000000000000000e+00 0.000000000000000000e+00 3.126776983127174669e-02 -1.098155432797523479e-01 0.000000000000000000e+00 0.000000000000000000e+00 0.000000000000000000e+00 0.000000000000000000e+00 0.000000000000000000e+00 0.000000000000000000e+00 0.000000000000000000e+00 0.000000000000000000e+00
2.999999999999999889e-01 9.719260041796801142e-01 0.000000000000000000e+00 2.807399582031887622e-02 0.000000000000000000e+00 0.000000000000000000e+00 0.000000000000000000e+00 5.054270627811249111e-02 -1.572619918220409807e-01 0.000000000000000000e+00 0.000000000000000000e+00 0.000000000000000000e+00 0.000000000000000000e+00 0.000000000000000000e+00 0.000000000000000000e+00 0.000000000000000000e+00 0.000000000000000000e+00
4.000000000000000222e-01 9.539922083168906886e-01 0.000000000000000000e+00 4.600779168310875633e-02 0.000000000000000000e+00 0.000000000000000000e+00 0.000000000000000000e+00 7.332255466785203568e-02 -1.962522992065498795e-01 0.000000000000000000e+00 0.000000000000000000e+00 0.000000000000000000e+00 0.000000000000000000e+00 0.000000000000000000e+00 0.000000000000000000e+00 0.000000000000000000e+00 0.000000000000000000e+00
5.000000000000000000e-01 9.354121694242732987e-01 0.000000000000000000e+00 6.458783057572529962e-02 0.000000000000000000e+00 0.000000000000000000e+00 0.000000000000000000e+00 9.945818180001557429e-02 -2.247764160860954985e-01 0.000000000000000000e+00 0.000000000000000000e+00 0.000000000000000000e+00 0.000000000000000000e+00 0.000000000000000000e+00 0.000000000000000000e+00 0.000000000000000000e+00 0.000000000000000000e+00
5.999999999999999778e-01 9.187251478430544793e-01 0.000000000000000000e+00 8.127485215694636722e-02 0.000000000000000000e+00 0.000000000000000000e+00 0.000000000000000000e+00 1.279023658418117493e-01 -2.414754564088207878e-01 0.000000000000000000e+00 0.000000000000000000e+00 0.000000000000000000e+00 0.000000000000000000e+00 0.000000000000000000e+00 0.000000000000000000e+00 0.000000000000000000e+00 0.000000000000000000e+00
6.999999999999999556e-01 9.062501452902309573e-01 0.000000000000000000e+00 9.374985470977004187e-02 0.000000000000000000e+00 0.000000000000000000e+00 0.000000000000000000e+00 1.567418602510727565e-01 -2.457498754926487061e-01 0.000000000000000000e+00 0.000000000000000000e+00 0.000000000000000000e+00 0.000000000000000000e+00 0.000000000000000000e+00 0.000000000000000000e+00 0.000000000000000000e+00 0.000000000000000000e+00
7.999999999999999334e-01 8.997734743773476707e-01 0.000000000000000000e+00 1.002265256226519685e-01 0.000000000000000000e+00 0.000000000000000000e+00 0.000000000000000000e+00 1.833542683144900043e-01 -2.378289283964595546e-01 0.000000000000000000e+00 0.000000000000000000e+00 0.000000000000000000e+00 0.000000000000000000e+00 0.000000000000000000e+00 0.000000000000000000e+00 0.000000000000000000e+00 0.000000000000000000e+00
8.999999999999999112e-01 9.002972528498780491e-01 0.000000000000000000e+00 9.970274715012079902e-02 0.000000000000000000e+00 0.000000000000000000e+00 0.000000000000000000e+00 2.046752793222838818e-01 -2.187929924511440305e-01 0.000000000000000000e+00 0.000000000000000000e+00 0.000000000000000000e+00 0.000000000000000000e+00 0.000000000000000000e+00 0.000000000000000000e+00 0.000000000000000000e+00 0.000000000000000000e+00
9.999999999999998890e-01 9.078810125086314020e-01 0.000000000000000000e+00 9.211898749136912534e-02 0.000000000000000000e+00 0.000000000000000000e+00 0.000000000000000000e+00 2.175481140902575383e-01 -1.905416970230890683e-01 0.000000000000000000e+00 0.000000000000000000e+00 0.000000000000000000e+00 0.000000000000000000e+00 0.000000000000000000e+00 0.000000000000000000e+00 0.000000000000000000e+00 0.000000000000000000e+00
1.099999999999999867e+00 9.215978602865237956e-01 0.000000000000000000e+00 7.840213971347510802e-02 0.000000000000000000e+00 0.000000000000000000e+00 0.000000000000000000e+00 2.191162879778892347e-01 -1.557033478407093274e-01 0.000000000000000000e+00 0.000000000000000000e+00 0.000000000000000000e+00 0.000000000000000000e+00 0.000000000000000000e+00 0.000000000000000000e+00 0.000000000000000000e+00 0.000000000000000000e+00
1.199999999999999956e+00 9.396131983849226321e-01 0.000000000000000000e+00 6.038680161507665317e-02 0.000000000000000000e+00 0.000000000000000000e+00 0.000000000000000000e+00 2.072142794796512644e-01 -1.174848816887365116e-01 0.000000000000000000e+00 0.000000000000000000e+00 0.000000000000000000e+00 0.000000000000000000e+00 0.000000000000000000e+00 0.000000000000000000e+00 0.000000000000000000e+00 0.000000000000000000e+00
1.300000000000000044e+00 9.593794426414762322e-01 0.000000000000000000e+00 4.062055735852279637e-02 0.000000000000000000e+00 0.000000000000000000e+00 0.000000000000000000e+00 1.807091981251652824e-01 -7.946636437983389811e-02 0.000000000000000000e+00 0.000000000000000000e+00 0.000000000000000000e+00 0.000000000000000000e+00 0.000000000000000000e+00 0.000000000000000000e+00 0.000000000000000000e+00 0.000000000000000000e+00
1.399999999999999911e+00 9.779261599992232767e-01 0.000000000000000000e+00 2.207384000077755939e-02 0.000000000000000000e+00 0.000000000000000000e+00 0.000000000000000000e+00 1.397503413380459247e-01 -4.534947878712766028e-02 0.000000000000000000e+00 0.000000000000000000e+00 0.000000000000000000e+00 0.000000000000000000e+00 0.000000000000000000e+00 0.000000000000000000e+00 0.000000000000000000e+00 0.000000000000000000e+00
1.500000000000000000e+00 9.922132174471984811e-01 0.000000000000000000e+00 7.786782552801072184e-03 0.000000000000000000e+00 0.000000000000000000e+00 0.000000000000000000e+00 8.589230409580518588e-02 -1.867499968282213679e-02 0.000000000000000000e+00 0.000000000000000000e+00 0.000000000000000000e+00 0.000000000000000000e+00 0.000000000000000000e+00 0.000000000000000000e+00 0.000000000000000000e+00 0.000000000000000000e+00
1.599999999999999867e+00 9.995063022528936081e-01 0.000000000000000000e+00 4.936977471069825887e-04 0.000000000000000000e+00 0.000000000000000000e+00 0.000000000000000000e+00 2.207019600980372753e-02 -2.529263160174033236e-03 0.000000000000000000e+00 0.000000000000000000e+00 0.000000000000000000e+00 0.000000000000000000e+00 0.000000000000000000e+00 0.000000000000000000e+00 0.000000000000000000e+00 0.000000000000000000e+00
1.699999999999999956e+00 9.977305458056741072e-01 0.000000000000000000e+00 2.269454194324893159e-03 0.000000000000000000e+00 0.000000000000000000e+00 0.000000000000000000e+00 -4.757879780915433982e-02 7.365828112509825720e-04 0.000000000000000000e+00 0.000000000000000000e+00 0.000000000000000000e+00 0.000000000000000000e+00 0.000000000000000000e+00 0.000000000000000000e+00 0.000000000000000000e+00 0.000000000000000000e+00
1.800000000000000044e+00 9.857594537308953520e-01 0.000000000000000000e+00 1.424054626910395069e-02 0.000000000000000000e+00 0.000000000000000000e+00 0.000000000000000000e+00 -1.180364560015571412e-01 -1.025114353571768971e-02 0.000000000000000000e+00 0.000000000000000000e+00 0.000000000000000000e+00 0.000000000000000000e+00 0.000000000000000000e+00 0.000000000000000000e+00 0.000000000000000000e+00 0.000000000000000000e+00
1.899999999999999911e+00 9.636028278661926683e-01 0.000000000000000000e+00 3.639717213380799093e-02 0.000000000000000000e+00 0.000000000000000000e+00 0.000000000000000000e+00 -1.838399540232004969e-01 -3.571006834609650321e-02 0.000000000000000000e+00 0.000000000000000000e+00 0.000000000000000000e+00 0.000000000000000000e+00 0.000000000000000000e+00 0.000000000000000000e+00 0.000000000000000000e+00 0.000000000000000000e+00
2.000000000000000000e+00 9.324682009259047666e-01 0.000000000000000000e+00 6.753179907409424809e-02 0.000000000000000000e+00 0.000000000000000000e+00 0.000000000000000000e+00 -2.395927745453684254e-01 -7.460894978275764422e-02 0.000000000000000000e+00 0.000000000000000000e+00 0.000000000000000000e+00 0.000000000000000000e+00 0.000000000000000000e+00 0.000000000000000000e+00 0.000000000000000000e+00 0.000000000000000000e+00
2.099999999999999645e+00 8.946843249657377983e-01 0.000000000000000000e+00 1.053156750342635339e-01 0.000000000000000000e+00 0.000000000000000000e+00 0.000000000000000000e+00 -2.804994520971562655e-01 -1.246769491760494480e-01 0.000000000000000000e+00 0.000000000000000000e+00 0.000000000000000000e+00 0.000000000000000000e+00 0.000000000000000000e+00 0.000000000000000000e+00 0.000000000000000000e+00 0.000000000000000000e+00
2.199999999999999734e+00 8.534909118689144591e-01 0.000000000000000000e+00 1.465090881310864845e-01 0.000000000000000000e+00 0.000000000000000000e+00 0.000000000000000000e+00 -3.028689140728236806e-01 -1.825231720078113740e-01 0.000000000000000000e+00 0.000000000000000000e+00 0.000000000000000000e+00 0.000000000000000000e+00 0.000000000000000000e+00 0.000000000000000000e+00 0.000000000000000000e+00 0.000000000000000000e+00
2.299999999999999822e+00 8.127143591918259968e-01 0.000000000000000000e+00 1.872856408081725321e-01 0.000000000000000000e+00 0.000000000000000000e+00 0.000000000000000000e+00 -3.045323414240144189e-01 -2.438648273209541306e-01 0.000000000000000000e+00 0.000000000000000000e+00 0.000000000000000000e+00 0.000000000000000000e+00 0.000000000000000000e+00 0.000000000000000000e+00 0.000000000000000000e+00 0.000000000000000000e+00
2.399999999999999911e+00 7.763628343308502933e-01 0.000000000000000000e+00 2.236371656691490684e-01 0.000000000000000000e+00 0.000000000000000000e+00 0.000000000000000000e+00 -2.851284146459009405e-01 -3.038516808727068086e-01 0.000000000000000000e+00 0.000000000000000000e+00 0.000000000000000000e+00 0.000000000000000000e+00 0.000000000000000000e+00 0.000000000000000000e+00 0.000000000000000000e+00 0.000000000000000000e+00
2.500000000000000000e+00 7.481842460063348188e-01 0.000000000000000000e+00 2.518157539936651812e-01 0.000000000000000000e+00 0.000000000000000000e+00 0.000000000000000000e+00 -2.462209468737877327e-01 -3.574640326122634493e-01 0.000000000000000000e+00 0.000000000000000000e+00 0.000000000000000000e+00 0.000000000000000000e+00 0.000000000000000000e+00 0.000000000000000000e+00 0.000000000000000000e+00 0.000000000000000000e+00
2.600000000000000089e+00 7.312360832327334803e-01 0.000000000000000000e+00 2.687639167672656315e-01 0.000000000000000000e+00 0.000000000000000000e+00 0.000000000000000000e+00 -1.912300880957959748e-01 -3.999523716182221689e-01 0.000000000000000000e+00 0.000000000000000000e+00 0.000000000000000000e+00 0.000000000000000000e+00 0.000000000000000000e+00 0.000000000000000000e+00 0.000000000000000000e+00 0.000000000000000000e+00
2.699999999999999734e+00 7.275161366635285454e-01 0.000000000000000000e+00 2.724838633364705665e-01 0.000000000000000000e+00 0.000000000000000000e+00 0.000000000000000000e+00 -1.251769146604315985e-01 -4.272802403338485377e-01 0.000000000000000000e+00 0.000000000000000000e+00 0.000000000000000000e+00 0.000000000000000000e+00 0.000000000000000000e+00 0.000000000000000000e+00 0.000000000000000000e+00 0.000000000000000000e+00
2.799999999999999822e+00 7.376976209170857945e-01 0.000000000000000000e+00 2.623023790829143165e-01 0.000000000000000000e+00 0.000000000000000000e+00 0.000000000000000000e+00 -5.426040822488845117e-02 -4.365285858850957990e-01 0.000000000000000000e+00 0.000000000000000000e+00 0.000000000000000000e+00 0.000000000000000000e+00 0.000000000000000000e+00 0.000000000000000000e+00 0.000000000000000000e+00 0.000000000000000000e+00
2.899999999999999911e+00 7.610016936427744794e-01 0.000000000000000000e+00 2.389983063572256039e-01 0.000000000000000000e+00 0.000000000000000000e+00 0.000000000000000000e+00 1.469640797759159956e-02 -4.262206062019371910e-01 0.000000000000000000e+00 0.000000000000000000e+00 0.000000000000000000e+00 0.000000000000000000e+00 0.000000000000000000e+00 0.000000000000000000e+00 0.000000000000000000e+00 0.000000000000000000e+00
3.000000000000000000e+00 7.952258941730113717e-01 0.000000000000000000e+00 2.047741058269889891e-01 0.000000000000000000e+00 0.000000000000000000e+00 0.000000000000000000e+00 7.487994845650744469e-02 -3.965310440341162646e-01 0.000000000000000000e+00 0.000000000000000000e+00 0.000000000000000000e+00 0.000000000000000000e+00 0.000000000000000000e+00 0.000000000000000000e+00 0.000000000000000000e+00 0.000000000000000000e+00
