1.000000000000000056e-01 9.759639275792264534e-01 0.000000000000000000e+00 2.403607242077364717e-02 0.000000000000000000e+00 0.000000000000000000e+00 0.000000000000000000e+00 1.383177858190151044e-01 6.577636115380391946e-02 0.000000000000000000e+00 0.000000000000000000e+00 0.000000000000000000e+00 0.000000000000000000e+00 0.000000000000000000e+00 0.000000000000000000e+00 0.000000000000000000e+00 0.000000000000000000e+00
2.000000000000000111e-01 9.071175485847511322e-01 0.000000000000000000e+00 9.288245141524925641e-02 0.000000000000000000e+00 0.000000000000000000e+00 0.000000000000000000e+00 2.568816636361698214e-01 1.351558809745075085e-01 0.000000000000000000e+00 0.000000000000000000e+00 0.000000000000000000e+00 0.000000000000000000e+00 0.000000000000000000e+00 0.000000000000000000e+00 0.000000000000000000e+00 0.000000000000000000e+00
2.999999999999999889e-01 8.025555837937323744e-01 0.000000000000000000e+00 1.974444162062691521e-01 0.000000000000000000e+00 0.000000000000000000e+00 0.000000000000000000e+00 3.388725884510665476e-01 2.088671506161606795e-01 0.000000000000000000e+00 0.000000000000000000e+00 0.000000000000000000e+00 0.000000000000000000e+00 0.000000000000000000e+00 0.000000000000000000e+00 0.000000000000000000e+00 0.000000000000000000e+00
4.000000000000000222e-01 6.753248031363153769e-01 0.000000000000000000e+00 3.246751968636848451e-01 0.000000000000000000e+00 0.000000000000000000e+00 0.000000000000000000e+00 3.730870898880074837e-01 2.829615432699193467e-01 0.000000000000000000e+00 0.000000000000000000e+00 0.000000000000000000e+00 0.000000000000000000e+00 0.000000000000000000e+00 0.000000000000000000e+00 0.000000000000000000e+00 0.000000000000000000e+00
5.000000000000000000e-01 5.398638944381687343e-01 0.000000000000000000e+00 4.601361055618300444e-01 0.000000000000000000e+00 0.000000000000000000e+00 0.000000000000000000e+00 3.560046503365221771e-01 3.488145005988753655e-01 0.000000000000000000e+00 0.000000000000000000e+00 0.000000000000000000e+00 0.000000000000000000e+00 0.000000000000000000e+00 0.000000000000000000e+00 0.000000000000000000e+00 0.000000000000000000e+00
5.999999999999999778e-01 4.094266758995861455e-01 0.000000000000000000e+00 5.905733241004127443e-01 0.000000000000000000e+00 0.000000000000000000e+00 0.000000000000000000e+00 2.927673435783876843e-01 3.950743613467827542e-01 0.000000000000000000e+00 0.000000000000000000e+00 0.000000000000000000e+00 0.000000000000000000e+00 0.000000000000000000e+00 0.000000000000000000e+00 0.000000000000000000e+00 0.000000000000000000e+00
6.999999999999999556e-01 2.940954210593514917e-01 0.000000000000000000e+00 7.059045789406500626e-01 0.000000000000000000e+00 0.000000000000000000e+00 0.000000000000000000e+00 1.966096740300118384e-01 4.110327656235600591e-01 0.000000000000000000e+00 0.000000000000000000e+00 0.000000000000000000e+00 0.000000000000000000e+00 0.000000000000000000e+00 0.000000000000000000e+00 0.000000000000000000e+00 0.000000000000000000e+00
7.999999999999999334e-01 1.997620284708599703e-01 0.000000000000000000e+00 8.002379715291406681e-01 0.000000000000000000e+00 0.000000000000000000e+00 0.000000000000000000e+00 8.651719873568064489e-02 3.903484689970880273e-01 0.000000000000000000e+00 0.000000000000000000e+00 0.000000000000000000e+00 0.000000000000000000e+00 0.000000000000000000e+00 0.000000000000000000e+00 0.000000000000000000e+00 0.000000000000000000e+00
8.999999999999999112e-01 1.281441643777777584e-01 0.000000000000000000e+00 8.718558356222197991e-01 0.000000000000000000e+00 0.000000000000000000e+00 0.000000000000000000e+00 -1.664470025154994592e-02 3.338355619214842807e-01 0.000000000000000000e+00 0.000000000000000000e+00 0.000000000000000000e+00 0.000000000000000000e+00 0.000000000000000000e+00 0.000000000000000000e+00 0.000000000000000000e+00 0.000000000000000000e+00
9.999999999999998890e-01 7.762087752915346195e-02 0.000000000000000000e+00 9.223791224708463021e-01 0.000000000000000000e+00 0.000000000000000000e+00 0.000000000000000000e+00 -9.474186165091291745e-02 2.502395765985638842e-01 0.000000000000000000e+00 0.000000000000000000e+00 0.000000000000000000e+00 0.000000000000000000e+00 0.000000000000000000e+00 0.000000000000000000e+00 0.000000000000000000e+00 0.000000000000000000e+00
1.099999999999999867e+00 4.450278531910040886e-02 0.000000000000000000e+00 9.554972146808993205e-01 0.000000000000000000e+00 0.000000000000000000e+00 0.000000000000000000e+00 -1.365226187824508108e-01 1.545440031616057697e-01 0.000000000000000000e+00 0.000000000000000000e+00 0.000000000000000000e+00 0.000000000000000000e+00 0.000000000000000000e+00 0.000000000000000000e+00 0.000000000000000000e+00 0.000000000000000000e+00
1.199999999999999956e+00 2.432889499244327708e-02 0.000000000000000000e+00 9.756711050075543845e-01 0.000000000000000000e+00 0.000000000000000000e+00 0.000000000000000000e+00 -1.400579983322500777e-01 6.419300049849896439e-02 0.000000000000000000e+00 0.000000000000000000e+00 0.000000000000000000e+00 0.000000000000000000e+00 0.000000000000000000e+00 0.000000000000000000e+00 0.000000000000000000e+00 0.000000000000000000e+00
1.300000000000000044e+00 1.288265027595320890e-02 0.000000000000000000e+00 9.871173497240487427e-01 0.000000000000000000e+00 0.000000000000000000e+00 0.000000000000000000e+00 -1.126285570929553143e-01 -5.610469979648515827e-03 0.000000000000000000e+00 0.000000000000000000e+00 0.000000000000000000e+00 0.000000000000000000e+00 0.000000000000000000e+00 0.000000000000000000e+00 0.000000000000000000e+00 0.000000000000000000e+00
1.399999999999999911e+00 6.783540267332785478e-03 0.000000000000000000e+00 9.932164597326665900e-01 0.000000000000000000e+00 0.000000000000000000e+00 0.000000000000000000e+00 -6.800017768658402073e-02 -4.597258813612715989e-02 0.000000000000000000e+00 0.000000000000000000e+00 0.000000000000000000e+00 0.000000000000000000e+00 0.000000000000000000e+00 0.000000000000000000e+00 0.000000000000000000e+00 0.000000000000000000e+00
1.500000000000000000e+00 3.669303095220406274e-03 0.000000000000000000e+00 9.963306969047808215e-01 0.000000000000000000e+00 0.000000000000000000e+00 0.000000000000000000e+00 -2.192520563270637657e-02 -5.634804225845755493e-02 0.000000000000000000e+00 0.000000000000000000e+00 0.000000000000000000e+00 0.000000000000000000e+00 0.000000000000000000e+00 0.000000000000000000e+00 0.000000000000000000e+00 0.000000000000000000e+00
1.599999999999999867e+00 2.087985232150688097e-03 0.000000000000000000e+00 9.979120147678482988e-01 0.000000000000000000e+00 0.000000000000000000e+00 0.000000000000000000e+00 1.264318134666315464e-02 -4.386058974521061388e-02 0.000000000000000000e+00 0.000000000000000000e+00 0.000000000000000000e+00 0.000000000000000000e+00 0.000000000000000000e+00 0.000000000000000000e+00 0.000000000000000000e+00 0.000000000000000000e+00
1.699999999999999956e+00 1.251893402781714898e-03 0.000000000000000000e+00 9.987481065972174665e-01 0.000000000000000000e+00 0.000000000000000000e+00 0.000000000000000000e+00 2.901470065701084941e-02 -2.021010385107624430e-02 0.000000000000000000e+00 0.000000000000000000e+00 0.000000000000000000e+00 0.000000000000000000e+00 0.000000000000000000e+00 0.000000000000000000e+00 0.000000000000000000e+00 0.000000000000000000e+00
1.800000000000000044e+00 7.798895289057389485e-04 0.000000000000000000e+00 9.992201104710950466e-01 0.000000000000000000e+00 0.000000000000000000e+00 0.000000000000000000e+00 2.779072738803949755e-02 2.632741653119836066e-03 0.000000000000000000e+00 0.000000000000000000e+00 0.000000000000000000e+00 0.000000000000000000e+00 0.000000000000000000e+00 0.000000000000000000e+00 0.000000000000000000e+00 0.000000000000000000e+00
1.899999999999999911e+00 5.000940077026142351e-04 0.000000000000000000e+00 9.994999059922980988e-01 0.000000000000000000e+00 0.000000000000000000e+00 0.000000000000000000e+00 1.528148910607718923e-02 1.631852744146848264e-02 0.000000000000000000e+00 0.000000000000000000e+00 0.000000000000000000e+00 0.000000000000000000e+00 0.000000000000000000e+00 0.000000000000000000e+00 0.000000000000000000e+00 0.000000000000000000e+00
2.000000000000000000e+00 3.315596432327750829e-04 0.000000000000000000e+00 9.996684403567681620e-01 0.000000000000000000e+00 0.000000000000000000e+00 0.000000000000000000e+00 1.346065173475005650e-04 1.820455243607200721e-02 0.000000000000000000e+00 0.000000000000000000e+00 0.000000000000000000e+00 0.000000000000000000e+00 0.000000000000000000e+00 0.000000000000000000e+00 0.000000000000000000e+00 0.000000000000000000e+00
2.099999999999999645e+00 2.291576692529321408e-04 0.000000000000000000e+00 9.997708423307477554e-01 0.000000000000000000e+00 0.000000000000000000e+00 0.000000000000000000e+00 -1.035993875882995977e-02 1.103406933771141490e-02 0.000000000000000000e+00 0.000000000000000000e+00 0.000000000000000000e+00 0.000000000000000000e+00 0.000000000000000000e+00 0.000000000000000000e+00 0.000000000000000000e+00 0.000000000000000000e+00
2.199999999999999734e+00 1.645464368542514559e-04 0.000000000000000000e+00 9.998354535631460704e-01 0.000000000000000000e+00 0.000000000000000000e+00 0.000000000000000000e+00 -1.281049856153670084e-02 6.196850102991211754e-04 0.000000000000000000e+00 0.000000000000000000e+00 0.000000000000000000e+00 0.000000000000000000e+00 0.000000000000000000e+00 0.000000000000000000e+00 0.000000000000000000e+00 0.000000000000000000e+00
2.299999999999999822e+00 1.209011389384679897e-04 0.000000000000000000e+00 9.998790988610617436e-01 0.000000000000000000e+00 0.000000000000000000e+00 0.000000000000000000e+00 -8.241300497991651403e-03 -7.276038451888459241e-03 0.000000000000000000e+00 0.000000000000000000e+00 0.000000000000000000e+00 0.000000000000000000e+00 0.000000000000000000e+00 0.000000000000000000e+00 0.000000000000000000e+00 0.000000000000000000e+00
2.399999999999999911e+00 8.981511990204903010e-05 0.000000000000000000e+00 9.999101848800997505e-01 0.000000000000000000e+00 0.000000000000000000e+00 0.000000000000000000e+00 -6.597328740239647533e-04 -9.452250232118103099e-03 0.000000000000000000e+00 0.000000000000000000e+00 0.000000000000000000e+00 0.000000000000000000e+00 0.000000000000000000e+00 0.000000000000000000e+00 0.000000000000000000e+00 0.000000000000000000e+00
2.500000000000000000e+00 6.760030236439288547e-05 0.000000000000000000e+00 9.999323996976356987e-01 0.000000000000000000e+00 0.000000000000000000e+00 0.000000000000000000e+00 5.416771381398272252e-03 -6.182876681732746120e-03 0.000000000000000000e+00 0.000000000000000000e+00 0.000000000000000000e+00 0.000000000000000000e+00 0.000000000000000000e+00 0.000000000000000000e+00 0.000000000000000000e+00 0.000000000000000000e+00
2.600000000000000089e+00 5.213049388079512409e-05 0.000000000000000000e+00 9.999478695061211342e-01 0.000000000000000000e+00 0.000000000000000000e+00 0.000000000000000000e+00 7.208716429815273212e-03 -3.698541175515169957e-04 0.000000000000000000e+00 0.000000000000000000e+00 0.000000000000000000e+00 0.000000000000000000e+00 0.000000000000000000e+00 0.000000000000000000e+00 0.000000000000000000e+00 0.000000000000000000e+00
2.699999999999999734e+00 4.138411905615733001e-05 0.000000000000000000e+00 9.999586158809442571e-01 0.000000000000000000e+00 0.000000000000000000e+00 0.000000000000000000e+00 4.692172229480596514e-03 4.397963622896158657e-03 0.000000000000000000e+00 0.000000000000000000e+00 0.000000000000000000e+00 0.000000000000000000e+00 0.000000000000000000e+00 0.000000000000000000e+00 0.000000000000000000e+00 0.000000000000000000e+00
2.799999999999999822e+00 3.347944134273250419e-05 0.000000000000000000e+00 9.999665205586577565e-01 0.000000000000000000e+00 0.000000000000000000e+00 0.000000000000000000e+00 8.936699308966606844e-05 5.783475745295830854e-03 0.000000000000000000e+00 0.000000000000000000e+00 0.000000000000000000e+00 0.000000000000000000e+00 0.000000000000000000e+00 0.000000000000000000e+00 0.000000000000000000e+00 0.000000000000000000e+00
2.899999999999999911e+00 2.717277426467806082e-05 0.000000000000000000e+00 9.999728272257359940e-01 0.000000000000000000e+00 0.000000000000000000e+00 0.000000000000000000e+00 -3.685809533314298933e-03 3.683432702857901159e-03 0.000000000000000000e+00 0.000000000000000000e+00 0.000000000000000000e+00 0.000000000000000000e+00 0.000000000000000000e+00 0.000000000000000000e+00 0.000000000000000000e+00 0.000000000000000000e+00
3.000000000000000000e+00 2.199833081912469683e-05 0.000000000000000000e+00 9.999780016691803830e-01 0.000000000000000000e+00 0.000000000000000000e+00 0.000000000000000000e+00 -4.687361507735381648e-03 -1.014328698382595945e-04 0.000000000000000000e+00 0.000000000000000000e+00 0.000000000000000000e+00 0.000000000000000000e+00 0.000000000000000000e+00 0.000000000000000000e+00 0.000000000000000000e+00 0.000000000000000000e+00
