1.000000000000000056e-01 9.764254400476913842e-01 0.000000000000000000e+00 2.357455995230976764e-02 0.000000000000000000e+00 0.000000000000000000e+00 0.000000000000000000e+00 1.511359999010494226e-01 1.329321000046731170e-02 0.000000000000000000e+00 0.000000000000000000e+00 0.000000000000000000e+00 0.000000000000000000e+00 0.000000000000000000e+00 0.000000000000000000e+00 0.000000000000000000e+00 0.000000000000000000e+00
2.000000000000000111e-01 9.088582956007964508e-01 0.000000000000000000e+00 9.114170439920389610e-02 0.000000000000000000e+00 0.000000000000000000e+00 0.000000000000000000e+00 2.863633713421521176e-01 2.882556258063940363e-02 0.000000000000000000e+00 0.000000000000000000e+00 0.000000000000000000e+00 0.000000000000000000e+00 0.000000000000000000e+00 0.000000000000000000e+00 0.000000000000000000e+00 0.000000000000000000e+00
2.999999999999999889e-01 8.061060049392975158e-01 0.000000000000000000e+00 1.938939950607022622e-01 0.000000000000000000e+00 0.000000000000000000e+00 0.000000000000000000e+00 3.924534514127545060e-01 4.774307421408229002e-02 0.000000000000000000e+00 0.000000000000000000e+00 0.000000000000000000e+00 0.000000000000000000e+00 0.000000000000000000e+00 0.000000000000000000e+00 0.000000000000000000e+00 0.000000000000000000e+00
4.000000000000000222e-01 6.808227713176435714e-01 0.000000000000000000e+00 3.191772286823549298e-01 0.000000000000000000e+00 0.000000000000000000e+00 0.000000000000000000e+00 4.609582959362452659e-01 6.943034965723256235e-02 0.000000000000000000e+00 0.000000000000000000e+00 0.000000000000000000e+00 0.000000000000000000e+00 0.000000000000000000e+00 0.000000000000000000e+00 0.000000000000000000e+00 0.000000000000000000e+00
5.000000000000000000e-01 5.470500085469891527e-01 0.000000000000000000e+00 4.529499914530103477e-01 0.000000000000000000e+00 0.000000000000000000e+00 0.000000000000000000e+00 4.892953075959281528e-01 9.152266085843585586e-02 0.000000000000000000e+00 0.000000000000000000e+00 0.000000000000000000e+00 0.000000000000000000e+00 0.000000000000000000e+00 0.000000000000000000e+00 0.000000000000000000e+00 0.000000000000000000e+00
5.999999999999999778e-01 4.177335341939139024e-01 0.000000000000000000e+00 5.822664658060869858e-01 0.000000000000000000e+00 0.000000000000000000e+00 0.000000000000000000e+00 4.806276042781197910e-01 1.105863187780208728e-01 0.000000000000000000e+00 0.000000000000000000e+00 0.000000000000000000e+00 0.000000000000000000e+00 0.000000000000000000e+00 0.000000000000000000e+00 0.000000000000000000e+00 0.000000000000000000e+00
6.999999999999999556e-01 3.027980913374697103e-01 0.000000000000000000e+00 6.972019086625270701e-01 0.000000000000000000e+00 0.000000000000000000e+00 0.000000000000000000e+00 4.426433249777923518e-01 1.232002199007725257e-01 0.000000000000000000e+00 0.000000000000000000e+00 0.000000000000000000e+00 0.000000000000000000e+00 0.000000000000000000e+00 0.000000000000000000e+00 0.000000000000000000e+00 0.000000000000000000e+00
7.999999999999999334e-01 2.081433807143985293e-01 0.000000000000000000e+00 7.918566192856000274e-01 0.000000000000000000e+00 0.000000000000000000e+00 0.000000000000000000e+00 3.855940247212620298e-01 1.270313467553659259e-01 0.000000000000000000e+00 0.000000000000000000e+00 0.000000000000000000e+00 0.000000000000000000e+00 0.000000000000000000e+00 0.000000000000000000e+00 0.000000000000000000e+00 0.000000000000000000e+00
8.999999999999999112e-01 1.356309692264218436e-01 0.000000000000000000e+00 8.643690307735777401e-01 0.000000000000000000e+00 0.000000000000000000e+00 0.000000000000000000e+00 3.201054617630514909e-01 1.215224474469627086e-01 0.000000000000000000e+00 0.000000000000000000e+00 0.000000000000000000e+00 0.000000000000000000e+00 0.000000000000000000e+00 0.000000000000000000e+00 0.000000000000000000e+00 0.000000000000000000e+00
9.999999999999998890e-01 8.386186712974670610e-02 0.000000000000000000e+00 9.161381328702538074e-01 0.000000000000000000e+00 0.000000000000000000e+00 0.000000000000000000e+00 2.552826578146863423e-01 1.079806602392362341e-01 0.000000000000000000e+00 0.000000000000000000e+00 0.000000000000000000e+00 0.000000000000000000e+00 0.000000000000000000e+00 0.000000000000000000e+00 0.000000000000000000e+00 0.000000000000000000e+00
1.099999999999999867e+00 4.938129003507039927e-02 0.000000000000000000e+00 9.506187099649286987e-01 0.000000000000000000e+00 0.000000000000000000e+00 0.000000000000000000e+00 1.974975938713665335e-01 8.909256092273476479e-02 0.000000000000000000e+00 0.000000000000000000e+00 0.000000000000000000e+00 0.000000000000000000e+00 0.000000000000000000e+00 0.000000000000000000e+00 0.000000000000000000e+00 0.000000000000000000e+00
1.199999999999999956e+00 2.792220217037106461e-02 0.000000000000000000e+00 9.720777978296312183e-01 0.000000000000000000e+00 0.000000000000000000e+00 0.000000000000000000e+00 1.500192182962652443e-01 6.809401375094974174e-02 0.000000000000000000e+00 0.000000000000000000e+00 0.000000000000000000e+00 0.000000000000000000e+00 0.000000000000000000e+00 0.000000000000000000e+00 0.000000000000000000e+00 0.000000000000000000e+00
1.300000000000000044e+00 1.539191124847257529e-02 0.000000000000000000e+00 9.846080887515282765e-01 0.000000000000000000e+00 0.000000000000000000e+00 0.000000000000000000e+00 1.133980605588088969e-01 4.791544775060602862e-02 0.000000000000000000e+00 0.000000000000000000e+00 0.000000000000000000e+00 0.000000000000000000e+00 0.000000000000000000e+00 0.000000000000000000e+00 0.000000000000000000e+00 0.000000000000000000e+00
1.399999999999999911e+00 8.459791694468888137e-03 0.000000000000000000e+00 9.915402083055321336e-01 0.000000000000000000e+00 0.000000000000000000e+00 0.000000000000000000e+00 8.633073027639512342e-02 3.058170829587045572e-02 0.000000000000000000e+00 0.000000000000000000e+00 0.000000000000000000e+00 0.000000000000000000e+00 0.000000000000000000e+00 0.000000000000000000e+00 0.000000000000000000e+00 0.000000000000000000e+00
1.500000000000000000e+00 4.754779348851960116e-03 0.000000000000000000e+00 9.952452206511468447e-01 0.000000000000000000e+00 0.000000000000000000e+00 0.000000000000000000e+00 6.665582196847437413e-02 1.700551163296663837e-02 0.000000000000000000e+00 0.000000000000000000e+00 0.000000000000000000e+00 0.000000000000000000e+00 0.000000000000000000e+00 0.000000000000000000e+00 0.000000000000000000e+00 0.000000000000000000e+00
1.599999999999999867e+00 2.781589106968493201e-03 0.000000000000000000e+00 9.972184108930314261e-01 0.000000000000000000e+00 0.000000000000000000e+00 0.000000000000000000e+00 5.218047727406233127e-02 7.146092384838176673e-03 0.000000000000000000e+00 0.000000000000000000e+00 0.000000000000000000e+00 0.000000000000000000e+00 0.000000000000000000e+00 0.000000000000000000e+00 0.000000000000000000e+00 0.000000000000000000e+00
1.699999999999999956e+00 1.697954253310017710e-03 0.000000000000000000e+00 9.983020457466927899e-01 0.000000000000000000e+00 0.000000000000000000e+00 0.000000000000000000e+00 4.116970631568334094e-02 3.818863492162155246e-04 0.000000000000000000e+00 0.000000000000000000e+00 0.000000000000000000e+00 0.000000000000000000e+00 0.000000000000000000e+00 0.000000000000000000e+00 0.000000000000000000e+00 0.000000000000000000e+00
1.800000000000000044e+00 1.073203193524421752e-03 0.000000000000000000e+00 9.989267968064736714e-01 0.000000000000000000e+00 0.000000000000000000e+00 0.000000000000000000e+00 3.248596770557093949e-02 -4.090851350300035022e-03 0.000000000000000000e+00 0.000000000000000000e+00 0.000000000000000000e+00 0.000000000000000000e+00 0.000000000000000000e+00 0.000000000000000000e+00 0.000000000000000000e+00 0.000000000000000000e+00
1.899999999999999911e+00 6.985449952711911444e-04 0.000000000000000000e+00 9.993014550047298883e-01 0.000000000000000000e+00 0.000000000000000000e+00 0.000000000000000000e+00 2.548370274458433560e-02 -6.975819692531632157e-03 0.000000000000000000e+00 0.000000000000000000e+00 0.000000000000000000e+00 0.000000000000000000e+00 0.000000000000000000e+00 0.000000000000000000e+00 0.000000000000000000e+00 0.000000000000000000e+00
2.000000000000000000e+00 4.693451529353110351e-04 0.000000000000000000e+00 9.995306548470662689e-01 0.000000000000000000e+00 0.000000000000000000e+00 0.000000000000000000e+00 1.980808947471112205e-02 -8.763048669054971859e-03 0.000000000000000000e+00 0.000000000000000000e+00 0.000000000000000000e+00 0.000000000000000000e+00 0.000000000000000000e+00 0.000000000000000000e+00 0.000000000000000000e+00 0.000000000000000000e+00
2.099999999999999645e+00 3.268527425223579784e-04 0.000000000000000000e+00 9.996731472574771349e-01 0.000000000000000000e+00 0.000000000000000000e+00 0.000000000000000000e+00 1.522123519995783637e-02 -9.751355005791840710e-03 0.000000000000000000e+00 0.000000000000000000e+00 0.000000000000000000e+00 0.000000000000000000e+00 0.000000000000000000e+00 0.000000000000000000e+00 0.000000000000000000e+00 0.000000000000000000e+00
2.199999999999999734e+00 2.352127382490803271e-04 0.000000000000000000e+00 9.997647872617499987e-01 0.000000000000000000e+00 0.000000000000000000e+00 0.000000000000000000e+00 1.151327753301037080e-02 -1.013081172102743566e-02 0.000000000000000000e+00 0.000000000000000000e+00 0.000000000000000000e+00 0.000000000000000000e+00 0.000000000000000000e+00 0.000000000000000000e+00 0.000000000000000000e+00 0.000000000000000000e+00
2.299999999999999822e+00 1.731858948216593859e-04 0.000000000000000000e+00 9.998268141051799285e-01 0.000000000000000000e+00 0.000000000000000000e+00 0.000000000000000000e+00 8.490719005773715578e-03 -1.005472934798520152e-02 0.000000000000000000e+00 0.000000000000000000e+00 0.000000000000000000e+00 0.000000000000000000e+00 0.000000000000000000e+00 0.000000000000000000e+00 0.000000000000000000e+00 0.000000000000000000e+00
2.399999999999999911e+00 1.294318086892383510e-04 0.000000000000000000e+00 9.998705681913099275e-01 0.000000000000000000e+00 0.000000000000000000e+00 0.000000000000000000e+00 5.998972132422310082e-03 -9.667672798897401776e-03 0.000000000000000000e+00 0.000000000000000000e+00 0.000000000000000000e+00 0.000000000000000000e+00 0.000000000000000000e+00 0.000000000000000000e+00 0.000000000000000000e+00 0.000000000000000000e+00
2.500000000000000000e+00 9.821164387644463253e-05 0.000000000000000000e+00 9.999017883561245323e-01 0.000000000000000000e+00 0.000000000000000000e+00 0.000000000000000000e+00 3.937353311097503000e-03 -9.096059357959667205e-03 0.000000000000000000e+00 0.000000000000000000e+00 0.000000000000000000e+00 0.000000000000000000e+00 0.000000000000000000e+00 0.000000000000000000e+00 0.000000000000000000e+00 0.000000000000000000e+00
2.600000000000000089e+00 7.606824218871116095e-05 0.000000000000000000e+00 9.999239317578110242e-01 0.000000000000000000e+00 0.000000000000000000e+00 0.000000000000000000e+00 2.249180145084332064e-03 -8.428835069817924852e-03 0.000000000000000000e+00 0.000000000000000000e+00 0.000000000000000000e+00 0.000000000000000000e+00 0.000000000000000000e+00 0.000000000000000000e+00 0.000000000000000000e+00 0.000000000000000000e+00
2.699999999999999734e+00 6.023788696827490864e-05 0.000000000000000000e+00 9.999397621130334812e-01 0.000000000000000000e+00 0.000000000000000000e+00 0.000000000000000000e+00 8.955338514843036446e-04 -7.712100336457652916e-03 0.000000000000000000e+00 0.000000000000000000e+00 0.000000000000000000e+00 0.000000000000000000e+00 0.000000000000000000e+00 0.000000000000000000e+00 0.000000000000000000e+00 0.000000000000000000e+00
2.799999999999999822e+00 4.847137525975448097e-05 0.000000000000000000e+00 9.999515286247392387e-01 0.000000000000000000e+00 0.000000000000000000e+00 0.000000000000000000e+00 -1.674442134726116492e-04 -6.963320520626604601e-03 0.000000000000000000e+00 0.000000000000000000e+00 0.000000000000000000e+00 0.000000000000000000e+00 0.000000000000000000e+00 0.000000000000000000e+00 0.000000000000000000e+00 0.000000000000000000e+00
2.899999999999999911e+00 3.930359037554464091e-05 0.000000000000000000e+00 9.999606964096244832e-01 0.000000000000000000e+00 0.000000000000000000e+00 0.000000000000000000e+00 -9.940056986969638460e-04 -6.193828068856694832e-03 0.000000000000000000e+00 0.000000000000000000e+00 0.000000000000000000e+00 0.000000000000000000e+00 0.000000000000000000e+00 0.000000000000000000e+00 0.000000000000000000e+00 0.000000000000000000e+00
3.000000000000000000e+00 3.204829176975903762e-05 0.000000000000000000e+00 9.999679517082292746e-01 0.000000000000000000e+00 0.000000000000000000e+00 0.000000000000000000e+00 -1.638115823808867144e-03 -5.423656172924959731e-03 0.000000000000000000e+00 0.000000000000000000e+00 0.000000000000000000e+00 0.000000000000000000e+00 0.000000000000000000e+00 0.000000000000000000e+00 0.000000000000000000e+00 0.000000000000000000e+00
