1.000000000000000056e-01 9.965515990637822119e-01 0.000000000000000000e+00 3.448400936219031022e-03 0.000000000000000000e+00 0.000000000000000000e+00 0.000000000000000000e+00 3.542109774585210091e-02 4.671028847766007380e-02 0.000000000000000000e+00 0.000000000000000000e+00 0.000000000000000000e+00 0.000000000000000000e+00 0.000000000000000000e+00 0.000000000000000000e+00 0.000000000000000000e+00 0.000000000000000000e+00
2.000000000000000111e-01 9.863169854407179971e-01 0.000000000000000000e+00 1.368301455928269857e-02 0.000000000000000000e+00 0.000000000000000000e+00 0.000000000000000000e+00 6.649891324178094920e-02 9.525580090662742749e-02 0.000000000000000000e+00 0.000000000000000000e+00 0.000000000000000000e+00 0.000000000000000000e+00 0.000000000000000000e+00 0.000000000000000000e+00 0.000000000000000000e+00 0.000000000000000000e+00
2.999999999999999889e-01 9.696201637639968451e-01 0.000000000000000000e+00 3.037983623600300914e-02 0.000000000000000000e+00 0.000000000000000000e+00 0.000000000000000000e+00 8.883062766417917921e-02 1.468536192855962597e-01 0.000000000000000000e+00 0.000000000000000000e+00 0.000000000000000000e+00 0.000000000000000000e+00 0.000000000000000000e+00 0.000000000000000000e+00 0.000000000000000000e+00 0.000000000000000000e+00
4.000000000000000222e-01 9.469761867733510474e-01 0.000000000000000000e+00 5.302381322664821012e-02 0.000000000000000000e+00 0.000000000000000000e+00 0.000000000000000000e+00 9.800282039756287589e-02 2.015134621032846907e-01 0.000000000000000000e+00 0.000000000000000000e+00 0.000000000000000000e+00 0.000000000000000000e+00 0.000000000000000000e+00 0.000000000000000000e+00 0.000000000000000000e+00 0.000000000000000000e+00
5.000000000000000000e-01 9.190567868379235783e-01 0.000000000000000000e+00 8.094321316207510331e-02 0.000000000000000000e+00 0.000000000000000000e+00 0.000000000000000000e+00 8.984153222867272137e-02 2.575263503178465974e-01 0.000000000000000000e+00 0.000000000000000000e+00 0.000000000000000000e+00 0.000000000000000000e+00 0.000000000000000000e+00 0.000000000000000000e+00 0.000000000000000000e+00 0.000000000000000000e+00
5.999999999999999778e-01 8.866478463573261859e-01 0.000000000000000000e+00 1.133521536426738974e-01 0.000000000000000000e+00 0.000000000000000000e+00 0.000000000000000000e+00 6.092148890627889501e-02 3.111139668502932443e-01 0.000000000000000000e+00 0.000000000000000000e+00 0.000000000000000000e+00 0.000000000000000000e+00 0.000000000000000000e+00 0.000000000000000000e+00 0.000000000000000000e+00 0.000000000000000000e+00
6.999999999999999556e-01 8.506031568382876884e-01 0.000000000000000000e+00 1.493968431617118953e-01 0.000000000000000000e+00 0.000000000000000000e+00 0.000000000000000000e+00 9.335257100254665263e-03 3.563567590226710546e-01 0.000000000000000000e+00 0.000000000000000000e+00 0.000000000000000000e+00 0.000000000000000000e+00 0.000000000000000000e+00 0.000000000000000000e+00 0.000000000000000000e+00 0.000000000000000000e+00
7.999999999999999334e-01 8.117988545700606240e-01 0.000000000000000000e+00 1.882011454299406250e-01 0.000000000000000000e+00 0.000000000000000000e+00 0.000000000000000000e+00 -6.435753835687073321e-02 3.855378342300956884e-01 0.000000000000000000e+00 0.000000000000000000e+00 0.000000000000000000e+00 0.000000000000000000e+00 0.000000000000000000e+00 0.000000000000000000e+00 0.000000000000000000e+00 0.000000000000000000e+00
8.999999999999999112e-01 7.710922766648390381e-01 0.000000000000000000e+00 2.289077233351615448e-01 0.000000000000000000e+00 0.000000000000000000e+00 0.000000000000000000e+00 -1.561778460935676627e-01 3.900221588236000292e-01 0.000000000000000000e+00 0.000000000000000000e+00 0.000000000000000000e+00 0.000000000000000000e+00 0.000000000000000000e+00 0.000000000000000000e+00 0.000000000000000000e+00 0.000000000000000000e+00
9.999999999999998890e-01 7.292879419832565269e-01 0.000000000000000000e+00 2.707120580167432511e-01 0.000000000000000000e+00 0.000000000000000000e+00 0.000000000000000000e+00 -2.580434932189574204e-01 3.617186972526404420e-01 0.000000000000000000e+00 0.000000000000000000e+00 0.000000000000000000e+00 0.000000000000000000e+00 0.000000000000000000e+00 0.000000000000000000e+00 0.000000000000000000e+00 0.000000000000000000e+00
1.099999999999999867e+00 6.871121568040745586e-01 0.000000000000000000e+00 3.128878431959232209e-01 0.000000000000000000e+00 0.000000000000000000e+00 0.000000000000000000e+00 -3.576879365047074266e-01 2.950393263744254813e-01 0.000000000000000000e+00 0.000000000000000000e+00 0.000000000000000000e+00 0.000000000000000000e+00 0.000000000000000000e+00 0.000000000000000000e+00 0.000000000000000000e+00 0.000000000000000000e+00
1.199999999999999956e+00 6.451965909723108572e-01 0.000000000000000000e+00 3.548034090276908081e-01 0.000000000000000000e+00 0.000000000000000000e+00 0.000000000000000000e+00 -4.395054431542798068e-01 1.890839743853852672e-01 0.000000000000000000e+00 0.000000000000000000e+00 0.000000000000000000e+00 0.000000000000000000e+00 0.000000000000000000e+00 0.000000000000000000e+00 0.000000000000000000e+00 0.000000000000000000e+00
1.300000000000000044e+00 6.040702270122436657e-01 0.000000000000000000e+00 3.959297729877561123e-01 0.000000000000000000e+00 0.000000000000000000e+00 0.000000000000000000e+00 -4.865292650208259406e-01 4.958340516277172372e-02 0.000000000000000000e+00 0.000000000000000000e+00 0.000000000000000000e+00 0.000000000000000000e+00 0.000000000000000000e+00 0.000000000000000000e+00 0.000000000000000000e+00 0.000000000000000000e+00
1.399999999999999911e+00 5.641584376403755430e-01 0.000000000000000000e+00 4.358415623596256228e-01 0.000000000000000000e+00 0.000000000000000000e+00 0.000000000000000000e+00 -4.835076403468849815e-01 -1.100178734065414415e-01 0.000000000000000000e+00 0.000000000000000000e+00 0.000000000000000000e+00 0.000000000000000000e+00 0.000000000000000000e+00 0.000000000000000000e+00 0.000000000000000000e+00 0.000000000000000000e+00
1.500000000000000000e+00 5.257876090364824728e-01 0.000000000000000000e+00 4.742123909635176382e-01 0.000000000000000000e+00 0.000000000000000000e+00 0.000000000000000000e+00 -4.206968295601071217e-01 -2.689778448022693280e-01 0.000000000000000000e+00 0.000000000000000000e+00 0.000000000000000000e+00 0.000000000000000000e+00 0.000000000000000000e+00 0.000000000000000000e+00 0.000000000000000000e+00 0.000000000000000000e+00
1.599999999999999867e+00 4.891936564326538339e-01 0.000000000000000000e+00 5.108063435673463326e-01 0.000000000000000000e+00 0.000000000000000000e+00 0.000000000000000000e+00 -2.976107088256987332e-01 -4.016354370378747429e-01 0.000000000000000000e+00 0.000000000000000000e+00 0.000000000000000000e+00 0.000000000000000000e+00 0.000000000000000000e+00 0.000000000000000000e+00 0.000000000000000000e+00 0.000000000000000000e+00
1.699999999999999956e+00 4.545329033685110431e-01 0.000000000000000000e+00 5.454670966314898450e-01 0.000000000000000000e+00 0.000000000000000000e+00 0.000000000000000000e+00 -1.256701252744446551e-01 -4.818088115876604238e-01 0.000000000000000000e+00 0.000000000000000000e+00 0.000000000000000000e+00 0.000000000000000000e+00 0.000000000000000000e+00 0.000000000000000000e+00 0.000000000000000000e+00 0.000000000000000000e+00
1.800000000000000044e+00 4.218940375336824311e-01 0.000000000000000000e+00 5.781059624663174024e-01 0.000000000000000000e+00 0.000000000000000000e+00 0.000000000000000000e+00 7.137572661969174281e-02 -4.886767503455248240e-01 0.000000000000000000e+00 0.000000000000000000e+00 0.000000000000000000e+00 0.000000000000000000e+00 0.000000000000000000e+00 0.000000000000000000e+00 0.000000000000000000e+00 0.000000000000000000e+00
1.899999999999999911e+00 3.913101453674756036e-01 0.000000000000000000e+00 6.086898546325234527e-01 0.000000000000000000e+00 0.000000000000000000e+00 0.000000000000000000e+00 2.601076221880995187e-01 -4.129534809880913149e-01 0.000000000000000000e+00 0.000000000000000000e+00 0.000000000000000000e+00 0.000000000000000000e+00 0.000000000000000000e+00 0.000000000000000000e+00 0.000000000000000000e+00 0.000000000000000000e+00
2.000000000000000000e+00 3.627701137226041483e-01 0.000000000000000000e+00 6.372298862773988493e-01 0.000000000000000000e+00 0.000000000000000000e+00 0.000000000000000000e+00 4.033600582095724918e-01 -2.616652361743612154e-01 0.000000000000000000e+00 0.000000000000000000e+00 0.000000000000000000e+00 0.000000000000000000e+00 0.000000000000000000e+00 0.000000000000000000e+00 0.000000000000000000e+00 0.000000000000000000e+00
2.099999999999999645e+00 3.362289396289524501e-01 0.000000000000000000e+00 6.637710603710474944e-01 0.000000000000000000e+00 0.000000000000000000e+00 0.000000000000000000e+00 4.686278813091265816e-01 -5.972489152399215739e-02 0.000000000000000000e+00 0.000000000000000000e+00 0.000000000000000000e+00 0.000000000000000000e+00 0.000000000000000000e+00 0.000000000000000000e+00 0.000000000000000000e+00 0.000000000000000000e+00
2.199999999999999734e+00 3.116166958313184576e-01 0.000000000000000000e+00 6.883833041686833187e-01 0.000000000000000000e+00 0.000000000000000000e+00 0.000000000000000000e+00 4.371406644412663689e-01 1.530357070022729804e-01 0.000000000000000000e+00 0.000000000000000000e+00 0.000000000000000000e+00 0.000000000000000000e+00 0.000000000000000000e+00 0.000000000000000000e+00 0.000000000000000000e+00 0.000000000000000000e+00
2.299999999999999822e+00 2.888460599530107697e-01 0.000000000000000000e+00 7.111539400469893968e-01 0.000000000000000000e+00 0.000000000000000000e+00 0.000000000000000000e+00 3.110458591152152064e-01 3.296432778332337721e-01 0.000000000000000000e+00 0.000000000000000000e+00 0.000000000000000000e+00 0.000000000000000000e+00 0.000000000000000000e+00 0.000000000000000000e+00 0.000000000000000000e+00 0.000000000000000000e+00
2.399999999999999911e+00 2.678184348260946313e-01 0.000000000000000000e+00 7.321815651739048691e-01 0.000000000000000000e+00 0.000000000000000000e+00 0.000000000000000000e+00 1.160558118615415829e-01 4.273441463737180368e-01 0.000000000000000000e+00 0.000000000000000000e+00 0.000000000000000000e+00 0.000000000000000000e+00 0.000000000000000000e+00 0.000000000000000000e+00 0.000000000000000000e+00 0.000000000000000000e+00
2.500000000000000000e+00 2.484287738412215285e-01 0.000000000000000000e+00 7.515712261587778054e-01 0.000000000000000000e+00 0.000000000000000000e+00 0.000000000000000000e+00 -1.022731763183899745e-01 4.198242608626001626e-01 0.000000000000000000e+00 0.000000000000000000e+00 0.000000000000000000e+00 0.000000000000000000e+00 0.000000000000000000e+00 0.000000000000000000e+00 0.000000000000000000e+00 0.000000000000000000e+00
2.600000000000000089e+00 2.305692829173491554e-01 0.000000000000000000e+00 7.694307170826487630e-01 0.000000000000000000e+00 0.000000000000000000e+00 0.000000000000000000e+00 -2.887798924117954136e-01 3.066163670728944690e-01 0.000000000000000000e+00 0.000000000000000000e+00 0.000000000000000000e+00 0.000000000000000000e+00 0.000000000000000000e+00 0.000000000000000000e+00 0.000000000000000000e+00 0.000000000000000000e+00
2.699999999999999734e+00 2.141322014917769467e-01 0.000000000000000000e+00 7.858677985082239692e-01 0.000000000000000000e+00 0.000000000000000000e+00 0.000000000000000000e+00 -3.934359192970565688e-01 1.161384847622574518e-01 0.000000000000000000e+00 0.000000000000000000e+00 0.000000000000000000e+00 0.000000000000000000e+00 0.000000000000000000e+00 0.000000000000000000e+00 0.000000000000000000e+00 0.000000000000000000e+00
2.799999999999999822e+00 1.990118684337822130e-01 0.000000000000000000e+00 8.009881315662192858e-01 0.000000000000000000e+00 0.000000000000000000e+00 0.000000000000000000e+00 -3.865913112729950085e-01 -9.976823765659367793e-02 0.000000000000000000e+00 0.000000000000000000e+00 0.000000000000000000e+00 0.000000000000000000e+00 0.000000000000000000e+00 0.000000000000000000e+00 0.000000000000000000e+00 0.000000000000000000e+00
2.899999999999999911e+00 1.851062557246970497e-01 0.000000000000000000e+00 8.148937442753039218e-01 0.000000000000000000e+00 0.000000000000000000e+00 0.000000000000000000e+00 -2.697655642765876549e-01 -2.794081187207245742e-01 0.000000000000000000e+00 0.000000000000000000e+00 0.000000000000000000e+00 0.000000000000000000e+00 0.000000000000000000e+00 0.000000000000000000e+00 0.000000000000000000e+00 0.000000000000000000e+00
3.000000000000000000e+00 1.723181079142312999e-01 0.000000000000000000e+00 8.276818920857689221e-01 0.000000000000000000e+00 0.000000000000000000e+00 0.000000000000000000e+00 -7.766434843449242231e-02 -3.695852837864984086e-01 0.000000000000000000e+00 0.000000000000000000e+00 0.000000000000000000e+00 0.000000000000000000e+00 0.000000000000000000e+00 0.000000000000000000e+00 0.000000000000000000e+00 0.000000000000000000e+00
