1.000000000000000056e-01 9.861985029512766454e-01 0.000000000000000000e+00 1.380149704872467471e-02 0.000000000000000000e+00 0.000000000000000000e+00 0.000000000000000000e+00 -3.644576522634501714e-02 -1.108274392425723509e-01 0.000000000000000000e+00 0.000000000000000000e+00 0.000000000000000000e+00 0.000000000000000000e+00 0.000000000000000000e+00 0.000000000000000000e+00 0.000000000000000000e+00 0.000000000000000000e+00
2.000000000000000111e-01 9.460589178009390920e-01 0.000000000000000000e+00 5.394108219906158103e-02 0.000000000000000000e+00 0.000000000000000000e+00 0.000000000000000000e+00 -5.995078233703514392e-02 -2.178011544503894448e-01 0.000000000000000000e+00 0.000000000000000000e+00 0.000000000000000000e+00 0.000000000000000000e+00 0.000000000000000000e+00 0.000000000000000000e+00 0.000000000000000000e+00 0.000000000000000000e+00
2.999999999999999889e-01 8.831742719249822127e-01 0.000000000000000000e+00 1.168257280750166494e-01 0.000000000000000000e+00 0.000000000000000000e+00 0.000000000000000000e+00 -5.957972118343602547e-02 -3.156386030781856977e-01 0.000000000000000000e+00 0.000000000000000000e+00 0.000000000000000000e+00 0.000000000000000000e+00 0.000000000000000000e+00 0.000000000000000000e+00 0.000000000000000000e+00 0.000000000000000000e+00
4.000000000000000222e-01 8.029061262219794326e-01 0.000000000000000000e+00 1.970938737780207617e-01 0.000000000000000000e+00 0.000000000000000000e+00 0.000000000000000000e+00 -2.835211676511503742e-02 -3.967921672448098125e-01 0.000000000000000000e+00 0.000000000000000000e+00 0.000000000000000000e+00 0.000000000000000000e+00 0.000000000000000000e+00 0.000000000000000000e+00 0.000000000000000000e+00 0.000000000000000000e+00
5.000000000000000000e-01 7.115904868263918104e-01 0.000000000000000000e+00 2.884095131736066353e-01 0.000000000000000000e+00 0.000000000000000000e+00 0.000000000000000000e+00 3.503525468966219719e-02 -4.516657798111408662e-01 0.000000000000000000e+00 0.000000000000000000e+00 0.000000000000000000e+00 0.000000000000000000e+00 0.000000000000000000e+00 0.000000000000000000e+00 0.000000000000000000e+00 0.000000000000000000e+00
5.999999999999999778e-01 6.156758354892404306e-01 0.000000000000000000e+00 3.843241645107599025e-01 0.000000000000000000e+00 0.000000000000000000e+00 0.000000000000000000e+00 1.250547551535318436e-01 -4.700855019852055450e-01 0.000000000000000000e+00 0.000000000000000000e+00 0.000000000000000000e+00 0.000000000000000000e+00 0.000000000000000000e+00 0.000000000000000000e+00 0.000000000000000000e+00 0.000000000000000000e+00
6.999999999999999556e-01 5.209584626204962765e-01 0.000000000000000000e+00 4.790415373795024467e-01 0.000000000000000000e+00 0.000000000000000000e+00 0.000000000000000000e+00 2.292298282845570412e-01 -4.438630276027208943e-01 0.000000000000000000e+00 0.000000000000000000e+00 0.000000000000000000e+00 0.000000000000000000e+00 0.000000000000000000e+00 0.000000000000000000e+00 0.000000000000000000e+00 0.000000000000000000e+00
7.999999999999999334e-01 4.320385875155550726e-01 0.000000000000000000e+00 5.679614124844449830e-01 0.000000000000000000e+00 0.000000000000000000e+00 0.000000000000000000e+00 3.294913863713200830e-01 -3.698873069050810924e-01 0.000000000000000000e+00 0.000000000000000000e+00 0.000000000000000000e+00 0.000000000000000000e+00 0.000000000000000000e+00 0.000000000000000000e+00 0.000000000000000000e+00 0.000000000000000000e+00
8.999999999999999112e-01 3.520549170436652608e-01 0.000000000000000000e+00 6.479450829563342396e-01 0.000000000000000000e+00 0.000000000000000000e+00 0.000000000000000000e+00 4.051965626618913574e-01 -2.528397410826550007e-01 0.000000000000000000e+00 0.000000000000000000e+00 0.000000000000000000e+00 0.000000000000000000e+00 0.000000000000000000e+00 0.000000000000000000e+00 0.000000000000000000e+00 0.000000000000000000e+00
9.999999999999998890e-01 2.826866450939652942e-01 0.000000000000000000e+00 7.173133549060340952e-01 0.000000000000000000e+00 0.000000000000000000e+00 0.000000000000000000e+00 4.375332614387855146e-01 -1.064869915809925627e-01 0.000000000000000000e+00 0.000000000000000000e+00 0.000000000000000000e+00 0.000000000000000000e+00 0.000000000000000000e+00 0.000000000000000000e+00 0.000000000000000000e+00 0.000000000000000000e+00
1.099999999999999867e+00 2.243593094194572257e-01 0.000000000000000000e+00 7.756406905805431906e-01 0.000000000000000000e+00 0.000000000000000000e+00 0.000000000000000000e+00 4.144672638567380996e-01 4.731828700264898574e-02 0.000000000000000000e+00 0.000000000000000000e+00 0.000000000000000000e+00 0.000000000000000000e+00 0.000000000000000000e+00 0.000000000000000000e+00 0.000000000000000000e+00 0.000000000000000000e+00
1.199999999999999956e+00 1.765651270747518320e-01 0.000000000000000000e+00 8.234348729252459753e-01 0.000000000000000000e+00 0.000000000000000000e+00 0.000000000000000000e+00 3.349192254148993242e-01 1.822605746212253297e-01 0.000000000000000000e+00 0.000000000000000000e+00 0.000000000000000000e+00 0.000000000000000000e+00 0.000000000000000000e+00 0.000000000000000000e+00 0.000000000000000000e+00 0.000000000000000000e+00
1.300000000000000044e+00 1.382100567754081799e-01 0.000000000000000000e+00 8.617899432245925695e-01 0.000000000000000000e+00 0.000000000000000000e+00 0.000000000000000000e+00 2.107167286323649025e-01 2.733247517872083865e-01 0.000000000000000000e+00 0.000000000000000000e+00 0.000000000000000000e+00 0.000000000000000000e+00 0.000000000000000000e+00 0.000000000000000000e+00 0.000000000000000000e+00 0.000000000000000000e+00
1.399999999999999911e+00 1.079213487599198773e-01 0.000000000000000000e+00 8.920786512400808999e-01 0.000000000000000000e+00 0.000000000000000000e+00 0.000000000000000000e+00 6.522074421809606615e-02 3.033488276570455167e-01 0.000000000000000000e+00 0.000000000000000000e+00 0.000000000000000000e+00 0.000000000000000000e+00 0.000000000000000000e+00 0.000000000000000000e+00 0.000000000000000000e+00 0.000000000000000000e+00
1.500000000000000000e+00 8.427937772787988391e-02 0.000000000000000000e+00 9.157206222721212541e-01 0.000000000000000000e+00 0.000000000000000000e+00 0.000000000000000000e+00 -7.161054437667578598e-02 2.684180002172673607e-01 0.000000000000000000e+00 0.000000000000000000e+00 0.000000000000000000e+00 0.000000000000000000e+00 0.000000000000000000e+00 0.000000000000000000e+00 0.000000000000000000e+00 0.000000000000000000e+00
1.599999999999999867e+00 6.596556383049419214e-02 0.000000000000000000e+00 9.340344361695059883e-01 0.000000000000000000e+00 0.000000000000000000e+00 0.000000000000000000e+00 -1.707830362825328019e-01 1.801310462525662626e-01 0.000000000000000000e+00 0.000000000000000000e+00 0.000000000000000000e+00 0.000000000000000000e+00 0.000000000000000000e+00 0.000000000000000000e+00 0.000000000000000000e+00 0.000000000000000000e+00
1.699999999999999956e+00 5.183757661438326281e-02 0.000000000000000000e+00 9.481624233856166262e-01 0.000000000000000000e+00 0.000000000000000000e+00 0.000000000000000000e+00 -2.124161846430474843e-01 6.348022219670693134e-02 0.000000000000000000e+00 0.000000000000000000e+00 0.000000000000000000e+00 0.000000000000000000e+00 0.000000000000000000e+00 0.000000000000000000e+00 0.000000000000000000e+00 0.000000000000000000e+00
1.800000000000000044e+00 4.095200801683616249e-02 0.000000000000000000e+00 9.590479919831648159e-01 0.000000000000000000e+00 0.000000000000000000e+00 0.000000000000000000e+00 -1.918760643105859864e-01 -4.958273658417096386e-02 0.000000000000000000e+00 0.000000000000000000e+00 0.000000000000000000e+00 0.000000000000000000e+00 0.000000000000000000e+00 0.000000000000000000e+00 0.000000000000000000e+00 0.000000000000000000e+00
1.899999999999999911e+00 3.255523397256641915e-02 0.000000000000000000e+00 9.674447660274350103e-01 0.000000000000000000e+00 0.000000000000000000e+00 0.000000000000000000e+00 -1.215961137258467495e-01 -1.292660211328883479e-01 0.000000000000000000e+00 0.000000000000000000e+00 0.000000000000000000e+00 0.000000000000000000e+00 0.000000000000000000e+00 0.000000000000000000e+00 0.000000000000000000e+00 0.000000000000000000e+00
2.000000000000000000e+00 2.605888872789085750e-02 0.000000000000000000e+00 9.739411112721098052e-01 0.000000000000000000e+00 0.000000000000000000e+00 0.000000000000000000e+00 -2.752694807776398869e-02 -1.569140401490009551e-01 0.000000000000000000e+00 0.000000000000000000e+00 0.000000000000000000e+00 0.000000000000000000e+00 0.000000000000000000e+00 0.000000000000000000e+00 0.000000000000000000e+00 0.000000000000000000e+00
2.099999999999999645e+00 2.101068728564000135e-02 0.000000000000000000e+00 9.789893127143595164e-01 0.000000000000000000e+00 0.000000000000000000e+00 0.000000000000000000e+00 5.900779044016914165e-02 -1.307181835877208320e-01 0.000000000000000000e+00 0.000000000000000000e+00 0.000000000000000000e+00 0.000000000000000000e+00 0.000000000000000000e+00 0.000000000000000000e+00 0.000000000000000000e+00 0.000000000000000000e+00
2.199999999999999734e+00 1.706643529817625932e-02 0.000000000000000000e+00 9.829335647018238031e-01 0.000000000000000000e+00 0.000000000000000000e+00 0.000000000000000000e+00 1.114873693586335840e-01 -6.592165401165626937e-02 0.000000000000000000e+00 0.000000000000000000e+00 0.000000000000000000e+00 0.000000000000000000e+00 0.000000000000000000e+00 0.000000000000000000e+00 0.000000000000000000e+00 0.000000000000000000e+00
2.299999999999999822e+00 1.396576015320623136e-02 0.000000000000000000e+00 9.860342398467935032e-01 0.000000000000000000e+00 0.000000000000000000e+00 0.000000000000000000e+00 1.168456898003127492e-01 1.085049234058980266e-02 0.000000000000000000e+00 0.000000000000000000e+00 0.000000000000000000e+00 0.000000000000000000e+00 0.000000000000000000e+00 0.000000000000000000e+00 0.000000000000000000e+00 0.000000000000000000e+00
2.399999999999999911e+00 1.151224287418239900e-02 0.000000000000000000e+00 9.884877571258191553e-01 0.000000000000000000e+00 0.000000000000000000e+00 0.000000000000000000e+00 7.935916520043967415e-02 7.128655539521142059e-02 0.000000000000000000e+00 0.000000000000000000e+00 0.000000000000000000e+00 0.000000000000000000e+00 0.000000000000000000e+00 0.000000000000000000e+00 0.000000000000000000e+00 0.000000000000000000e+00
2.500000000000000000e+00 9.557737533940156155e-03 0.000000000000000000e+00 9.904422624660607077e-01 0.000000000000000000e+00 0.000000000000000000e+00 0.000000000000000000e+00 1.818339571626414325e-02 9.558086138866064840e-02 0.000000000000000000e+00 0.000000000000000000e+00 0.000000000000000000e+00 0.000000000000000000e+00 0.000000000000000000e+00 0.000000000000000000e+00 0.000000000000000000e+00 0.000000000000000000e+00
2.600000000000000089e+00 7.990294067128400277e-03 0.000000000000000000e+00 9.920097059328741862e-01 0.000000000000000000e+00 0.000000000000000000e+00 0.000000000000000000e+00 -4.061602255014979540e-02 7.922594095198187691e-02 0.000000000000000000e+00 0.000000000000000000e+00 0.000000000000000000e+00 0.000000000000000000e+00 0.000000000000000000e+00 0.000000000000000000e+00 0.000000000000000000e+00 0.000000000000000000e+00
2.699999999999999734e+00 6.724996238130457639e-03 0.000000000000000000e+00 9.932750037618696126e-01 0.000000000000000000e+00 0.000000000000000000e+00 0.000000000000000000e+00 -7.444638918197535316e-02 3.372653558612118130e-02 0.000000000000000000e+00 0.000000000000000000e+00 0.000000000000000000e+00 0.000000000000000000e+00 0.000000000000000000e+00 0.000000000000000000e+00 0.000000000000000000e+00 0.000000000000000000e+00
2.799999999999999822e+00 5.697070029733184056e-03 0.000000000000000000e+00 9.943029299702673685e-01 0.000000000000000000e+00 0.000000000000000000e+00 0.000000000000000000e+00 -7.281869553694893249e-02 -1.902721016269682403e-02 0.000000000000000000e+00 0.000000000000000000e+00 0.000000000000000000e+00 0.000000000000000000e+00 0.000000000000000000e+00 0.000000000000000000e+00 0.000000000000000000e+00 0.000000000000000000e+00
2.899999999999999911e+00 4.856737925049448359e-03 0.000000000000000000e+00 9.951432620749492974e-01 0.000000000000000000e+00 0.000000000000000000e+00 0.000000000000000000e+00 -4.071478087101155358e-02 -5.635112422863156056e-02 0.000000000000000000e+00 0.000000000000000000e+00 0.000000000000000000e+00 0.000000000000000000e+00 0.000000000000000000e+00 0.000000000000000000e+00 0.000000000000000000e+00 0.000000000000000000e+00
3.000000000000000000e+00 4.165426065612180470e-03 0.000000000000000000e+00 9.958345739343877900e-01 0.000000000000000000e+00 0.000000000000000000e+00 0.000000000000000000e+00 4.621144752622702648e-03 -6.423955945769915798e-02 0.000000000000000000e+00 0.000000000000000000e+00 0.000000000000000000e+00 0.000000000000000000e+00 0.000000000000000000e+00 0.000000000000000000e+00 0.000000000000000000e+00 0.000000000000000000e+00
