1.000000000000000056e-01 8.780468554498406519e-02 -2.926352771921203466e-01 -9.508303580404515731e-01
2.000000000000000111e-01 1.401698478762084532e-01 -5.541620888575243820e-01 -8.123324226477328658e-01
2.999999999999999889e-01 1.348695466127939890e-01 -7.589978931238768878e-01 -6.075031365497846059e-01
4.000000000000000222e-01 6.862589339682623191e-02 -8.898641779908059712e-01 -3.646776595278956590e-01
5.000000000000000000e-01 -4.519830694080062550e-02 -9.377570902889638127e-01 -1.106158329206822916e-01
5.999999999999999778e-01 -1.824522445545069260e-01 -9.015010652902183397e-01 1.320379163289859270e-01
6.999999999999999556e-01 -3.140838073910106054e-01 -7.888491556095114099e-01 3.450577952627888467e-01
7.999999999999999334e-01 -4.121331394783531721e-01 -6.183834265397362140e-01 5.158601859873600537e-01
8.999999999999999112e-01 -4.565647955861334983e-01 -4.190230214769083417e-01 6.398797355887630989e-01
9.999999999999998890e-01 -4.412862251856884965e-01 -2.245565383407042981e-01 7.217106415071921077e-01
1.099999999999999867e+00 -3.758254010422734659e-01 -6.461866080780773181e-02 7.728343065955569635e-01
1.199999999999999956e+00 -2.810860932850267058e-01 4.335480404506475427e-02 8.068039367307023868e-01
1.300000000000000044e+00 -1.812797602165264199e-01 9.712588851088384267e-02 8.345946565293830277e-01
1.399999999999999911e+00 -9.605588668407753772e-02 1.070127181890623280e-01 8.622293017416258198e-01
1.500000000000000000e+00 -3.587214603750403519e-02 8.981194759701945085e-02 8.909611286716530021e-01
1.599999999999999867e+00 -1.639300754453383233e-03 6.215112653513629043e-02 9.190717056373181038e-01
1.699999999999999956e+00 1.230211914917283406e-02 3.593860650679828184e-02 9.440165603290755492e-01
1.800000000000000044e+00 1.396169122770112882e-02 1.691339302663113012e-02 9.639743853679173524e-01
1.899999999999999911e+00 1.036181883565834988e-02 5.846236350515121583e-03 9.784274634483950406e-01
2.000000000000000000e+00 5.952284111634845859e-03 8.237642032628009550e-04 9.879618873780239285e-01
2.099999999999999645e+00 2.704072940259694829e-03 -6.920425436615902735e-04 9.937280501241663178e-01
2.199999999999999734e+00 9.264661044881579563e-04 -7.095990286767463011e-04 9.969430921426235548e-01
2.299999999999999822e+00 1.993670124645324890e-04 -3.702080452681286724e-04 9.986036937347573250e-01
2.399999999999999911e+00 2.625690421340188754e-06 -1.229636918095784227e-04 9.994012966668859299e-01
2.500000000000000000e+00 -9.126189459603740474e-06 -1.737200927907725804e-05 9.997586679478686067e-01
2.600000000000000089e+00 7.451137047106428774e-07 2.474752813437972191e-06 9.999084286200690119e-01
2.699999999999999734e+00 2.152418040163246261e-06 4.924085345503209242e-06 9.999672530751072541e-01
2.799999999999999822e+00 -4.018053820222885600e-07 -1.778315460169514957e-06 9.999889506702586139e-01
2.899999999999999911e+00 3.784324510881262074e-06 2.371797891517116548e-06 9.999964785495719655e-01
3.000000000000000000e+00 3.709344919168752889e-06 8.438538498151924115e-07 9.999989388449475047e-01
