1.000000000000000056e-01 -4.419402275873415676e-07 3.340211808463829171e-07 -9.999999999998028244e-01
2.000000000000000111e-01 5.532635046484824346e-06 -4.219578272214610376e-06 -9.999999999756211677e-01
2.999999999999999889e-01 2.375179425923858609e-05 -1.838861324108061093e-05 -9.999999995484810666e-01
4.000000000000000222e-01 5.890227862473395459e-05 -4.656418705773051470e-05 -9.999999971805111354e-01
5.000000000000000000e-01 1.137467198741880291e-04 -9.275608620015147261e-05 -9.999999892291039361e-01
5.999999999999999778e-01 1.899596519025292341e-04 -1.594114465841751666e-04 -9.999999692515206817e-01
6.999999999999999556e-01 2.862149220344587875e-04 -2.493047797284695050e-04 -9.999999279635145566e-01
7.999999999999999334e-01 3.985173730489373692e-04 -3.623992686968335116e-04 -9.999998549248084734e-01
8.999999999999999112e-01 5.217008839723668179e-04 -4.978527786506576399e-04 -9.999997399846277668e-01
9.999999999999998890e-01 6.475043051712107024e-04 -6.522232983946883592e-04 -9.999995776705029593e-01
1.099999999999999867e+00 7.667788554461146301e-04 -8.202673675820706424e-04 -9.999993696049127578e-01
1.199999999999999956e+00 8.696124426854562935e-04 -9.925984651048607929e-04 -9.999991292621031036e-01
1.300000000000000044e+00 9.461618424844446713e-04 -1.159061478181766611e-03 -9.999988806775983452e-01
1.399999999999999911e+00 9.872806803997733003e-04 -1.306426622276814133e-03 -9.999986592615143222e-01
1.500000000000000000e+00 9.847440078747976729e-04 -1.418162015246936464e-03 -9.999985095451839889e-01
1.599999999999999867e+00 9.349225621591958531e-04 -1.476321273539989327e-03 -9.999984731980933184e-01
1.699999999999999956e+00 8.369065895042269001e-04 -1.463311772924288500e-03 -9.999985791520142886e-01
1.800000000000000044e+00 6.948608113662266446e-04 -1.359623508529044520e-03 -9.999988342954559961e-01
1.899999999999999911e+00 5.165130643732559861e-04 -1.148225881078890733e-03 -9.999992073958485772e-01
2.000000000000000000e+00 3.164562585310986089e-04 -8.140413399222302775e-04 -9.999996185961773643e-01
2.099999999999999645e+00 1.141144193228271243e-04 -3.473678277893743290e-04 -9.999999331559258353e-01
2.199999999999999734e+00 -6.797553085199857493e-05 2.576634661107313814e-04 -9.999999644953900813e-01
2.299999999999999822e+00 -2.034309945010105637e-04 9.982603412168852049e-04 -9.999994810472193629e-01
2.399999999999999911e+00 -2.639783716933068831e-04 1.864530249981840009e-03 -9.999982269188156803e-01
2.500000000000000000e+00 -2.220809509323594280e-04 2.836885765689542080e-03 -9.999959513710555692e-01
2.600000000000000089e+00 -5.278882312955096665e-05 3.887535463184987015e-03 -9.999924421125188090e-01
2.699999999999999734e+00 2.633474490410065653e-04 4.980101063727264583e-03 -9.999875645425746473e-01
2.799999999999999822e+00 7.388251852368498676e-04 6.069475661944947163e-03 -9.999813076251498067e-01
2.899999999999999911e+00 1.377024387372657518e-03 7.105838805489941845e-03 -9.999738050864126482e-01
3.000000000000000000e+00 2.166659100043528182e-03 8.037053607718110809e-03 -9.999653550773045518e-01
