1.000000000000000056e-01 6.579393499965771310e-10 -4.881533985657185137e-10 -9.999999999999917843e-01
2.000000000000000111e-01 5.008591610508953380e-09 -3.731063929659142515e-09 -9.999999999999680256e-01
2.999999999999999889e-01 1.542154185948752779e-08 -1.159279263744152810e-08 -9.999999999999279465e-01
4.000000000000000222e-01 3.171715452688161298e-08 -2.415292515650545763e-08 -9.999999999998738787e-01
5.000000000000000000e-01 -3.091940918340061447e-09 1.804071900034943647e-07 -1.000000000000177414e+00
5.999999999999999778e-01 2.178812218137843083e-07 5.525425060322346673e-08 -1.000000000000090816e+00
6.999999999999999556e-01 2.658638838991887131e-07 1.767580978819838376e-08 -1.000000000000029088e+00
7.999999999999999334e-01 2.338658898558218196e-07 -2.739533721556764146e-08 -1.000000000000065503e+00
8.999999999999999112e-01 9.812948543389713092e-08 -9.132406841647745733e-09 -1.000000000000073053e+00
9.999999999999998890e-01 6.848377258738296446e-08 2.028083524453519821e-07 -1.000000000000700107e+00
1.099999999999999867e+00 -4.146173175101806477e-07 1.936028306883594914e-07 -1.000000000000348832e+00
1.199999999999999956e+00 -6.381443762820413389e-07 5.537650616490857866e-07 -1.000000000000279776e+00
1.300000000000000044e+00 -1.113303056221321521e-06 1.194056949106962192e-06 -9.999999999996024291e-01
1.399999999999999911e+00 -1.630921478712813916e-06 1.561540607035122245e-06 -9.999999999977442489e-01
1.500000000000000000e+00 -2.416430642196048150e-06 2.534427353008681926e-06 -9.999999999942349449e-01
1.599999999999999867e+00 -2.893833685472079671e-06 3.618656175130353845e-06 -9.999999999901735270e-01
1.699999999999999956e+00 -3.672991507880333231e-06 4.755568424960794197e-06 -9.999999999829125574e-01
1.800000000000000044e+00 -4.549720067552025650e-06 6.059064548074874193e-06 -9.999999999718508503e-01
1.899999999999999911e+00 -5.065942497980402901e-06 7.119590584973239297e-06 -9.999999999622785074e-01
2.000000000000000000e+00 -5.743164625130443312e-06 8.721758797687249087e-06 -9.999999999461232081e-01
2.099999999999999645e+00 -6.432996861715609447e-06 1.023313557318092506e-05 -9.999999999278534890e-01
2.199999999999999734e+00 -6.387334955140560547e-06 1.160849219916387047e-05 -9.999999999131140571e-01
2.299999999999999822e+00 -6.906641244532748337e-06 1.260181922771920441e-05 -9.999999998974566928e-01
2.399999999999999911e+00 -6.391506069914952725e-06 1.329689004222133373e-05 -9.999999998915414245e-01
2.500000000000000000e+00 -5.717983541415359169e-06 1.332493436349879518e-05 -9.999999998954900438e-01
2.600000000000000089e+00 -4.594182526876434652e-06 1.243664540966113583e-05 -9.999999999128006412e-01
2.699999999999999734e+00 -3.585436845878934901e-06 1.100046929870522966e-05 -9.999999999336737222e-01
2.799999999999999822e+00 -2.397283608838372190e-06 8.334311192190170674e-06 -9.999999999631421499e-01
2.899999999999999911e+00 -1.164465515827787492e-06 3.872355543721268631e-06 -9.999999999928246286e-01
3.000000000000000000e+00 1.150288712091868292e-07 -1.651790196989654045e-06 -9.999999999992800204e-01
