1.000000000000000056e-01 1.872489702754520417e-06 1.760317611185004958e-07 -9.999999998082037544e-01
2.000000000000000111e-01 -6.917696731473773438e-06 -6.816075092798059954e-07 -9.999999992366777057e-01
2.999999999999999889e-01 -3.628933366075801710e-05 -3.849341808740326884e-06 -9.999999977463115419e-01
4.000000000000000222e-01 -9.469886871697082956e-05 -1.104527261464923034e-05 -9.999999928080738343e-01
5.000000000000000000e-01 -1.882876989985122107e-04 -2.481104940899349150e-05 -9.999999781557307177e-01
5.999999999999999778e-01 -3.209149511789460428e-04 -4.734576968502481634e-05 -9.999999424128832581e-01
6.999999999999999556e-01 -4.931640644465395051e-04 -8.215197866182868036e-05 -9.999998689798834661e-01
7.999999999999999334e-01 -7.012970321193969089e-04 -1.327761060468122590e-04 -9.999997383375192062e-01
8.999999999999999112e-01 -9.396716288409968487e-04 -2.020958968068392754e-04 -9.999995304647544270e-01
9.999999999999998890e-01 -1.196989717965525873e-03 -2.925947042522324560e-04 -9.999992327243988344e-01
1.099999999999999867e+00 -1.459872028812078887e-03 -4.046904942197258838e-04 -9.999988441896497937e-01
1.199999999999999956e+00 -1.711475777783453157e-03 -5.364309069106136226e-04 -9.999983831951072544e-01
1.300000000000000044e+00 -1.933187521212300372e-03 -6.827404408998845667e-04 -9.999978900925688974e-01
1.399999999999999911e+00 -2.106408725033219378e-03 -8.367431053563995297e-04 -9.999974234468775869e-01
1.500000000000000000e+00 -2.211743012717954249e-03 -9.855268583899737082e-04 -9.999970607617798546e-01
1.599999999999999867e+00 -2.231701795041991440e-03 -1.113416218669626995e-03 -9.999968825408370732e-01
1.699999999999999956e+00 -2.152375856654472393e-03 -1.200755372096582460e-03 -9.999969557115112595e-01
1.800000000000000044e+00 -1.963702700273815827e-03 -1.224510441291086840e-03 -9.999973155358629073e-01
1.899999999999999911e+00 -1.663662414434700530e-03 -1.158478537211891620e-03 -9.999979387055900615e-01
2.000000000000000000e+00 -1.255681234426991952e-03 -9.779064652504579087e-04 -9.999987273901023155e-01
2.099999999999999645e+00 -7.527375391871138615e-04 -6.564959102490925671e-04 -9.999994953548762000e-01
2.199999999999999734e+00 -1.755216343778248362e-04 -1.720260958600212107e-04 -9.999999641742375323e-01
2.299999999999999822e+00 4.454984867922013930e-04 4.926690817233574061e-04 -9.999997739700565713e-01
2.399999999999999911e+00 1.074767879156878067e-03 1.346333204620060167e-03 -9.999985108588635985e-01
2.500000000000000000e+00 1.669606957773566531e-03 2.390248577769061092e-03 -9.999957444290024089e-01
2.600000000000000089e+00 2.183212139359323907e-03 3.611204447129521145e-03 -9.999910913585234873e-01
2.699999999999999734e+00 2.569273431195185850e-03 4.986258075557365409e-03 -9.999842630291594370e-01
2.799999999999999822e+00 2.784415555271094016e-03 6.476267480446396170e-03 -9.999751474105401661e-01
2.899999999999999911e+00 2.790124659082677053e-03 8.031786413125690735e-03 -9.999638474737150284e-01
3.000000000000000000e+00 2.560555958588998492e-03 9.589554394821363237e-03 -9.999507361956385676e-01
