1.000000000000000056e-01 -5.969396414855582525e-12 1.882437869998243399e-12 -9.999999999999926725e-01
2.000000000000000111e-01 -1.410861675087033765e-11 6.097534220364992176e-12 -9.999999999999709122e-01
2.999999999999999889e-01 -8.456926712125626571e-12 3.691355604044941892e-12 -9.999999999999334976e-01
4.000000000000000222e-01 1.934942282867977937e-11 -8.605973520981625598e-12 -9.999999999998834266e-01
5.000000000000000000e-01 -5.146956845188383690e-08 -1.442925240807062795e-07 -9.999999999999962252e-01
5.999999999999999778e-01 -1.948426478108545121e-07 6.571381785525671064e-08 -1.000000000000069056e+00
6.999999999999999556e-01 -1.023388006636994717e-07 1.031438125262305409e-07 -1.000000000000011768e+00
7.999999999999999334e-01 -4.162104890334580989e-08 1.127239572457523295e-07 -9.999999999999139577e-01
8.999999999999999112e-01 3.321870026906865629e-08 1.302515084931962189e-07 -9.999999999999840128e-01
9.999999999999998890e-01 -4.357655989113902692e-08 1.390792530442107147e-07 -1.000000000000201172e+00
1.099999999999999867e+00 1.138322400109230261e-07 3.782157794004924728e-07 -1.000000000000266009e+00
1.199999999999999956e+00 1.702105962310178121e-07 1.254479863108009274e-07 -1.000000000000196732e+00
1.300000000000000044e+00 2.916309188656124756e-07 3.403969741721792846e-09 -1.000000000000268452e+00
1.399999999999999911e+00 2.980330470732332686e-07 -1.489150595723144431e-07 -1.000000000000280220e+00
1.500000000000000000e+00 1.629168808275346893e-07 -9.384101365328138072e-08 -1.000000000000046185e+00
1.599999999999999867e+00 1.655025291275133542e-07 -3.967636635740787640e-07 -1.000000000000093925e+00
1.699999999999999956e+00 -1.946210143764944494e-07 -1.591959065971535110e-08 -1.000000000000172307e+00
1.800000000000000044e+00 2.449810416199143287e-07 -3.166954457823705753e-07 -1.000000000000291545e+00
1.899999999999999911e+00 1.263952933301183777e-07 -2.754597284310804503e-07 -1.000000000000357270e+00
2.000000000000000000e+00 -1.469349461699822752e-08 2.141160968969461641e-08 -1.000000000000470290e+00
2.099999999999999645e+00 -1.281782602361445419e-07 -6.865973198847340491e-08 -1.000000000000303535e+00
2.199999999999999734e+00 9.602575785132934422e-08 1.429517597777098860e-07 -1.000000000000144329e+00
2.299999999999999822e+00 -8.135078815286588582e-08 2.852903089991373415e-07 -1.000000000000260014e+00
2.399999999999999911e+00 8.961779921928461520e-08 8.700504430569350709e-08 -1.000000000000576428e+00
2.500000000000000000e+00 -1.556132973168383092e-07 1.070807465074383767e-07 -1.000000000000217604e+00
2.600000000000000089e+00 1.877966581561537937e-08 2.108101469805954251e-07 -1.000000000000079048e+00
2.699999999999999734e+00 -2.322117264171459392e-07 2.223619406377025553e-07 -9.999999999999243938e-01
2.799999999999999822e+00 4.479268248268611304e-08 -7.487652017964843068e-08 -1.000000000000426104e+00
2.899999999999999911e+00 -6.403889279501181054e-08 4.598869939755243729e-07 -9.999999999999367173e-01
3.000000000000000000e+00 2.602664068000893487e-07 6.955203285344686269e-08 -1.000000000000174749e+00
