1.000000000000000056e-01 9.755902165635387258e-01 1.212948890061972887e-02 1.212948890061972887e-02 1.508056352234716732e-04 -1.611682844969537451e-04 1.087813620041961360e-01 -1.611682844969537451e-04 1.087813620041961360e-01 1.212948890061972887e-02 0.000000000000000000e+00 -2.003801307401399556e-06 1.352475972369053233e-03 -2.003801307401399556e-06 1.352475972369053233e-03 -1.212943564560144127e-02 -3.594153727816422659e-05
3.034482758620690168e-01 7.941158241162330489e-01 9.701594173807721877e-02 9.701594173807721877e-02 1.185229240761229152e-02 -3.827572239056420064e-03 2.775378248085991206e-01 -3.827572239056420064e-03 2.775378248085991206e-01 9.701594173807721877e-02 0.000000000000000000e+00 -4.676087743773343366e-04 3.390638068974487218e-02 -4.676087743773343366e-04 3.390638068974487218e-02 -9.697904454462032142e-02 -2.675418489252027500e-03
5.068965517241379448e-01 5.162467785063236114e-01 2.022563728360143864e-01 2.022563728360143864e-01 7.924047582164966963e-02 -1.260926612582754548e-02 3.228857496647514758e-01 -1.260926612582754548e-02 3.228857496647514758e-01 2.022563728360143864e-01 0.000000000000000000e+00 -4.940087836645152587e-03 1.265009357613354757e-01 -4.940087836645152587e-03 1.265009357613354757e-01 -2.016404132013011330e-01 -1.577289199858624563e-02
7.103448275862068728e-01 2.570497730793187552e-01 2.499509893180280329e-01 2.499509893180280329e-01 2.430482482846262338e-01 -1.982596106952999593e-02 2.526989837238570735e-01 -1.982596106952999593e-02 2.526989837238570735e-01 2.499509893180280329e-01 0.000000000000000000e+00 -1.927843982171982898e-02 2.457203529611896864e-01 -1.927843982171982898e-02 2.457203529611896864e-01 -2.468926810455588650e-01 -3.898077907331504860e-02
9.137931034482759118e-01 8.973465095994993812e-02 2.098227741579951067e-01 2.098227741579951067e-01 4.906198007240577530e-01 -1.824113294471351940e-02 1.359986561836768193e-01 -1.824113294471351940e-02 1.359986561836768193e-01 2.098227741579951067e-01 0.000000000000000000e+00 -4.265247667779448193e-02 3.179999588454898163e-01 -4.265247667779448193e-02 3.179999588454898163e-01 -2.024067108469181087e-01 -5.529122883446643821e-02
1.117241379310345062e+00 1.787932811499079802e-02 1.158342771984771230e-01 1.158342771984771230e-01 7.504521174880536272e-01 -9.336824395449805358e-03 4.454057446661956882e-02 -9.336824395449805358e-03 4.454057446661956882e-02 1.158342771984771230e-01 0.000000000000000000e+00 -6.049020874549372595e-02 2.885637071959630262e-01 -6.049020874549372595e-02 2.885637071959630262e-01 -1.060826481514969416e-01 -4.651936742157986721e-02
1.320689655172413879e+00 1.057527762567638105e-03 3.146212477278173547e-02 3.146212477278173547e-02 9.360182226918724036e-01 -1.713116742798055474e-03 5.507930865066024313e-03 -1.713116742798055474e-03 5.507930865066024313e-03 3.146212477278173547e-02 0.000000000000000000e+00 -5.096631147051700061e-02 1.638644474560879971e-01 -5.096631147051700061e-02 1.638644474560879971e-01 -2.591188071309232302e-02 -1.784488004562269706e-02
1.524137931034482918e+00 3.932049151128467937e-10 2.027141900519823008e-05 2.027141900519823008e-05 9.999594567687852820e-01 -3.724940993819584054e-08 8.303900840153649394e-08 -3.724940993819584054e-08 8.303900840153649394e-08 2.027141900519823008e-05 0.000000000000000000e+00 -1.844517035690430590e-03 4.107101685670200460e-03 -1.844517035690430590e-03 4.107101685670200460e-03 -1.346647016751193447e-05 -1.515172680099310541e-05
1.727586206896551957e+00 5.023609078994767168e-04 2.191104733907734900e-02 2.191104733907734900e-02 9.556755444139442002e-01 1.798613749525893512e-03 -2.787874049708861240e-03 1.798613749525893512e-03 -2.787874049708861240e-03 2.191104733907734900e-02 0.000000000000000000e+00 7.844860719241250613e-02 -1.215963330089289973e-01 7.844860719241250613e-02 -1.215963330089289973e-01 -9.031814405888431360e-03 -1.996297365219871708e-02
1.931034482758620996e+00 5.495270236809045479e-03 6.863481969500950797e-02 6.863481969500950797e-02 8.572350903731730254e-01 1.333984716601593207e-02 -1.411436702923472668e-02 1.333984716601593207e-02 -1.411436702923472668e-02 6.863481969500950797e-02 0.000000000000000000e+00 1.666120079936410370e-01 -1.762856057664895504e-01 1.666120079936410370e-01 -1.762856057664895504e-01 -3.869479689174521158e-03 -6.852565610262241480e-02
2.134482758620690035e+00 1.605584774500986786e-02 1.106558238413671846e-01 1.106558238413671846e-01 7.626325045722565088e-01 3.487605228346655345e-02 -2.367137577865316769e-02 3.487605228346655345e-02 -2.367137577865316769e-02 1.106558238413671846e-01 0.000000000000000000e+00 2.403634095807940796e-01 -1.631415318383880042e-01 2.403634095807940796e-01 -1.631415318383880042e-01 4.085769860523733726e-02 -1.028365682028289790e-01
2.337931034482759074e+00 2.483003271983896809e-02 1.327454501124759600e-01 1.327454501124759600e-01 7.096790670552087787e-01 5.387451426639243424e-02 -1.983962188240964708e-02 5.387451426639243424e-02 -1.983962188240964708e-02 1.327454501124759600e-01 0.000000000000000000e+00 2.880220381598594392e-01 -1.060658890650895414e-01 2.880220381598594392e-01 -1.060658890650895414e-01 1.010410545566436114e-01 -8.609332105897515852e-02
2.541379310344827669e+00 2.434500254064635855e-02 1.316838492893190049e-01 1.316838492893190049e-01 7.122872988807164019e-01 5.635686571540887702e-02 -5.454112333608980394e-03 5.635686571540887702e-02 -5.454112333608980394e-03 1.316838492893190049e-01 0.000000000000000000e+00 3.048382917693670535e-01 -2.950168086051638272e-02 3.048382917693670535e-01 -2.950168086051638272e-02 1.292400343546300789e-01 -2.525172678591585534e-02
2.744827586206896708e+00 1.559514577624277441e-02 1.092853810354281613e-01 1.092853810354281613e-01 7.658340921528985490e-01 4.076605037778563423e-02 6.515412589216484571e-03 4.076605037778563423e-02 6.515412589216484571e-03 1.092853810354281613e-01 0.000000000000000000e+00 2.856743601590785997e-01 4.565775384970299777e-02 2.856743601590785997e-01 4.565775384970299777e-02 1.038413024917943794e-01 3.406285967667310732e-02
2.948275862068965747e+00 6.018152842685964114e-03 7.155860386324253142e-02 7.155860386324253142e-02 8.508646394308292393e-01 1.908796937831996193e-02 8.142484886757834009e-03 1.908796937831996193e-02 8.142484886757834009e-03 7.155860386324253142e-02 0.000000000000000000e+00 2.269647191784876783e-01 9.681787978765397928e-02 2.269647191784876783e-01 9.681787978765397928e-02 4.952524804939461428e-02 5.165156037945874135e-02
3.151724137931034786e+00 1.035407973633098748e-03 3.114235156224430881e-02 3.114235156224430881e-02 9.366798889018752572e-01 4.566303025328192523e-03 3.375488173939541429e-03 4.566303025328192523e-03 3.375488173939541429e-03 3.114235156224430881e-02 0.000000000000000000e+00 1.373423772522838482e-01 1.015257887544106369e-01 1.373423772522838482e-01 1.015257887544106369e-01 9.133794883745117651e-03 2.977280425848526091e-02
3.355172413793103825e+00 1.964250215082143894e-05 4.412369553958511194e-03 4.412369553958511194e-03 9.911556183899302708e-01 1.913852934310505602e-04 2.237012401132565398e-04 1.913852934310505602e-04 2.237012401132565398e-04 4.412369553958511194e-03 0.000000000000000000e+00 4.299121023578334616e-02 5.025037987255432520e-02 4.299121023578334616e-02 5.025037987255432520e-02 -6.828978205359522444e-04 4.359203216778436210e-03
3.558620689655172864e+00 5.559472146391894465e-06 2.352278426761911581e-03 2.352278426761911581e-03 9.952898836743276911e-01 -5.289931984824151640e-05 -1.013856677648295081e-04 -5.289931984824151640e-05 -1.013856677648295081e-04 2.352278426761911581e-03 0.000000000000000000e+00 -2.238262148016714401e-02 -4.289775413405103738e-02 -2.238262148016714401e-02 -4.289775413405103738e-02 -1.345573757130296474e-03 1.929414522025787136e-03
3.762068965517241903e+00 5.764599852366740149e-04 2.343311825047985839e-02 2.343311825047985839e-02 9.525573035138007461e-01 -8.978908929620106876e-04 -3.563992872054646578e-03 -8.978908929620106876e-04 -3.563992872054646578e-03 2.343311825047985839e-02 0.000000000000000000e+00 -3.649931271919045622e-02 -1.448764585148096251e-01 -3.649931271919045622e-02 -1.448764585148096251e-01 -2.063601646292062552e-02 1.110251470094596009e-02
3.965517241379310942e+00 3.475353040514417811e-03 5.547676951690240499e-02 5.547676951690240499e-02 8.855711079256787244e-01 1.664925680386971786e-06 -1.388529250595225278e-02 1.664925680386971786e-06 -1.388529250595225278e-02 5.547676951690240499e-02 0.000000000000000000e+00 2.657394284492523251e-05 -2.216497767022924392e-01 2.657394284492523251e-05 -2.216497767022924392e-01 -5.547676761862679190e-02 -1.330225484352078326e-05
4.168965517241379537e+00 8.582754341748729740e-03 8.406039941520997150e-02 8.406039941520997150e-02 8.232964468278316517e-01 6.952581655205721488e-03 -2.594477480854846807e-02 6.952581655205721488e-03 -2.594477480854846807e-02 8.406039941520997150e-02 0.000000000000000000e+00 6.809431354760522859e-02 -2.541058687033343477e-01 6.809431354760522859e-02 -2.541058687033343477e-01 -7.279632496803750685e-02 -4.203386310337338394e-02
4.372413793103448576e+00 1.253802902012877279e-02 9.943531175354751450e-02 9.943531175354751450e-02 7.885913474727773709e-01 1.802104150800363722e-02 -3.036387432329442151e-02 1.802104150800363722e-02 -3.036387432329442151e-02 9.943531175354751450e-02 0.000000000000000000e+00 1.429194242299957618e-01 -2.408066954000453175e-01 1.429194242299957618e-01 -2.408066954000453175e-01 -4.763164501844276144e-02 -8.728463292679539132e-02
4.575862068965517615e+00 1.208903043221775699e-02 9.786109741629289704e-02 9.786109741629289704e-02 7.921887747351983311e-01 2.502144719662785163e-02 -2.360027463281489171e-02 2.502144719662785163e-02 -2.360027463281489171e-02 9.786109741629289704e-02 0.000000000000000000e+00 2.025494320522469305e-01 -1.910449959455146340e-01 2.025494320522469305e-01 -1.910449959455146340e-01 5.715913344939769006e-03 -9.769402495715538703e-02
4.779310344827586654e+00 7.722909798292531061e-03 8.015717955785196802e-02 8.015717955785196802e-02 8.319627310860022718e-01 2.206846303779944063e-02 -1.149041463946547104e-02 2.206846303779944063e-02 -1.149041463946547104e-02 8.015717955785196802e-02 0.000000000000000000e+00 2.290517060956814566e-01 -1.192606468931872304e-01 2.290517060956814566e-01 -1.192606468931872304e-01 4.596549930082415719e-02 -6.566845813810712196e-02
4.982758620689654805e+00 2.965504802979863474e-03 5.149094588467308803e-02 5.149094588467308803e-02 8.940526034276767842e-01 1.207963392162643944e-02 -2.603670408680959936e-03 1.207963392162643944e-02 -2.603670408680959936e-03 5.149094588467308803e-02 0.000000000000000000e+00 2.097422780021703237e-01 -4.520830981681998872e-02 2.097422780021703237e-01 -4.520830981681998872e-02 4.691897564724468311e-02 -2.121148975149055385e-02
5.186206896551723844e+00 4.926281627529062587e-04 2.170260051755385985e-02 2.170260051755385985e-02 9.561021708021378851e-01 3.266287146309376169e-03 1.506020823182513152e-04 3.266287146309376169e-03 1.506020823182513152e-04 2.170260051755385985e-02 0.000000000000000000e+00 1.438953918088447526e-01 6.634731861415659772e-03 1.438953918088447526e-01 6.634731861415659772e-03 2.161051970393985250e-02 1.997081731351344879e-03
5.389655172413792883e+00 7.205566629208654770e-06 2.677116344025186161e-03 2.677116344025186161e-03 9.946385617453230577e-01 1.327680593370983181e-04 4.077735840938288733e-05 1.327680593370983181e-04 4.077735840938288733e-05 2.677116344025186161e-03 0.000000000000000000e+00 4.932782939695607577e-02 1.515020786556363006e-02 4.932782939695607577e-02 1.515020786556363006e-02 2.215583873404305178e-03 1.502709962675114830e-03
5.593103448275861922e+00 5.599960109485995944e-06 2.360825947111799567e-03 2.360825947111799567e-03 9.952727481456640213e-01 -9.809506091610973699e-05 -5.998241083883372682e-05 -9.809506091610973699e-05 -5.998241083883372682e-05 2.360825947111799567e-03 0.000000000000000000e+00 -4.135483205364551273e-02 -2.528723261478045548e-02 -4.135483205364551273e-02 -2.528723261478045548e-02 1.075863261829837145e-03 2.101430224741057413e-03
5.796551724137930961e+00 4.155711698299791772e-04 1.996999193588524374e-02 1.996999193588524374e-02 9.596444449584012881e-01 -1.998742091967382027e-03 -2.074604142805263132e-03 -1.998742091967382027e-03 -2.074604142805263132e-03 1.996999193588524374e-02 0.000000000000000000e+00 -9.604820238618197448e-02 -9.969370441624740564e-02 -9.604820238618197448e-02 -9.969370441624740564e-02 -7.435839360424476800e-04 1.995614168163288224e-02
6.000000000000000000e+00 2.418028696939898171e-03 4.675542624400939873e-02 4.675542624400939873e-02 9.040711188150418742e-01 -5.120682314292771160e-03 -9.318506583548335359e-03 -5.120682314292771160e-03 -9.318506583548335359e-03 4.675542624400939873e-02 0.000000000000000000e+00 -9.901442486371894725e-02 -1.801842790209985945e-01 -9.901442486371894725e-02 -1.801842790209985945e-01 -2.506718349017967445e-02 3.946778194990239325e-02
