1.000000000000000056e-01 9.755784250828350990e-01 1.213531132207432833e-02 1.213531132207432833e-02 1.509522730179995527e-04 -4.449580084305152382e-15 1.088069295210264964e-01 -4.449580084305152382e-15 1.088069295210264964e-01 1.213531132207432833e-02 0.000000000000000000e+00 -5.534756778621722163e-17 1.353459577488171431e-03 -5.534756778621722163e-17 1.353459577488171431e-03 -1.213531132207432660e-02 -9.924907927937532001e-16
3.034482758620690168e-01 7.932341778857590064e-01 9.740277276846819043e-02 9.740277276846819043e-02 1.196027657730271317e-02 5.090575478439972344e-15 2.779626024907305704e-01 5.090575478439972344e-15 2.779626024907305704e-01 9.740277276846819043e-02 0.000000000000000000e+00 6.251360292564678928e-16 3.413157044077066993e-02 6.251360292564678928e-16 3.413157044077066993e-02 -9.740277276846817656e-02 3.567876201773329141e-15
5.068965517241379448e-01 5.113949832705779741e-01 2.037238762120672508e-01 2.037238762120672508e-01 8.115726430528770463e-02 3.446065005567060392e-14 3.227744851780058322e-01 3.446065005567060392e-14 3.227744851780058322e-01 2.037238762120672508e-01 0.000000000000000000e+00 1.372799319691920181e-14 1.285833288132064989e-01 1.372799319691920181e-14 1.285833288132064989e-01 -2.037238762120672508e-01 4.350060717450710350e-14
7.103448275862068728e-01 2.464162710889676866e-01 2.499870639628470614e-01 2.499870639628470614e-01 2.536096009853366362e-01 1.556728892036022463e-14 2.481952461092195861e-01 1.556728892036022463e-14 2.481952461092195861e-01 2.499870639628470614e-01 0.000000000000000000e+00 1.579283761650931110e-14 2.517918176904241356e-01 1.579283761650931110e-14 2.517918176904241356e-01 -2.499870639628470337e-01 3.135928944112218946e-14
9.137931034482759118e-01 7.751330245051653300e-02 2.008988068850927067e-01 2.008988068850927067e-01 5.206890837792956805e-01 2.612397174360220834e-14 1.247891422878026346e-01 2.612397174360220834e-14 1.247891422878026346e-01 2.008988068850927067e-01 0.000000000000000000e+00 6.771004366875942729e-14 3.234282232175648142e-01 6.771004366875942729e-14 3.234282232175648142e-01 -2.008988068850927344e-01 8.411605315692023301e-14
1.117241379310345062e+00 1.100713617395573073e-02 9.390776438732911791e-02 9.390776438732911791e-02 8.011773350513862191e-01 -1.847504454720515783e-15 3.215051420570601282e-02 -1.847504454720515783e-15 3.215051420570601282e-02 9.390776438732911791e-02 0.000000000000000000e+00 -1.576498151133073712e-14 2.742932232164341233e-01 -1.576498151133073712e-14 2.742932232164341233e-01 -9.390776438732907627e-02 -1.079433139953202421e-14
1.320689655172413879e+00 1.156142971952813187e-04 1.063680096165718104e-02 1.063680096165718104e-02 9.786107837794897346e-01 -1.878220390137838364e-16 1.108948653022861488e-03 -1.878220390137838364e-16 1.108948653022861488e-03 1.063680096165718104e-02 0.000000000000000000e+00 -1.725284910840708045e-14 1.020259188186204424e-01 -1.725284910840708045e-14 1.020259188186204424e-01 -1.063680096165709778e-02 -3.597847579568710337e-15
1.524137931034482918e+00 2.200315431721750793e-04 1.461341977901874437e-02 1.461341977901874437e-02 9.705531288987886418e-01 1.108786579046985662e-15 -1.793156871495568379e-03 1.108786579046985662e-15 -1.793156871495568379e-03 1.461341977901874437e-02 0.000000000000000000e+00 7.363707804629356208e-14 -1.190928219221375345e-01 7.363707804629356208e-14 -1.190928219221375345e-01 -1.461341977901872008e-02 -1.807170410998925239e-14
1.727586206896551957e+00 1.353454928818599405e-02 1.028035300761463294e-01 1.028035300761463294e-01 7.808583905595207764e-01 7.181126218143971108e-15 -3.730146656781511971e-02 7.181126218143971108e-15 -3.730146656781511971e-02 1.028035300761463294e-01 0.000000000000000000e+00 5.454560123888169980e-14 -2.833284297869503310e-01 5.454560123888169980e-14 -2.833284297869503310e-01 -1.028035300761463294e-01 -3.958273735739323087e-14
1.931034482758620996e+00 8.695678074559520798e-02 2.079275685399016027e-01 2.079275685399016027e-01 4.971880821746036405e-01 -3.873966032494046901e-15 -1.344645365912923995e-01 -3.873966032494046901e-15 -1.344645365912923995e-01 2.079275685399016027e-01 0.000000000000000000e+00 -9.263393872172457585e-15 -3.215262195912452770e-01 -9.263393872172457585e-15 -3.215262195912452770e-01 -2.079275685399014917e-01 1.198171184504771826e-14
2.134482758620690035e+00 2.648298767980209467e-01 2.497863657552066019e-01 2.497863657552066019e-01 2.355973916915643507e-01 -7.652317848501576323e-16 -2.571981562105268848e-01 -7.652317848501576323e-16 -2.571981562105268848e-01 2.497863657552066019e-01 0.000000000000000000e+00 -7.218849930743871735e-16 -2.425881640116281102e-01 -7.218849930743871735e-16 -2.425881640116281102e-01 -2.497863657552066019e-01 1.486348208297052743e-15
2.337931034482759074e+00 5.349679211418580937e-01 1.964470923333541119e-01 1.964470923333541119e-01 7.213789419143279424e-02 -2.227896409003834445e-14 -3.241803377695870458e-01 -2.227896409003834445e-14 -3.241803377695870458e-01 1.964470923333541119e-01 0.000000000000000000e+00 -8.181169468013423091e-15 -1.190431850166331629e-01 -8.181169468013423091e-15 -1.190431850166331629e-01 -1.964470923333540009e-01 2.700109943056848254e-14
2.541379310344827669e+00 8.131420799368187513e-01 8.860183123645055947e-02 8.860183123645055947e-02 9.654257590280527004e-03 -5.626034310495221283e-14 -2.684136281758139342e-01 -5.626034310495221283e-14 -2.684136281758139342e-01 8.860183123645055947e-02 0.000000000000000000e+00 -6.130338557339223837e-15 -2.924696579674807700e-02 -6.130338557339223837e-15 -2.924696579674807700e-02 -8.860183123645060110e-02 3.714234953884874570e-14
2.744827586206896708e+00 9.828784428859266287e-01 8.523818756253543141e-03 8.523818756253543141e-03 7.391960156677879375e-05 -7.002554643583699124e-14 -9.153073700134406465e-02 -7.002554643583699124e-14 -9.153073700134406465e-02 8.523818756253543141e-03 0.000000000000000000e+00 -6.071938114648858249e-16 -7.937795821304473526e-04 -6.071938114648858249e-16 -7.937795821304473526e-04 -8.523818756253517120e-03 1.304235381604505484e-14
2.948275862068965747e+00 9.650791479008795637e-01 1.730527117293909067e-02 1.730527117293909067e-02 3.103097532425693242e-04 -2.813216351945363269e-14 1.292321805201755713e-01 -2.813216351945363269e-14 1.292321805201755713e-01 1.730527117293909067e-02 0.000000000000000000e+00 -5.043863074606237830e-16 2.317323696678826647e-03 -5.043863074606237830e-16 2.317323696678826647e-03 -1.730527117293904210e-02 -7.534218380219549337e-15
3.151724137931034786e+00 7.682565904540824553e-01 1.082458847504888244e-01 1.082458847504888244e-01 1.525164004494118132e-02 -1.948546678871939600e-14 2.883758219825601210e-01 -1.948546678871939600e-14 2.883758219825601210e-01 1.082458847504888244e-01 0.000000000000000000e+00 -2.745343321245708744e-15 4.063160329669612825e-02 -2.745343321245708744e-15 4.063160329669612825e-02 -1.082458847504887550e-01 -1.462833993855972831e-14
3.355172413793103825e+00 4.830446019933913870e-01 2.119694897841351566e-01 2.119694897841351566e-01 9.301641843833820256e-02 -5.071840304086783001e-15 3.199855033712018515e-01 -5.071840304086783001e-15 3.199855033712018515e-01 2.119694897841351566e-01 0.000000000000000000e+00 -2.229123281896857089e-15 1.404159518203501322e-01 -2.229123281896857089e-15 1.404159518203501322e-01 -2.119694897841352677e-01 -6.719209268892325606e-15
3.558620689655172864e+00 2.250256295905725401e-01 2.493430311931155441e-01 2.493430311931155441e-01 2.762883080231973709e-01 8.010844039685356406e-15 2.368724933976604219e-01 8.010844039685356406e-15 2.368724933976604219e-01 2.493430311931155441e-01 0.000000000000000000e+00 8.876646937681085137e-15 2.624701071776456840e-01 8.876646937681085137e-15 2.624701071776456840e-01 -2.493430311931155441e-01 1.686567453986597978e-14
3.762068965517241903e+00 6.701427175449321816e-02 1.918568802820851127e-01 1.918568802820851127e-01 5.492719676813382357e-01 3.503058138825397659e-15 1.133893722277827393e-01 3.503058138825397659e-15 1.133893722277827393e-01 1.918568802820851127e-01 0.000000000000000000e+00 1.002909496301531010e-14 3.246253291893862469e-01 1.002909496301531010e-14 3.246253291893862469e-01 -1.918568802820850572e-01 1.185543748905618046e-14
3.965517241379310942e+00 8.425671931418595925e-03 8.336583192679887511e-02 8.336583192679887511e-02 8.248426642149866428e-01 3.521367836758315206e-15 2.650308925991775449e-02 3.521367836758315206e-15 2.650308925991775449e-02 8.336583192679887511e-02 0.000000000000000000e+00 3.484349308646899582e-14 2.622283141733955381e-01 3.484349308646899582e-14 2.622283141733955381e-01 -8.336583192679881960e-02 2.215457205290782750e-14
4.168965517241379537e+00 4.464140040271839533e-05 6.637071377623622939e-03 6.637071377623622939e-03 9.866812158443498681e-01 3.551929591220736108e-16 5.443408245457010677e-04 3.551929591220736108e-16 5.443408245457010677e-04 6.637071377623622939e-03 0.000000000000000000e+00 5.279529703005609981e-14 8.092385392026739399e-02 5.279529703005609981e-14 8.092385392026739399e-02 -6.637071377623563091e-03 8.660190383036058936e-15
4.372413793103448576e+00 4.257380265812817674e-04 2.020752585206004107e-02 2.020752585206004107e-02 9.591592102693016209e-01 2.793570536840642105e-15 -2.933104715563020042e-03 2.793570536840642105e-15 -2.933104715563020042e-03 2.020752585206004107e-02 0.000000000000000000e+00 1.325847215542712451e-13 -1.392200906167622154e-01 1.325847215542712451e-13 -1.392200906167622154e-01 -2.020752585205995780e-02 -3.848859148977937280e-14
4.575862068965517615e+00 1.711942963056022754e-02 1.137218100486787620e-01 1.137218100486787620e-01 7.554369502720812424e-01 4.724471316041169183e-15 -4.412315347364258872e-02 4.724471316041169183e-15 -4.412315347364258872e-02 1.137218100486787620e-01 0.000000000000000000e+00 3.138593559971999753e-14 -2.931034890675662252e-01 3.138593559971999753e-14 -2.931034890675662252e-01 -1.137218100486788175e-01 -2.435529713932982883e-14
4.779310344827586654e+00 9.933862976511753651e-02 2.158416753748392258e-01 2.158416753748392258e-01 4.689780194852027906e-01 1.592403460438760066e-15 -1.464288750636997261e-01 1.592403460438760066e-15 -1.464288750636997261e-01 2.158416753748392258e-01 0.000000000000000000e+00 3.460060888567422186e-15 -3.181587707441575485e-01 3.460060888567422186e-15 -3.181587707441575485e-01 -2.158416753748390593e-01 -4.694068631173416023e-15
4.982758620689654805e+00 2.879754042904366096e-01 2.486579884226521320e-01 2.486579884226521320e-01 2.147086188642594595e-01 -3.183078135251310955e-15 -2.675955355190159368e-01 -3.183078135251310955e-15 -2.675955355190159368e-01 2.486579884226521320e-01 0.000000000000000000e+00 -2.748581076558519347e-15 -2.310606492193544026e-01 -2.748581076558519347e-15 -2.310606492193544026e-01 -2.486579884226520210e-01 5.916100860208139247e-15
5.186206896551723844e+00 5.635935371323795851e-01 1.871351484993822589e-01 1.871351484993822589e-01 6.213616586885459259e-02 -2.473349015622885387e-15 -3.247585741611641041e-01 -2.473349015622885387e-15 -3.247585741611641041e-01 1.871351484993822589e-01 0.000000000000000000e+00 -8.210101658964475039e-16 -1.078325978215087105e-01 -8.210101658964475039e-16 -1.078325978215087105e-01 -1.871351484993822034e-01 2.851178341971520207e-15
5.389655172413792883e+00 8.362642796882333585e-01 7.821060935864529440e-02 7.821060935864529440e-02 7.314501594476939192e-03 -3.387477368948414151e-15 -2.557434325876088432e-01 -3.387477368948414151e-15 -2.557434325876088432e-01 7.821060935864529440e-02 0.000000000000000000e+00 -3.166869363433719769e-16 -2.391808218004129807e-02 -3.166869363433719769e-16 -2.391808218004129807e-02 -7.821060935864526664e-02 2.072057012259433844e-15
5.593103448275861922e+00 9.900138914956824188e-01 4.980534407727190555e-03 4.980534407727190555e-03 2.503968886539512128e-05 -2.983932922230474450e-15 -7.021952953376880968e-02 -2.983932922230474450e-15 -7.021952953376880968e-02 4.980534407727190555e-03 0.000000000000000000e+00 -1.451776172308990195e-17 -3.532336799481762654e-04 -1.451776172308990195e-17 -3.532336799481762654e-04 -4.980534407727376170e-03 4.236253361895771935e-16
5.796551724137930961e+00 9.528044738956999993e-01 2.331256070357816054e-02 2.331256070357816054e-02 5.704046971447553852e-04 -5.085684413845046135e-16 1.490379264673455939e-01 -5.085684413845046135e-16 1.490379264673455939e-01 2.331256070357816054e-02 0.000000000000000000e+00 -1.184743144089563500e-17 3.646590636113830348e-03 -1.184743144089563500e-17 3.646590636113830348e-03 -2.331256070357818136e-02 -1.593204199703902210e-16
6.000000000000000000e+00 7.424108423291878589e-01 1.192218228172399058e-01 1.192218228172399058e-01 1.914551203633065024e-02 -8.202164532040490414e-15 2.975089478180004687e-01 -8.202164532040490414e-15 2.975089478180004687e-01 1.192218228172399058e-01 0.000000000000000000e+00 -1.316958624597917258e-15 4.777617804607593721e-02 -1.316958624597917258e-15 4.777617804607593721e-02 -1.192218228172397254e-01 -6.574224363572632481e-15
