1.000000000000000056e-01 9.755865323335702888e-01 1.213130811147689232e-02 1.213130811147689232e-02 1.508514434777807260e-04 -1.283622898555089272e-04 1.087893576457158451e-01 -1.283622898555089272e-04 1.087893576457158451e-01 1.213130811147689232e-02 0.000000000000000000e+00 -1.596171624347037915e-06 1.352783348825763177e-03 -1.596171624347037915e-06 1.352783348825763177e-03 -1.213127431778323467e-02 -2.862781004600071740e-05
3.034482758620690168e-01 7.938349849727289742e-01 9.713919253112381080e-02 9.713919253112381080e-02 1.188662996502379103e-02 -3.030277648333583491e-03 2.776748221615121803e-01 -3.030277648333583491e-03 2.776748221615121803e-01 9.713919253112381080e-02 0.000000000000000000e+00 -3.708059318529845173e-04 3.397823038148414104e-02 -3.708059318529845173e-04 3.397823038148414104e-02 -9.711605777899688652e-02 -2.119916157890144436e-03
5.068965517241379448e-01 5.147053856894401314e-01 2.027243221179775845e-01 2.027243221179775845e-01 7.984597007460576823e-02 -9.987145010927803157e-03 3.228677087143350666e-01 -9.987145010927803157e-03 3.228677087143350666e-01 2.027243221179775845e-01 0.000000000000000000e+00 -3.933584656621664545e-03 1.271662182420712772e-01 -3.933584656621664545e-03 1.271662182420712772e-01 -2.023367486949756988e-01 -1.252960127039088462e-02
7.103448275862068728e-01 2.536620650803569355e-01 2.499866865998137955e-01 2.499866865998137955e-01 2.463645617200146132e-01 -1.564176574315453636e-02 2.513314034754448589e-01 -1.564176574315453636e-02 2.513314034754448589e-01 2.499866865998137955e-01 0.000000000000000000e+00 -1.541512791408924249e-02 2.476897944370225479e-01 -1.541512791408924249e-02 2.476897944370225479e-01 -2.480576253294412004e-01 -3.099609650015539702e-02
9.137931034482759118e-01 8.576868488048502992e-02 2.070942265742989619e-01 2.070942265742989619e-01 5.000428619709190725e-01 -1.412377400396570490e-02 1.325244071105432797e-01 -1.412377400396570490e-02 1.325244071105432797e-01 2.070942265742989619e-01 0.000000000000000000e+00 -3.410279702724272610e-02 3.199890450419544119e-01 -3.410279702724272610e-02 3.199890450419544119e-01 -2.024426222714554024e-01 -4.364634427030970876e-02
1.117241379310345062e+00 1.548204367432950805e-02 1.089448172534741438e-01 1.089448172534741438e-01 7.666283218187200932e-01 -6.758275731149812789e-03 4.050943263756420776e-02 -6.758275731149812789e-03 4.050943263756420776e-02 1.089448172534741438e-01 0.000000000000000000e+00 -4.755697158642246264e-02 2.850587953517176865e-01 -4.755697158642246264e-02 2.850587953517176865e-01 -1.030445250660336348e-01 -3.536663763221593176e-02
1.320689655172413879e+00 6.060961708435401397e-04 2.401292643670764962e-02 2.401292643670764962e-02 9.513680509557416176e-01 -9.174516288086148868e-04 3.703029383150593760e-03 -9.174516288086148868e-04 3.703029383150593760e-03 2.401292643670764962e-02 0.000000000000000000e+00 -3.634851478780696393e-02 1.467103146840247618e-01 -3.634851478780696393e-02 1.467103146840247618e-01 -2.123542174460304674e-02 -1.121059740768028806e-02
1.524137931034482918e+00 1.261821181226086859e-06 1.122036833259309509e-03 1.122036833259309509e-03 9.977546645123014368e-01 1.266882897007078273e-05 -3.543024758391131719e-05 1.266882897007078273e-05 -3.543024758391131719e-05 1.122036833259309509e-03 0.000000000000000000e+00 1.126554796430137388e-02 -3.150563427869126215e-02 1.126554796430137388e-02 -3.150563427869126215e-02 -8.676405402532104752e-04 -7.114539413840509190e-04
1.727586206896551957e+00 1.810423197014481792e-03 4.073864290592930232e-02 4.073864290592930232e-02 9.167122909911260553e-01 3.910435084343758839e-03 -7.646089032375049700e-03 3.910435084343758839e-03 -7.646089032375049700e-03 4.073864290592930232e-02 0.000000000000000000e+00 8.799369449924714093e-02 -1.720544230533203600e-01 8.799369449924714093e-02 -1.720544230533203600e-01 -2.384590450151868532e-02 -3.303043817562856255e-02
1.931034482758620996e+00 1.510323825874424625e-02 1.077919934598069451e-01 1.077919934598069451e-01 7.693127748216407324e-01 2.401211796958740638e-02 -3.242570456736175444e-02 2.401211796958740638e-02 -3.242570456736175444e-02 1.077919934598069451e-01 0.000000000000000000e+00 1.713747771768620864e-01 -2.314226513899267923e-01 1.713747771768620864e-01 -2.314226513899267923e-01 -3.143991598777567259e-02 -1.031050210673794126e-01
2.134482758620690035e+00 4.391640320133851499e-02 1.656460060371212906e-01 1.656460060371212906e-01 6.247915847244210896e-01 6.363721756638468507e-02 -5.678803822304036991e-02 6.363721756638468507e-02 -5.678803822304036991e-02 1.656460060371212906e-01 0.000000000000000000e+00 2.400299243993664622e-01 -2.141958597480810578e-01 2.400299243993664622e-01 -2.141958597480810578e-01 1.878145894772203714e-02 -1.645778106140808328e-01
2.337931034482759074e+00 7.430100040111428661e-02 1.982810985437102325e-01 1.982810985437102325e-01 5.291368025114663309e-01 1.073550164611060814e-01 -5.663377444023027368e-02 1.073550164611060814e-01 -5.663377444023027368e-02 1.982810985437102325e-01 0.000000000000000000e+00 2.864896905174669217e-01 -1.511339934006651342e-01 2.864896905174669217e-01 -1.511339934006651342e-01 1.119462062462664026e-01 -1.636564717602255192e-01
2.541379310344827669e+00 8.556321268161419524e-02 2.069486892011900281e-01 2.069486892011900281e-01 5.005394089160073445e-01 1.299368790803118179e-01 -2.869847025028904319e-02 1.299368790803118179e-01 -2.869847025028904319e-02 2.069486892011900281e-01 0.000000000000000000e+00 3.142736920671881373e-01 -6.941196574383073914e-02 3.142736920671881373e-01 -6.941196574383073914e-02 1.876973740887305786e-01 -8.716338551906815946e-02
2.744827586206896708e+00 7.016265203679522555e-02 1.947196837204585307e-01 1.947196837204585307e-01 5.403979805222844934e-01 1.167192791058803830e-01 6.217667905826112541e-03 1.167192791058803830e-01 6.217667905826112541e-03 1.947196837204585307e-01 0.000000000000000000e+00 3.239264829399853274e-01 1.725565412109587859e-02 3.239264829399853274e-01 1.725565412109587859e-02 1.936176922964669422e-01 2.068683780488760407e-02
2.948275862068965747e+00 4.007171575764779947e-02 1.601074931842937088e-01 1.601074931842937088e-01 6.397132978737669617e-01 7.635253554153864641e-02 2.420893059124303026e-02 7.635253554153864641e-02 2.420893059124303026e-02 1.601074931842937088e-01 0.000000000000000000e+00 3.050683706971444864e-01 9.672735701438149591e-02 3.050683706971444864e-01 9.672735701438149591e-02 1.308563231646645841e-01 9.225525694410686983e-02
3.151724137931034786e+00 1.429899390629144236e-02 1.052794075064056312e-01 1.052794075064056312e-01 7.751421910808983240e-01 3.333907585527199485e-02 1.984680497014578576e-02 3.333907585527199485e-02 1.984680497014578576e-02 1.052794075064056312e-01 0.000000000000000000e+00 2.454660880483566510e-01 1.461263494601374446e-01 2.454660880483566510e-01 1.461263494601374446e-01 5.018523223826540369e-02 9.254834645688055084e-02
3.355172413793103825e+00 2.295640327023134968e-03 4.561720218989361031e-02 4.561720218989361031e-02 9.064699552931895221e-01 7.511672627365884557e-03 6.949494198536076972e-03 7.511672627365884557e-03 6.949494198536076972e-03 4.561720218989361031e-02 0.000000000000000000e+00 1.492661838801826180e-01 1.380950005490252930e-01 1.492661838801826180e-01 1.380950005490252930e-01 3.541390450244108219e-03 4.547953092474618653e-02
3.558620689655172864e+00 3.580790095232008432e-05 5.948196707120822178e-03 5.948196707120822178e-03 9.880677986848067640e-01 2.705024086370740955e-04 3.739284026156126039e-04 2.705024086370740955e-04 3.739284026156126039e-04 5.948196707120822178e-03 0.000000000000000000e+00 4.493392133914221598e-02 6.211411823459209863e-02 4.493392133914221598e-02 6.211411823459209863e-02 -1.861319990918739158e-03 5.649473890455054652e-03
3.762068965517241903e+00 2.050819334778565536e-05 4.508076199596986258e-03 4.508076199596986258e-03 9.909633394074592871e-01 -1.266911044537139452e-04 -2.764085572592421287e-04 -1.266911044537139452e-04 -2.764085572592421287e-04 4.508076199596986258e-03 0.000000000000000000e+00 -2.784914758728980130e-02 -6.075988340195769000e-02 -2.784914758728980130e-02 -6.075988340195769000e-02 -2.942782993696586077e-03 3.415081475633640045e-03
3.965517241379310942e+00 1.719345928865657295e-03 3.974564143704441277e-02 3.974564143704441277e-02 9.187893711970446242e-01 -1.843793816415505767e-03 -8.058344360119949756e-03 -1.843793816415505767e-03 -8.058344360119949756e-03 3.974564143704441277e-02 0.000000000000000000e+00 -4.262250587523670753e-02 -1.862825666892047871e-01 -4.262250587523670753e-02 -1.862825666892047871e-01 -3.579113729127842564e-02 1.728323882907211936e-02
4.168965517241379537e+00 1.063130988495450922e-02 9.247693086640312865e-02 9.247693086640312865e-02 8.044148283822389889e-01 -9.617411096190388146e-05 -3.135508876970079933e-02 -9.617411096190388146e-05 -3.135508876970079933e-02 9.247693086640312865e-02 0.000000000000000000e+00 -8.365890859542233354e-04 -2.727436790730387028e-01 -8.365890859542233354e-04 -2.727436790730387028e-01 -9.247518683431726894e-02 5.673014999794004191e-04
4.372413793103448576e+00 2.849765985722694031e-02 1.403148372226414309e-01 1.403148372226414309e-01 6.908726656974953917e-01 1.513221257326630327e-02 -6.139756005144536566e-02 1.513221257326630327e-02 -6.139756005144536566e-02 1.403148372226414309e-01 0.000000000000000000e+00 7.450694644983590909e-02 -3.023051445457275999e-01 7.450694644983590909e-02 -3.023051445457275999e-01 -1.242444713609147933e-01 -6.520400829306667589e-02
4.575862068965517615e+00 4.730986540558609899e-02 1.701984477656106054e-01 1.701984477656106054e-01 6.122932390631898869e-01 4.375165932054946027e-02 -7.834448089725211395e-02 4.375165932054946027e-02 -7.834448089725211395e-02 1.701984477656106054e-01 0.000000000000000000e+00 1.573977062248148873e-01 -2.818462709247738784e-01 1.573977062248148873e-01 -2.818462709247738784e-01 -8.927630696459719351e-02 -1.449042765352741013e-01
4.779310344827586654e+00 5.481402297972774035e-02 1.793099259372096244e-01 1.793099259372096244e-01 5.865661251458548220e-01 7.055108367528244162e-02 -6.965086363415685933e-02 7.055108367528244162e-02 -6.965086363415685933e-02 1.793099259372096244e-01 0.000000000000000000e+00 2.307896588855400388e-01 -2.278448184186665781e-01 2.307896588855400388e-01 -2.278448184186665781e-01 2.302559669335717089e-03 -1.792951355686679682e-01
4.982758620689654805e+00 4.578223773972545096e-02 1.681856056703704694e-01 1.681856056703704694e-01 6.178465509195301131e-01 7.717643067229752740e-02 -4.175777553297117112e-02 7.717643067229752740e-02 -4.175777553297117112e-02 1.681856056703704694e-01 0.000000000000000000e+00 2.835153000983393068e-01 -1.534013370294817769e-01 2.835153000983393068e-01 -1.534013370294817769e-01 9.201143925973748194e-02 -1.407845564490326218e-01
5.186206896551723844e+00 2.683729207632610386e-02 1.369836222227105160e-01 1.369836222227105160e-01 6.991954634782520106e-01 5.909095588216643768e-02 -1.358412350628247951e-02 5.909095588216643768e-02 -1.358412350628247951e-02 1.369836222227105160e-01 0.000000000000000000e+00 3.016136351600727239e-01 -6.933644412036873983e-02 3.016136351600727239e-01 -6.933644412036873983e-02 1.232319814264420665e-01 -5.981965969967665414e-02
5.389655172413792883e+00 9.904737017237668154e-03 8.961780794720052012e-02 8.961780794720052012e-02 8.108596470883627783e-01 2.978423439579331450e-02 7.349906118216531633e-04 2.978423439579331450e-02 7.349906118216531633e-04 8.961780794720052012e-02 0.000000000000000000e+00 2.694869931060820956e-01 6.650175883134482567e-03 2.694869931060820956e-01 6.650175883134482567e-03 8.950872805282220068e-02 4.420335387107133737e-03
5.593103448275861922e+00 1.670773596522807892e-03 3.920431924897490455e-02 3.920431924897490455e-02 9.199205879055271096e-01 7.826726536873345255e-03 2.060069430916713212e-03 7.826726536873345255e-03 2.060069430916713212e-03 3.920431924897490455e-02 0.000000000000000000e+00 1.836523719706882329e-01 4.833907719338501052e-02 1.836523719706882329e-01 4.833907719338501052e-02 3.412417280143927034e-02 1.930076407674854999e-02
5.796551724137930961e+00 3.008737699159916081e-05 5.455173573682468510e-03 5.455173573682468510e-03 9.890595654756422217e-01 3.596454498397607812e-04 1.865192131154970998e-04 3.596454498397607812e-04 1.865192131154970998e-04 5.455173573682468510e-03 0.000000000000000000e+00 6.520649084669649653e-02 3.381724433583873507e-02 6.520649084669649653e-02 3.381724433583873507e-02 3.142655013935175771e-03 4.458994291273389067e-03
6.000000000000000000e+00 1.181692095386016151e-05 3.425759888291226175e-03 3.425759888291226175e-03 9.931366633024641954e-01 -1.543798535297392980e-04 -1.290301145777443222e-04 -1.543798535297392980e-04 -1.290301145777443222e-04 3.425759888291226175e-03 0.000000000000000000e+00 -4.475521949906300506e-02 -3.740613638036210942e-02 -4.475521949906300506e-02 -3.740613638036210942e-02 6.079826646688009763e-04 3.371375747231904630e-03
