1.000000000000000056e-01 9.755802145041719831e-01 1.213442774024106434e-02 1.213442774024106434e-02 1.509300153474332513e-04 -5.535854814566298871e-05 1.088030540019350734e-01 -5.535854814566298871e-05 1.088030540019350734e-01 1.213442774024106434e-02 0.000000000000000000e+00 -6.885586613327891132e-07 1.353310344818090243e-03 -6.885586613327891132e-07 1.353310344818090243e-03 -1.213442146089565264e-02 -1.234788790900601314e-05
3.034482758620690168e-01 7.933629661044121484e-01 9.734628279602204615e-02 9.734628279602204615e-02 1.194446830354365871e-02 -1.319748441434658720e-03 2.779014104265731810e-01 -1.319748441434658720e-03 2.779014104265731810e-01 9.734628279602204615e-02 0.000000000000000000e+00 -1.619342211295581849e-04 3.409872966920581006e-02 -1.619342211295581849e-04 3.409872966920581006e-02 -9.734189202878533453e-02 -9.245704052740167040e-04
5.068965517241379448e-01 5.121086275205867233e-01 2.035090269998788837e-01 2.035090269998788837e-01 8.087331847965692488e-02 -4.351726880656401307e-03 3.227999241627550475e-01 -4.351726880656401307e-03 3.227999241627550475e-01 2.035090269998788837e-01 0.000000000000000000e+00 -1.729351276133972090e-03 1.282788356600153834e-01 -1.729351276133972090e-03 1.282788356600153834e-01 -2.034350679869779133e-01 -5.486090327521667663e-03
7.103448275862068728e-01 2.479758205691829642e-01 2.499958860208863487e-01 2.499958860208863487e-01 2.520324073890447547e-01 -6.769036331698292941e-03 2.488917738796273260e-01 -6.769036331698292941e-03 2.488917738796273260e-01 2.499958860208863487e-01 0.000000000000000000e+00 -6.824178410185956570e-03 2.509193009483944858e-01 -6.824178410185956570e-03 2.509193009483944858e-01 -2.496263350204126485e-01 -1.358807856139876077e-02
9.137931034482759118e-01 7.926026738429949037e-02 2.022717332751921004e-01 2.022717332751921004e-01 5.161962660653149904e-01 -5.910860702343066937e-03 1.264799328076163243e-01 -5.910860702343066937e-03 1.264799328076163243e-01 2.022717332751921004e-01 0.000000000000000000e+00 -1.508448156920761535e-02 3.227760396685918631e-01 -1.508448156920761535e-02 3.227760396685918631e-01 -2.013901244697331450e-01 -1.886456578613032384e-02
1.117241379310345062e+00 1.189355571589014934e-02 9.716402444164340402e-02 9.716402444164340402e-02 7.937783954008237330e-01 -2.489815531857725653e-03 3.390319398329239703e-02 -2.489815531857725653e-03 3.390319398329239703e-02 9.716402444164340402e-02 0.000000000000000000e+00 -2.034046828203200583e-02 2.769710611913629439e-01 -2.034046828203200583e-02 2.769710611913629439e-01 -9.612158073167983985e-02 -1.419469497317850035e-02
1.320689655172413879e+00 1.778357005309349039e-04 1.315767743367993875e-02 1.315767743367993875e-02 9.735068094321072119e-01 -1.664679953134125842e-04 1.520590296590078284e-03 -1.664679953134125842e-04 1.520590296590078284e-03 1.315767743367993875e-02 0.000000000000000000e+00 -1.231658934320284567e-02 1.125050664966859709e-01 -1.231658934320284567e-02 1.125050664966859709e-01 -1.284602398338097022e-02 -2.846777892500649328e-03
1.524137931034482918e+00 1.083946539447738262e-04 1.030286909586841312e-02 1.030286909586841312e-02 9.792858671543162030e-01 1.653960894765317882e-04 -1.043752387543887611e-03 1.653960894765317882e-04 -1.043752387543887611e-03 1.030286909586841312e-02 0.000000000000000000e+00 1.572085521367058356e-02 -9.920841060456755955e-02 1.572085521367058356e-02 -9.920841060456755955e-02 -9.798123042630137863e-03 -3.185262311640158026e-03
1.727586206896551957e+00 9.300698936364863723e-03 8.713942987495267023e-02 8.713942987495267023e-02 8.164204413137289285e-01 6.295555867784169597e-03 -2.776370929564795156e-02 6.295555867784169597e-03 -2.776370929564795156e-02 8.713942987495267023e-02 0.000000000000000000e+00 5.898386469884436822e-02 -2.601217323131926329e-01 5.898386469884436822e-02 -2.601217323131926329e-01 -7.861662434119440213e-02 -3.758598966115667128e-02
1.931034482758620996e+00 6.191204556347370408e-02 1.869092658818883868e-01 1.869092658818883868e-01 5.642694226727503759e-01 3.339947528446318009e-02 -1.022565884681637255e-01 3.339947528446318009e-02 -1.022565884681637255e-01 1.869092658818883868e-01 0.000000000000000000e+00 1.008312898010059466e-01 -3.087073614669407773e-01 1.008312898010059466e-01 -3.087073614669407773e-01 -1.508734690146992796e-01 -1.103280102962432702e-01
2.134482758620690035e+00 1.860569019272634295e-01 2.452862354025364677e-01 2.452862354025364677e-01 3.233706272676638016e-01 9.323018854416582901e-02 -1.922116760992805817e-01 9.323018854416582901e-02 -1.922116760992805817e-01 2.452862354025364677e-01 0.000000000000000000e+00 1.229090770006640576e-01 -2.534003225310890728e-01 1.229090770006640576e-01 -2.534003225310890728e-01 -1.518538717946061045e-01 -1.926284983936062400e-01
2.337931034482759074e+00 3.626063642491700878e-01 2.395616895017310399e-01 2.395616895017310399e-01 1.582702567473672217e-01 1.805707645365231540e-01 -2.329394598964359964e-01 1.805707645365231540e-01 -2.329394598964359964e-01 2.395616895017310399e-01 0.000000000000000000e+00 1.192969615455152649e-01 -1.538951765864303156e-01 1.192969615455152649e-01 -1.538951765864303156e-01 -5.972038377870695497e-02 -2.319984453166007987e-01
2.541379310344827669e+00 5.226719328114701746e-01 2.002886013247106023e-01 2.002886013247106023e-01 7.675086453910985596e-02 2.686662243585530851e-01 -1.802877962005146051e-01 2.686662243585530851e-01 -1.802877962005146051e-01 2.002886013247106023e-01 0.000000000000000000e+00 1.029532656213035802e-01 -6.908652977633829295e-02 1.029532656213035802e-01 -6.908652977633829295e-02 7.591348867142266865e-02 -1.853447198036574373e-01
2.744827586206896708e+00 5.884782899594790395e-01 1.786450965663763935e-01 1.786450965663763935e-01 5.423151690776820133e-02 3.204484918496638968e-01 -4.941179121847504713e-02 3.204484918496638968e-01 -4.941179121847504713e-02 1.786450965663763935e-01 0.000000000000000000e+00 9.727895296061934982e-02 -1.499999802889663385e-02 9.727895296061934982e-02 -1.499999802889663385e-02 1.703473392041364720e-01 -5.381314562682409930e-02
2.948275862068965747e+00 5.262109380222536048e-01 1.991930426350254912e-01 1.991930426350254912e-01 7.540297670769648131e-02 3.103320895629228526e-01 9.225807892972184843e-02 3.103320895629228526e-01 9.225807892972184843e-02 1.991930426350254912e-01 0.000000000000000000e+00 1.174737909649771206e-01 3.492358014731575949e-02 1.174737909649771206e-01 3.492358014731575949e-02 1.668427001434360513e-01 1.088181191418506749e-01
3.151724137931034786e+00 3.692568886516124915e-01 2.384082232829606851e-01 2.384082232829606851e-01 1.539266647824662215e-01 2.415439058911505454e-01 1.723090842853666205e-01 2.415439058911505454e-01 1.723090842853666205e-01 2.384082232829606851e-01 0.000000000000000000e+00 1.559511962630324156e-01 1.112501996591849784e-01 1.559511962630324156e-01 1.112501996591849784e-01 7.759648911525460213e-02 2.254268529197506199e-01
3.355172413793103825e+00 1.940010895963421578e-01 2.464544570747022045e-01 2.464544570747022045e-01 3.130899962542509352e-01 1.454005591084347460e-01 1.633129257840993664e-01 1.454005591084347460e-01 1.633129257840993664e-01 2.464544570747022045e-01 0.000000000000000000e+00 1.847134766468275235e-01 2.074689261287900877e-01 1.847134766468275235e-01 2.074689261287900877e-01 -2.850390245554976568e-02 2.448005888160435239e-01
3.558620689655172864e+00 6.811419230020085425e-02 1.928727696221528287e-01 1.928727696221528287e-01 5.461402684554916842e-01 6.178377448410780903e-02 9.654086809309574135e-02 6.178377448410780903e-02 9.654086809309574135e-02 1.928727696221528287e-01 0.000000000000000000e+00 1.749474943899862744e-01 2.733659767032008969e-01 1.749474943899862744e-01 2.733659767032008969e-01 -8.078938175307952274e-02 1.751370385679523467e-01
3.762068965517241903e+00 1.184380551579634899e-02 9.698546715587146039e-02 9.698546715587146039e-02 7.941852601724637140e-01 1.463553301954805680e-02 3.056924364858117776e-02 1.463553301954805680e-02 3.056924364858117776e-02 9.698546715587146039e-02 0.000000000000000000e+00 1.198460733969040209e-01 2.503224768785969334e-01 1.198460733969040209e-01 2.503224768785969334e-01 -6.081486374317525423e-02 7.554954499728454287e-02
3.965517241379310942e+00 2.947181343270165979e-04 1.687284959723169345e-02 1.687284959723169345e-02 9.659595826712068511e-01 7.451251166344086390e-04 2.101810543993688600e-03 7.451251166344086390e-04 2.101810543993688600e-03 1.687284959723169345e-02 0.000000000000000000e+00 4.265830747689414865e-02 1.203276907336693902e-01 4.265830747689414865e-02 1.203276907336693902e-01 -1.310514172217599332e-02 1.062772045998909391e-02
4.168965517241379537e+00 3.079765960826085728e-05 5.518751653031520911e-03 5.518751653031520911e-03 9.889316990343304248e-01 -9.779615094318330998e-05 -4.005000206247638639e-04 -9.779615094318330998e-05 -4.005000206247638639e-04 5.518751653031520911e-03 0.000000000000000000e+00 -1.752446178559410872e-02 -7.176741574625682130e-02 -1.752446178559410872e-02 -7.176741574625682130e-02 -4.897665066313759002e-03 2.543522771969774447e-03
4.372413793103448576e+00 5.728774709523861385e-03 6.995982975009266969e-02 6.995982975009266969e-02 8.543515657902904792e-01 -2.646151290582768149e-03 -1.984393222606270490e-02 -2.646151290582768149e-03 -1.984393222606270490e-02 6.995982975009266969e-02 0.000000000000000000e+00 -3.231491718877910896e-02 -2.423345590500830815e-01 -3.231491718877910896e-02 -2.423345590500830815e-01 -6.751527853291519610e-02 1.833206528241913130e-02
4.575862068965517615e+00 4.461379580753536966e-02 1.666059585076795080e-01 1.666059585076795080e-01 6.221742871771045458e-01 -7.220039638561436945e-04 -8.621137439653735191e-02 -7.220039638561436945e-04 -8.621137439653735191e-02 1.666059585076795080e-01 0.000000000000000000e+00 -2.696292191521277876e-03 -3.219482550729833581e-01 -2.696292191521277876e-03 -3.219482550729833581e-01 -1.665825819166307231e-01 2.790414327249783003e-03
4.779310344827586654e+00 1.455045775448048639e-01 2.359460399530315389e-01 2.359460399530315389e-01 3.826033425491343065e-01 2.754276851737670964e-02 -1.832283305233654847e-01 2.754276851737670964e-02 -1.832283305233654847e-01 2.359460399530315389e-01 0.000000000000000000e+00 4.466255019907819368e-02 -2.971178297794750400e-01 4.466255019907819368e-02 -2.971178297794750400e-01 -2.255188160005738851e-01 -6.936708878491790187e-02
4.982758620689654805e+00 3.005512135682180119e-01 2.476743019610977981e-01 2.476743019610977981e-01 2.041001825095868083e-01 9.739343123483880371e-02 -2.548594295271751076e-01 9.739343123483880371e-02 -2.548594295271751076e-01 2.476743019610977981e-01 0.000000000000000000e+00 8.025870026702114357e-02 -2.100212212106702114e-01 8.025870026702114357e-02 -2.100212212106702114e-01 -1.845537402447022524e-01 -1.651740694671945398e-01
5.186206896551723844e+00 4.548081382356336522e-01 2.195865171122427517e-01 2.195865171122427517e-01 1.060188275398810526e-01 1.968045949635862102e-01 -2.472603427424266143e-01 1.968045949635862102e-01 -2.472603427424266143e-01 2.195865171122427517e-01 0.000000000000000000e+00 9.501948676887125855e-02 -1.193800884322277073e-01 9.501948676887125855e-02 -1.193800884322277073e-01 -4.926392977806023921e-02 -2.139889981847118428e-01
5.389655172413792883e+00 5.358547244585771807e-01 1.961662696274267814e-01 1.961662696274267814e-01 7.181273628657076913e-02 2.862230071531601250e-01 -1.522924946363770626e-01 2.862230071531601250e-01 -1.522924946363770626e-01 1.961662696274267814e-01 0.000000000000000000e+00 1.047808303964773702e-01 -5.575137767894256663e-02 1.047808303964773702e-01 -5.575137767894256663e-02 1.096017195311968229e-01 -1.626919053525944514e-01
5.593103448275861922e+00 5.019595577262566666e-01 2.065314802049943721e-01 2.065314802049943721e-01 8.497748186375309043e-02 3.215243796637907714e-01 -1.710333903781590531e-02 3.215243796637907714e-01 -1.710333903781590531e-02 2.065314802049943721e-01 0.000000000000000000e+00 1.322913574085293198e-01 -7.037152031595696189e-03 1.322913574085293198e-01 -7.037152031595696189e-03 2.053659525687286103e-01 -2.191069211854454468e-02
5.796551724137930961e+00 3.711498424645504057e-01 2.380708159299988746e-01 2.380708159299988746e-01 1.527085256754537879e-01 2.838298207865143086e-01 8.832092692049962890e-02 2.838298207865143086e-01 8.832092692049962890e-02 2.380708159299988746e-01 0.000000000000000000e+00 1.820601690241731296e-01 5.665272505852661511e-02 1.820601690241731296e-01 5.665272505852661511e-02 1.960361498977100381e-01 1.350835014997132655e-01
6.000000000000000000e+00 2.082751658256071225e-01 2.480965582607273512e-01 2.480965582607273512e-01 2.955317176529377865e-01 1.931258929533848923e-01 1.198947330144707057e-01 1.931258929533848923e-01 1.198947330144707057e-01 2.480965582607273512e-01 0.000000000000000000e+00 2.300508048576966891e-01 1.428181374315100893e-01 2.300508048576966891e-01 1.428181374315100893e-01 1.100604910557676785e-01 2.223479215665014330e-01
