1.000000000000000056e-01 9.756026983636554295e-01 1.212332557395479071e-02 1.212332557395479071e-02 1.506504884361133079e-04 -2.659126198790931353e-04 1.087542111188689875e-01 -2.659126198790931353e-04 1.087542111188689875e-01 1.212332557395479071e-02 0.000000000000000000e+00 -3.304362291318897081e-06 1.351434053834602673e-03 -3.304362291318897081e-06 1.351434053834602673e-03 -1.212318063322717285e-02 -5.928461794559158481e-05
3.034482758620690168e-01 7.949674731142506445e-01 9.664201152556087249e-02 9.664201152556087249e-02 1.174850383462547679e-02 -6.274749773417333254e-03 2.771062670002116257e-01 -6.274749773417333254e-03 2.771062670002116257e-01 9.664201152556087249e-02 0.000000000000000000e+00 -7.628040983190926237e-04 3.368704754220445963e-02 -7.628040983190926237e-04 3.368704754220445963e-02 -9.654295719923204622e-02 -4.374449373653743235e-03
5.068965517241379448e-01 5.209079805387867301e-01 2.008315711924690272e-01 2.008315711924690272e-01 7.742887707627817140e-02 -2.062515741948241221e-02 3.227837837690704093e-01 -2.062515741948241221e-02 3.227837837690704093e-01 2.008315711924690272e-01 0.000000000000000000e+00 -7.951851231518456548e-03 1.244464989309395087e-01 -7.951851231518456548e-03 1.244464989309395087e-01 -1.991982803053328199e-01 -2.556100731689308139e-02
7.103448275862068728e-01 2.673016230809604488e-01 2.497105847458417072e-01 2.497105847458417072e-01 2.332772074273556928e-01 -3.277616446373847470e-02 2.562689362154113581e-01 -3.277616446373847470e-02 2.562689362154113581e-01 2.497105847458417072e-01 0.000000000000000000e+00 -3.061917505717161314e-02 2.394039556097524724e-01 -3.061917505717161314e-02 2.394039556097524724e-01 -2.416726466274816132e-01 -6.284670250569393546e-02
9.137931034482759118e-01 1.020719723216358121e-01 2.174150733965657667e-01 2.174150733965657667e-01 4.630978808852323492e-01 -3.172827425351002623e-02 1.455517157984812793e-01 -3.172827425351002623e-02 1.455517157984812793e-01 2.174150733965657667e-01 0.000000000000000000e+00 -6.758177514064897529e-02 3.100276817139483998e-01 -6.758177514064897529e-02 3.100276817139483998e-01 -1.976901014712399984e-01 -9.048722494886511647e-02
1.117241379310345062e+00 2.622628721587499240e-02 1.357190345527472808e-01 1.357190345527472808e-01 7.023356436786316603e-01 -1.923766259504412768e-02 5.647405352984340848e-02 -1.923766259504412768e-02 5.647405352984340848e-02 1.357190345527472808e-01 0.000000000000000000e+00 -9.955343531611855756e-02 2.922489161021770143e-01 -9.955343531611855756e-02 2.922489161021770143e-01 -1.074963846421644331e-01 -8.285036885521700201e-02
1.320689655172413879e+00 3.602038514325000239e-03 5.641494608018780138e-02 5.641494608018780138e-02 8.835680693252968565e-01 -6.463197320168336674e-03 1.270574223859037566e-02 -6.463197320168336674e-03 1.270574223859037566e-02 5.641494608018780138e-02 0.000000000000000000e+00 -1.012262748526300271e-01 1.989966992394443523e-01 -1.012262748526300271e-01 1.989966992394443523e-01 -3.322090125129424643e-02 -4.559624814155882611e-02
1.524137931034482918e+00 1.249393696242212222e-04 1.105268770439577115e-02 1.105268770439577115e-02 9.777696852215860268e-01 -7.047018312160773738e-04 9.403781640209160587e-04 -7.047018312160773738e-04 9.403781640209160587e-04 1.105268770439577115e-02 0.000000000000000000e+00 -6.234103951470977567e-02 8.319000978201562813e-02 -6.234103951470977567e-02 8.319000978201562813e-02 -3.103156715452159466e-03 -1.060812547609720456e-02
1.727586206896551957e+00 8.829989255971209215e-10 2.984673607188599066e-05 2.984673607188599066e-05 9.999403056448564753e-01 1.221242798353646401e-07 -1.080724041642889086e-07 1.221242798353646401e-07 -1.080724041642889086e-07 2.984673607188599066e-05 0.000000000000000000e+00 4.090013226718224038e-03 -3.621700063879088483e-03 4.090013226718224038e-03 -3.621700063879088483e-03 3.611899011571166601e-06 -2.962730598939095959e-05
1.931034482758620996e+00 4.650157761240561287e-05 6.772707649979287613e-03 6.772707649979287613e-03 9.864080831224304458e-01 4.941011218453419127e-04 -2.660936567665758722e-04 4.941011218453419127e-04 -2.660936567665758722e-04 6.772707649979287613e-03 0.000000000000000000e+00 7.196316031224515852e-02 -3.875509108661839147e-02 7.196316031224515852e-02 -3.875509108661839147e-02 3.727401837133599398e-03 -5.654736640980832264e-03
2.134482758620690035e+00 2.360181072751844520e-04 1.512686451795349982e-02 1.512686451795349982e-02 9.695102528568171341e-01 1.835012451932450678e-03 -4.504927521105060728e-04 1.835012451932450678e-03 -4.504927521105060728e-04 1.512686451795349982e-02 0.000000000000000000e+00 1.176095343534754450e-01 -2.887295721491388648e-02 1.176095343534754450e-01 -2.887295721491388648e-02 1.340713481608348835e-02 -7.005052907215575560e-03
2.337931034482759074e+00 3.043706245086854213e-04 1.714185244355246468e-02 1.714185244355246468e-02 9.654119244883894169e-01 2.283282727177109953e-03 6.400956242629843535e-05 2.283282727177109953e-03 6.400956242629843535e-05 1.714185244355246468e-02 0.000000000000000000e+00 1.285921964536714812e-01 3.604946298635899795e-03 1.285921964536714812e-01 3.604946298635899795e-03 1.711493013288015175e-02 9.603523056205615560e-04
2.541379310344827669e+00 1.632613272405215941e-04 1.261411861500932180e-02 1.261411861500932180e-02 9.746085014427420257e-01 1.368380071598319274e-03 4.323594025304323789e-04 1.368380071598319274e-03 4.323594025304323789e-04 1.261411861500932180e-02 0.000000000000000000e+00 1.057255820709106647e-01 3.340551616633993803e-02 1.057255820709106647e-01 3.340551616633993803e-02 1.032411549448206643e-02 7.247664537268141451e-03
2.744827586206896708e+00 3.219202419078220966e-05 5.641614688562181755e-03 5.641614688562181755e-03 9.886845785986824175e-01 3.541874990927526968e-04 2.369946240494722009e-04 3.541874990927526968e-04 2.369946240494722009e-04 5.641614688562181755e-03 0.000000000000000000e+00 6.207085835355873743e-02 4.153295044184242973e-02 6.207085835355873743e-02 4.153295044184242973e-02 2.152158219570897424e-03 5.214982370614753247e-03
2.948275862068965747e+00 6.704663329137596913e-07 8.181897930465210130e-04 8.181897930465210130e-04 9.983629499475742408e-01 1.495686121734616302e-05 1.802487663634783869e-05 1.495686121734616302e-05 1.802487663634783869e-05 8.181897930465210130e-04 0.000000000000000000e+00 1.825095837754099268e-02 2.199438047967898491e-02 1.825095837754099268e-02 2.199438047967898491e-02 -1.509031004489615419e-04 8.041533041109579297e-04
3.151724137931034786e+00 9.677135417481701286e-08 3.110148493478931517e-04 3.110148493478931517e-04 9.993778735299486682e-01 -2.128575826117415726e-06 -5.057009632372250049e-06 -2.128575826117415726e-06 -5.057009632372250049e-06 3.110148493478931517e-04 0.000000000000000000e+00 -6.840283140225745032e-03 -1.624905884871612194e-02 -6.840283140225745032e-03 -1.624905884871612194e-02 -2.173772533709821702e-04 2.224342015210309604e-04
3.355172413793103825e+00 9.461309035064558525e-06 3.066470363220811894e-03 3.066470363220811894e-03 9.938575979645244418e-01 -1.667416184703190407e-05 -1.695136891173595721e-04 -1.667416184703190407e-05 -1.695136891173595721e-04 3.066470363220811894e-03 0.000000000000000000e+00 -5.404148041233191452e-03 -5.494023990533519752e-02 -5.404148041233191452e-03 -5.494023990533519752e-02 -3.007699766700898478e-03 5.974799601281674446e-04
3.558620689655172864e+00 3.949097190093560919e-05 6.244690932431438274e-03 6.244690932431438274e-03 9.874711271632391485e-01 1.030520786784596776e-04 -4.857871590788739370e-04 1.030520786784596776e-04 -4.857871590788739370e-04 6.244690932431438274e-03 0.000000000000000000e+00 1.629558854114013244e-02 -7.681735360534540369e-02 1.629558854114013244e-02 -7.681735360534540369e-02 -5.706860156853565090e-03 -2.535333496502248027e-03
3.762068965517241903e+00 5.580637108432219990e-05 7.414559028151150935e-03 7.414559028151150935e-03 9.851150755726146846e-01 3.204919762279203927e-04 -5.577316188737414283e-04 3.204919762279203927e-04 -5.577316188737414283e-04 7.414559028151150935e-03 0.000000000000000000e+00 4.258130033768881689e-02 -7.410146302080344860e-02 4.258130033768881689e-02 -7.410146302080344860e-02 -3.733431748947220810e-03 -6.406027224875127969e-03
3.965517241379310942e+00 3.575238366010376716e-05 5.943574890255358227e-03 5.943574890255358227e-03 9.880770978358307532e-01 3.426228437531742086e-04 -3.083934204149444617e-04 3.426228437531742086e-04 -3.083934204149444617e-04 5.943574890255358227e-03 0.000000000000000000e+00 5.695859829414882253e-02 -5.126819870823554059e-02 5.695859829414882253e-02 -5.126819870823554059e-02 6.232850487728792965e-04 -5.910803036499527423e-03
4.168965517241379537e+00 9.134945869862408965e-06 3.013275277884081352e-03 3.013275277884081352e-03 9.939643144983615342e-01 1.518969050342733784e-04 -6.673445783317356905e-05 1.518969050342733784e-04 -6.673445783317356905e-05 3.013275277884081352e-03 0.000000000000000000e+00 5.010499858291963399e-02 -2.201311295049036137e-02 5.010499858291963399e-02 -2.201311295049036137e-02 2.038236351066223528e-03 -2.219328863114784951e-03
4.372413793103448576e+00 3.511086336520646932e-07 5.922154628285454482e-04 5.922154628285454482e-04 9.988152179657076024e-01 1.435826802212881049e-05 -1.336768934146708670e-06 1.435826802212881049e-05 -1.336768934146708670e-06 5.922154628285454482e-04 0.000000000000000000e+00 2.421634759981180704e-02 -2.254401934094260769e-03 2.421634759981180704e-02 -2.254401934094260769e-03 5.820384461647931532e-04 -1.093172967513604066e-04
4.575862068965517615e+00 5.576237511348708105e-09 7.473771036841162212e-05 7.473771036841162212e-05 9.998505190030257950e-01 -6.292375898842650522e-07 -1.474872566982370828e-07 -6.292375898842650522e-07 -1.474872566982370828e-07 7.473771036841162212e-05 0.000000000000000000e+00 -8.415786636266089915e-03 -1.975081169858667988e-03 -8.415786636266089915e-03 -1.975081169858667988e-03 6.693518374538949089e-05 3.324912690865186772e-05
4.779310344827586654e+00 2.113199876915932642e-06 1.451573449105875158e-03 1.451573449105875158e-03 9.970947399019096657e-01 -4.700226994105634619e-05 -2.929623505481224221e-05 -4.700226994105634619e-05 -2.929623505481224221e-05 1.451573449105875158e-03 0.000000000000000000e+00 -3.228610125495572081e-02 -2.012371446260416419e-02 -3.228610125495572081e-02 -2.012371446260416419e-02 6.392844742573524112e-04 1.303218242195958469e-03
4.982758620689654805e+00 1.231696215532622544e-05 3.497235522786093509e-03 3.497235522786093509e-03 9.929932119922721956e-01 -1.310361069222993669e-04 -1.609500056921587489e-04 -1.310361069222993669e-04 -1.609500056921587489e-04 3.497235522786093509e-03 0.000000000000000000e+00 -3.720583040065993108e-02 -4.569964365899513437e-02 -3.720583040065993108e-02 -4.569964365899513437e-02 -7.091518590798920633e-04 3.424581512394932366e-03
5.186206896551723844e+00 2.246582255209670297e-05 4.717358524235958951e-03 4.717358524235958951e-03 9.905428171289755168e-01 -1.116076398533776020e-04 -3.058160263403967563e-04 -1.116076398533776020e-04 -3.058160263403967563e-04 4.717358524235958951e-03 0.000000000000000000e+00 -2.343518035645937581e-02 -6.421477898168595488e-02 -2.343518035645937581e-02 -6.421477898168595488e-02 -3.608455917204677222e-03 3.038503967187198944e-03
5.389655172413792883e+00 1.890700977142143147e-05 4.329310906758487149e-03 4.329310906758487149e-03 9.913224711767126829e-01 -4.040948655429107449e-06 -2.860734157093300476e-04 -4.040948655429107449e-06 -2.860734157093300476e-04 4.329310906758487149e-03 0.000000000000000000e+00 -9.253398951365771237e-04 -6.550486100802904721e-02 -9.253398951365771237e-04 -6.550486100802904721e-02 -4.327582033207822733e-03 1.222899968243313653e-04
5.593103448275861922e+00 7.126804594173224630e-06 2.662477274655323557e-03 2.662477274655323557e-03 9.946679186460924971e-01 4.376211746431975035e-05 -1.306134058994117832e-04 4.376211746431975035e-05 -1.306134058994117832e-04 2.662477274655323557e-03 0.000000000000000000e+00 1.634895448986708674e-02 -4.879541400199674528e-02 1.634895448986708674e-02 -4.879541400199674528e-02 -2.125036923886937726e-03 -1.604061921831312397e-03
5.796551724137930961e+00 7.098570762062346417e-07 8.418386524065525275e-04 8.418386524065525275e-04 9.983156128381081018e-01 1.502464160771507787e-05 -1.928393547818113321e-05 1.502464160771507787e-05 -1.928393547818113321e-05 8.418386524065525275e-04 0.000000000000000000e+00 1.781723902099301149e-02 -2.286846674017730188e-02 1.781723902099301149e-02 -2.286846674017730188e-02 -2.058593577924505290e-04 -8.162824624091956664e-04
6.000000000000000000e+00 1.582327741094303901e-11 5.156248845372829086e-06 5.156248845372829086e-06 9.999896874864869778e-01 9.912216887134652482e-09 -6.287537026941553232e-09 9.912216887134652482e-09 -6.287537026941553232e-09 5.156248845372829086e-06 0.000000000000000000e+00 1.913494485745750222e-03 -1.222589852386174502e-03 1.913494485745750222e-03 -1.222589852386174502e-03 2.167266386728647622e-06 -4.679128232671124259e-06
