1.000000000000000056e-01 9.755940192534773292e-01 1.212761119368050908e-02 1.212761119368050908e-02 1.507583591601174139e-04 -1.918607449036479565e-04 1.087731039105245268e-01 -1.918607449036479565e-04 1.087731039105245268e-01 1.212761119368050908e-02 0.000000000000000000e+00 -2.385023669443859478e-06 1.352158671800238058e-03 -2.385023669443859478e-06 1.352158671800238058e-03 -1.212753572505106091e-02 -4.278275196980756660e-05
3.034482758620690168e-01 7.943721989147887186e-01 9.690340318818041476e-02 9.690340318818041476e-02 1.182099470885440880e-02 -4.537752324600812306e-03 2.774108474362744770e-01 -4.537752324600812306e-03 2.774108474362744770e-01 9.690340318818041476e-02 0.000000000000000000e+00 -5.535486387436904876e-04 3.384062942384311046e-02 -5.535486387436904876e-04 3.384062942384311046e-02 -9.685156051105180131e-02 -3.169349903447456294e-03
5.068965517241379448e-01 5.176576150803757770e-01 2.018266551127134989e-01 2.018266551127134989e-01 7.868907469419621215e-02 -1.493707508355748143e-02 3.228838626099236886e-01 -1.493707508355748143e-02 3.228838626099236886e-01 2.018266551127134989e-01 0.000000000000000000e+00 -5.823733314679633254e-03 1.258873975670313783e-01 -5.823733314679633254e-03 1.258873975670313783e-01 -2.009646328001014060e-01 -1.863370829044731086e-02
7.103448275862068728e-01 2.601516293739212227e-01 2.498989850988991013e-01 2.498989850988991013e-01 2.400504004282795201e-01 -2.356649737069604206e-02 2.538823514104705525e-01 -2.356649737069604206e-02 2.538823514104705525e-01 2.498989850988991013e-01 0.000000000000000000e+00 -2.263773555244368019e-02 2.438767810457893037e-01 -2.263773555244368019e-02 2.438767810457893037e-01 -2.456293227810773805e-01 -4.599715779711668201e-02
9.137931034482759118e-01 9.341973975589810963e-02 2.122266895513837404e-01 2.122266895513837404e-01 4.821268811413352284e-01 -2.204020465978061977e-02 1.390697360948607575e-01 -2.204020465978061977e-02 1.390697360948607575e-01 2.122266895513837404e-01 0.000000000000000000e+00 -5.006992830524887444e-02 3.159322619625382078e-01 -5.006992830524887444e-02 3.159322619625382078e-01 -2.018269470222977813e-01 -6.562050914098900567e-02
1.117241379310345062e+00 2.023931731764635686e-02 1.220256377759478955e-01 1.220256377759478955e-01 7.357094071304594030e-01 -1.193833361470409381e-02 4.824097646177846060e-02 -1.193833361470409381e-02 4.824097646177846060e-02 1.220256377759478955e-01 0.000000000000000000e+00 -7.197786023119097376e-02 2.908515035707672780e-01 -7.197786023119097376e-02 2.908515035707672780e-01 -1.079417826285991727e-01 -5.691070062837604721e-02
1.320689655172413879e+00 1.629635152427855432e-03 3.873910554869718775e-02 3.873910554869718775e-02 9.208921537501746357e-01 -2.739194777544327018e-03 7.458379275631084153e-03 -2.739194777544327018e-03 7.458379275631084153e-03 3.873910554869718775e-02 0.000000000000000000e+00 -6.511515942008143376e-02 1.772979253973583080e-01 -6.511515942008143376e-02 1.772979253973583080e-01 -2.953067861222750251e-02 -2.507303935313480100e-02
1.524137931034482918e+00 1.954969033538966351e-06 1.396252290461490750e-03 1.396252290461490750e-03 9.972055404500430598e-01 -2.453145992048670425e-05 4.612862295365912599e-05 -2.453145992048670425e-05 4.612862295365912599e-05 1.396252290461490750e-03 0.000000000000000000e+00 -1.752041941689689436e-02 3.294518883450146818e-02 -1.752041941689689436e-02 3.294518883450146818e-02 -7.806017016846689355e-04 -1.157661833660870521e-03
1.727586206896551957e+00 1.069442721640126112e-04 1.023444273150390590e-02 1.023444273150390590e-02 9.794241702648289749e-01 6.381637109753732695e-04 -8.290127861099292781e-04 6.381637109753732695e-04 -8.290127861099292781e-04 1.023444273150390590e-02 0.000000000000000000e+00 6.107152295694197319e-02 -7.933555129268339556e-02 6.107152295694197319e-02 -7.933555129268339556e-02 -2.618272229246124735e-03 -9.893860193086105245e-03
1.931034482758620996e+00 1.846245603447040431e-03 4.112171483113248593e-02 4.112171483113248593e-02 9.159103247342870180e-01 6.572499149080143072e-03 -5.720405676377961907e-03 6.572499149080143072e-03 -5.720405676377961907e-03 4.112171483113248593e-02 0.000000000000000000e+00 1.463902926058056331e-01 -1.274114807202486044e-01 1.463902926058056331e-01 -1.274114807202486044e-01 5.673516130059499604e-03 -4.072845027920771188e-02
2.134482758620690035e+00 5.613494812720352077e-03 6.930976580236825058e-02 6.930976580236825058e-02 8.557669735825419455e-01 1.740874640284020836e-02 -9.273918556636735755e-03 1.740874640284020836e-02 -9.273918556636735755e-03 6.930976580236825058e-02 0.000000000000000000e+00 2.149456186140721037e-01 -1.145049766028286981e-01 2.149456186140721037e-01 -1.145049766028286981e-01 3.866733543403968326e-02 -5.752113349853624213e-02
2.337931034482759074e+00 8.005655846709808579e-03 8.146867512593428118e-02 8.146867512593428118e-02 8.290569939014200695e-01 2.478956125514689829e-02 -6.139041550545736199e-03 2.478956125514689829e-02 -6.139041550545736199e-03 8.146867512593428118e-02 0.000000000000000000e+00 2.522682385136334471e-01 -6.247328003874754593e-02 2.522682385136334471e-01 -6.247328003874754593e-02 7.205337362148192537e-02 -3.801915796083966959e-02
2.541379310344827669e+00 6.639591485504853577e-03 7.484409749511430898e-02 7.484409749511430898e-02 8.436722135242643583e-01 2.229015423822653871e-02 2.885482502005514826e-04 2.229015423822653871e-02 2.885482502005514826e-04 7.484409749511430898e-02 0.000000000000000000e+00 2.512634190421870195e-01 3.252630435825685281e-03 2.512634190421870195e-01 3.252630435825685281e-03 7.481901746236474526e-02 1.937403501284689191e-03
2.744827586206896708e+00 3.217166896235158606e-03 5.350291022976118999e-02 5.350291022976118999e-02 8.897770126442405836e-01 1.265033796277384957e-02 3.478038230027607775e-03 1.265033796277384957e-02 3.478038230027607775e-03 5.350291022976118999e-02 0.000000000000000000e+00 2.103807080137059804e-01 5.784131026986114033e-02 2.103807080137059804e-01 5.784131026986114033e-02 4.598278524674531687e-02 2.735223696758923295e-02
2.948275862068965747e+00 7.505333720156891469e-04 2.664533207369178258e-02 2.664533207369178258e-02 9.459588024806030448e-01 3.882826764866432589e-03 2.218528479823870733e-03 3.882826764866432589e-03 2.218528479823870733e-03 2.664533207369178258e-02 0.000000000000000000e+00 1.378475668425815925e-01 7.876188553725493868e-02 1.378475668425815925e-01 7.876188553725493868e-02 1.352967734240049721e-02 2.295477206986384217e-02
3.151724137931034786e+00 3.645046470616981053e-05 6.000980621282952544e-03 6.000980621282952544e-03 9.879615882927281767e-01 3.369429398289362060e-04 3.243584018955266920e-04 3.369429398289362060e-04 3.243584018955266920e-04 6.000980621282952544e-03 0.000000000000000000e+00 5.547209110832102691e-02 5.340023746703929930e-02 5.547209110832102691e-02 5.340023746703929930e-02 2.283151647880554463e-04 5.996635727046849100e-03
3.355172413793103825e+00 4.173071620756835564e-08 2.042505531143568921e-04 2.042505531143568921e-04 9.995914571630567513e-01 -1.541968577039733954e-06 -2.479558434255415731e-06 -1.541968577039733954e-06 -2.479558434255415731e-06 2.042505531143568921e-04 0.000000000000000000e+00 -7.545667750196093440e-03 -1.213384047374901215e-02 -7.545667750196093440e-03 -1.213384047374901215e-02 -9.033019168248184198e-05 1.831902233334184492e-04
3.558620689655172864e+00 9.908302280985343896e-05 9.854953897732530305e-03 9.854953897732530305e-03 9.801910091817259696e-01 -2.946935380042120956e-04 -9.431933482952928284e-04 -2.946935380042120956e-04 -9.431933482952928284e-04 9.854953897732530305e-03 0.000000000000000000e+00 -2.931073954614224486e-02 -9.381160773584942825e-02 -2.931073954614224486e-02 -9.381160773584942825e-02 -8.101990765429030808e-03 5.610513597705874510e-03
3.762068965517241903e+00 8.233696378934288445e-04 2.787104732009828417e-02 2.787104732009828417e-02 9.434345357219101613e-01 -1.909757180539885225e-04 -4.786616915286970829e-03 -1.909757180539885225e-04 -4.786616915286970829e-03 2.787104732009828417e-02 0.000000000000000000e+00 -6.464534156902562202e-03 -1.620269060192072175e-01 -6.464534156902562202e-03 -1.620269060192072175e-01 -2.778245532720553454e-02 2.220457782365953172e-03
3.965517241379310942e+00 2.179983396064800235e-03 4.451030773585776257e-02 4.451030773585776257e-02 9.087994011322183541e-01 2.277726450047487441e-03 -9.583511414584664628e-03 2.277726450047487441e-03 -9.583511414584664628e-03 4.451030773585776257e-02 0.000000000000000000e+00 4.650599825607237142e-02 -1.956735373509395637e-01 4.650599825607237142e-02 -1.956735373509395637e-01 -3.975060478978758444e-02 -2.002640424639085329e-02
4.168965517241379537e+00 3.081598173025924380e-03 5.243054524457210763e-02 5.243054524457210763e-02 8.920573113378276187e-01 6.254923968047236028e-03 -1.106552275504693247e-02 6.254923968047236028e-03 -1.106552275504693247e-02 5.243054524457210763e-02 0.000000000000000000e+00 1.064217541290177482e-01 -1.882696512071831418e-01 1.064217541290177482e-01 -1.882696512071831418e-01 -2.703847769365829573e-02 -4.492084973880916543e-02
4.372413793103448576e+00 2.652562593034978565e-03 4.885047316068188289e-02 4.885047316068188289e-02 8.996464910856000197e-01 8.157735618510655179e-03 -7.939161899328504163e-03 8.157735618510655179e-03 -7.939161899328504163e-03 4.885047316068188289e-02 0.000000000000000000e+00 1.502355575412692434e-01 -1.462102386401557541e-01 1.502355575412692434e-01 -1.462102386401557541e-01 1.326397514873184878e-03 -4.883246279709957394e-02
4.575862068965517615e+00 1.364578724541123033e-03 3.557562624828422559e-02 3.557562624828422559e-02 9.274841687788929478e-01 6.151898681535479356e-03 -3.271068022830039747e-03 6.151898681535479356e-03 -3.271068022830039747e-03 3.557562624828422559e-02 0.000000000000000000e+00 1.603847695293732223e-01 -8.527928125403601289e-02 1.603847695293732223e-01 -8.527928125403601289e-02 1.989329756985679792e-02 -2.949376041807177593e-02
4.779310344827586654e+00 3.449641196213987368e-04 1.822824883723771217e-02 1.822824883723771217e-02 9.631985382059010670e-01 2.452750384287681173e-03 -5.216401081580274287e-04 2.452750384287681173e-03 -5.216401081580274287e-04 1.822824883723771217e-02 0.000000000000000000e+00 1.296057468268471125e-01 -2.756398254379483978e-02 1.296057468268471125e-01 -2.756398254379483978e-02 1.665064433441973413e-02 -7.417889408350860497e-03
4.982758620689654805e+00 1.928205702321906566e-05 4.371870685770245200e-03 4.371870685770245200e-03 9.912369765714377223e-01 2.897116713465076334e-04 1.913787394665417065e-05 2.897116713465076334e-04 1.913787394665417065e-05 4.371870685770245200e-03 0.000000000000000000e+00 6.568662329658069010e-02 4.339096163028623339e-03 6.568662329658069010e-02 4.339096163028623339e-03 4.333883207052220167e-03 5.750831290631712792e-04
5.186206896551723844e+00 8.001988573451035185e-09 8.952212736105508010e-05 8.952212736105508010e-05 9.998209477432915548e-01 -7.990438302197955837e-07 -2.827834684369446213e-07 -7.990438302197955837e-07 -2.827834684369446213e-07 8.952212736105508010e-05 0.000000000000000000e+00 -8.918341699565741909e-03 -3.157383416386224263e-03 -8.918341699565741909e-03 -3.157383416386224263e-03 6.958037862477288622e-05 5.632883044294522464e-05
5.389655172413792883e+00 4.556866018614808066e-05 6.704886775088873471e-03 6.704886775088873471e-03 9.865446577896368474e-01 -4.507512658398725707e-04 -3.199311848334825278e-04 -4.507512658398725707e-04 -3.199311848334825278e-04 6.704886775088873471e-03 0.000000000000000000e+00 -6.632270316805875809e-02 -4.707408189204128485e-02 -6.632270316805875809e-02 -4.707408189204128485e-02 2.212501316931147956e-03 6.329323788173804415e-03
5.593103448275861922e+00 4.263306961782566910e-04 2.022144183379998017e-02 2.022144183379998017e-02 9.591307856362221163e-01 -1.825991535918299220e-03 -2.299298582489220453e-03 -1.825991535918299220e-03 -2.299298582489220453e-03 2.022144183379998017e-02 0.000000000000000000e+00 -8.660929228352633180e-02 -1.090588742185233384e-01 -8.660929228352633180e-02 -1.090588742185233384e-01 -4.579841906628077594e-03 1.969598095553492384e-02
5.796551724137930961e+00 1.233237160754653387e-03 3.388423923606005000e-02 3.388423923606005000e-02 9.309982843671259500e-01 -2.409908293135457850e-03 -5.998303410308966459e-03 -2.409908293135457850e-03 -5.998303410308966459e-03 3.388423923606005000e-02 0.000000000000000000e+00 -6.621428224611546065e-02 -1.648084857271439885e-01 -6.621428224611546065e-02 -1.648084857271439885e-01 -2.446567881650194357e-02 2.344295480837581269e-02
6.000000000000000000e+00 1.899852753348017700e-03 4.168744511088714327e-02 4.168744511088714327e-02 9.147252570248795012e-01 -7.755450315794504149e-04 -8.865581270581724543e-03 -7.755450315794504149e-04 -8.865581270581724543e-03 4.168744511088714327e-02 0.000000000000000000e+00 -1.701737511216328685e-02 -1.945326894174557453e-01 -1.701737511216328685e-02 -1.945326894174557453e-01 -4.105426744298703440e-02 7.238098407947873500e-03
