1.000000000000000056e-01 9.755976596255037103e-01 1.212581363281658824e-02 1.212581363281658824e-02 1.507131088666688182e-04 -2.191115297070919882e-04 1.087651938614517394e-01 -2.191115297070919882e-04 1.087651938614517394e-01 1.212581363281658824e-02 0.000000000000000000e+00 -2.723362848125116464e-06 1.351854893695359243e-03 -2.723362848125116464e-06 1.351854893695359243e-03 -1.212571521777859943e-02 -4.885561503299727432e-05
3.034482758620690168e-01 7.945986289363995425e-01 9.680398993216440817e-02 9.680398993216440817e-02 1.179339119927545754e-02 -5.173166822773065700e-03 2.772968734488499565e-01 -5.173166822773065700e-03 2.772968734488499565e-01 9.680398993216440817e-02 0.000000000000000000e+00 -6.302341541875464354e-04 3.378239374733465333e-02 -6.302341541875464354e-04 3.378239374733465333e-02 -9.673663101973679901e-02 -3.610635458893886492e-03
5.068965517241379448e-01 5.189007225950289515e-01 2.014469174660941109e-01 2.014469174660941109e-01 7.820544247278252148e-02 -1.702345035827257380e-02 3.228639855575879958e-01 -1.702345035827257380e-02 3.228639855575879958e-01 2.014469174660941109e-01 0.000000000000000000e+00 -6.608820256054756016e-03 1.253418078783986034e-01 -6.608820256054756016e-03 1.253418078783986034e-01 -2.003299490573939856e-01 -2.118424120635740288e-02
7.103448275862068728e-01 2.628863546968888132e-01 2.498380885411540520e-01 2.498380885411540520e-01 2.374374682208025555e-01 -2.693568982768495060e-02 2.548597515889861054e-01 -2.693568982768495060e-02 2.548597515889861054e-01 2.498380885411540520e-01 0.000000000000000000e+00 -2.559874692385596603e-02 2.422098828715128216e-01 -2.559874692385596603e-02 2.422098828715128216e-01 -2.443183544642310023e-01 -5.222654653922347706e-02
9.137931034482759118e-01 9.670523421186097424e-02 2.142694178892889378e-01 2.142694178892889378e-01 4.747559300095607338e-01 -2.553929227866115481e-02 1.416641055637728464e-01 -2.553929227866115481e-02 1.416641055637728464e-01 2.142694178892889378e-01 0.000000000000000000e+00 -5.658731222214158363e-02 3.138846170612259456e-01 -5.658731222214158363e-02 3.138846170612259456e-01 -2.007798595381615203e-01 -7.482533956344594728e-02
1.117241379310345062e+00 2.244342922647551281e-02 1.273678830920375593e-01 1.273678830920375593e-01 7.228208045894549683e-01 -1.448450125551578767e-02 5.146621515002679920e-02 -1.448450125551578767e-02 5.146621515002679920e-02 1.273678830920375593e-01 0.000000000000000000e+00 -8.220046197545176347e-02 2.920740312568954611e-01 -8.220046197545176347e-02 2.920740312568954611e-01 -1.086719188376060047e-01 -6.643035228191290775e-02
1.320689655172413879e+00 2.273009032596392913e-03 4.540307705608268712e-02 4.540307705608268712e-02 9.069208368552377220e-01 -3.919558272262984797e-03 9.372228743684258082e-03 -3.919558272262984797e-03 9.372228743684258082e-03 4.540307705608268712e-02 0.000000000000000000e+00 -7.829269129980716280e-02 1.872091104273450324e-01 -7.829269129980716280e-02 1.872091104273450324e-01 -3.188536902044083327e-02 -3.232278844333643514e-02
1.524137931034482918e+00 1.762741950526887358e-05 4.180876001023041931e-03 4.180876001023041931e-03 9.916206205784490191e-01 -1.410832512380980248e-04 2.319344882995432074e-04 -1.410832512380980248e-04 2.319344882995432074e-04 4.180876001023041931e-03 0.000000000000000000e+00 -3.346214305569582964e-02 5.501025194611942892e-02 -3.346214305569582964e-02 5.501025194611942892e-02 -1.922522610266679281e-03 -3.712631326509746848e-03
1.727586206896551957e+00 1.522130731071028785e-05 3.886230238951579510e-03 3.886230238951579510e-03 9.922123182147877252e-01 1.616990487333761243e-04 -1.816781584404484012e-04 1.616990487333761243e-04 -1.816781584404484012e-04 3.886230238951579510e-03 0.000000000000000000e+00 4.128418233226491263e-02 -4.638514693744419382e-02 4.128418233226491263e-02 -4.638514693744419382e-02 -4.507083249810731073e-04 -3.860005901061508947e-03
1.931034482758620996e+00 5.836083575472080951e-04 2.357437892953492473e-02 2.357437892953492473e-02 9.522676337833809734e-01 2.990444731087016101e-03 -2.194412129734992899e-03 2.990444731087016101e-03 -2.194412129734992899e-03 2.357437892953492473e-02 0.000000000000000000e+00 1.207965527522472243e-01 -8.864147424576872270e-02 1.207965527522472243e-01 -8.864147424576872270e-02 7.072062029817797156e-03 -2.248860292586176562e-02
2.134482758620690035e+00 1.942270148219529162e-03 4.212892418969838709e-02 4.212892418969838709e-02 9.137998814723856666e-01 8.340609007785789938e-03 -3.501427261073079920e-03 8.340609007785789938e-03 -3.501427261073079920e-03 4.212892418969838709e-02 0.000000000000000000e+00 1.809124658257966201e-01 -7.594791395353707453e-02 1.809124658257966201e-01 -7.594791395353707453e-02 2.950452790403253200e-02 -3.007206403689771657e-02
2.337931034482759074e+00 2.601843104799564377e-03 4.840642458470453130e-02 4.840642458470453130e-02 9.005853077257915951e-01 1.110516836237228876e-02 -1.619001251822973619e-03 1.110516836237228876e-02 -1.619001251822973619e-03 4.840642458470453130e-02 0.000000000000000000e+00 2.066079418891023922e-01 -3.012097578986079258e-02 2.066079418891023922e-01 -3.012097578986079258e-02 4.639157214730160739e-02 -1.382041873699666433e-02
2.541379310344827669e+00 1.834241958637768469e-03 4.099381006383349263e-02 4.099381006383349263e-02 9.161781379136962888e-01 8.612983033786283937e-03 1.004535537368040016e-03 8.612983033786283937e-03 1.004535537368040016e-03 4.099381006383349263e-02 0.000000000000000000e+00 1.924931308957027187e-01 2.245054980649634213e-02 1.924931308957027187e-01 2.245054980649634213e-02 3.989352811524939091e-02 9.433921767241794029e-03
2.744827586206896708e+00 6.591103316839854766e-04 2.501403778989315721e-02 2.501403778989315721e-02 9.493128140885290778e-01 3.772590749005062978e-03 1.501523803857387823e-03 3.772590749005062978e-03 1.501523803857387823e-03 2.501403778989315721e-02 0.000000000000000000e+00 1.431743647709455558e-01 5.698462653764608393e-02 1.431743647709455558e-01 5.698462653764608393e-02 1.817277889712286265e-02 1.718872465537937128e-02
2.948275862068965747e+00 8.150581900779764314e-05 8.946556474921400423e-03 8.946556474921400423e-03 9.820253812311516839e-01 6.843118375882289734e-04 5.107975842666657648e-04 6.843118375882289734e-04 5.107975842666657648e-04 8.946556474921400423e-03 0.000000000000000000e+00 7.511401578610878149e-02 5.606808404258875611e-02 7.511401578610878149e-02 5.606808404258875611e-02 2.544216564944975102e-03 8.577168906141595384e-03
3.151724137931034786e+00 2.259968344059026770e-07 4.752067027906259778e-04 4.752067027906259778e-04 9.990493605975849789e-01 6.402005472567169255e-06 8.150065217462440644e-06 6.402005472567169255e-06 8.150065217462440644e-06 4.752067027906259778e-04 0.000000000000000000e+00 1.345973395492187398e-02 1.713448205999591745e-02 1.345973395492187398e-02 1.713448205999591745e-02 -1.125329559878392643e-04 4.616899323378166956e-04
3.355172413793103825e+00 5.751409137274254983e-06 2.392453753005002216e-03 2.392453753005002216e-03 9.952093410848515953e-01 -4.543879308641229236e-05 -1.081447728919145449e-04 -4.543879308641229236e-05 -1.081447728919145449e-04 2.392453753005002216e-03 0.000000000000000000e+00 -1.890152346992198668e-02 -4.498582912731175637e-02 -1.890152346992198668e-02 -4.498582912731175637e-02 -1.674479530690214848e-03 1.708787818909589685e-03
3.558620689655172864e+00 1.365803622138217586e-04 1.155017605337816528e-02 1.155017605337816528e-02 9.767630675310305932e-01 -1.534966357469297186e-04 -1.246581571649113757e-03 -1.534966357469297186e-04 -1.246581571649113757e-03 1.155017605337816528e-02 0.000000000000000000e+00 -1.298075065719704602e-02 -1.054195690923762918e-01 -1.298075065719704602e-02 -1.054195690923762918e-01 -1.120515860350482749e-02 2.801958987604258149e-03
3.762068965517241903e+00 4.874169207265695953e-04 2.159010401420094830e-02 2.159010401420094830e-02 9.563323750508767596e-01 5.195159471735791680e-04 -3.202106344954104480e-03 5.195159471735791680e-04 -3.202106344954104480e-03 2.159010401420094830e-02 0.000000000000000000e+00 2.301191545668946833e-02 -1.418371148419007854e-01 2.301191545668946833e-02 -1.418371148419007854e-01 -2.048264632609461330e-02 -6.825960807960559408e-03
3.965517241379310942e+00 7.643096538898202369e-04 2.688184084479501232e-02 2.688184084479501232e-02 9.454720086565183701e-01 1.975184640903285792e-03 -4.079791124221345162e-03 1.975184640903285792e-03 -4.079791124221345162e-03 2.688184084479501232e-02 0.000000000000000000e+00 6.947000499663341655e-02 -1.434919738859627703e-01 6.947000499663341655e-02 -1.434919738859627703e-01 -1.667300987298316745e-02 -2.108658518981931795e-02
4.168965517241379537e+00 6.586506442749181286e-04 2.500553802680235277e-02 2.500553802680235277e-02 9.493302733021211637e-01 2.750279986819914417e-03 -2.984270981755414182e-03 2.750279986819914417e-03 -2.984270981755414182e-03 2.500553802680235277e-02 0.000000000000000000e+00 1.044138259383534384e-01 -1.132972504143675285e-01 1.044138259383534384e-01 -1.132972504143675285e-01 -2.037247085502395371e-03 -2.492241074304678630e-02
4.372413793103448576e+00 3.082250654545786307e-04 1.724811648664519720e-02 1.724811648664519720e-02 9.651955419612511244e-01 1.987344047680378572e-03 -1.169087802959145866e-03 1.987344047680378572e-03 -1.169087802959145866e-03 1.724811648664519720e-02 0.000000000000000000e+00 1.112107296208896950e-01 -6.542154570460841090e-02 1.112107296208896950e-01 -6.542154570460841090e-02 8.379491011522841037e-03 -1.507586350926374587e-02
4.575862068965517615e+00 5.988450424340258468e-05 7.678630243968521257e-03 7.678630243968521257e-03 9.845828550078210561e-01 6.589420573476093348e-04 -1.600835009824738947e-04 6.589420573476093348e-04 -1.600835009824738947e-04 7.678630243968521257e-03 0.000000000000000000e+00 8.449206849878758419e-02 -2.052651990833168072e-02 8.449206849878758419e-02 -2.052651990833168072e-02 6.822757643112110047e-03 -3.522969671418399104e-03
4.779310344827586654e+00 1.230908402085069136e-06 1.108247261353570651e-03 1.108247261353570651e-03 9.977822745688886830e-01 3.687991054362558944e-05 2.011903284992225205e-06 3.687991054362558944e-05 2.011903284992225205e-06 1.108247261353570651e-03 0.000000000000000000e+00 3.320404450426985704e-02 1.811352050852330390e-03 3.320404450426985704e-02 1.811352050852330390e-03 1.101670352576933918e-03 1.205558810346308305e-04
4.982758620689654805e+00 3.202313734491149281e-07 5.655717843870947288e-04 5.655717843870947288e-04 9.988685361998531631e-01 -1.264943043502083102e-05 -4.594627649339976841e-06 -1.264943043502083102e-05 -4.594627649339976841e-06 5.655717843870947288e-04 0.000000000000000000e+00 -2.234022593175634397e-02 -8.114562144648127320e-03 -2.234022593175634397e-02 -8.114562144648127320e-03 4.337313644079788069e-04 3.629724199705578760e-04
5.186206896551723844e+00 3.278160847005076280e-05 5.692734239479108928e-03 5.692734239479108928e-03 9.885817499125704177e-01 -3.451040302414073004e-04 -2.598461717323452959e-04 -3.451040302414073004e-04 -2.598461717323452959e-04 5.692734239479108928e-03 0.000000000000000000e+00 -5.992961243460016851e-02 -4.512399056215173759e-02 -5.992961243460016851e-02 -4.512399056215173759e-02 1.573347476261966176e-03 5.470995771418843932e-03
5.389655172413792883e+00 1.789733586340634143e-04 1.319911885653780002e-02 1.319911885653780002e-02 9.734227889282933699e-01 -8.978229950478001757e-04 -1.247479286852441662e-03 -8.978229950478001757e-04 -1.247479286852441662e-03 1.319911885653780002e-02 0.000000000000000000e+00 -6.621361441489520550e-02 -9.200043630205818890e-02 -6.621361441489520550e-02 -9.200043630205818890e-02 -4.191228799852615532e-03 1.251600364183318159e-02
5.593103448275861922e+00 3.725247433268304804e-04 1.892837593609391494e-02 1.892837593609391494e-02 9.617707233844874359e-01 -8.296508364709006015e-04 -2.522492442288840845e-03 -8.296508364709006015e-04 -2.522492442288840845e-03 1.892837593609391494e-02 0.000000000000000000e+00 -4.215543062929415913e-02 -1.281705014792599018e-01 -4.215543062929415913e-02 -1.281705014792599018e-01 -1.523294104438480123e-02 1.123569836671405378e-02
5.796551724137930961e+00 4.175901061838012450e-04 2.001743257624755482e-02 2.001743257624755482e-02 9.595475447413230885e-01 -2.509662261172529351e-05 -2.891098813790730481e-03 -2.509662261172529351e-05 -2.891098813790730481e-03 2.001743257624755482e-02 0.000000000000000000e+00 -1.203028043411392403e-03 -1.385865466323986384e-01 -1.203028043411392403e-03 -1.385865466323986384e-01 -2.001441513676938122e-02 3.475037680216704950e-04
6.000000000000000000e+00 2.668120192107852041e-04 1.606757492109298080e-02 1.606757492109298080e-02 9.675980381386033446e-01 6.144609299040113730e-04 -1.977235819188946642e-03 6.144609299040113730e-04 -1.977235819188946642e-03 1.606757492109298080e-02 0.000000000000000000e+00 3.700316586588014989e-02 -1.190702304340079676e-01 3.700316586588014989e-02 -1.190702304340079676e-01 -1.323740324627796852e-02 -9.107036081020270998e-03
