1.000000000000000056e-01 -1.161358832956476024e-02 -1.348821734797965056e-02 -9.997937011656943262e-01
3.071428571428571619e-01 -3.606925801205197041e-02 -4.329902214922168313e-02 -9.979638182629028131e-01
5.142857142857142350e-01 -6.237667424798284260e-02 -7.858411576266505216e-02 -9.937252057527600213e-01
7.214285714285714191e-01 -9.376509890754095022e-02 -1.219284049313213852e-01 -9.857414123303741560e-01
9.285714285714284921e-01 -1.357545358036431338e-01 -1.732514913510739829e-01 -9.716545327776596741e-01
1.135714285714285676e+00 -1.952185447585038924e-01 -2.273139563709322408e-01 -9.483674243433674045e-01
1.342857142857142971e+00 -2.770033843834494025e-01 -2.714181692846477922e-01 -9.135673881350144798e-01
1.550000000000000044e+00 -3.778630110356909211e-01 -2.859966513191588566e-01 -8.689140204744966178e-01
1.757142857142857117e+00 -4.798497848664760035e-01 -2.518501356627670940e-01 -8.238889466718718468e-01
1.964285714285714191e+00 -5.490537451727818263e-01 -1.658291396611328850e-01 -7.966852348811210849e-01
2.171428571428571264e+00 -5.477509896461609795e-01 -5.915416027977572766e-02 -8.065608606281698956e-01
2.378571428571428559e+00 -4.628901372262407832e-01 -9.189730425602772547e-04 -8.552604402224897040e-01
2.585714285714285854e+00 -3.373307343325059882e-01 -6.498389390274579569e-02 -9.073036363041506736e-01
2.792857142857142705e+00 -2.703160960718581918e-01 -2.599166017916568205e-01 -8.945335824067325303e-01
3.000000000000000000e+00 -3.562511582679715461e-01 -4.726657154218593115e-01 -7.675063400309426465e-01
