1.000000000000000056e-01 1.132161218330260399e-02 -1.257757375084007923e-02 -9.998013170739895594e-01
3.071428571428571619e-01 3.229233152928851630e-02 -4.279846843936837425e-02 -9.980401378114431843e-01
5.142857142857142350e-01 4.436059785333346106e-02 -8.473317453794568244e-02 -9.939629480327168976e-01
7.214285714285714191e-01 3.760751877518190428e-02 -1.423181767590403490e-01 -9.862706660497787547e-01
9.285714285714284921e-01 -1.536109796926808744e-03 -2.118559871434802788e-01 -9.726348335089910480e-01
1.135714285714285676e+00 -8.649181988300820578e-02 -2.772244921096500003e-01 -9.499414918269254438e-01
1.342857142857142971e+00 -2.210849252813885113e-01 -3.073375159749595631e-01 -9.157682610397467338e-01
1.550000000000000044e+00 -3.855096214309338687e-01 -2.617743640755274548e-01 -8.715541788863212513e-01
1.757142857142857117e+00 -5.251173421487143056e-01 -1.109191280172593108e-01 -8.265228762278751251e-01
1.964285714285714191e+00 -5.571932232822123243e-01 1.299672009847689658e-01 -7.987781131850868466e-01
2.171428571428571264e+00 -4.115082115035225141e-01 3.706593016377555116e-01 -8.079351299893497984e-01
2.378571428571428559e+00 -1.010479040916782284e-01 4.577040274235265049e-01 -8.566402567071179641e-01
2.585714285714285854e+00 2.231072280540291608e-01 2.626425035308797007e-01 -9.104241454202081085e-01
2.792857142857142705e+00 3.142456181619526223e-01 -1.755417882434819055e-01 -9.012590031557927706e-01
3.000000000000000000e+00 1.427156339982020225e-02 -5.749038996331308216e-01 -7.781248651928098781e-01
