1.000000000000000056e-01 4.102999698241536347e-02 -2.606695572242676562e-01 -9.622028527523266428e-01
3.071428571428571619e-01 2.165256008365483709e-01 -6.837419543651880316e-01 -6.715709862998556767e-01
5.142857142857142350e-01 5.393997266293509840e-01 -7.702765095811406892e-01 -2.146369949021019186e-01
7.214285714285714191e-01 8.043503415561513714e-01 -4.396667893188352383e-01 2.361690216022364064e-01
9.285714285714284921e-01 7.242167499305260936e-01 8.829385081100671329e-02 5.629573331906762013e-01
1.135714285714285676e+00 2.994041368393277613e-01 3.945418243827224503e-01 7.376065913109673966e-01
1.342857142857142971e+00 -1.029571264105533235e-01 2.857063020670843612e-01 7.987172741878207916e-01
1.550000000000000044e+00 -1.809136210922684673e-01 2.012851114775867506e-02 8.060315364225216772e-01
1.757142857142857117e+00 -6.433527220062547347e-02 -7.469150074326433297e-02 8.004542096846214427e-01
1.964285714285714191e+00 -2.106841933227938252e-02 -3.759380736942048024e-02 7.935724729206058425e-01
2.171428571428571264e+00 -2.817417621801174277e-02 -4.377171721326307552e-02 7.881243909548658610e-01
2.378571428571428559e+00 9.267098986381151760e-03 -3.308199132739000903e-02 7.897904830902049422e-01
2.585714285714285854e+00 -2.305576432398754802e-02 2.639943918070883008e-02 7.949336212717680317e-01
2.792857142857142705e+00 -9.628222395035879178e-02 -2.754894075894123717e-02 7.980965464328955150e-01
3.000000000000000000e+00 -2.013081793600737454e-02 -9.521199321011418470e-02 8.097698692064739801e-01
