1.000000000000000056e-01 1.600605930048644779e-02 1.147003090171159617e-01 -9.927079322142611240e-01
3.071428571428571619e-01 4.822335866483824091e-02 3.424616526891036128e-01 -9.327133414829316127e-01
5.142857142857142350e-01 7.765902293305736170e-02 5.416336468174259844e-01 -8.197047254740239541e-01
7.214285714285714191e-01 1.031153965516044407e-01 6.977620429407750402e-01 -6.690157036221031639e-01
9.285714285714284921e-01 1.255169762397833622e-01 8.035325370751786878e-01 -5.005889164482258957e-01
1.135714285714285676e+00 1.495907168779467278e-01 8.601728511566142377e-01 -3.334158062645393716e-01
1.342857142857142971e+00 1.830127794386125772e-01 8.753157537977731550e-01 -1.775608641896642415e-01
1.550000000000000044e+00 2.294307223364775994e-01 8.566866097850921458e-01 -2.904666304593337897e-02
1.757142857142857117e+00 2.768812779591845463e-01 8.071788652686837651e-01 1.232832143751352166e-01
1.964285714285714191e+00 2.954821348866785158e-01 7.311759637961539049e-01 2.770343035678535237e-01
2.171428571428571264e+00 2.629314448050705799e-01 6.494412995675833411e-01 4.012439580952638640e-01
2.378571428571428559e+00 2.064887619197270374e-01 5.941364803268098793e-01 4.577420392406486571e-01
2.585714285714285854e+00 1.985920097177799604e-01 5.653738326680849413e-01 4.531336583323208322e-01
2.792857142857142705e+00 2.648581165214618505e-01 5.063505359622848534e-01 4.533541073512408759e-01
3.000000000000000000e+00 3.113103232394063280e-01 3.817239173108781247e-01 5.096240840882704237e-01
