1.000000000000000056e-01 9.825723046606910094e-01 0.000000000000000000e+00 1.742769533931045819e-02 0.000000000000000000e+00 0.000000000000000000e+00 0.000000000000000000e+00 1.258434384405684170e-01 3.588035308361213482e-02 0.000000000000000000e+00 0.000000000000000000e+00 0.000000000000000000e+00 0.000000000000000000e+00 0.000000000000000000e+00 0.000000000000000000e+00 0.000000000000000000e+00 0.000000000000000000e+00
2.000000000000000111e-01 9.320966074460097506e-01 0.000000000000000000e+00 6.790339255399298335e-02 0.000000000000000000e+00 0.000000000000000000e+00 0.000000000000000000e+00 2.373970485795365015e-01 8.327762403842381422e-02 0.000000000000000000e+00 0.000000000000000000e+00 0.000000000000000000e+00 0.000000000000000000e+00 0.000000000000000000e+00 0.000000000000000000e+00 0.000000000000000000e+00 0.000000000000000000e+00
2.999999999999999889e-01 8.536881095700153965e-01 0.000000000000000000e+00 1.463118904299861300e-01 0.000000000000000000e+00 0.000000000000000000e+00 0.000000000000000000e+00 3.202373342702298786e-01 1.495084293737297121e-01 0.000000000000000000e+00 0.000000000000000000e+00 0.000000000000000000e+00 0.000000000000000000e+00 0.000000000000000000e+00 0.000000000000000000e+00 0.000000000000000000e+00 0.000000000000000000e+00
4.000000000000000222e-01 7.549166833787993580e-01 0.000000000000000000e+00 2.450833166212002812e-01 0.000000000000000000e+00 0.000000000000000000e+00 0.000000000000000000e+00 3.607181744413420765e-01 2.343072399921672933e-01 0.000000000000000000e+00 0.000000000000000000e+00 0.000000000000000000e+00 0.000000000000000000e+00 0.000000000000000000e+00 0.000000000000000000e+00 0.000000000000000000e+00 0.000000000000000000e+00
5.000000000000000000e-01 6.445882376569723737e-01 0.000000000000000000e+00 3.554117623430277928e-01 0.000000000000000000e+00 0.000000000000000000e+00 0.000000000000000000e+00 3.484930572428125983e-01 3.280957640041490819e-01 0.000000000000000000e+00 0.000000000000000000e+00 0.000000000000000000e+00 0.000000000000000000e+00 0.000000000000000000e+00 0.000000000000000000e+00 0.000000000000000000e+00 0.000000000000000000e+00
5.999999999999999778e-01 5.314712683652373926e-01 0.000000000000000000e+00 4.685287316347637177e-01 0.000000000000000000e+00 0.000000000000000000e+00 0.000000000000000000e+00 2.802508521068853842e-01 4.128789399512229896e-01 0.000000000000000000e+00 0.000000000000000000e+00 0.000000000000000000e+00 0.000000000000000000e+00 0.000000000000000000e+00 0.000000000000000000e+00 0.000000000000000000e+00 0.000000000000000000e+00
6.999999999999999556e-01 4.231903394379963324e-01 0.000000000000000000e+00 5.768096605620023354e-01 0.000000000000000000e+00 0.000000000000000000e+00 0.000000000000000000e+00 1.634474647617720766e-01 4.662458606156599794e-01 0.000000000000000000e+00 0.000000000000000000e+00 0.000000000000000000e+00 0.000000000000000000e+00 0.000000000000000000e+00 0.000000000000000000e+00 0.000000000000000000e+00 0.000000000000000000e+00
7.999999999999999334e-01 3.254710221621144317e-01 0.000000000000000000e+00 6.745289778378853462e-01 0.000000000000000000e+00 0.000000000000000000e+00 0.000000000000000000e+00 1.784082296981683718e-02 4.682107868766434144e-01 0.000000000000000000e+00 0.000000000000000000e+00 0.000000000000000000e+00 0.000000000000000000e+00 0.000000000000000000e+00 0.000000000000000000e+00 0.000000000000000000e+00 0.000000000000000000e+00
8.999999999999999112e-01 2.418001698795124443e-01 0.000000000000000000e+00 7.581998301204895263e-01 0.000000000000000000e+00 0.000000000000000000e+00 0.000000000000000000e+00 -1.268382593292318172e-01 4.089558700425001136e-01 0.000000000000000000e+00 0.000000000000000000e+00 0.000000000000000000e+00 0.000000000000000000e+00 0.000000000000000000e+00 0.000000000000000000e+00 0.000000000000000000e+00 0.000000000000000000e+00
9.999999999999998890e-01 1.735640428384672140e-01 0.000000000000000000e+00 8.264359571615313982e-01 0.000000000000000000e+00 0.000000000000000000e+00 0.000000000000000000e+00 -2.378643010454149498e-01 2.947204433748241703e-01 0.000000000000000000e+00 0.000000000000000000e+00 0.000000000000000000e+00 0.000000000000000000e+00 0.000000000000000000e+00 0.000000000000000000e+00 0.000000000000000000e+00 0.000000000000000000e+00
1.099999999999999867e+00 1.203988437429387853e-01 0.000000000000000000e+00 8.796011562570641429e-01 0.000000000000000000e+00 0.000000000000000000e+00 0.000000000000000000e+00 -2.894834702405993943e-01 1.486683629360119607e-01 0.000000000000000000e+00 0.000000000000000000e+00 0.000000000000000000e+00 0.000000000000000000e+00 0.000000000000000000e+00 0.000000000000000000e+00 0.000000000000000000e+00 0.000000000000000000e+00
1.199999999999999956e+00 8.072816380766412170e-02 0.000000000000000000e+00 9.192718361923353232e-01 0.000000000000000000e+00 0.000000000000000000e+00 0.000000000000000000e+00 -2.723696792523111476e-01 5.087699879948004433e-03 0.000000000000000000e+00 0.000000000000000000e+00 0.000000000000000000e+00 0.000000000000000000e+00 0.000000000000000000e+00 0.000000000000000000e+00 0.000000000000000000e+00 0.000000000000000000e+00
1.300000000000000044e+00 5.234045490223286634e-02 0.000000000000000000e+00 9.476595450977687296e-01 0.000000000000000000e+00 0.000000000000000000e+00 0.000000000000000000e+00 -1.980698906574337448e-01 -1.018295126343821133e-01 0.000000000000000000e+00 0.000000000000000000e+00 0.000000000000000000e+00 0.000000000000000000e+00 0.000000000000000000e+00 0.000000000000000000e+00 0.000000000000000000e+00 0.000000000000000000e+00
1.399999999999999911e+00 3.282554701259635804e-02 0.000000000000000000e+00 9.671744529874074514e-01 0.000000000000000000e+00 0.000000000000000000e+00 0.000000000000000000e+00 -9.545828734616297606e-02 -1.504518044177065861e-01 0.000000000000000000e+00 0.000000000000000000e+00 0.000000000000000000e+00 0.000000000000000000e+00 0.000000000000000000e+00 0.000000000000000000e+00 0.000000000000000000e+00 0.000000000000000000e+00
1.500000000000000000e+00 1.992031800266119007e-02 0.000000000000000000e+00 9.800796819973425222e-01 0.000000000000000000e+00 0.000000000000000000e+00 0.000000000000000000e+00 1.853316168452141810e-04 -1.397263904835559511e-01 0.000000000000000000e+00 0.000000000000000000e+00 0.000000000000000000e+00 0.000000000000000000e+00 0.000000000000000000e+00 0.000000000000000000e+00 0.000000000000000000e+00 0.000000000000000000e+00
1.599999999999999867e+00 1.170446669469705873e-02 0.000000000000000000e+00 9.882955333053046187e-01 0.000000000000000000e+00 0.000000000000000000e+00 0.000000000000000000e+00 6.103193948253837070e-02 -8.855831096263022673e-02 0.000000000000000000e+00 0.000000000000000000e+00 0.000000000000000000e+00 0.000000000000000000e+00 0.000000000000000000e+00 0.000000000000000000e+00 0.000000000000000000e+00 0.000000000000000000e+00
1.699999999999999956e+00 6.661613770815011902e-03 0.000000000000000000e+00 9.933383862291879085e-01 0.000000000000000000e+00 0.000000000000000000e+00 0.000000000000000000e+00 7.694058865109972001e-02 -2.640799533429329105e-02 0.000000000000000000e+00 0.000000000000000000e+00 0.000000000000000000e+00 0.000000000000000000e+00 0.000000000000000000e+00 0.000000000000000000e+00 0.000000000000000000e+00 0.000000000000000000e+00
1.800000000000000044e+00 3.674858513816089967e-03 0.000000000000000000e+00 9.963251414861836741e-01 0.000000000000000000e+00 0.000000000000000000e+00 0.000000000000000000e+00 5.704379001688283241e-02 2.018315124705600053e-02 0.000000000000000000e+00 0.000000000000000000e+00 0.000000000000000000e+00 0.000000000000000000e+00 0.000000000000000000e+00 0.000000000000000000e+00 0.000000000000000000e+00 0.000000000000000000e+00
1.899999999999999911e+00 1.966413604486725187e-03 0.000000000000000000e+00 9.980335863955095421e-01 0.000000000000000000e+00 0.000000000000000000e+00 0.000000000000000000e+00 2.226449437734362088e-02 3.829933312156397901e-02 0.000000000000000000e+00 0.000000000000000000e+00 0.000000000000000000e+00 0.000000000000000000e+00 0.000000000000000000e+00 0.000000000000000000e+00 0.000000000000000000e+00 0.000000000000000000e+00
2.000000000000000000e+00 1.022194359938624186e-03 0.000000000000000000e+00 9.989778056400544504e-01 0.000000000000000000e+00 0.000000000000000000e+00 0.000000000000000000e+00 -6.677420882983900290e-03 3.124998150072554048e-02 0.000000000000000000e+00 0.000000000000000000e+00 0.000000000000000000e+00 0.000000000000000000e+00 0.000000000000000000e+00 0.000000000000000000e+00 0.000000000000000000e+00 0.000000000000000000e+00
2.099999999999999645e+00 5.160909587850727931e-04 0.000000000000000000e+00 9.994839090412200866e-01 0.000000000000000000e+00 0.000000000000000000e+00 0.000000000000000000e+00 -1.887004190088360442e-02 1.263906318335178240e-02 0.000000000000000000e+00 0.000000000000000000e+00 0.000000000000000000e+00 0.000000000000000000e+00 0.000000000000000000e+00 0.000000000000000000e+00 0.000000000000000000e+00 0.000000000000000000e+00
2.199999999999999734e+00 2.535566580916921936e-04 0.000000000000000000e+00 9.997464433419078755e-01 0.000000000000000000e+00 0.000000000000000000e+00 0.000000000000000000e+00 -1.556475299007091875e-02 -3.351210651956580168e-03 0.000000000000000000e+00 0.000000000000000000e+00 0.000000000000000000e+00 0.000000000000000000e+00 0.000000000000000000e+00 0.000000000000000000e+00 0.000000000000000000e+00 0.000000000000000000e+00
2.299999999999999822e+00 1.214031977076653464e-04 0.000000000000000000e+00 9.998785968022949611e-01 0.000000000000000000e+00 0.000000000000000000e+00 0.000000000000000000e+00 -5.518081197990804508e-03 -9.536194493852945958e-03 0.000000000000000000e+00 0.000000000000000000e+00 0.000000000000000000e+00 0.000000000000000000e+00 0.000000000000000000e+00 0.000000000000000000e+00 0.000000000000000000e+00 0.000000000000000000e+00
2.399999999999999911e+00 5.664749724414198804e-05 0.000000000000000000e+00 9.999433525027612291e-01 0.000000000000000000e+00 0.000000000000000000e+00 0.000000000000000000e+00 2.530103263082063205e-03 -7.088202698816567157e-03 0.000000000000000000e+00 0.000000000000000000e+00 0.000000000000000000e+00 0.000000000000000000e+00 0.000000000000000000e+00 0.000000000000000000e+00 0.000000000000000000e+00 0.000000000000000000e+00
2.500000000000000000e+00 2.583497600587650808e-05 0.000000000000000000e+00 9.999741650239976076e-01 0.000000000000000000e+00 0.000000000000000000e+00 0.000000000000000000e+00 4.809245063614750806e-03 -1.644731514051741466e-03 0.000000000000000000e+00 0.000000000000000000e+00 0.000000000000000000e+00 0.000000000000000000e+00 0.000000000000000000e+00 0.000000000000000000e+00 0.000000000000000000e+00 0.000000000000000000e+00
2.600000000000000089e+00 1.151619585301639776e-05 0.000000000000000000e+00 9.999884838041440682e-01 0.000000000000000000e+00 0.000000000000000000e+00 0.000000000000000000e+00 2.796248274601029291e-03 1.922697355400315635e-03 0.000000000000000000e+00 0.000000000000000000e+00 0.000000000000000000e+00 0.000000000000000000e+00 0.000000000000000000e+00 0.000000000000000000e+00 0.000000000000000000e+00 0.000000000000000000e+00
2.699999999999999734e+00 5.014027224009119423e-06 0.000000000000000000e+00 9.999949859727776946e-01 0.000000000000000000e+00 0.000000000000000000e+00 0.000000000000000000e+00 1.882476396229977437e-05 2.239061305477906081e-03 0.000000000000000000e+00 0.000000000000000000e+00 0.000000000000000000e+00 0.000000000000000000e+00 0.000000000000000000e+00 0.000000000000000000e+00 0.000000000000000000e+00 0.000000000000000000e+00
2.799999999999999822e+00 2.154233946478600040e-06 0.000000000000000000e+00 9.999978457660556597e-01 0.000000000000000000e+00 0.000000000000000000e+00 0.000000000000000000e+00 -1.226477867415194482e-03 8.060322608541656709e-04 0.000000000000000000e+00 0.000000000000000000e+00 0.000000000000000000e+00 0.000000000000000000e+00 0.000000000000000000e+00 0.000000000000000000e+00 0.000000000000000000e+00 0.000000000000000000e+00
2.899999999999999911e+00 9.173519459559584793e-07 0.000000000000000000e+00 9.999990826480604778e-01 0.000000000000000000e+00 0.000000000000000000e+00 0.000000000000000000e+00 -8.613718082970600251e-04 -4.184343498669123229e-04 0.000000000000000000e+00 0.000000000000000000e+00 0.000000000000000000e+00 0.000000000000000000e+00 0.000000000000000000e+00 0.000000000000000000e+00 0.000000000000000000e+00 0.000000000000000000e+00
3.000000000000000000e+00 3.815084988852267586e-07 0.000000000000000000e+00 9.999996184915058706e-01 0.000000000000000000e+00 0.000000000000000000e+00 0.000000000000000000e+00 -3.896405057894882033e-05 -6.162592085522395745e-04 0.000000000000000000e+00 0.000000000000000000e+00 0.000000000000000000e+00 0.000000000000000000e+00 0.000000000000000000e+00 0.000000000000000000e+00 0.000000000000000000e+00 0.000000000000000000e+00
