1.500000000000000000e+00 9.703643399756282928e-02 -5.862678015208211413e-02 9.928620064053854666e-01
1.551282051282051322e+00 8.756575324148366257e-02 -2.908636950351971284e-02 9.952013566175393899e-01
1.602564102564102644e+00 7.415556245812338076e-02 -6.927829147881391092e-03 9.968143500752746355e-01
1.653846153846153744e+00 5.904666857115267731e-02 8.256024772516586119e-03 9.979101197235863419e-01
1.705128205128205066e+00 4.402839029954747768e-02 1.734120054410823869e-02 9.986444260544387053e-01
1.756410256410256387e+00 3.039815162055133427e-02 2.151661762621079332e-02 9.991292917378794547e-01
1.807692307692307709e+00 1.894541272886185457e-02 2.203384646978793354e-02 9.994454967206012341e-01
1.858974358974359031e+00 1.000847592717041615e-02 2.011868885697440726e-02 9.996493761506682896e-01
1.910256410256410131e+00 3.575125733573079195e-03 1.684560348184261855e-02 9.997793531589742599e-01
1.961538461538461453e+00 -6.131832542638285255e-04 1.306150697951522811e-02 9.998614991550371922e-01
2.012820512820512775e+00 -2.969123727627207346e-03 9.380796583016196358e-03 9.999130133117141161e-01
2.064102564102563875e+00 -3.957012237983518511e-03 6.175066107728256759e-03 9.999452128915221616e-01
2.115384615384615419e+00 -4.015375331154986960e-03 3.625476714149259132e-03 9.999653325519634040e-01
2.166666666666666519e+00 -3.534067547980782823e-03 1.771275092553126294e-03 9.999778917619666085e-01
2.217948717948718063e+00 -2.802222897050039331e-03 5.460194187639772889e-04 9.999857921019289497e-01
2.269230769230769162e+00 -2.034724491347766201e-03 -1.738631069309048982e-04 9.999907797766653950e-01
2.320512820512820262e+00 -1.351541371368936628e-03 -5.109979821927519488e-04 9.999939649224489635e-01
2.371794871794871806e+00 -8.058343369036719082e-04 -6.092168828884954833e-04 9.999960212551664007e-01
2.423076923076922906e+00 -4.166309008547803942e-04 -5.618080201416905195e-04 9.999973609301169297e-01
2.474358974358974450e+00 -1.657465521793953967e-04 -4.491901898359921684e-04 9.999982432490628348e-01
2.525641025641025550e+00 -2.151943813588597879e-05 -3.243534443353133243e-04 9.999988283877141448e-01
2.576923076923076650e+00 4.955766019059910184e-05 -2.086251387099213048e-04 9.999992197948851524e-01
2.628205128205128194e+00 7.141230738479815694e-05 -1.227026446521914155e-04 9.999994807839761579e-01
2.679487179487179738e+00 6.966295013557529075e-05 -6.664841500780263519e-05 9.999996552581569276e-01
2.730769230769230838e+00 5.214734269821525152e-05 -2.467611609044930151e-05 9.999997726445811752e-01
2.782051282051281937e+00 3.539412517433550352e-05 -8.428996047616267985e-06 9.999998505444150920e-01
2.833333333333333037e+00 2.317195226995050458e-05 3.870667876306146501e-06 9.999999022661533177e-01
2.884615384615384581e+00 1.226710358355851893e-05 6.254239598510863407e-06 9.999999364888982889e-01
2.935897435897436125e+00 1.001698107553490389e-05 5.460925855445943335e-06 9.999999589359584995e-01
2.987179487179487225e+00 1.524787058602928698e-06 7.878772694605827722e-06 9.999999736344119539e-01
3.038461538461538325e+00 -1.286554409280830381e-06 1.764599770914114593e-06 9.999999831918403581e-01
3.089743589743589425e+00 1.488105914750612490e-06 1.172619403744384604e-06 9.999999893444773136e-01
3.141025641025640969e+00 -2.632963561360544114e-06 1.177889861086395607e-06 9.999999932861901586e-01
3.192307692307692513e+00 -5.947098711828798312e-07 3.053223836292155121e-07 9.999999958010898915e-01
3.243589743589743613e+00 -2.760637476785825372e-06 -1.575231117437346278e-06 9.999999973860522751e-01
3.294871794871794712e+00 -1.459881849049357779e-06 -1.268137974168189702e-06 9.999999983881402432e-01
3.346153846153845812e+00 1.450340787223312135e-06 8.866927904509448995e-08 9.999999990140988615e-01
3.397435897435897356e+00 -5.071123349523622561e-06 2.032872737355118716e-06 9.999999993862267456e-01
3.448717948717948900e+00 2.790341856838769287e-06 -1.658434976980628366e-06 9.999999996356288001e-01
3.500000000000000000e+00 -3.658175563950798669e-06 1.706673520532247319e-06 9.999999997775506078e-01
