1.500000000000000000e+00 9.728223962571798389e-02 -5.846260392791314403e-02 9.933400216377241687e-01
1.551282051282051322e+00 8.771363128692201416e-02 -2.891465653702891478e-02 9.955860615131328917e-01
1.602564102564102644e+00 7.422951953454243190e-02 -6.773545814842352186e-03 9.971202993569882045e-01
1.653846153846153744e+00 5.906630593816843827e-02 8.384483401379767831e-03 9.981510116541639777e-01
1.705128205128205066e+00 4.401996730270119756e-02 1.744161377474843372e-02 9.988318018901249928e-01
1.756410256410256387e+00 3.037429407825475297e-02 2.158499317218765326e-02 9.992738079026385334e-01
1.807692307692307709e+00 1.891290132818024966e-02 2.207594338262937675e-02 9.995560218824706133e-01
1.858974358974359031e+00 9.977832472473033634e-03 2.014016654684730456e-02 9.997331067975154806e-01
1.910256410256410131e+00 3.554958235501384442e-03 1.685447981318756450e-02 9.998421921136472212e-01
1.961538461538461453e+00 -6.287090066259652665e-04 1.306332605737015040e-02 9.999082848388235467e-01
2.012820512820512775e+00 -2.980409688379302181e-03 9.376435026993826249e-03 9.999475798202179799e-01
2.064102564102563875e+00 -3.965004343162812674e-03 6.172888491468714323e-03 9.999705013673876319e-01
2.115384615384615419e+00 -4.017791033348849447e-03 3.623814401787934028e-03 9.999837149426470395e-01
2.166666666666666519e+00 -3.536219764984767540e-03 1.764504013953657746e-03 9.999911506097334257e-01
2.217948717948718063e+00 -2.807024148187460544e-03 5.413872543704176862e-04 9.999952631961411820e-01
2.269230769230769162e+00 -2.036887452213109219e-03 -1.771900254838971404e-04 9.999975067981345944e-01
2.320512820512820262e+00 -1.350867760075585757e-03 -5.145041084393112878e-04 9.999987078607502911e-01
2.371794871794871806e+00 -8.039453236160800341e-04 -6.091021804439566891e-04 9.999993409504158715e-01
2.423076923076922906e+00 -4.152113836776221366e-04 -5.625870098389137812e-04 9.999996649787573633e-01
2.474358974358974450e+00 -1.664876357005590809e-04 -4.505948542067450134e-04 9.999998305925940079e-01
2.525641025641025550e+00 -1.933961196955716810e-05 -3.240228424608999056e-04 9.999999153911550698e-01
2.576923076923076650e+00 4.973890298085708315e-05 -2.087240965062249162e-04 9.999999582920368058e-01
2.628205128205128194e+00 7.364000437788049730e-05 -1.222114786106991407e-04 9.999999789844074005e-01
2.679487179487179738e+00 6.989824902480103836e-05 -6.457075251940343967e-05 9.999999892484963127e-01
2.730769230769230838e+00 5.214847389967566885e-05 -2.645634179850562834e-05 9.999999947510352927e-01
2.782051282051281937e+00 3.807096027461693042e-05 -6.665404772150579279e-06 9.999999972597131137e-01
2.833333333333333037e+00 2.214582466489556741e-05 3.576632096755009751e-06 9.999999986386559625e-01
2.884615384615384581e+00 1.155516411757832454e-05 3.276311597877038994e-06 9.999999993165887835e-01
2.935897435897436125e+00 7.380021436328694424e-06 5.245264175429180322e-06 9.999999996283642778e-01
2.987179487179487225e+00 3.094319816325290355e-06 7.891603759718133744e-06 9.999999997870907542e-01
3.038461538461538325e+00 2.562512955162956129e-07 1.566359046948073216e-06 9.999999999058472033e-01
3.089743589743589425e+00 1.804227149208269875e-06 2.433995165152182222e-06 9.999999999493658365e-01
3.141025641025640969e+00 -2.450171765558560868e-06 -7.005245543596262918e-07 9.999999999755649904e-01
3.192307692307692513e+00 1.819593423941866841e-06 1.517737752361369066e-06 9.999999999881034052e-01
3.243589743589743613e+00 8.299561148984255469e-07 -1.357842565858935323e-07 9.999999999984552357e-01
3.294871794871794712e+00 -2.867184485125530911e-06 1.632025666308090379e-06 9.999999999961682873e-01
3.346153846153845812e+00 -1.246976315643668423e-06 -1.985379982927205987e-06 1.000000000002423839e+00
3.397435897435897356e+00 -4.282528989166680936e-06 1.083707402686844889e-06 9.999999999956569185e-01
3.448717948717948900e+00 1.038919987021923854e-06 2.599304852951379849e-06 1.000000000003253176e+00
3.500000000000000000e+00 1.057959531186629864e-06 1.592822289164857477e-06 1.000000000006062040e+00
