1.000000000000000056e-01 9.988179325435034839e-01 0.000000000000000000e+00 1.182067456493501390e-03 0.000000000000000000e+00 0.000000000000000000e+00 0.000000000000000000e+00 2.571540741858178644e-02 -2.279009683205831388e-02 0.000000000000000000e+00 0.000000000000000000e+00 0.000000000000000000e+00 0.000000000000000000e+00 0.000000000000000000e+00 0.000000000000000000e+00 0.000000000000000000e+00 0.000000000000000000e+00
2.000000000000000111e-01 9.952802912922338319e-01 0.000000000000000000e+00 4.719708707762274545e-03 0.000000000000000000e+00 0.000000000000000000e+00 0.000000000000000000e+00 5.133513664709796198e-02 -4.541075950789114080e-02 0.000000000000000000e+00 0.000000000000000000e+00 0.000000000000000000e+00 0.000000000000000000e+00 0.000000000000000000e+00 0.000000000000000000e+00 0.000000000000000000e+00 0.000000000000000000e+00
2.999999999999999889e-01 9.894137622012945110e-01 0.000000000000000000e+00 1.058623779870708839e-02 0.000000000000000000e+00 0.000000000000000000e+00 0.000000000000000000e+00 7.676224937620060307e-02 -6.768846287113255977e-02 0.000000000000000000e+00 0.000000000000000000e+00 0.000000000000000000e+00 0.000000000000000000e+00 0.000000000000000000e+00 0.000000000000000000e+00 0.000000000000000000e+00 0.000000000000000000e+00
4.000000000000000222e-01 9.812610897318857495e-01 0.000000000000000000e+00 1.873891026811464952e-02 0.000000000000000000e+00 0.000000000000000000e+00 0.000000000000000000e+00 1.019079939130010798e-01 -8.945681841679196944e-02 0.000000000000000000e+00 0.000000000000000000e+00 0.000000000000000000e+00 0.000000000000000000e+00 0.000000000000000000e+00 0.000000000000000000e+00 0.000000000000000000e+00 0.000000000000000000e+00
5.000000000000000000e-01 9.708851486737722913e-01 0.000000000000000000e+00 2.911485132622386798e-02 0.000000000000000000e+00 0.000000000000000000e+00 0.000000000000000000e+00 1.266700226501615012e-01 -1.105526243949340182e-01 0.000000000000000000e+00 0.000000000000000000e+00 0.000000000000000000e+00 0.000000000000000000e+00 0.000000000000000000e+00 0.000000000000000000e+00 0.000000000000000000e+00 0.000000000000000000e+00
5.999999999999999778e-01 9.583586902056304702e-01 0.000000000000000000e+00 4.164130979437367236e-02 0.000000000000000000e+00 0.000000000000000000e+00 0.000000000000000000e+00 1.509673549105444712e-01 -1.308287692395928847e-01 0.000000000000000000e+00 0.000000000000000000e+00 0.000000000000000000e+00 0.000000000000000000e+00 0.000000000000000000e+00 0.000000000000000000e+00 0.000000000000000000e+00 0.000000000000000000e+00
6.999999999999999556e-01 9.437763127109255468e-01 0.000000000000000000e+00 5.622368728907398139e-02 0.000000000000000000e+00 0.000000000000000000e+00 0.000000000000000000e+00 1.747068278127489604e-01 -1.501336270238645410e-01 0.000000000000000000e+00 0.000000000000000000e+00 0.000000000000000000e+00 0.000000000000000000e+00 0.000000000000000000e+00 0.000000000000000000e+00 0.000000000000000000e+00 0.000000000000000000e+00
7.999999999999999334e-01 9.272425545629968680e-01 0.000000000000000000e+00 7.275744543700291000e-02 0.000000000000000000e+00 0.000000000000000000e+00 0.000000000000000000e+00 1.977963334401875994e-01 -1.683461002741569734e-01 0.000000000000000000e+00 0.000000000000000000e+00 0.000000000000000000e+00 0.000000000000000000e+00 0.000000000000000000e+00 0.000000000000000000e+00 0.000000000000000000e+00 0.000000000000000000e+00
8.999999999999999112e-01 9.088774835488370174e-01 0.000000000000000000e+00 9.112251645115916621e-02 0.000000000000000000e+00 0.000000000000000000e+00 0.000000000000000000e+00 2.201543958675372670e-01 -1.853408914733082613e-01 0.000000000000000000e+00 0.000000000000000000e+00 0.000000000000000000e+00 0.000000000000000000e+00 0.000000000000000000e+00 0.000000000000000000e+00 0.000000000000000000e+00 0.000000000000000000e+00
9.999999999999998890e-01 8.888045029181242951e-01 0.000000000000000000e+00 1.111954970818772176e-01 0.000000000000000000e+00 0.000000000000000000e+00 0.000000000000000000e+00 2.417106036724595564e-01 -2.010150215988032174e-01 0.000000000000000000e+00 0.000000000000000000e+00 0.000000000000000000e+00 0.000000000000000000e+00 0.000000000000000000e+00 0.000000000000000000e+00 0.000000000000000000e+00 0.000000000000000000e+00
1.099999999999999867e+00 8.671712223850297496e-01 0.000000000000000000e+00 1.328287776149691402e-01 0.000000000000000000e+00 0.000000000000000000e+00 0.000000000000000000e+00 2.623827587715396592e-01 -2.152686198260364003e-01 0.000000000000000000e+00 0.000000000000000000e+00 0.000000000000000000e+00 0.000000000000000000e+00 0.000000000000000000e+00 0.000000000000000000e+00 0.000000000000000000e+00 0.000000000000000000e+00
1.199999999999999956e+00 8.441236755910359602e-01 0.000000000000000000e+00 1.558763244089597655e-01 0.000000000000000000e+00 0.000000000000000000e+00 0.000000000000000000e+00 2.820921728881695678e-01 -2.280414503342528820e-01 0.000000000000000000e+00 0.000000000000000000e+00 0.000000000000000000e+00 0.000000000000000000e+00 0.000000000000000000e+00 0.000000000000000000e+00 0.000000000000000000e+00 0.000000000000000000e+00
1.300000000000000044e+00 8.197998095482179615e-01 0.000000000000000000e+00 1.802001904517810393e-01 0.000000000000000000e+00 0.000000000000000000e+00 0.000000000000000000e+00 3.007986778507395487e-01 -2.392660237149968616e-01 0.000000000000000000e+00 0.000000000000000000e+00 0.000000000000000000e+00 0.000000000000000000e+00 0.000000000000000000e+00 0.000000000000000000e+00 0.000000000000000000e+00 0.000000000000000000e+00
1.399999999999999911e+00 7.943850462936915546e-01 0.000000000000000000e+00 2.056149537063111932e-01 0.000000000000000000e+00 0.000000000000000000e+00 0.000000000000000000e+00 3.184128660077323869e-01 -2.488989649399112047e-01 0.000000000000000000e+00 0.000000000000000000e+00 0.000000000000000000e+00 0.000000000000000000e+00 0.000000000000000000e+00 0.000000000000000000e+00 0.000000000000000000e+00 0.000000000000000000e+00
1.500000000000000000e+00 7.680136643772652594e-01 0.000000000000000000e+00 2.319863356227285789e-01 0.000000000000000000e+00 0.000000000000000000e+00 0.000000000000000000e+00 3.349064007626487149e-01 -2.569170663772024632e-01 0.000000000000000000e+00 0.000000000000000000e+00 0.000000000000000000e+00 0.000000000000000000e+00 0.000000000000000000e+00 0.000000000000000000e+00 0.000000000000000000e+00 0.000000000000000000e+00
1.599999999999999867e+00 7.408647556625970187e-01 0.000000000000000000e+00 2.591352443374027037e-01 0.000000000000000000e+00 0.000000000000000000e+00 0.000000000000000000e+00 3.502217660487996209e-01 -2.633037744530233870e-01 0.000000000000000000e+00 0.000000000000000000e+00 0.000000000000000000e+00 0.000000000000000000e+00 0.000000000000000000e+00 0.000000000000000000e+00 0.000000000000000000e+00 0.000000000000000000e+00
1.699999999999999956e+00 7.130924656661478123e-01 0.000000000000000000e+00 2.869075343338456374e-01 0.000000000000000000e+00 0.000000000000000000e+00 0.000000000000000000e+00 3.643239534218222220e-01 -2.680665155778009789e-01 0.000000000000000000e+00 0.000000000000000000e+00 0.000000000000000000e+00 0.000000000000000000e+00 0.000000000000000000e+00 0.000000000000000000e+00 0.000000000000000000e+00 0.000000000000000000e+00
1.800000000000000044e+00 6.848407801881420953e-01 0.000000000000000000e+00 3.151592198118559618e-01 0.000000000000000000e+00 0.000000000000000000e+00 0.000000000000000000e+00 3.771915840948131260e-01 -2.712201943392220649e-01 0.000000000000000000e+00 0.000000000000000000e+00 0.000000000000000000e+00 0.000000000000000000e+00 0.000000000000000000e+00 0.000000000000000000e+00 0.000000000000000000e+00 0.000000000000000000e+00
1.899999999999999911e+00 6.562704351765450417e-01 0.000000000000000000e+00 3.437295648234486856e-01 0.000000000000000000e+00 0.000000000000000000e+00 0.000000000000000000e+00 3.887909808961280689e-01 -2.728023493389271081e-01 0.000000000000000000e+00 0.000000000000000000e+00 0.000000000000000000e+00 0.000000000000000000e+00 0.000000000000000000e+00 0.000000000000000000e+00 0.000000000000000000e+00 0.000000000000000000e+00
2.000000000000000000e+00 6.275278694169456051e-01 0.000000000000000000e+00 3.724721305830502316e-01 0.000000000000000000e+00 0.000000000000000000e+00 0.000000000000000000e+00 3.991067617148738589e-01 -2.728560655232328824e-01 0.000000000000000000e+00 0.000000000000000000e+00 0.000000000000000000e+00 0.000000000000000000e+00 0.000000000000000000e+00 0.000000000000000000e+00 0.000000000000000000e+00 0.000000000000000000e+00
2.099999999999999645e+00 5.987323730003993871e-01 0.000000000000000000e+00 4.012676269995975042e-01 0.000000000000000000e+00 0.000000000000000000e+00 0.000000000000000000e+00 4.081274564189211196e-01 -2.714477719972837599e-01 0.000000000000000000e+00 0.000000000000000000e+00 0.000000000000000000e+00 0.000000000000000000e+00 0.000000000000000000e+00 0.000000000000000000e+00 0.000000000000000000e+00 0.000000000000000000e+00
2.199999999999999734e+00 5.700263337911295469e-01 0.000000000000000000e+00 4.299736662088777805e-01 0.000000000000000000e+00 0.000000000000000000e+00 0.000000000000000000e+00 4.158408676433951179e-01 -2.686497395345289751e-01 0.000000000000000000e+00 0.000000000000000000e+00 0.000000000000000000e+00 0.000000000000000000e+00 0.000000000000000000e+00 0.000000000000000000e+00 0.000000000000000000e+00 0.000000000000000000e+00
2.299999999999999822e+00 5.415213340025436528e-01 0.000000000000000000e+00 4.584786659974517953e-01 0.000000000000000000e+00 0.000000000000000000e+00 0.000000000000000000e+00 4.222544916108896818e-01 -2.645318898645171446e-01 0.000000000000000000e+00 0.000000000000000000e+00 0.000000000000000000e+00 0.000000000000000000e+00 0.000000000000000000e+00 0.000000000000000000e+00 0.000000000000000000e+00 0.000000000000000000e+00
2.399999999999999911e+00 5.133341992798938769e-01 0.000000000000000000e+00 4.866658007201114522e-01 0.000000000000000000e+00 0.000000000000000000e+00 0.000000000000000000e+00 4.273516771154169391e-01 -2.592156267411139248e-01 0.000000000000000000e+00 0.000000000000000000e+00 0.000000000000000000e+00 0.000000000000000000e+00 0.000000000000000000e+00 0.000000000000000000e+00 0.000000000000000000e+00 0.000000000000000000e+00
2.500000000000000000e+00 4.855746558910156163e-01 0.000000000000000000e+00 5.144253441089875478e-01 0.000000000000000000e+00 0.000000000000000000e+00 0.000000000000000000e+00 4.311492535498006595e-01 -2.527889035056813949e-01 0.000000000000000000e+00 0.000000000000000000e+00 0.000000000000000000e+00 0.000000000000000000e+00 0.000000000000000000e+00 0.000000000000000000e+00 0.000000000000000000e+00 0.000000000000000000e+00
2.600000000000000089e+00 4.583642839021054849e-01 0.000000000000000000e+00 5.416357160978945151e-01 0.000000000000000000e+00 0.000000000000000000e+00 0.000000000000000000e+00 4.336595888307593349e-01 -2.453687562924469212e-01 0.000000000000000000e+00 0.000000000000000000e+00 0.000000000000000000e+00 0.000000000000000000e+00 0.000000000000000000e+00 0.000000000000000000e+00 0.000000000000000000e+00 0.000000000000000000e+00
2.699999999999999734e+00 4.317741658544861916e-01 0.000000000000000000e+00 5.682258341455109774e-01 0.000000000000000000e+00 0.000000000000000000e+00 0.000000000000000000e+00 4.349118881956436922e-01 -2.370588209449751849e-01 0.000000000000000000e+00 0.000000000000000000e+00 0.000000000000000000e+00 0.000000000000000000e+00 0.000000000000000000e+00 0.000000000000000000e+00 0.000000000000000000e+00 0.000000000000000000e+00
2.799999999999999822e+00 4.059200644397134572e-01 0.000000000000000000e+00 5.940799355602959242e-01 0.000000000000000000e+00 0.000000000000000000e+00 0.000000000000000000e+00 4.349445948771089032e-01 -2.279740434962195805e-01 0.000000000000000000e+00 0.000000000000000000e+00 0.000000000000000000e+00 0.000000000000000000e+00 0.000000000000000000e+00 0.000000000000000000e+00 0.000000000000000000e+00 0.000000000000000000e+00
2.899999999999999911e+00 3.808861108903339177e-01 0.000000000000000000e+00 6.191138891096643615e-01 0.000000000000000000e+00 0.000000000000000000e+00 0.000000000000000000e+00 4.338124145749483462e-01 -2.182170271377564807e-01 0.000000000000000000e+00 0.000000000000000000e+00 0.000000000000000000e+00 0.000000000000000000e+00 0.000000000000000000e+00 0.000000000000000000e+00 0.000000000000000000e+00 0.000000000000000000e+00
3.000000000000000000e+00 3.567477170464454783e-01 0.000000000000000000e+00 6.432522829535534115e-01 0.000000000000000000e+00 0.000000000000000000e+00 0.000000000000000000e+00 4.315828623381519624e-01 -2.078822168675847348e-01 0.000000000000000000e+00 0.000000000000000000e+00 0.000000000000000000e+00 0.000000000000000000e+00 0.000000000000000000e+00 0.000000000000000000e+00 0.000000000000000000e+00 0.000000000000000000e+00
