1.000000000000000056e-01 9.976228738480796832e-01 0.000000000000000000e+00 2.377126151922944516e-03 0.000000000000000000e+00 0.000000000000000000e+00 0.000000000000000000e+00 4.380093821410983856e-02 -2.128269381868787280e-02 0.000000000000000000e+00 0.000000000000000000e+00 0.000000000000000000e+00 0.000000000000000000e+00 0.000000000000000000e+00 0.000000000000000000e+00 0.000000000000000000e+00 0.000000000000000000e+00
2.000000000000000111e-01 9.905271791441507823e-01 0.000000000000000000e+00 9.472820855846773511e-03 0.000000000000000000e+00 0.000000000000000000e+00 0.000000000000000000e+00 8.720924400275210930e-02 -4.216199459324850712e-02 0.000000000000000000e+00 0.000000000000000000e+00 0.000000000000000000e+00 0.000000000000000000e+00 0.000000000000000000e+00 0.000000000000000000e+00 0.000000000000000000e+00 0.000000000000000000e+00
2.999999999999999889e-01 9.788210101295640175e-01 0.000000000000000000e+00 2.117898987043255118e-02 0.000000000000000000e+00 0.000000000000000000e+00 0.000000000000000000e+00 1.298332613094378418e-01 -6.223956944380940048e-02 0.000000000000000000e+00 0.000000000000000000e+00 0.000000000000000000e+00 0.000000000000000000e+00 0.000000000000000000e+00 0.000000000000000000e+00 0.000000000000000000e+00 0.000000000000000000e+00
4.000000000000000222e-01 9.626765807063569769e-01 0.000000000000000000e+00 3.732341929364522970e-02 0.000000000000000000e+00 0.000000000000000000e+00 0.000000000000000000e+00 1.713056362338043759e-01 -8.114653877003848159e-02 0.000000000000000000e+00 0.000000000000000000e+00 0.000000000000000000e+00 0.000000000000000000e+00 0.000000000000000000e+00 0.000000000000000000e+00 0.000000000000000000e+00 0.000000000000000000e+00
5.000000000000000000e-01 9.423330021006482982e-01 0.000000000000000000e+00 5.766699789935204878e-02 0.000000000000000000e+00 0.000000000000000000e+00 0.000000000000000000e+00 2.112576215603637897e-01 -9.854811936089691304e-02 0.000000000000000000e+00 0.000000000000000000e+00 0.000000000000000000e+00 0.000000000000000000e+00 0.000000000000000000e+00 0.000000000000000000e+00 0.000000000000000000e+00 0.000000000000000000e+00
5.999999999999999778e-01 9.180852871193448950e-01 0.000000000000000000e+00 8.191471288065650669e-02 0.000000000000000000e+00 0.000000000000000000e+00 0.000000000000000000e+00 2.493558235538001489e-01 -1.141331105457447093e-01 0.000000000000000000e+00 0.000000000000000000e+00 0.000000000000000000e+00 0.000000000000000000e+00 0.000000000000000000e+00 0.000000000000000000e+00 0.000000000000000000e+00 0.000000000000000000e+00
6.999999999999999556e-01 8.902784940424249838e-01 0.000000000000000000e+00 1.097215059575701590e-01 0.000000000000000000e+00 0.000000000000000000e+00 0.000000000000000000e+00 2.852862486947603804e-01 -1.276497391075554766e-01 0.000000000000000000e+00 0.000000000000000000e+00 0.000000000000000000e+00 0.000000000000000000e+00 0.000000000000000000e+00 0.000000000000000000e+00 0.000000000000000000e+00 0.000000000000000000e+00
7.999999999999999334e-01 8.592884451879658769e-01 0.000000000000000000e+00 1.407115548120306814e-01 0.000000000000000000e+00 0.000000000000000000e+00 0.000000000000000000e+00 3.187789655266655697e-01 -1.388948632667737493e-01 0.000000000000000000e+00 0.000000000000000000e+00 0.000000000000000000e+00 0.000000000000000000e+00 0.000000000000000000e+00 0.000000000000000000e+00 0.000000000000000000e+00 0.000000000000000000e+00
8.999999999999999112e-01 8.255482162528071655e-01 0.000000000000000000e+00 1.744517837471837307e-01 0.000000000000000000e+00 0.000000000000000000e+00 0.000000000000000000e+00 3.495681126530113536e-01 -1.477176117036837211e-01 0.000000000000000000e+00 0.000000000000000000e+00 0.000000000000000000e+00 0.000000000000000000e+00 0.000000000000000000e+00 0.000000000000000000e+00 0.000000000000000000e+00 0.000000000000000000e+00
9.999999999999998890e-01 7.894833783274916028e-01 0.000000000000000000e+00 2.105166216725061767e-01 0.000000000000000000e+00 0.000000000000000000e+00 0.000000000000000000e+00 3.774557533061005943e-01 -1.540341774703142541e-01 0.000000000000000000e+00 0.000000000000000000e+00 0.000000000000000000e+00 0.000000000000000000e+00 0.000000000000000000e+00 0.000000000000000000e+00 0.000000000000000000e+00 0.000000000000000000e+00
1.099999999999999867e+00 7.515494177315298341e-01 0.000000000000000000e+00 2.484505822684727749e-01 0.000000000000000000e+00 0.000000000000000000e+00 0.000000000000000000e+00 4.022643298341251894e-01 -1.578172952829608178e-01 0.000000000000000000e+00 0.000000000000000000e+00 0.000000000000000000e+00 0.000000000000000000e+00 0.000000000000000000e+00 0.000000000000000000e+00 0.000000000000000000e+00 0.000000000000000000e+00
1.199999999999999956e+00 7.122027447588279436e-01 0.000000000000000000e+00 2.877972552411744434e-01 0.000000000000000000e+00 0.000000000000000000e+00 0.000000000000000000e+00 4.238686996067715929e-01 -1.590764599724981965e-01 0.000000000000000000e+00 0.000000000000000000e+00 0.000000000000000000e+00 0.000000000000000000e+00 0.000000000000000000e+00 0.000000000000000000e+00 0.000000000000000000e+00 0.000000000000000000e+00
1.300000000000000044e+00 6.718910190332678667e-01 0.000000000000000000e+00 3.281089809667361856e-01 0.000000000000000000e+00 0.000000000000000000e+00 0.000000000000000000e+00 4.421749032803503621e-01 -1.579076676487919939e-01 0.000000000000000000e+00 0.000000000000000000e+00 0.000000000000000000e+00 0.000000000000000000e+00 0.000000000000000000e+00 0.000000000000000000e+00 0.000000000000000000e+00 0.000000000000000000e+00
1.399999999999999911e+00 6.310468773995612235e-01 0.000000000000000000e+00 3.689531226004413855e-01 0.000000000000000000e+00 0.000000000000000000e+00 0.000000000000000000e+00 4.571418847463788460e-01 -1.544280208400248822e-01 0.000000000000000000e+00 0.000000000000000000e+00 0.000000000000000000e+00 0.000000000000000000e+00 0.000000000000000000e+00 0.000000000000000000e+00 0.000000000000000000e+00 0.000000000000000000e+00
1.500000000000000000e+00 5.900911667283768036e-01 0.000000000000000000e+00 4.099088332716229743e-01 0.000000000000000000e+00 0.000000000000000000e+00 0.000000000000000000e+00 4.687601326231678467e-01 -1.488204281726482892e-01 0.000000000000000000e+00 0.000000000000000000e+00 0.000000000000000000e+00 0.000000000000000000e+00 0.000000000000000000e+00 0.000000000000000000e+00 0.000000000000000000e+00 0.000000000000000000e+00
1.599999999999999867e+00 5.493974259444888153e-01 0.000000000000000000e+00 4.506025740555100190e-01 0.000000000000000000e+00 0.000000000000000000e+00 0.000000000000000000e+00 4.770757490410560964e-01 -1.412749835994887571e-01 0.000000000000000000e+00 0.000000000000000000e+00 0.000000000000000000e+00 0.000000000000000000e+00 0.000000000000000000e+00 0.000000000000000000e+00 0.000000000000000000e+00 0.000000000000000000e+00
1.699999999999999956e+00 5.093418566723796337e-01 0.000000000000000000e+00 4.906581433276159254e-01 0.000000000000000000e+00 0.000000000000000000e+00 0.000000000000000000e+00 4.821621963669458499e-01 -1.320316058185112551e-01 0.000000000000000000e+00 0.000000000000000000e+00 0.000000000000000000e+00 0.000000000000000000e+00 0.000000000000000000e+00 0.000000000000000000e+00 0.000000000000000000e+00 0.000000000000000000e+00
1.800000000000000044e+00 4.702255116461709350e-01 0.000000000000000000e+00 5.297744883538308969e-01 0.000000000000000000e+00 0.000000000000000000e+00 0.000000000000000000e+00 4.841382067153361946e-01 -1.213411553345075944e-01 0.000000000000000000e+00 0.000000000000000000e+00 0.000000000000000000e+00 0.000000000000000000e+00 0.000000000000000000e+00 0.000000000000000000e+00 0.000000000000000000e+00 0.000000000000000000e+00
1.899999999999999911e+00 4.323270928832295690e-01 0.000000000000000000e+00 5.676729071167722074e-01 0.000000000000000000e+00 0.000000000000000000e+00 0.000000000000000000e+00 4.831537848527044932e-01 -1.094659541846702555e-01 0.000000000000000000e+00 0.000000000000000000e+00 0.000000000000000000e+00 0.000000000000000000e+00 0.000000000000000000e+00 0.000000000000000000e+00 0.000000000000000000e+00 0.000000000000000000e+00
2.000000000000000000e+00 3.958851944302260173e-01 0.000000000000000000e+00 6.041148055697765917e-01 0.000000000000000000e+00 0.000000000000000000e+00 0.000000000000000000e+00 4.793900433755452495e-01 -9.667105251221314033e-02 0.000000000000000000e+00 0.000000000000000000e+00 0.000000000000000000e+00 0.000000000000000000e+00 0.000000000000000000e+00 0.000000000000000000e+00 0.000000000000000000e+00 0.000000000000000000e+00
2.099999999999999645e+00 3.610665752896298764e-01 0.000000000000000000e+00 6.389334247103722886e-01 0.000000000000000000e+00 0.000000000000000000e+00 0.000000000000000000e+00 4.730475265225050352e-01 -8.320782419341567204e-02 0.000000000000000000e+00 0.000000000000000000e+00 0.000000000000000000e+00 0.000000000000000000e+00 0.000000000000000000e+00 0.000000000000000000e+00 0.000000000000000000e+00 0.000000000000000000e+00
2.199999999999999734e+00 3.280262726456376621e-01 0.000000000000000000e+00 6.719737273543643363e-01 0.000000000000000000e+00 0.000000000000000000e+00 0.000000000000000000e+00 4.643460847263370384e-01 -6.933791129209197768e-02 0.000000000000000000e+00 0.000000000000000000e+00 0.000000000000000000e+00 0.000000000000000000e+00 0.000000000000000000e+00 0.000000000000000000e+00 0.000000000000000000e+00 0.000000000000000000e+00
2.299999999999999822e+00 2.968412946524041085e-01 0.000000000000000000e+00 7.031587053475982785e-01 0.000000000000000000e+00 0.000000000000000000e+00 0.000000000000000000e+00 4.535056723113515820e-01 -5.530955554502493821e-02 0.000000000000000000e+00 0.000000000000000000e+00 0.000000000000000000e+00 0.000000000000000000e+00 0.000000000000000000e+00 0.000000000000000000e+00 0.000000000000000000e+00 0.000000000000000000e+00
2.399999999999999911e+00 2.675934893258826164e-01 0.000000000000000000e+00 7.324065106741217690e-01 0.000000000000000000e+00 0.000000000000000000e+00 0.000000000000000000e+00 4.407692639195120443e-01 -4.134813040941804491e-02 0.000000000000000000e+00 0.000000000000000000e+00 0.000000000000000000e+00 0.000000000000000000e+00 0.000000000000000000e+00 0.000000000000000000e+00 0.000000000000000000e+00 0.000000000000000000e+00
2.500000000000000000e+00 2.402867335739851118e-01 0.000000000000000000e+00 7.597132664260257684e-01 0.000000000000000000e+00 0.000000000000000000e+00 0.000000000000000000e+00 4.263604047847466272e-01 -2.767346176830055848e-02 0.000000000000000000e+00 0.000000000000000000e+00 0.000000000000000000e+00 0.000000000000000000e+00 0.000000000000000000e+00 0.000000000000000000e+00 0.000000000000000000e+00 0.000000000000000000e+00
2.600000000000000089e+00 2.149269498022355895e-01 0.000000000000000000e+00 7.850730501977658538e-01 0.000000000000000000e+00 0.000000000000000000e+00 0.000000000000000000e+00 4.105154380203279718e-01 -1.450621868153019467e-02 0.000000000000000000e+00 0.000000000000000000e+00 0.000000000000000000e+00 0.000000000000000000e+00 0.000000000000000000e+00 0.000000000000000000e+00 0.000000000000000000e+00 0.000000000000000000e+00
2.699999999999999734e+00 1.915247777978172639e-01 0.000000000000000000e+00 8.084752222021835966e-01 0.000000000000000000e+00 0.000000000000000000e+00 0.000000000000000000e+00 3.934957492591973915e-01 -2.033786675564842883e-03 0.000000000000000000e+00 0.000000000000000000e+00 0.000000000000000000e+00 0.000000000000000000e+00 0.000000000000000000e+00 0.000000000000000000e+00 0.000000000000000000e+00 0.000000000000000000e+00
2.799999999999999822e+00 1.700422850572727296e-01 0.000000000000000000e+00 8.299577149427262990e-01 0.000000000000000000e+00 0.000000000000000000e+00 0.000000000000000000e+00 3.755471966065392353e-01 9.602604973111293629e-03 0.000000000000000000e+00 0.000000000000000000e+00 0.000000000000000000e+00 0.000000000000000000e+00 0.000000000000000000e+00 0.000000000000000000e+00 0.000000000000000000e+00 0.000000000000000000e+00
2.899999999999999911e+00 1.504573163102594091e-01 0.000000000000000000e+00 8.495426836897317369e-01 0.000000000000000000e+00 0.000000000000000000e+00 0.000000000000000000e+00 3.569428493351706755e-01 2.029081511952582351e-02 0.000000000000000000e+00 0.000000000000000000e+00 0.000000000000000000e+00 0.000000000000000000e+00 0.000000000000000000e+00 0.000000000000000000e+00 0.000000000000000000e+00 0.000000000000000000e+00
3.000000000000000000e+00 1.327049729846854764e-01 0.000000000000000000e+00 8.672950270153169106e-01 0.000000000000000000e+00 0.000000000000000000e+00 0.000000000000000000e+00 3.379298082718736329e-01 2.996343849861293762e-02 0.000000000000000000e+00 0.000000000000000000e+00 0.000000000000000000e+00 0.000000000000000000e+00 0.000000000000000000e+00 0.000000000000000000e+00 0.000000000000000000e+00 0.000000000000000000e+00
