1.000000000000000056e-01 9.876225420145057221e-01 0.000000000000000000e+00 1.237745798549425534e-02 0.000000000000000000e+00 0.000000000000000000e+00 0.000000000000000000e+00 -9.965811064732128799e-02 4.788024103661878139e-02 0.000000000000000000e+00 0.000000000000000000e+00 0.000000000000000000e+00 0.000000000000000000e+00 0.000000000000000000e+00 0.000000000000000000e+00 0.000000000000000000e+00 0.000000000000000000e+00
2.000000000000000111e-01 9.514245130969747333e-01 0.000000000000000000e+00 4.857548690302491978e-02 0.000000000000000000e+00 0.000000000000000000e+00 0.000000000000000000e+00 -1.985865621502667933e-01 8.233642030743955342e-02 0.000000000000000000e+00 0.000000000000000000e+00 0.000000000000000000e+00 0.000000000000000000e+00 0.000000000000000000e+00 0.000000000000000000e+00 0.000000000000000000e+00 0.000000000000000000e+00
2.999999999999999889e-01 8.940894839750556100e-01 0.000000000000000000e+00 1.059105160249415728e-01 0.000000000000000000e+00 0.000000000000000000e+00 0.000000000000000000e+00 -2.938284276545865548e-01 9.142392307463023671e-02 0.000000000000000000e+00 0.000000000000000000e+00 0.000000000000000000e+00 0.000000000000000000e+00 0.000000000000000000e+00 0.000000000000000000e+00 0.000000000000000000e+00 0.000000000000000000e+00
4.000000000000000222e-01 8.197089859941123491e-01 0.000000000000000000e+00 1.802910140058856525e-01 0.000000000000000000e+00 0.000000000000000000e+00 0.000000000000000000e+00 -3.786436251423304089e-01 6.644673604427699110e-02 0.000000000000000000e+00 0.000000000000000000e+00 0.000000000000000000e+00 0.000000000000000000e+00 0.000000000000000000e+00 0.000000000000000000e+00 0.000000000000000000e+00 0.000000000000000000e+00
5.000000000000000000e-01 7.333110070812314252e-01 0.000000000000000000e+00 2.666889929187690744e-01 0.000000000000000000e+00 0.000000000000000000e+00 0.000000000000000000e+00 -4.422094444911853772e-01 4.096501744656737970e-03 0.000000000000000000e+00 0.000000000000000000e+00 0.000000000000000000e+00 0.000000000000000000e+00 0.000000000000000000e+00 0.000000000000000000e+00 0.000000000000000000e+00 0.000000000000000000e+00
5.999999999999999778e-01 6.402546940791098429e-01 0.000000000000000000e+00 3.597453059208958193e-01 0.000000000000000000e+00 0.000000000000000000e+00 0.000000000000000000e+00 -4.711358469788892167e-01 -9.143103649619080397e-02 0.000000000000000000e+00 0.000000000000000000e+00 0.000000000000000000e+00 0.000000000000000000e+00 0.000000000000000000e+00 0.000000000000000000e+00 0.000000000000000000e+00 0.000000000000000000e+00
6.999999999999999556e-01 5.457216958194641698e-01 0.000000000000000000e+00 4.542783041805353861e-01 0.000000000000000000e+00 0.000000000000000000e+00 0.000000000000000000e+00 -4.527820299089287959e-01 -2.071182276900689345e-01 0.000000000000000000e+00 0.000000000000000000e+00 0.000000000000000000e+00 0.000000000000000000e+00 0.000000000000000000e+00 0.000000000000000000e+00 0.000000000000000000e+00 0.000000000000000000e+00
7.999999999999999334e-01 4.542191225664695131e-01 0.000000000000000000e+00 5.457808774335323188e-01 0.000000000000000000e+00 0.000000000000000000e+00 0.000000000000000000e+00 -3.799635041157268800e-01 -3.217636507884278352e-01 0.000000000000000000e+00 0.000000000000000000e+00 0.000000000000000000e+00 0.000000000000000000e+00 0.000000000000000000e+00 0.000000000000000000e+00 0.000000000000000000e+00 0.000000000000000000e+00
8.999999999999999112e-01 3.693216518400613269e-01 0.000000000000000000e+00 6.306783481599398389e-01 0.000000000000000000e+00 0.000000000000000000e+00 0.000000000000000000e+00 -2.557134959632721971e-01 -4.093089022130649290e-01 0.000000000000000000e+00 0.000000000000000000e+00 0.000000000000000000e+00 0.000000000000000000e+00 0.000000000000000000e+00 0.000000000000000000e+00 0.000000000000000000e+00 0.000000000000000000e+00
9.999999999999998890e-01 2.934519464933707522e-01 0.000000000000000000e+00 7.065480535066238632e-01 0.000000000000000000e+00 0.000000000000000000e+00 0.000000000000000000e+00 -9.618006054271444061e-02 -4.450699920205959392e-01 0.000000000000000000e+00 0.000000000000000000e+00 0.000000000000000000e+00 0.000000000000000000e+00 0.000000000000000000e+00 0.000000000000000000e+00 0.000000000000000000e+00 0.000000000000000000e+00
1.099999999999999867e+00 2.279540085737770672e-01 0.000000000000000000e+00 7.720459914262216561e-01 0.000000000000000000e+00 0.000000000000000000e+00 0.000000000000000000e+00 7.026364770845146268e-02 -4.135867483283018897e-01 0.000000000000000000e+00 0.000000000000000000e+00 0.000000000000000000e+00 0.000000000000000000e+00 0.000000000000000000e+00 0.000000000000000000e+00 0.000000000000000000e+00 0.000000000000000000e+00
1.199999999999999956e+00 1.731956640161564920e-01 0.000000000000000000e+00 8.268043359838435080e-01 0.000000000000000000e+00 0.000000000000000000e+00 0.000000000000000000e+00 2.087981868770298899e-01 -3.155982298273661280e-01 0.000000000000000000e+00 0.000000000000000000e+00 0.000000000000000000e+00 0.000000000000000000e+00 0.000000000000000000e+00 0.000000000000000000e+00 0.000000000000000000e+00 0.000000000000000000e+00
1.300000000000000044e+00 1.287608907701375260e-01 0.000000000000000000e+00 8.712391092298624740e-01 0.000000000000000000e+00 0.000000000000000000e+00 0.000000000000000000e+00 2.880641351936960581e-01 -1.708817649703770203e-01 0.000000000000000000e+00 0.000000000000000000e+00 0.000000000000000000e+00 0.000000000000000000e+00 0.000000000000000000e+00 0.000000000000000000e+00 0.000000000000000000e+00 0.000000000000000000e+00
1.399999999999999911e+00 9.371537601126976591e-02 0.000000000000000000e+00 9.062846239887248911e-01 0.000000000000000000e+00 0.000000000000000000e+00 0.000000000000000000e+00 2.910624973941616789e-01 -1.467743311791917804e-02 0.000000000000000000e+00 0.000000000000000000e+00 0.000000000000000000e+00 0.000000000000000000e+00 0.000000000000000000e+00 0.000000000000000000e+00 0.000000000000000000e+00 0.000000000000000000e+00
1.500000000000000000e+00 6.682410890956046179e-02 0.000000000000000000e+00 9.331758910904399684e-01 0.000000000000000000e+00 0.000000000000000000e+00 0.000000000000000000e+00 2.228375574653281843e-01 1.127034620638960316e-01 0.000000000000000000e+00 0.000000000000000000e+00 0.000000000000000000e+00 0.000000000000000000e+00 0.000000000000000000e+00 0.000000000000000000e+00 0.000000000000000000e+00 0.000000000000000000e+00
1.599999999999999867e+00 4.672094141787280774e-02 0.000000000000000000e+00 9.532790585821256935e-01 0.000000000000000000e+00 0.000000000000000000e+00 0.000000000000000000e+00 1.104715619661183201e-01 1.798169302216574839e-01 0.000000000000000000e+00 0.000000000000000000e+00 0.000000000000000000e+00 0.000000000000000000e+00 0.000000000000000000e+00 0.000000000000000000e+00 0.000000000000000000e+00 0.000000000000000000e+00
1.699999999999999956e+00 3.205714044910391164e-02 0.000000000000000000e+00 9.679428595509002031e-01 0.000000000000000000e+00 0.000000000000000000e+00 0.000000000000000000e+00 -5.808804885748745928e-03 1.760560639955268125e-01 0.000000000000000000e+00 0.000000000000000000e+00 0.000000000000000000e+00 0.000000000000000000e+00 0.000000000000000000e+00 0.000000000000000000e+00 0.000000000000000000e+00 0.000000000000000000e+00
1.800000000000000044e+00 2.161407105820968566e-02 0.000000000000000000e+00 9.783859289417963234e-01 0.000000000000000000e+00 0.000000000000000000e+00 0.000000000000000000e+00 -8.781883402147670770e-02 1.159083909462901019e-01 0.000000000000000000e+00 0.000000000000000000e+00 0.000000000000000000e+00 0.000000000000000000e+00 0.000000000000000000e+00 0.000000000000000000e+00 0.000000000000000000e+00 0.000000000000000000e+00
1.899999999999999911e+00 1.433695573714046170e-02 0.000000000000000000e+00 9.856630442628574462e-01 0.000000000000000000e+00 0.000000000000000000e+00 0.000000000000000000e+00 -1.143537485939835202e-01 3.247502572008820199e-02 0.000000000000000000e+00 0.000000000000000000e+00 0.000000000000000000e+00 0.000000000000000000e+00 0.000000000000000000e+00 0.000000000000000000e+00 0.000000000000000000e+00 0.000000000000000000e+00
2.000000000000000000e+00 9.360963201616358947e-03 0.000000000000000000e+00 9.906390367983911593e-01 0.000000000000000000e+00 0.000000000000000000e+00 0.000000000000000000e+00 -8.876174786065098299e-02 -3.734551169316553676e-02 0.000000000000000000e+00 0.000000000000000000e+00 0.000000000000000000e+00 0.000000000000000000e+00 0.000000000000000000e+00 0.000000000000000000e+00 0.000000000000000000e+00 0.000000000000000000e+00
2.099999999999999645e+00 6.016427058243287336e-03 0.000000000000000000e+00 9.939835729417640930e-01 0.000000000000000000e+00 0.000000000000000000e+00 0.000000000000000000e+00 -3.502337248206266462e-02 -6.894630381935154539e-02 0.000000000000000000e+00 0.000000000000000000e+00 0.000000000000000000e+00 0.000000000000000000e+00 0.000000000000000000e+00 0.000000000000000000e+00 0.000000000000000000e+00 0.000000000000000000e+00
2.199999999999999734e+00 3.800617017786207461e-03 0.000000000000000000e+00 9.961993829822115565e-01 0.000000000000000000e+00 0.000000000000000000e+00 0.000000000000000000e+00 1.580015254260843521e-02 -5.946870778177289901e-02 0.000000000000000000e+00 0.000000000000000000e+00 0.000000000000000000e+00 0.000000000000000000e+00 0.000000000000000000e+00 0.000000000000000000e+00 0.000000000000000000e+00 0.000000000000000000e+00
2.299999999999999822e+00 2.355468847670193471e-03 0.000000000000000000e+00 9.976445311523277626e-01 0.000000000000000000e+00 0.000000000000000000e+00 0.000000000000000000e+00 4.121271789534352442e-02 -2.552317035927212374e-02 0.000000000000000000e+00 0.000000000000000000e+00 0.000000000000000000e+00 0.000000000000000000e+00 0.000000000000000000e+00 0.000000000000000000e+00 0.000000000000000000e+00 0.000000000000000000e+00
2.399999999999999911e+00 1.433605612792377944e-03 0.000000000000000000e+00 9.985663943872090664e-01 0.000000000000000000e+00 0.000000000000000000e+00 0.000000000000000000e+00 3.683144328546333890e-02 8.659964129214065692e-03 0.000000000000000000e+00 0.000000000000000000e+00 0.000000000000000000e+00 0.000000000000000000e+00 0.000000000000000000e+00 0.000000000000000000e+00 0.000000000000000000e+00 0.000000000000000000e+00
2.500000000000000000e+00 8.595572181391360374e-04 0.000000000000000000e+00 9.991404427818643130e-01 0.000000000000000000e+00 0.000000000000000000e+00 0.000000000000000000e+00 1.466043505677818229e-02 2.537497989696884879e-02 0.000000000000000000e+00 0.000000000000000000e+00 0.000000000000000000e+00 0.000000000000000000e+00 0.000000000000000000e+00 0.000000000000000000e+00 0.000000000000000000e+00 0.000000000000000000e+00
2.600000000000000089e+00 5.139717105649300316e-04 0.000000000000000000e+00 9.994860282894352244e-01 0.000000000000000000e+00 0.000000000000000000e+00 0.000000000000000000e+00 -7.172646365370981270e-03 2.150024094966141580e-02 0.000000000000000000e+00 0.000000000000000000e+00 0.000000000000000000e+00 0.000000000000000000e+00 0.000000000000000000e+00 0.000000000000000000e+00 0.000000000000000000e+00 0.000000000000000000e+00
2.699999999999999734e+00 3.094331349946102881e-04 0.000000000000000000e+00 9.996905668650040155e-01 0.000000000000000000e+00 0.000000000000000000e+00 0.000000000000000000e+00 -1.634349988106468393e-02 6.498244623263418548e-03 0.000000000000000000e+00 0.000000000000000000e+00 0.000000000000000000e+00 0.000000000000000000e+00 0.000000000000000000e+00 0.000000000000000000e+00 0.000000000000000000e+00 0.000000000000000000e+00
2.799999999999999822e+00 1.877130299685243493e-04 0.000000000000000000e+00 9.998122869700284410e-01 0.000000000000000000e+00 0.000000000000000000e+00 0.000000000000000000e+00 -1.199258672172663111e-02 -6.622341256209775089e-03 0.000000000000000000e+00 0.000000000000000000e+00 0.000000000000000000e+00 0.000000000000000000e+00 0.000000000000000000e+00 0.000000000000000000e+00 0.000000000000000000e+00 0.000000000000000000e+00
2.899999999999999911e+00 1.115702446398015034e-04 0.000000000000000000e+00 9.998884297553550793e-01 0.000000000000000000e+00 0.000000000000000000e+00 0.000000000000000000e+00 -1.879818529254861838e-03 -1.039345367837843023e-02 0.000000000000000000e+00 0.000000000000000000e+00 0.000000000000000000e+00 0.000000000000000000e+00 0.000000000000000000e+00 0.000000000000000000e+00 0.000000000000000000e+00 0.000000000000000000e+00
3.000000000000000000e+00 6.295287345150463545e-05 0.000000000000000000e+00 9.999370471265474070e-01 0.000000000000000000e+00 0.000000000000000000e+00 0.000000000000000000e+00 5.221301055689791561e-03 -5.973835639065012103e-03 0.000000000000000000e+00 0.000000000000000000e+00 0.000000000000000000e+00 0.000000000000000000e+00 0.000000000000000000e+00 0.000000000000000000e+00 0.000000000000000000e+00 0.000000000000000000e+00
