1.000000000000000056e-01 9.830764658582206161e-01 0.000000000000000000e+00 1.692353414178210391e-02 0.000000000000000000e+00 0.000000000000000000e+00 0.000000000000000000e+00 1.007720618723397521e-01 8.051159956385477157e-02 0.000000000000000000e+00 0.000000000000000000e+00 0.000000000000000000e+00 0.000000000000000000e+00 0.000000000000000000e+00 0.000000000000000000e+00 0.000000000000000000e+00 0.000000000000000000e+00
2.000000000000000111e-01 9.341011239553119738e-01 0.000000000000000000e+00 6.589887604468916416e-02 0.000000000000000000e+00 0.000000000000000000e+00 0.000000000000000000e+00 1.933891076113103402e-01 1.554247727499862286e-01 0.000000000000000000e+00 0.000000000000000000e+00 0.000000000000000000e+00 0.000000000000000000e+00 0.000000000000000000e+00 0.000000000000000000e+00 0.000000000000000000e+00 0.000000000000000000e+00
2.999999999999999889e-01 8.581411173464835729e-01 0.000000000000000000e+00 1.418588826535172875e-01 0.000000000000000000e+00 0.000000000000000000e+00 0.000000000000000000e+00 2.709611730238709049e-01 2.198066631047549124e-01 0.000000000000000000e+00 0.000000000000000000e+00 0.000000000000000000e+00 0.000000000000000000e+00 0.000000000000000000e+00 0.000000000000000000e+00 0.000000000000000000e+00 0.000000000000000000e+00
4.000000000000000222e-01 7.626573142583435994e-01 0.000000000000000000e+00 2.373426857416574554e-01 0.000000000000000000e+00 0.000000000000000000e+00 0.000000000000000000e+00 3.288441331131485845e-01 2.699493521382477224e-01 0.000000000000000000e+00 0.000000000000000000e+00 0.000000000000000000e+00 0.000000000000000000e+00 0.000000000000000000e+00 0.000000000000000000e+00 0.000000000000000000e+00 0.000000000000000000e+00
5.000000000000000000e-01 6.562762568517561679e-01 0.000000000000000000e+00 3.437237431482461081e-01 0.000000000000000000e+00 0.000000000000000000e+00 0.000000000000000000e+00 3.651332870094678995e-01 3.037357303384660145e-01 0.000000000000000000e+00 0.000000000000000000e+00 0.000000000000000000e+00 0.000000000000000000e+00 0.000000000000000000e+00 0.000000000000000000e+00 0.000000000000000000e+00 0.000000000000000000e+00
5.999999999999999778e-01 5.474912140389024406e-01 0.000000000000000000e+00 4.525087859610986141e-01 0.000000000000000000e+00 0.000000000000000000e+00 0.000000000000000000e+00 3.806018996194361348e-01 3.207596618244912823e-01 0.000000000000000000e+00 0.000000000000000000e+00 0.000000000000000000e+00 0.000000000000000000e+00 0.000000000000000000e+00 0.000000000000000000e+00 0.000000000000000000e+00 0.000000000000000000e+00
6.999999999999999556e-01 4.435613161175822605e-01 0.000000000000000000e+00 5.564386838824186832e-01 0.000000000000000000e+00 0.000000000000000000e+00 0.000000000000000000e+00 3.781611745282265624e-01 3.221937139696176011e-01 0.000000000000000000e+00 0.000000000000000000e+00 0.000000000000000000e+00 0.000000000000000000e+00 0.000000000000000000e+00 0.000000000000000000e+00 0.000000000000000000e+00 0.000000000000000000e+00
7.999999999999999334e-01 3.497981369404154495e-01 0.000000000000000000e+00 6.502018630595840509e-01 0.000000000000000000e+00 0.000000000000000000e+00 0.000000000000000000e+00 3.620268103260789183e-01 3.104448196272395766e-01 0.000000000000000000e+00 0.000000000000000000e+00 0.000000000000000000e+00 0.000000000000000000e+00 0.000000000000000000e+00 0.000000000000000000e+00 0.000000000000000000e+00 0.000000000000000000e+00
8.999999999999999112e-01 2.693109291936101046e-01 0.000000000000000000e+00 7.306890708063920048e-01 0.000000000000000000e+00 0.000000000000000000e+00 0.000000000000000000e+00 3.368211021959587326e-01 2.886764707345361169e-01 0.000000000000000000e+00 0.000000000000000000e+00 0.000000000000000000e+00 0.000000000000000000e+00 0.000000000000000000e+00 0.000000000000000000e+00 0.000000000000000000e+00 0.000000000000000000e+00
9.999999999999998890e-01 2.031644727027951958e-01 0.000000000000000000e+00 7.968355272972028613e-01 0.000000000000000000e+00 0.000000000000000000e+00 0.000000000000000000e+00 3.068137963282438485e-01 2.602959487168210462e-01 0.000000000000000000e+00 0.000000000000000000e+00 0.000000000000000000e+00 0.000000000000000000e+00 0.000000000000000000e+00 0.000000000000000000e+00 0.000000000000000000e+00 0.000000000000000000e+00
1.099999999999999867e+00 1.508205285788450090e-01 0.000000000000000000e+00 8.491794714211545747e-01 0.000000000000000000e+00 0.000000000000000000e+00 0.000000000000000000e+00 2.754283224988050005e-01 2.285015568108112183e-01 0.000000000000000000e+00 0.000000000000000000e+00 0.000000000000000000e+00 0.000000000000000000e+00 0.000000000000000000e+00 0.000000000000000000e+00 0.000000000000000000e+00 0.000000000000000000e+00
1.199999999999999956e+00 1.107020815698205873e-01 0.000000000000000000e+00 8.892979184301786910e-01 0.000000000000000000e+00 0.000000000000000000e+00 0.000000000000000000e+00 2.450450505557245362e-01 1.959594009672308290e-01 0.000000000000000000e+00 0.000000000000000000e+00 0.000000000000000000e+00 0.000000000000000000e+00 0.000000000000000000e+00 0.000000000000000000e+00 0.000000000000000000e+00 0.000000000000000000e+00
1.300000000000000044e+00 8.073648797933356824e-02 0.000000000000000000e+00 9.192635120206655852e-01 0.000000000000000000e+00 0.000000000000000000e+00 0.000000000000000000e+00 2.170524028839689312e-01 1.646402160667544412e-01 0.000000000000000000e+00 0.000000000000000000e+00 0.000000000000000000e+00 0.000000000000000000e+00 0.000000000000000000e+00 0.000000000000000000e+00 0.000000000000000000e+00 0.000000000000000000e+00
1.399999999999999911e+00 5.878230246198824782e-02 0.000000000000000000e+00 9.412176975380108779e-01 0.000000000000000000e+00 0.000000000000000000e+00 0.000000000000000000e+00 1.920511741963602526e-01 1.358062347735152775e-01 0.000000000000000000e+00 0.000000000000000000e+00 0.000000000000000000e+00 0.000000000000000000e+00 0.000000000000000000e+00 0.000000000000000000e+00 0.000000000000000000e+00 0.000000000000000000e+00
1.500000000000000000e+00 4.290232000570749077e-02 0.000000000000000000e+00 9.570976799942935154e-01 0.000000000000000000e+00 0.000000000000000000e+00 0.000000000000000000e+00 1.701118059790762971e-01 1.101078181699631509e-01 0.000000000000000000e+00 0.000000000000000000e+00 0.000000000000000000e+00 0.000000000000000000e+00 0.000000000000000000e+00 0.000000000000000000e+00 0.000000000000000000e+00 0.000000000000000000e+00
1.599999999999999867e+00 3.149306758344395940e-02 0.000000000000000000e+00 9.685069324165581639e-01 0.000000000000000000e+00 0.000000000000000000e+00 0.000000000000000000e+00 1.510086577337202141e-01 8.773647877612203438e-02 0.000000000000000000e+00 0.000000000000000000e+00 0.000000000000000000e+00 0.000000000000000000e+00 0.000000000000000000e+00 0.000000000000000000e+00 0.000000000000000000e+00 0.000000000000000000e+00
1.699999999999999956e+00 2.330843591851472496e-02 0.000000000000000000e+00 9.766915640814849420e-01 0.000000000000000000e+00 0.000000000000000000e+00 0.000000000000000000e+00 1.343922265087129642e-01 6.858523691155210544e-02 0.000000000000000000e+00 0.000000000000000000e+00 0.000000000000000000e+00 0.000000000000000000e+00 0.000000000000000000e+00 0.000000000000000000e+00 0.000000000000000000e+00 0.000000000000000000e+00
1.800000000000000044e+00 1.742194066935322944e-02 0.000000000000000000e+00 9.825780593306499000e-01 0.000000000000000000e+00 0.000000000000000000e+00 0.000000000000000000e+00 1.198935422066972067e-01 5.238329644106706068e-02 0.000000000000000000e+00 0.000000000000000000e+00 0.000000000000000000e+00 0.000000000000000000e+00 0.000000000000000000e+00 0.000000000000000000e+00 0.000000000000000000e+00 0.000000000000000000e+00
1.899999999999999911e+00 1.316454326937408284e-02 0.000000000000000000e+00 9.868354567306267811e-01 0.000000000000000000e+00 0.000000000000000000e+00 0.000000000000000000e+00 1.071751749749361438e-01 3.879144574548120533e-02 0.000000000000000000e+00 0.000000000000000000e+00 0.000000000000000000e+00 0.000000000000000000e+00 0.000000000000000000e+00 0.000000000000000000e+00 0.000000000000000000e+00 0.000000000000000000e+00
2.000000000000000000e+00 1.006148766234986162e-02 0.000000000000000000e+00 9.899385123376508444e-01 0.000000000000000000e+00 0.000000000000000000e+00 0.000000000000000000e+00 9.594923073906067024e-02 2.746010141096286855e-02 0.000000000000000000e+00 0.000000000000000000e+00 0.000000000000000000e+00 0.000000000000000000e+00 0.000000000000000000e+00 0.000000000000000000e+00 0.000000000000000000e+00 0.000000000000000000e+00
2.099999999999999645e+00 7.779003380442840038e-03 0.000000000000000000e+00 9.922209966195557618e-01 0.000000000000000000e+00 0.000000000000000000e+00 0.000000000000000000e+00 8.597901078010042331e-02 1.805988908766179013e-02 0.000000000000000000e+00 0.000000000000000000e+00 0.000000000000000000e+00 0.000000000000000000e+00 0.000000000000000000e+00 0.000000000000000000e+00 0.000000000000000000e+00 0.000000000000000000e+00
2.199999999999999734e+00 6.083352487390581223e-03 0.000000000000000000e+00 9.939166475126094413e-01 0.000000000000000000e+00 0.000000000000000000e+00 0.000000000000000000e+00 7.707404033275834510e-02 1.029555348987609698e-02 0.000000000000000000e+00 0.000000000000000000e+00 0.000000000000000000e+00 0.000000000000000000e+00 0.000000000000000000e+00 0.000000000000000000e+00 0.000000000000000000e+00 0.000000000000000000e+00
2.299999999999999822e+00 4.810782949052063058e-03 0.000000000000000000e+00 9.951892170509474278e-01 0.000000000000000000e+00 0.000000000000000000e+00 0.000000000000000000e+00 6.908260703595367480e-02 3.910866473373797447e-03 0.000000000000000000e+00 0.000000000000000000e+00 0.000000000000000000e+00 0.000000000000000000e+00 0.000000000000000000e+00 0.000000000000000000e+00 0.000000000000000000e+00 0.000000000000000000e+00
2.399999999999999911e+00 3.846002466682045713e-03 0.000000000000000000e+00 9.961539975333186803e-01 0.000000000000000000e+00 0.000000000000000000e+00 0.000000000000000000e+00 6.188339133731407538e-02 -1.311516850990312490e-03 0.000000000000000000e+00 0.000000000000000000e+00 0.000000000000000000e+00 0.000000000000000000e+00 0.000000000000000000e+00 0.000000000000000000e+00 0.000000000000000000e+00 0.000000000000000000e+00
2.500000000000000000e+00 3.107084928509596007e-03 0.000000000000000000e+00 9.968929150714899157e-01 0.000000000000000000e+00 0.000000000000000000e+00 0.000000000000000000e+00 5.537737688128917951e-02 -5.553542733537968935e-03 0.000000000000000000e+00 0.000000000000000000e+00 0.000000000000000000e+00 0.000000000000000000e+00 0.000000000000000000e+00 0.000000000000000000e+00 0.000000000000000000e+00 0.000000000000000000e+00
2.600000000000000089e+00 2.535179051471575518e-03 0.000000000000000000e+00 9.974648209485289518e-01 0.000000000000000000e+00 0.000000000000000000e+00 0.000000000000000000e+00 4.948135062534463752e-02 -8.967378820804998429e-03 0.000000000000000000e+00 0.000000000000000000e+00 0.000000000000000000e+00 0.000000000000000000e+00 0.000000000000000000e+00 0.000000000000000000e+00 0.000000000000000000e+00 0.000000000000000000e+00
2.699999999999999734e+00 2.087668964945668497e-03 0.000000000000000000e+00 9.979123310350553888e-01 0.000000000000000000e+00 0.000000000000000000e+00 0.000000000000000000e+00 4.412387777632391372e-02 -1.168166477020022090e-02 0.000000000000000000e+00 0.000000000000000000e+00 0.000000000000000000e+00 0.000000000000000000e+00 0.000000000000000000e+00 0.000000000000000000e+00 0.000000000000000000e+00 0.000000000000000000e+00
2.799999999999999822e+00 1.733629580155441902e-03 0.000000000000000000e+00 9.982663704198452281e-01 0.000000000000000000e+00 0.000000000000000000e+00 0.000000000000000000e+00 3.924365101969432695e-02 -1.380682748753313954e-02 0.000000000000000000e+00 0.000000000000000000e+00 0.000000000000000000e+00 0.000000000000000000e+00 0.000000000000000000e+00 0.000000000000000000e+00 0.000000000000000000e+00 0.000000000000000000e+00
2.899999999999999911e+00 1.450669765072881484e-03 0.000000000000000000e+00 9.985493302349289779e-01 0.000000000000000000e+00 0.000000000000000000e+00 0.000000000000000000e+00 3.478919422004551898e-02 -1.543849226724086296e-02 0.000000000000000000e+00 0.000000000000000000e+00 0.000000000000000000e+00 0.000000000000000000e+00 0.000000000000000000e+00 0.000000000000000000e+00 0.000000000000000000e+00 0.000000000000000000e+00
3.000000000000000000e+00 1.222578968590376947e-03 0.000000000000000000e+00 9.987774210314108725e-01 0.000000000000000000e+00 0.000000000000000000e+00 0.000000000000000000e+00 3.071861218241695932e-02 -1.665899502269090060e-02 0.000000000000000000e+00 0.000000000000000000e+00 0.000000000000000000e+00 0.000000000000000000e+00 0.000000000000000000e+00 0.000000000000000000e+00 0.000000000000000000e+00 0.000000000000000000e+00
