1.000000000000000056e-01 9.756169432809197462e-01 1.218240404888751467e-02 1.220065267019485034e-02 0.000000000000000000e+00 -6.112189613031061147e-02 9.027443500290016631e-02 1.090958760291140250e-01 1.119507933580961290e-03 -6.731211363558603326e-03 -1.016484500904765373e-02 0.000000000000000000e+00 0.000000000000000000e+00 0.000000000000000000e+00 0.000000000000000000e+00 0.000000000000000000e+00 0.000000000000000000e+00
2.000000000000000111e-01 9.058254045369731333e-01 4.695959698702161650e-02 4.721499847600810901e-02 0.000000000000000000e+00 -1.208244268611040478e-01 1.671485980393098147e-01 2.066309295818656855e-01 8.497296561712214605e-03 -2.599369845913962473e-02 -3.926225847493740317e-02 0.000000000000000000e+00 0.000000000000000000e+00 0.000000000000000000e+00 0.000000000000000000e+00 0.000000000000000000e+00 0.000000000000000000e+00
2.999999999999999889e-01 7.999746335370179207e-01 9.941236737021519332e-02 1.006129990927710632e-01 0.000000000000000000e+00 -1.767382531436257620e-01 2.197520466908617631e-01 2.824878004372828877e-01 2.623908679307838943e-02 -5.520213455504571071e-02 -8.339604767954635067e-02 0.000000000000000000e+00 0.000000000000000000e+00 0.000000000000000000e+00 0.000000000000000000e+00 0.000000000000000000e+00 0.000000000000000000e+00
4.000000000000000222e-01 6.714246365939002814e-01 1.625430234489345094e-01 1.660323399571665692e-01 0.000000000000000000e+00 -2.251149025287847716e-01 2.417822804256894997e-01 3.293523242759093805e-01 5.482016081705565896e-02 -9.068415060855286591e-02 -1.369809598272319073e-01 0.000000000000000000e+00 0.000000000000000000e+00 0.000000000000000000e+00 0.000000000000000000e+00 0.000000000000000000e+00 0.000000000000000000e+00
5.000000000000000000e-01 5.348859351271216811e-01 2.287069347076057524e-01 2.364071301652702350e-01 0.000000000000000000e+00 -2.612375736415085137e-01 2.325662329991273203e-01 3.438113118325105133e-01 9.079994880778176347e-02 -1.284375347147914681e-01 -1.938343358619400714e-01 0.000000000000000000e+00 0.000000000000000000e+00 0.000000000000000000e+00 0.000000000000000000e+00 0.000000000000000000e+00 0.000000000000000000e+00
5.999999999999999778e-01 4.037640223022904706e-01 2.910355456026179066e-01 3.052004320950922334e-01 0.000000000000000000e+00 -2.805618360962238156e-01 1.969638003995685116e-01 3.269644259441250034e-01 1.277623507021320159e-01 -1.648715037712374376e-01 -2.482771868630269108e-01 0.000000000000000000e+00 0.000000000000000000e+00 0.000000000000000000e+00 0.000000000000000000e+00 0.000000000000000000e+00 0.000000000000000000e+00
6.999999999999999556e-01 2.881536157676273247e-01 3.444967602524098282e-01 3.673496239799616259e-01 0.000000000000000000e+00 -2.802039265938753299e-01 1.440616069615290595e-01 2.842926432005691839e-01 1.582112998956514693e-01 -1.973521681345864753e-01 -2.959778320634067761e-01 0.000000000000000000e+00 0.000000000000000000e+00 0.000000000000000000e+00 0.000000000000000000e+00 0.000000000000000000e+00 0.000000000000000000e+00
7.999999999999999334e-01 1.938675282276844103e-01 3.863883085020433095e-01 4.197441632702730296e-01 0.000000000000000000e+00 -2.601662259497719010e-01 8.498047511855055802e-02 2.246641645372028651e-01 1.757861671570841999e-01 -2.244400400866709833e-01 -3.343813775535962596e-01 0.000000000000000000e+00 0.000000000000000000e+00 0.000000000000000000e+00 0.000000000000000000e+00 0.000000000000000000e+00 0.000000000000000000e+00
8.999999999999999112e-01 1.225152663022426730e-01 4.162566955693015602e-01 4.612280381284559194e-01 0.000000000000000000e+00 -2.237785202377395311e-01 3.034754932936177194e-02 1.586011655675153564e-01 1.770681963455157104e-01 -2.458301666922053375e-01 -3.627075794602255820e-01 0.000000000000000000e+00 0.000000000000000000e+00 0.000000000000000000e+00 0.000000000000000000e+00 0.000000000000000000e+00 0.000000000000000000e+00
9.999999999999998890e-01 7.238184214946156991e-02 4.353842370873350354e-01 4.922339207632039915e-01 0.000000000000000000e+00 -1.771201935500255342e-01 -1.193105750471879292e-02 9.615704974966859941e-02 1.624272751337793586e-01 -2.620724186540371314e-01 -3.816135970316653081e-01 0.000000000000000000e+00 0.000000000000000000e+00 0.000000000000000000e+00 0.000000000000000000e+00 0.000000000000000000e+00 0.000000000000000000e+00
1.099999999999999867e+00 3.973554289304179893e-02 4.460558009520294021e-01 5.142086561549282786e-01 0.000000000000000000e+00 -1.275978455562256642e-01 -3.798761896239474800e-02 4.499307622764176645e-02 1.356760228436482418e-01 -2.741884940478590549e-01 -3.926657913646788289e-01 0.000000000000000000e+00 0.000000000000000000e+00 0.000000000000000000e+00 0.000000000000000000e+00 0.000000000000000000e+00 0.000000000000000000e+00
1.199999999999999956e+00 2.010818494419324559e-02 4.508460977849224061e-01 5.290457172708884492e-01 0.000000000000000000e+00 -8.215579942868955765e-02 -4.812609805712465133e-02 9.163714434715556842e-03 1.027335166288550899e-01 -2.833182412865953292e-01 -3.978051926936011506e-01 0.000000000000000000e+00 0.000000000000000000e+00 0.000000000000000000e+00 0.000000000000000000e+00 0.000000000000000000e+00 0.000000000000000000e+00
1.300000000000000044e+00 9.278588683518688637e-03 4.520892872697345188e-01 5.386321240467455418e-01 0.000000000000000000e+00 -4.572722271315914772e-02 -4.586689032029180046e-02 -1.109342691163302773e-02 6.981892140240571198e-02 -2.904649955090765623e-01 -3.989234255382309025e-01 0.000000000000000000e+00 0.000000000000000000e+00 0.000000000000000000e+00 0.000000000000000000e+00 0.000000000000000000e+00 0.000000000000000000e+00
1.399999999999999911e+00 3.845167571681111767e-03 4.515789956147033268e-01 5.445758368136178751e-01 0.000000000000000000e+00 -2.044259062749417474e-02 -3.631111918820446871e-02 -1.855368619021382712e-02 4.182996594005969349e-02 -2.963739448041079472e-01 -3.975946356074538390e-01 0.000000000000000000e+00 0.000000000000000000e+00 0.000000000000000000e+00 0.000000000000000000e+00 0.000000000000000000e+00 0.000000000000000000e+00
1.500000000000000000e+00 1.399360683085488881e-03 4.504986414943872308e-01 5.481019978225261102e-01 0.000000000000000000e+00 -5.727709470363329114e-03 -2.444592821609450906e-02 -1.759972662001218699e-02 2.138321723321582463e-02 -3.015137513353191023e-01 -3.949793199315231318e-01 0.000000000000000000e+00 0.000000000000000000e+00 0.000000000000000000e+00 0.000000000000000000e+00 0.000000000000000000e+00 0.000000000000000000e+00
1.599999999999999867e+00 4.316874953227932410e-04 4.494980984923886425e-01 5.500702140122926131e-01 0.000000000000000000e+00 8.479394755623936375e-04 -1.390408900554255048e-02 -1.269804464820240182e-02 8.730296439449676538e-03 -3.061334972894682038e-01 -3.918389938117152749e-01 0.000000000000000000e+00 0.000000000000000000e+00 0.000000000000000000e+00 0.000000000000000000e+00 0.000000000000000000e+00 0.000000000000000000e+00
1.699999999999999956e+00 1.057928024978042853e-04 4.488441338815383763e-01 5.510500733159623410e-01 0.000000000000000000e+00 2.407611427197653593e-03 -6.456613684139028350e-03 -7.254940998826136904e-03 2.379691382510314406e-03 -3.103410037153480627e-01 -3.886181342829926333e-01 0.000000000000000000e+00 0.000000000000000000e+00 0.000000000000000000e+00 0.000000000000000000e+00 0.000000000000000000e+00 0.000000000000000000e+00
1.800000000000000044e+00 1.793143759776289788e-05 4.485734027682236613e-01 5.514086657941789094e-01 0.000000000000000000e+00 1.711379775650779351e-03 -2.261578051560089730e-03 -3.142411206854954942e-03 1.130914436112756755e-04 -3.141762082343446116e-01 -3.855393257628425552e-01 0.000000000000000000e+00 0.000000000000000000e+00 0.000000000000000000e+00 0.000000000000000000e+00 0.000000000000000000e+00 0.000000000000000000e+00
1.899999999999999911e+00 1.337395665219765818e-06 4.486137405274240875e-01 5.513849220769122539e-01 0.000000000000000000e+00 5.992631071653660435e-04 -4.907526696961758000e-04 -8.429682658743752879e-04 -1.637077117695019224e-04 -3.176574283174434243e-01 -3.826912732166052322e-01 0.000000000000000000e+00 0.000000000000000000e+00 0.000000000000000000e+00 0.000000000000000000e+00 0.000000000000000000e+00 0.000000000000000000e+00
2.000000000000000000e+00 2.491896749850008752e-08 4.488660611041321302e-01 5.511339139768982598e-01 0.000000000000000000e+00 -9.487727175960095397e-05 -4.657033335642625385e-05 2.837455809612390379e-05 1.136240257677187778e-04 -3.208069514788736143e-01 -3.800897380737379705e-01 0.000000000000000000e+00 0.000000000000000000e+00 0.000000000000000000e+00 0.000000000000000000e+00 0.000000000000000000e+00 0.000000000000000000e+00
2.099999999999999645e+00 1.894589859503126815e-07 4.492393362986650263e-01 5.507604742423466426e-01 0.000000000000000000e+00 -2.842847965378761214e-04 -6.535367748880329427e-05 1.498659350920880466e-04 2.861082599730114672e-04 -3.236571609158550578e-01 -3.777159145363835901e-01 0.000000000000000000e+00 0.000000000000000000e+00 0.000000000000000000e+00 0.000000000000000000e+00 0.000000000000000000e+00 0.000000000000000000e+00
2.199999999999999734e+00 1.050007834405447032e-07 4.496681386080589871e-01 5.503317563911599430e-01 0.000000000000000000e+00 -1.919534757833637670e-04 -1.017259664078300826e-04 5.431188381500412873e-05 2.341143869853194693e-04 -3.262475663588342290e-01 -3.755385225994468668e-01 0.000000000000000000e+00 0.000000000000000000e+00 0.000000000000000000e+00 0.000000000000000000e+00 0.000000000000000000e+00 0.000000000000000000e+00
2.299999999999999822e+00 1.500419152162245792e-08 4.501118233611915986e-01 5.498881616346151802e-01 0.000000000000000000e+00 -6.181361476476978387e-05 -5.403402056508936331e-05 2.888058801986471067e-07 9.074527059198860750e-05 -3.286182705821262817e-01 -3.735253610077751141e-01 0.000000000000000000e+00 0.000000000000000000e+00 0.000000000000000000e+00 0.000000000000000000e+00 0.000000000000000000e+00 0.000000000000000000e+00
2.399999999999999911e+00 1.168542157748549912e-09 4.505476292455159459e-01 5.494523695859430124e-01 0.000000000000000000e+00 -5.107424803688520773e-06 2.185266193245711952e-05 2.177582132722396220e-05 -1.183189681537630555e-05 -3.308059435908828894e-01 -3.716475348807585233e-01 0.000000000000000000e+00 0.000000000000000000e+00 0.000000000000000000e+00 0.000000000000000000e+00 0.000000000000000000e+00 0.000000000000000000e+00
2.500000000000000000e+00 8.001091159816071348e-09 4.509680061782608829e-01 5.490319858206464954e-01 0.000000000000000000e+00 -7.573035000501262316e-06 5.933326991540303962e-05 5.425417607603955788e-05 -3.758015525860478989e-05 -3.328414297125349419e-01 -3.698816603157570881e-01 0.000000000000000000e+00 0.000000000000000000e+00 0.000000000000000000e+00 0.000000000000000000e+00 0.000000000000000000e+00 0.000000000000000000e+00
2.600000000000000089e+00 6.873599649609151180e-09 4.513710547684419705e-01 5.486289383579586731e-01 0.000000000000000000e+00 -2.085320025948916563e-05 5.141140669287928345e-05 5.740459779311919279e-05 -2.111685259763244402e-05 -3.347483880151848612e-01 -3.682101835935304157e-01 0.000000000000000000e+00 0.000000000000000000e+00 0.000000000000000000e+00 0.000000000000000000e+00 0.000000000000000000e+00 0.000000000000000000e+00
2.699999999999999734e+00 1.896226448481367824e-09 4.517585424939295491e-01 5.482414556098430536e-01 0.000000000000000000e+00 -1.727268845461721816e-05 2.300115676779126566e-05 3.153391179827343111e-05 -3.117581764942331712e-06 -3.365441930822684613e-01 -3.666207400314189235e-01 0.000000000000000000e+00 0.000000000000000000e+00 0.000000000000000000e+00 0.000000000000000000e+00 0.000000000000000000e+00 0.000000000000000000e+00
2.799999999999999822e+00 1.657492842281327906e-10 4.521326996461254577e-01 5.478673001881263493e-01 0.000000000000000000e+00 3.003379332528111811e-06 4.224740337633628577e-06 1.164710888071814997e-06 -5.585863593880624291e-06 -3.382419257313867278e-01 -3.651042606654934519e-01 0.000000000000000000e+00 0.000000000000000000e+00 0.000000000000000000e+00 0.000000000000000000e+00 0.000000000000000000e+00 0.000000000000000000e+00
2.899999999999999911e+00 7.539146449857289084e-10 4.524951510358685147e-01 5.475048482102132796e-01 0.000000000000000000e+00 1.726883313720789913e-05 2.752069897509481685e-06 -1.075819521867683352e-05 -1.594533593354043269e-05 -3.398515222060189966e-01 -3.636540001644589792e-01 0.000000000000000000e+00 0.000000000000000000e+00 0.000000000000000000e+00 0.000000000000000000e+00 0.000000000000000000e+00 0.000000000000000000e+00
3.000000000000000000e+00 9.774637284744145871e-10 4.528466807901676550e-01 5.471533182323727873e-01 0.000000000000000000e+00 1.816135333692879154e-05 8.357626758633279214e-06 -7.005132973682371575e-06 -2.082905141625530348e-05 -3.413805170059283078e-01 -3.622649674630569194e-01 0.000000000000000000e+00 0.000000000000000000e+00 0.000000000000000000e+00 0.000000000000000000e+00 0.000000000000000000e+00 0.000000000000000000e+00
