1.000000000000000056e-01 9.755302562916366993e-01 1.223372330603466479e-02 1.223602040232893255e-02 0.000000000000000000e+00 -6.019115011097680989e-02 9.116683983838798355e-02 1.092547850775000273e-01 -7.900354472538946533e-06 -6.741863077450998588e-03 -1.020976837219155463e-02 0.000000000000000000e+00 0.000000000000000000e+00 0.000000000000000000e+00 0.000000000000000000e+00 0.000000000000000000e+00 0.000000000000000000e+00
2.000000000000000111e-01 9.045170801409125882e-01 4.773694744844345778e-02 4.774597241064406500e-02 0.000000000000000000e+00 -1.144256979934334673e-01 1.734521373702364311e-01 2.078149264631948823e-01 -6.237898169378448192e-05 -2.630153515573563361e-02 -3.984314526106273735e-02 0.000000000000000000e+00 0.000000000000000000e+00 0.000000000000000000e+00 0.000000000000000000e+00 0.000000000000000000e+00 0.000000000000000000e+00
2.999999999999999889e-01 7.939111524386797125e-01 1.030345708804010357e-01 1.030542766809186966e-01 0.000000000000000000e+00 -1.573354864920861740e-01 2.388427089333448605e-01 2.860347831105894412e-01 -2.059757068207752819e-04 -5.674768191007235202e-02 -8.601077707498870628e-02 0.000000000000000000e+00 0.000000000000000000e+00 0.000000000000000000e+00 0.000000000000000000e+00 0.000000000000000000e+00 0.000000000000000000e+00
4.000000000000000222e-01 6.545393633622867968e-01 1.727135277901537536e-01 1.727471088475588945e-01 0.000000000000000000e+00 -1.846682307040738158e-01 2.809723244867017300e-01 3.362581723712791404e-01 -4.734937150217688050e-04 -9.507333530239016339e-02 -1.442110380626224209e-01 0.000000000000000000e+00 0.000000000000000000e+00 0.000000000000000000e+00 0.000000000000000000e+00 0.000000000000000000e+00 0.000000000000000000e+00
5.000000000000000000e-01 5.000442782860051727e-01 2.499530276493980296e-01 2.500026940645949658e-01 0.000000000000000000e+00 -1.937082847600734847e-01 2.957442843649050190e-01 3.535698325288810229e-01 -8.889608739429792367e-04 -1.374924459372230956e-01 -2.087696280884009659e-01 0.000000000000000000e+00 0.000000000000000000e+00 0.000000000000000000e+00 0.000000000000000000e+00 0.000000000000000000e+00 0.000000000000000000e+00
5.999999999999999778e-01 3.455454238437139503e-01 3.271938773770122211e-01 3.272606987792744393e-01 0.000000000000000000e+00 -1.835446646471112220e-01 2.817298406703418467e-01 3.362756235659671300e-01 -1.463512782805662452e-03 -1.798140200611484940e-01 -2.733946143144391216e-01 0.000000000000000000e+00 0.000000000000000000e+00 0.000000000000000000e+00 0.000000000000000000e+00 0.000000000000000000e+00 0.000000000000000000e+00
6.999999999999999556e-01 2.061701626426063194e-01 3.968730052725484292e-01 3.969568320848453902e-01 0.000000000000000000e+00 -1.551628292076073223e-01 2.403078619542901584e-01 2.860696414885822159e-01 -2.194285972212778411e-03 -2.178524695157198765e-01 -3.317857025836264406e-01 0.000000000000000000e+00 0.000000000000000000e+00 0.000000000000000000e+00 0.000000000000000000e+00 0.000000000000000000e+00 0.000000000000000000e+00
7.999999999999999334e-01 9.555688639992922229e-02 4.521718195127236717e-01 4.522712940873468423e-01 0.000000000000000000e+00 -1.113476134476105300e-01 1.755273202380182862e-01 2.078659294749305997e-01 -3.064639397894728962e-03 -2.478450691236295245e-01 -3.782554106313892328e-01 0.000000000000000000e+00 0.000000000000000000e+00 0.000000000000000000e+00 0.000000000000000000e+00 0.000000000000000000e+00 0.000000000000000000e+00
8.999999999999999112e-01 2.453381002078555695e-02 4.876767727319409884e-01 4.877894172472730938e-01 0.000000000000000000e+00 -5.641216235846590460e-02 9.371359109888642569e-02 1.093204837464561568e-01 -4.045324612482321253e-03 -2.668198217040980147e-01 -4.082777872009503151e-01 0.000000000000000000e+00 0.000000000000000000e+00 0.000000000000000000e+00 0.000000000000000000e+00 0.000000000000000000e+00 0.000000000000000000e+00
9.999999999999998890e-01 5.196314485572465483e-05 4.999128293243659260e-01 5.000352075307777922e-01 0.000000000000000000e+00 4.226803764060868725e-03 2.848011954300578782e-03 7.934401242695881293e-05 -5.096774069273922632e-03 -2.728915322700423141e-01 -4.189322462806092107e-01 0.000000000000000000e+00 0.000000000000000000e+00 0.000000000000000000e+00 0.000000000000000000e+00 0.000000000000000000e+00 0.000000000000000000e+00
1.099999999999999867e+00 2.450607016270522215e-02 4.876829935961775053e-01 4.878109362411175987e-01 0.000000000000000000e+00 6.457910489034700274e-02 -8.820846257407172208e-02 -1.091614973973674269e-01 -6.172237486362022393e-03 -2.654488528206498388e-01 -4.091870039860985853e-01 0.000000000000000000e+00 0.000000000000000000e+00 0.000000000000000000e+00 0.000000000000000000e+00 0.000000000000000000e+00 0.000000000000000000e+00
1.199999999999999956e+00 9.550153346202180926e-02 4.521847982578932612e-01 4.523136682800856789e-01 0.000000000000000000e+00 1.186754925850723175e-01 -1.705885960512689148e-01 -2.077125408519958638e-01 -7.221447267987871239e-03 -2.452158693425131042e-01 -3.799980819201728699e-01 0.000000000000000000e+00 0.000000000000000000e+00 0.000000000000000000e+00 0.000000000000000000e+00 0.000000000000000000e+00 0.000000000000000000e+00
1.300000000000000044e+00 2.060885184192965125e-01 3.968932516405394018e-01 3.970182299401628367e-01 0.000000000000000000e+00 1.611493201152356392e-01 -2.362753449700130126e-01 -2.859261280368309843e-01 -8.194383008761680146e-03 -2.141830651578334466e-01 -3.342147076969191888e-01 0.000000000000000000e+00 0.000000000000000000e+00 0.000000000000000000e+00 0.000000000000000000e+00 0.000000000000000000e+00 0.000000000000000000e+00
1.399999999999999911e+00 3.454391356311263817e-01 3.272222438929351940e-01 3.273386204759378137e-01 0.000000000000000000e+00 1.877682151663469801e-01 -2.788879102770221996e-01 -3.361454392838025829e-01 -9.045098143555944589e-03 -1.754140002770400719e-01 -2.763012964350632372e-01 0.000000000000000000e+00 0.000000000000000000e+00 0.000000000000000000e+00 0.000000000000000000e+00 0.000000000000000000e+00 0.000000000000000000e+00
1.500000000000000000e+00 4.999129635023056295e-01 2.499917982816199369e-01 2.500952382160713805e-01 0.000000000000000000e+00 1.958532883291929372e-01 -2.943053348319816243e-01 -3.534559108696567198e-01 -9.735024162863226485e-03 -1.327439729771033305e-01 -2.118980792303141736e-01 0.000000000000000000e+00 0.000000000000000000e+00 0.000000000000000000e+00 0.000000000000000000e+00 0.000000000000000000e+00 0.000000000000000000e+00
1.599999999999999867e+00 6.543877168678047251e-01 1.727627536701993871e-01 1.728495294619936395e-01 0.000000000000000000e+00 1.845435506872988296e-01 -2.810649423857612961e-01 -3.361634150445418912e-01 -1.023559165925596627e-02 -9.040500413048307982e-02 -1.472715040613431503e-01 0.000000000000000000e+00 0.000000000000000000e+00 0.000000000000000000e+00 0.000000000000000000e+00 0.000000000000000000e+00 0.000000000000000000e+00
1.699999999999999956e+00 7.937405419529671713e-01 1.030961424514139080e-01 1.031633155956144660e-01 0.000000000000000000e+00 1.548844473329237803e-01 -2.405044604327033209e-01 -2.859615769908424032e-01 -1.053005445198655285e-02 -5.260973051700144898e-02 -8.870150018494409039e-02 0.000000000000000000e+00 0.000000000000000000e+00 0.000000000000000000e+00 0.000000000000000000e+00 0.000000000000000000e+00 0.000000000000000000e+00
1.800000000000000044e+00 9.043284294280636848e-01 4.781301545670653408e-02 4.785855511523090522e-02 0.000000000000000000e+00 1.097290092767010672e-01 -1.766301608224627728e-01 -2.077671585441891178e-01 -1.061413338316095911e-02 -2.313684684940831016e-02 -4.186822367051492438e-02 0.000000000000000000e+00 0.000000000000000000e+00 0.000000000000000000e+00 0.000000000000000000e+00 0.000000000000000000e+00 0.000000000000000000e+00
1.899999999999999911e+00 9.753303175959555649e-01 1.232342421345706922e-02 1.234625819058921513e-02 0.000000000000000000e+00 5.345662524267073140e-02 -9.571728520365013759e-02 -1.092314980901851196e-01 -1.049571171602668197e-02 -4.956809018167547716e-03 -1.129505296699102705e-02 0.000000000000000000e+00 0.000000000000000000e+00 0.000000000000000000e+00 0.000000000000000000e+00 0.000000000000000000e+00 0.000000000000000000e+00
2.000000000000000000e+00 9.997921484100398271e-01 1.039211598548178965e-04 1.039304301053012850e-04 0.000000000000000000e+00 -8.447914963463431376e-03 -5.703711177382439663e-03 -2.406802497293307641e-06 -1.019356910564215776e-02 5.817360898793558043e-05 8.611860453909009761e-05 0.000000000000000000e+00 0.000000000000000000e+00 0.000000000000000000e+00 0.000000000000000000e+00 0.000000000000000000e+00 0.000000000000000000e+00
2.099999999999999645e+00 9.753196936971826325e-01 1.235117880071851318e-02 1.232912750209897747e-02 0.000000000000000000e+00 -6.993349379417335143e-02 8.459110106925332717e-02 1.092248413799099260e-01 -9.735239811443099911e-03 -8.676118686043681957e-03 -8.775205000591335472e-03 0.000000000000000000e+00 0.000000000000000000e+00 0.000000000000000000e+00 0.000000000000000000e+00 0.000000000000000000e+00 0.000000000000000000e+00
2.199999999999999734e+00 9.043083413649064539e-01 4.786711884330467626e-02 4.782453979178828002e-02 0.000000000000000000e+00 -1.249783800484202956e-01 1.663341192932789314e-01 2.077602662232178043e-01 -9.154338215360177319e-03 -3.039695545772479190e-02 -3.694926289858540408e-02 0.000000000000000000e+00 0.000000000000000000e+00 0.000000000000000000e+00 0.000000000000000000e+00 0.000000000000000000e+00 0.000000000000000000e+00
2.299999999999999822e+00 7.937097013452476535e-01 1.031756262926406126e-01 1.031146723621128719e-01 0.000000000000000000e+00 -1.681754488042463136e-01 2.315351246848471323e-01 2.859564279187983282e-01 -8.487470135611846836e-03 -6.306587656666103048e-02 -8.161872403954076316e-02 0.000000000000000000e+00 0.000000000000000000e+00 0.000000000000000000e+00 0.000000000000000000e+00 0.000000000000000000e+00 0.000000000000000000e+00
2.399999999999999911e+00 6.543499877522973573e-01 1.728633679858395389e-01 1.727866442618623266e-01 0.000000000000000000e+00 -1.952662404524830309e-01 2.738324996561211089e-01 3.361585153143131777e-01 -7.771160932019153741e-03 -1.035659926349095233e-01 -1.383566638780868718e-01 0.000000000000000000e+00 0.000000000000000000e+00 0.000000000000000000e+00 0.000000000000000000e+00 0.000000000000000000e+00 0.000000000000000000e+00
2.500000000000000000e+00 4.998702763597321908e-01 2.501096651779822211e-01 2.500200584622842559e-01 0.000000000000000000e+00 -2.035586555607137027e-01 2.891128866789667295e-01 3.534516199211015230e-01 -7.039043899219577308e-03 -1.480048291347539069e-01 -2.015614141220187228e-01 0.000000000000000000e+00 0.000000000000000000e+00 0.000000000000000000e+00 0.000000000000000000e+00 0.000000000000000000e+00 0.000000000000000000e+00
2.600000000000000089e+00 3.453964635293496066e-01 3.273515090739402278e-01 3.272520273967108873e-01 0.000000000000000000e+00 -1.921932606296793966e-01 2.759126746722537771e-01 3.361424650176744744e-01 -6.319499083382050519e-03 -1.920921414847080733e-01 -2.650038758129763528e-01 0.000000000000000000e+00 0.000000000000000000e+00 0.000000000000000000e+00 0.000000000000000000e+00 0.000000000000000000e+00 0.000000000000000000e+00
2.699999999999999734e+00 2.060465783800067008e-01 3.970298937541262285e-01 3.969235278658693744e-01 0.000000000000000000e+00 -1.622295677232060973e-01 2.355593732094906634e-01 2.859248030180411293e-01 -5.633972163066991445e-03 -2.315621672837437361e-01 -3.224429698105072406e-01 0.000000000000000000e+00 0.000000000000000000e+00 0.000000000000000000e+00 0.000000000000000000e+00 0.000000000000000000e+00 0.000000000000000000e+00
2.799999999999999822e+00 9.546542300422408700e-02 4.523224795118904185e-01 4.522120974838863550e-01 0.000000000000000000e+00 -1.165459143757719279e-01 1.720412928556141752e-01 2.077153269317588147e-01 -4.996188135150688749e-03 -2.625864184158696601e-01 -3.682310009528614314e-01 0.000000000000000000e+00 0.000000000000000000e+00 0.000000000000000000e+00 0.000000000000000000e+00 0.000000000000000000e+00 0.000000000000000000e+00
2.899999999999999911e+00 2.447618404238884743e-02 4.878177703890780315e-01 4.877060455685328089e-01 0.000000000000000000e+00 -5.955760504094229774e-02 9.161227698062045233e-02 1.091682940379387901e-01 -4.412096023535394020e-03 -2.821519989357607061e-01 -3.978717447258009465e-01 0.000000000000000000e+00 0.000000000000000000e+00 0.000000000000000000e+00 0.000000000000000000e+00 0.000000000000000000e+00 0.000000000000000000e+00
3.000000000000000000e+00 3.013392499904943048e-05 5.000402447762021252e-01 4.999296212987981436e-01 0.000000000000000000e+00 3.210438687246988838e-03 2.182028797815649401e-03 -6.895435123039706567e-05 -3.880731624843584970e-03 -2.883543078778748603e-01 -4.084565133934063841e-01 0.000000000000000000e+00 0.000000000000000000e+00 0.000000000000000000e+00 0.000000000000000000e+00 0.000000000000000000e+00 0.000000000000000000e+00
