1.000000000000000056e-01 9.999999999999994449e-01 0.000000000000000000e+00 1.815756265644504662e-16 0.000000000000000000e+00 0.000000000000000000e+00 0.000000000000000000e+00 -5.016080406489748929e-09 -1.262765249726737317e-08 0.000000000000000000e+00 0.000000000000000000e+00 0.000000000000000000e+00 0.000000000000000000e+00 0.000000000000000000e+00 0.000000000000000000e+00 0.000000000000000000e+00 0.000000000000000000e+00
2.000000000000000111e-01 9.999999999999891198e-01 0.000000000000000000e+00 1.105369393725300177e-14 0.000000000000000000e+00 0.000000000000000000e+00 0.000000000000000000e+00 -3.571675825230384822e-08 -9.894927530696603691e-08 0.000000000000000000e+00 0.000000000000000000e+00 0.000000000000000000e+00 0.000000000000000000e+00 0.000000000000000000e+00 0.000000000000000000e+00 0.000000000000000000e+00 0.000000000000000000e+00
2.999999999999999889e-01 9.999999999998816502e-01 0.000000000000000000e+00 1.164287667854290672e-13 0.000000000000000000e+00 0.000000000000000000e+00 0.000000000000000000e+00 -1.124360746970128034e-07 -3.222045497858464081e-07 0.000000000000000000e+00 0.000000000000000000e+00 0.000000000000000000e+00 0.000000000000000000e+00 0.000000000000000000e+00 0.000000000000000000e+00 0.000000000000000000e+00 0.000000000000000000e+00
4.000000000000000222e-01 9.999999999994134692e-01 0.000000000000000000e+00 5.866135774107684233e-13 0.000000000000000000e+00 0.000000000000000000e+00 0.000000000000000000e+00 -2.456138255421619588e-07 -7.254898074303359968e-07 0.000000000000000000e+00 0.000000000000000000e+00 0.000000000000000000e+00 0.000000000000000000e+00 0.000000000000000000e+00 0.000000000000000000e+00 0.000000000000000000e+00 0.000000000000000000e+00
5.000000000000000000e-01 9.999999999980657694e-01 0.000000000000000000e+00 1.936711960888038300e-12 0.000000000000000000e+00 0.000000000000000000e+00 0.000000000000000000e+00 -4.325181409463803171e-07 -1.322766559714443059e-06 0.000000000000000000e+00 0.000000000000000000e+00 0.000000000000000000e+00 0.000000000000000000e+00 0.000000000000000000e+00 0.000000000000000000e+00 0.000000000000000000e+00 0.000000000000000000e+00
5.999999999999999778e-01 9.999999999952015051e-01 0.000000000000000000e+00 4.803983831221291303e-12 0.000000000000000000e+00 0.000000000000000000e+00 0.000000000000000000e+00 -6.558920382128876097e-07 -2.091387183554129577e-06 0.000000000000000000e+00 0.000000000000000000e+00 0.000000000000000000e+00 0.000000000000000000e+00 0.000000000000000000e+00 0.000000000000000000e+00 0.000000000000000000e+00 0.000000000000000000e+00
6.999999999999999556e-01 9.999999999904171100e-01 0.000000000000000000e+00 9.583303197399492383e-12 0.000000000000000000e+00 0.000000000000000000e+00 0.000000000000000000e+00 -8.848667054938098523e-07 -2.966556554829198513e-06 0.000000000000000000e+00 0.000000000000000000e+00 0.000000000000000000e+00 0.000000000000000000e+00 0.000000000000000000e+00 0.000000000000000000e+00 0.000000000000000000e+00 0.000000000000000000e+00
7.999999999999999334e-01 9.999999999841097109e-01 0.000000000000000000e+00 1.589449365380737720e-11 0.000000000000000000e+00 0.000000000000000000e+00 0.000000000000000000e+00 -1.078328141767255600e-06 -3.838217447023529964e-06 0.000000000000000000e+00 0.000000000000000000e+00 0.000000000000000000e+00 0.000000000000000000e+00 0.000000000000000000e+00 0.000000000000000000e+00 0.000000000000000000e+00 0.000000000000000000e+00
8.999999999999999112e-01 9.999999999778713677e-01 0.000000000000000000e+00 2.212746498709982347e-11 0.000000000000000000e+00 0.000000000000000000e+00 0.000000000000000000e+00 -1.190672860028172427e-06 -4.550826479113684242e-06 0.000000000000000000e+00 0.000000000000000000e+00 0.000000000000000000e+00 0.000000000000000000e+00 0.000000000000000000e+00 0.000000000000000000e+00 0.000000000000000000e+00 0.000000000000000000e+00
9.999999999999998890e-01 9.999999999745364798e-01 0.000000000000000000e+00 2.546427358623804121e-11 0.000000000000000000e+00 0.000000000000000000e+00 0.000000000000000000e+00 -1.179649608222421600e-06 -4.906423272344248458e-06 0.000000000000000000e+00 0.000000000000000000e+00 0.000000000000000000e+00 0.000000000000000000e+00 0.000000000000000000e+00 0.000000000000000000e+00 0.000000000000000000e+00 0.000000000000000000e+00
1.099999999999999867e+00 9.999999999771469472e-01 0.000000000000000000e+00 2.285247057186097821e-11 0.000000000000000000e+00 0.000000000000000000e+00 0.000000000000000000e+00 -1.015729079417842198e-06 -4.671308970239400092e-06 0.000000000000000000e+00 0.000000000000000000e+00 0.000000000000000000e+00 0.000000000000000000e+00 0.000000000000000000e+00 0.000000000000000000e+00 0.000000000000000000e+00 0.000000000000000000e+00
1.199999999999999956e+00 9.999999999866592271e-01 0.000000000000000000e+00 1.334167302536378637e-11 0.000000000000000000e+00 0.000000000000000000e+00 0.000000000000000000e+00 -6.922013331109833215e-07 -3.586498308946991402e-06 0.000000000000000000e+00 0.000000000000000000e+00 0.000000000000000000e+00 0.000000000000000000e+00 0.000000000000000000e+00 0.000000000000000000e+00 0.000000000000000000e+00 0.000000000000000000e+00
1.300000000000000044e+00 9.999999999980323517e-01 0.000000000000000000e+00 1.964357866155762583e-12 0.000000000000000000e+00 0.000000000000000000e+00 0.000000000000000000e+00 -2.350027192107863358e-07 -1.381920638848575355e-06 0.000000000000000000e+00 0.000000000000000000e+00 0.000000000000000000e+00 0.000000000000000000e+00 0.000000000000000000e+00 0.000000000000000000e+00 0.000000000000000000e+00 0.000000000000000000e+00
1.399999999999999911e+00 9.999999999950532903e-01 0.000000000000000000e+00 4.948691496832373688e-12 0.000000000000000000e+00 0.000000000000000000e+00 0.000000000000000000e+00 2.888727838943624507e-07 2.205885926187726542e-06 0.000000000000000000e+00 0.000000000000000000e+00 0.000000000000000000e+00 0.000000000000000000e+00 0.000000000000000000e+00 0.000000000000000000e+00 0.000000000000000000e+00 0.000000000000000000e+00
1.500000000000000000e+00 9.999999999444623144e-01 0.000000000000000000e+00 5.554013111544891401e-11 0.000000000000000000e+00 0.000000000000000000e+00 0.000000000000000000e+00 7.656058838723041545e-07 7.413145989835608246e-06 0.000000000000000000e+00 0.000000000000000000e+00 0.000000000000000000e+00 0.000000000000000000e+00 0.000000000000000000e+00 0.000000000000000000e+00 0.000000000000000000e+00 0.000000000000000000e+00
1.599999999999999867e+00 9.999999997908227689e-01 0.000000000000000000e+00 2.091786726655085278e-10 0.000000000000000000e+00 0.000000000000000000e+00 0.000000000000000000e+00 1.032629089927906628e-06 1.442612485377830732e-05 0.000000000000000000e+00 0.000000000000000000e+00 0.000000000000000000e+00 0.000000000000000000e+00 0.000000000000000000e+00 0.000000000000000000e+00 0.000000000000000000e+00 0.000000000000000000e+00
1.699999999999999956e+00 9.999999994536503678e-01 0.000000000000000000e+00 5.463489145074509676e-10 0.000000000000000000e+00 0.000000000000000000e+00 0.000000000000000000e+00 8.816392182353686657e-07 2.335749693622059733e-05 0.000000000000000000e+00 0.000000000000000000e+00 0.000000000000000000e+00 0.000000000000000000e+00 0.000000000000000000e+00 0.000000000000000000e+00 0.000000000000000000e+00 0.000000000000000000e+00
1.800000000000000044e+00 9.999999988287648911e-01 0.000000000000000000e+00 1.171235900409947110e-09 0.000000000000000000e+00 0.000000000000000000e+00 0.000000000000000000e+00 6.739717740025727788e-08 3.422327361257077250e-05 0.000000000000000000e+00 0.000000000000000000e+00 0.000000000000000000e+00 0.000000000000000000e+00 0.000000000000000000e+00 0.000000000000000000e+00 0.000000000000000000e+00 0.000000000000000000e+00
1.899999999999999911e+00 9.999999977955097430e-01 0.000000000000000000e+00 2.204488974991047619e-09 0.000000000000000000e+00 0.000000000000000000e+00 0.000000000000000000e+00 -1.677176494641206775e-06 4.692203491819266833e-05 0.000000000000000000e+00 0.000000000000000000e+00 0.000000000000000000e+00 0.000000000000000000e+00 0.000000000000000000e+00 0.000000000000000000e+00 0.000000000000000000e+00 0.000000000000000000e+00
2.000000000000000000e+00 9.999999962309721324e-01 0.000000000000000000e+00 3.769028546431597136e-09 0.000000000000000000e+00 0.000000000000000000e+00 0.000000000000000000e+00 -4.619551662908023538e-06 6.121837637079978326e-05 0.000000000000000000e+00 0.000000000000000000e+00 0.000000000000000000e+00 0.000000000000000000e+00 0.000000000000000000e+00 0.000000000000000000e+00 0.000000000000000000e+00 0.000000000000000000e+00
2.099999999999999645e+00 9.999999940311111724e-01 0.000000000000000000e+00 5.968891179851037940e-09 0.000000000000000000e+00 0.000000000000000000e+00 0.000000000000000000e+00 -9.000268874479464267e-06 7.673257315036834895e-05 0.000000000000000000e+00 0.000000000000000000e+00 0.000000000000000000e+00 0.000000000000000000e+00 0.000000000000000000e+00 0.000000000000000000e+00 0.000000000000000000e+00 0.000000000000000000e+00
2.199999999999999734e+00 9.999999911374319872e-01 0.000000000000000000e+00 8.862566658386006370e-09 0.000000000000000000e+00 0.000000000000000000e+00 0.000000000000000000e+00 -1.500082853029102820e-05 9.293838486340274055e-05 0.000000000000000000e+00 0.000000000000000000e+00 0.000000000000000000e+00 0.000000000000000000e+00 0.000000000000000000e+00 0.000000000000000000e+00 0.000000000000000000e+00 0.000000000000000000e+00
2.299999999999999822e+00 9.999999875660801063e-01 0.000000000000000000e+00 1.243392017443919436e-08 0.000000000000000000e+00 0.000000000000000000e+00 0.000000000000000000e+00 -2.270849748092614381e-05 1.091707189973458868e-04 0.000000000000000000e+00 0.000000000000000000e+00 0.000000000000000000e+00 0.000000000000000000e+00 0.000000000000000000e+00 0.000000000000000000e+00 0.000000000000000000e+00 0.000000000000000000e+00
2.399999999999999911e+00 9.999999834346149363e-01 0.000000000000000000e+00 1.656538475547672892e-08 0.000000000000000000e+00 0.000000000000000000e+00 0.000000000000000000e+00 -3.208033665489861758e-05 1.246444478114765479e-04 0.000000000000000000e+00 0.000000000000000000e+00 0.000000000000000000e+00 0.000000000000000000e+00 0.000000000000000000e+00 0.000000000000000000e+00 0.000000000000000000e+00 0.000000000000000000e+00
2.500000000000000000e+00 9.999999789806710560e-01 0.000000000000000000e+00 2.101933074748251869e-08 0.000000000000000000e+00 0.000000000000000000e+00 0.000000000000000000e+00 -4.290927612096918686e-05 1.384851124614932833e-04 0.000000000000000000e+00 0.000000000000000000e+00 0.000000000000000000e+00 0.000000000000000000e+00 0.000000000000000000e+00 0.000000000000000000e+00 0.000000000000000000e+00 0.000000000000000000e+00
2.600000000000000089e+00 9.999999745659604589e-01 0.000000000000000000e+00 2.543403802251361314e-08 0.000000000000000000e+00 0.000000000000000000e+00 0.000000000000000000e+00 -5.479546363702908463e-05 1.497714815544501376e-04 0.000000000000000000e+00 0.000000000000000000e+00 0.000000000000000000e+00 0.000000000000000000e+00 0.000000000000000000e+00 0.000000000000000000e+00 0.000000000000000000e+00 0.000000000000000000e+00
2.699999999999999734e+00 9.999999706597546556e-01 0.000000000000000000e+00 2.934024712658402089e-08 0.000000000000000000e+00 0.000000000000000000e+00 0.000000000000000000e+00 -6.712630375142676934e-05 1.575890474065078084e-04 0.000000000000000000e+00 0.000000000000000000e+00 0.000000000000000000e+00 0.000000000000000000e+00 0.000000000000000000e+00 0.000000000000000000e+00 0.000000000000000000e+00 0.000000000000000000e+00
2.799999999999999822e+00 9.999999677973517853e-01 0.000000000000000000e+00 3.220264959495950020e-08 0.000000000000000000e+00 0.000000000000000000e+00 0.000000000000000000e+00 -7.906858311600430361e-05 1.610925509912635692e-04 0.000000000000000000e+00 0.000000000000000000e+00 0.000000000000000000e+00 0.000000000000000000e+00 0.000000000000000000e+00 0.000000000000000000e+00 0.000000000000000000e+00 0.000000000000000000e+00
2.899999999999999911e+00 9.999999665121338532e-01 0.000000000000000000e+00 3.348786703367684128e-08 0.000000000000000000e+00 0.000000000000000000e+00 0.000000000000000000e+00 -8.957575170944146055e-05 1.595746007041802463e-04 0.000000000000000000e+00 0.000000000000000000e+00 0.000000000000000000e+00 0.000000000000000000e+00 0.000000000000000000e+00 0.000000000000000000e+00 0.000000000000000000e+00 0.000000000000000000e+00
3.000000000000000000e+00 9.999999672433705911e-01 0.000000000000000000e+00 3.275663003121586530e-08 0.000000000000000000e+00 0.000000000000000000e+00 0.000000000000000000e+00 -9.741282250045810425e-05 1.525364667413670364e-04 0.000000000000000000e+00 0.000000000000000000e+00 0.000000000000000000e+00 0.000000000000000000e+00 0.000000000000000000e+00 0.000000000000000000e+00 0.000000000000000000e+00 0.000000000000000000e+00
