1.000000000000000056e-01 9.999999999999992228e-01 0.000000000000000000e+00 1.109615019168981224e-19 0.000000000000000000e+00 0.000000000000000000e+00 0.000000000000000000e+00 1.201881357072698388e-10 -2.229469892032116549e-10 0.000000000000000000e+00 0.000000000000000000e+00 0.000000000000000000e+00 0.000000000000000000e+00 0.000000000000000000e+00 0.000000000000000000e+00 0.000000000000000000e+00 0.000000000000000000e+00
2.000000000000000111e-01 1.000000000000000000e+00 0.000000000000000000e+00 3.424884590611035725e-19 0.000000000000000000e+00 0.000000000000000000e+00 0.000000000000000000e+00 2.549615985428594259e-10 -3.966643807845891072e-10 0.000000000000000000e+00 0.000000000000000000e+00 0.000000000000000000e+00 0.000000000000000000e+00 0.000000000000000000e+00 0.000000000000000000e+00 0.000000000000000000e+00 0.000000000000000000e+00
2.999999999999999889e-01 1.000000000000000000e+00 0.000000000000000000e+00 2.183141817825556506e-19 0.000000000000000000e+00 0.000000000000000000e+00 0.000000000000000000e+00 3.790254287005907586e-10 -6.091184583781510333e-10 0.000000000000000000e+00 0.000000000000000000e+00 0.000000000000000000e+00 0.000000000000000000e+00 0.000000000000000000e+00 0.000000000000000000e+00 0.000000000000000000e+00 0.000000000000000000e+00
4.000000000000000222e-01 9.999999999999997780e-01 0.000000000000000000e+00 8.642411099452565192e-19 0.000000000000000000e+00 0.000000000000000000e+00 0.000000000000000000e+00 5.016408977941775342e-10 -8.314686144149983877e-10 0.000000000000000000e+00 0.000000000000000000e+00 0.000000000000000000e+00 0.000000000000000000e+00 0.000000000000000000e+00 0.000000000000000000e+00 0.000000000000000000e+00 0.000000000000000000e+00
5.000000000000000000e-01 9.999999999999995559e-01 0.000000000000000000e+00 1.948117541754954665e-18 0.000000000000000000e+00 0.000000000000000000e+00 0.000000000000000000e+00 6.268856058829527053e-10 -1.051220710517607518e-09 0.000000000000000000e+00 0.000000000000000000e+00 0.000000000000000000e+00 0.000000000000000000e+00 0.000000000000000000e+00 0.000000000000000000e+00 0.000000000000000000e+00 0.000000000000000000e+00
5.999999999999999778e-01 1.000000000000000444e+00 0.000000000000000000e+00 3.700779880770595315e-18 0.000000000000000000e+00 0.000000000000000000e+00 0.000000000000000000e+00 7.556948193924815099e-10 -1.264563178587570415e-09 0.000000000000000000e+00 0.000000000000000000e+00 0.000000000000000000e+00 0.000000000000000000e+00 0.000000000000000000e+00 0.000000000000000000e+00 0.000000000000000000e+00 0.000000000000000000e+00
6.999999999999999556e-01 1.000000000000000000e+00 0.000000000000000000e+00 1.844604601731443702e-18 0.000000000000000000e+00 0.000000000000000000e+00 0.000000000000000000e+00 8.887589238587025215e-10 -1.471895099538801462e-09 0.000000000000000000e+00 0.000000000000000000e+00 0.000000000000000000e+00 0.000000000000000000e+00 0.000000000000000000e+00 0.000000000000000000e+00 0.000000000000000000e+00 0.000000000000000000e+00
7.999999999999999334e-01 9.999999999999998890e-01 0.000000000000000000e+00 5.202407611813894612e-18 0.000000000000000000e+00 0.000000000000000000e+00 0.000000000000000000e+00 1.025805850230065520e-09 -1.673166609650809342e-09 0.000000000000000000e+00 0.000000000000000000e+00 0.000000000000000000e+00 0.000000000000000000e+00 0.000000000000000000e+00 0.000000000000000000e+00 0.000000000000000000e+00 0.000000000000000000e+00
8.999999999999999112e-01 9.999999999999962252e-01 0.000000000000000000e+00 3.652691039135714400e-19 0.000000000000000000e+00 0.000000000000000000e+00 0.000000000000000000e+00 1.167722063156227208e-09 -1.869879755737804165e-09 0.000000000000000000e+00 0.000000000000000000e+00 0.000000000000000000e+00 0.000000000000000000e+00 0.000000000000000000e+00 0.000000000000000000e+00 0.000000000000000000e+00 0.000000000000000000e+00
9.999999999999998890e-01 9.999999999999998890e-01 0.000000000000000000e+00 1.031581749170707832e-17 0.000000000000000000e+00 0.000000000000000000e+00 0.000000000000000000e+00 1.313949625783357702e-09 -2.061781790060848026e-09 0.000000000000000000e+00 0.000000000000000000e+00 0.000000000000000000e+00 0.000000000000000000e+00 0.000000000000000000e+00 0.000000000000000000e+00 0.000000000000000000e+00 0.000000000000000000e+00
1.099999999999999867e+00 9.999999999999966693e-01 0.000000000000000000e+00 1.264829878174974956e-17 0.000000000000000000e+00 0.000000000000000000e+00 0.000000000000000000e+00 1.464906799932179745e-09 -2.248990476197000918e-09 0.000000000000000000e+00 0.000000000000000000e+00 0.000000000000000000e+00 0.000000000000000000e+00 0.000000000000000000e+00 0.000000000000000000e+00 0.000000000000000000e+00 0.000000000000000000e+00
1.199999999999999956e+00 9.999999999999994449e-01 0.000000000000000000e+00 1.913174719896391660e-17 0.000000000000000000e+00 0.000000000000000000e+00 0.000000000000000000e+00 1.620555878935010013e-09 -2.432375866056175965e-09 0.000000000000000000e+00 0.000000000000000000e+00 0.000000000000000000e+00 0.000000000000000000e+00 0.000000000000000000e+00 0.000000000000000000e+00 0.000000000000000000e+00 0.000000000000000000e+00
1.300000000000000044e+00 1.000000000000000666e+00 0.000000000000000000e+00 9.247045875792758917e-18 0.000000000000000000e+00 0.000000000000000000e+00 0.000000000000000000e+00 1.781494132582598090e-09 -2.610602074355809007e-09 0.000000000000000000e+00 0.000000000000000000e+00 0.000000000000000000e+00 0.000000000000000000e+00 0.000000000000000000e+00 0.000000000000000000e+00 0.000000000000000000e+00 0.000000000000000000e+00
1.399999999999999911e+00 1.000000000000000000e+00 0.000000000000000000e+00 1.697341985922761624e-17 0.000000000000000000e+00 0.000000000000000000e+00 0.000000000000000000e+00 1.947805853856864890e-09 -2.784155102418230384e-09 0.000000000000000000e+00 0.000000000000000000e+00 0.000000000000000000e+00 0.000000000000000000e+00 0.000000000000000000e+00 0.000000000000000000e+00 0.000000000000000000e+00 0.000000000000000000e+00
1.500000000000000000e+00 9.999999999999974465e-01 0.000000000000000000e+00 1.708266460235453183e-17 0.000000000000000000e+00 0.000000000000000000e+00 0.000000000000000000e+00 2.119815628378997727e-09 -2.952745223586338295e-09 0.000000000000000000e+00 0.000000000000000000e+00 0.000000000000000000e+00 0.000000000000000000e+00 0.000000000000000000e+00 0.000000000000000000e+00 0.000000000000000000e+00 0.000000000000000000e+00
1.599999999999999867e+00 1.000000000000000000e+00 0.000000000000000000e+00 1.494665885053792390e-17 0.000000000000000000e+00 0.000000000000000000e+00 0.000000000000000000e+00 2.297646689259920018e-09 -3.115689190153187161e-09 0.000000000000000000e+00 0.000000000000000000e+00 0.000000000000000000e+00 0.000000000000000000e+00 0.000000000000000000e+00 0.000000000000000000e+00 0.000000000000000000e+00 0.000000000000000000e+00
1.699999999999999956e+00 9.999999999999998890e-01 0.000000000000000000e+00 2.225286130606433269e-17 0.000000000000000000e+00 0.000000000000000000e+00 0.000000000000000000e+00 2.481540746906040857e-09 -3.271970536009242888e-09 0.000000000000000000e+00 0.000000000000000000e+00 0.000000000000000000e+00 0.000000000000000000e+00 0.000000000000000000e+00 0.000000000000000000e+00 0.000000000000000000e+00 0.000000000000000000e+00
1.800000000000000044e+00 1.000000000000001776e+00 0.000000000000000000e+00 1.353017503910721442e-17 0.000000000000000000e+00 0.000000000000000000e+00 0.000000000000000000e+00 2.671548286459753393e-09 -3.421755303283018775e-09 0.000000000000000000e+00 0.000000000000000000e+00 0.000000000000000000e+00 0.000000000000000000e+00 0.000000000000000000e+00 0.000000000000000000e+00 0.000000000000000000e+00 0.000000000000000000e+00
1.899999999999999911e+00 9.999999999999997780e-01 0.000000000000000000e+00 3.624036762789922635e-17 0.000000000000000000e+00 0.000000000000000000e+00 0.000000000000000000e+00 2.867766169776216638e-09 -3.564053137949273926e-09 0.000000000000000000e+00 0.000000000000000000e+00 0.000000000000000000e+00 0.000000000000000000e+00 0.000000000000000000e+00 0.000000000000000000e+00 0.000000000000000000e+00 0.000000000000000000e+00
2.000000000000000000e+00 9.999999999999998890e-01 0.000000000000000000e+00 3.491735357987045251e-17 0.000000000000000000e+00 0.000000000000000000e+00 0.000000000000000000e+00 3.070596401803916116e-09 -3.698630105372721824e-09 0.000000000000000000e+00 0.000000000000000000e+00 0.000000000000000000e+00 0.000000000000000000e+00 0.000000000000000000e+00 0.000000000000000000e+00 0.000000000000000000e+00 0.000000000000000000e+00
2.099999999999999645e+00 1.000000000000000000e+00 0.000000000000000000e+00 5.168666029468994164e-17 0.000000000000000000e+00 0.000000000000000000e+00 0.000000000000000000e+00 3.279525722875624440e-09 -3.823934902825846626e-09 0.000000000000000000e+00 0.000000000000000000e+00 0.000000000000000000e+00 0.000000000000000000e+00 0.000000000000000000e+00 0.000000000000000000e+00 0.000000000000000000e+00 0.000000000000000000e+00
2.199999999999999734e+00 1.000000000000000000e+00 0.000000000000000000e+00 4.731663799447336659e-17 0.000000000000000000e+00 0.000000000000000000e+00 0.000000000000000000e+00 3.494601006048752664e-09 -3.939989033067132957e-09 0.000000000000000000e+00 0.000000000000000000e+00 0.000000000000000000e+00 0.000000000000000000e+00 0.000000000000000000e+00 0.000000000000000000e+00 0.000000000000000000e+00 0.000000000000000000e+00
2.299999999999999822e+00 1.000000000000000000e+00 0.000000000000000000e+00 4.120416909322793577e-17 0.000000000000000000e+00 0.000000000000000000e+00 0.000000000000000000e+00 3.715857908701752461e-09 -4.045683354761875574e-09 0.000000000000000000e+00 0.000000000000000000e+00 0.000000000000000000e+00 0.000000000000000000e+00 0.000000000000000000e+00 0.000000000000000000e+00 0.000000000000000000e+00 0.000000000000000000e+00
2.399999999999999911e+00 1.000000000000000000e+00 0.000000000000000000e+00 1.296410808412179056e-17 0.000000000000000000e+00 0.000000000000000000e+00 0.000000000000000000e+00 3.942774892313969615e-09 -4.140211100890112157e-09 0.000000000000000000e+00 0.000000000000000000e+00 0.000000000000000000e+00 0.000000000000000000e+00 0.000000000000000000e+00 0.000000000000000000e+00 0.000000000000000000e+00 0.000000000000000000e+00
2.500000000000000000e+00 9.999999999999985567e-01 0.000000000000000000e+00 2.380498029981898674e-17 0.000000000000000000e+00 0.000000000000000000e+00 0.000000000000000000e+00 4.175317266157215883e-09 -4.222877808716203866e-09 0.000000000000000000e+00 0.000000000000000000e+00 0.000000000000000000e+00 0.000000000000000000e+00 0.000000000000000000e+00 0.000000000000000000e+00 0.000000000000000000e+00 0.000000000000000000e+00
2.600000000000000089e+00 1.000000000000000000e+00 0.000000000000000000e+00 2.830638014717460783e-17 0.000000000000000000e+00 0.000000000000000000e+00 0.000000000000000000e+00 4.413014107548626010e-09 -4.293039274567551290e-09 0.000000000000000000e+00 0.000000000000000000e+00 0.000000000000000000e+00 0.000000000000000000e+00 0.000000000000000000e+00 0.000000000000000000e+00 0.000000000000000000e+00 0.000000000000000000e+00
2.699999999999999734e+00 1.000000000000000000e+00 0.000000000000000000e+00 3.470505198619450339e-17 0.000000000000000000e+00 0.000000000000000000e+00 0.000000000000000000e+00 4.655124109125816355e-09 -4.349704111099260055e-09 0.000000000000000000e+00 0.000000000000000000e+00 0.000000000000000000e+00 0.000000000000000000e+00 0.000000000000000000e+00 0.000000000000000000e+00 0.000000000000000000e+00 0.000000000000000000e+00
2.799999999999999822e+00 9.999999999999996669e-01 0.000000000000000000e+00 2.487332173711287066e-17 0.000000000000000000e+00 0.000000000000000000e+00 0.000000000000000000e+00 4.901680584288316129e-09 -4.391992952229026715e-09 0.000000000000000000e+00 0.000000000000000000e+00 0.000000000000000000e+00 0.000000000000000000e+00 0.000000000000000000e+00 0.000000000000000000e+00 0.000000000000000000e+00 0.000000000000000000e+00
2.899999999999999911e+00 1.000000000000004219e+00 0.000000000000000000e+00 9.639750785194222604e-18 0.000000000000000000e+00 0.000000000000000000e+00 0.000000000000000000e+00 5.151241573634930071e-09 -4.419656111159662818e-09 0.000000000000000000e+00 0.000000000000000000e+00 0.000000000000000000e+00 0.000000000000000000e+00 0.000000000000000000e+00 0.000000000000000000e+00 0.000000000000000000e+00 0.000000000000000000e+00
3.000000000000000000e+00 1.000000000000001110e+00 0.000000000000000000e+00 3.051167412810891670e-17 0.000000000000000000e+00 0.000000000000000000e+00 0.000000000000000000e+00 5.403424846050710781e-09 -4.431489850826386437e-09 0.000000000000000000e+00 0.000000000000000000e+00 0.000000000000000000e+00 0.000000000000000000e+00 0.000000000000000000e+00 0.000000000000000000e+00 0.000000000000000000e+00 0.000000000000000000e+00
