1.000000000000000056e-01 1.000000000000000222e+00 0.000000000000000000e+00 -8.716957636238829282e-19 0.000000000000000000e+00 0.000000000000000000e+00 0.000000000000000000e+00 2.455815803781111866e-10 -1.390675460779420589e-10 0.000000000000000000e+00 0.000000000000000000e+00 0.000000000000000000e+00 0.000000000000000000e+00 0.000000000000000000e+00 0.000000000000000000e+00 0.000000000000000000e+00 0.000000000000000000e+00
2.000000000000000111e-01 9.999999999999996669e-01 0.000000000000000000e+00 -3.330022831025200175e-18 0.000000000000000000e+00 0.000000000000000000e+00 0.000000000000000000e+00 4.721299285777639568e-10 -3.328338033703311196e-10 0.000000000000000000e+00 0.000000000000000000e+00 0.000000000000000000e+00 0.000000000000000000e+00 0.000000000000000000e+00 0.000000000000000000e+00 0.000000000000000000e+00 0.000000000000000000e+00
2.999999999999999889e-01 9.999999999999992228e-01 0.000000000000000000e+00 -8.544357685754429074e-18 0.000000000000000000e+00 0.000000000000000000e+00 0.000000000000000000e+00 7.001023210682382971e-10 -5.290003546747270054e-10 0.000000000000000000e+00 0.000000000000000000e+00 0.000000000000000000e+00 0.000000000000000000e+00 0.000000000000000000e+00 0.000000000000000000e+00 0.000000000000000000e+00 0.000000000000000000e+00
4.000000000000000222e-01 1.000000000000000000e+00 0.000000000000000000e+00 -1.350225642698067403e-17 0.000000000000000000e+00 0.000000000000000000e+00 0.000000000000000000e+00 9.252401838668744359e-10 -7.374686859696288405e-10 0.000000000000000000e+00 0.000000000000000000e+00 0.000000000000000000e+00 0.000000000000000000e+00 0.000000000000000000e+00 0.000000000000000000e+00 0.000000000000000000e+00 0.000000000000000000e+00
5.000000000000000000e-01 1.000000000000000000e+00 0.000000000000000000e+00 -2.389853081696778852e-17 0.000000000000000000e+00 0.000000000000000000e+00 0.000000000000000000e+00 1.137786856035113974e-09 -9.961558068129220579e-10 0.000000000000000000e+00 0.000000000000000000e+00 0.000000000000000000e+00 0.000000000000000000e+00 0.000000000000000000e+00 0.000000000000000000e+00 0.000000000000000000e+00 0.000000000000000000e+00
5.999999999999999778e-01 1.000000000000000000e+00 0.000000000000000000e+00 -2.982502963724977339e-17 0.000000000000000000e+00 0.000000000000000000e+00 0.000000000000000000e+00 1.322208209151987273e-09 -1.359711862238853731e-09 0.000000000000000000e+00 0.000000000000000000e+00 0.000000000000000000e+00 0.000000000000000000e+00 0.000000000000000000e+00 0.000000000000000000e+00 0.000000000000000000e+00 0.000000000000000000e+00
6.999999999999999556e-01 1.000000000000001554e+00 0.000000000000000000e+00 -4.041622917820578509e-17 0.000000000000000000e+00 0.000000000000000000e+00 0.000000000000000000e+00 1.462616178102417486e-09 -1.897628730494540393e-09 0.000000000000000000e+00 0.000000000000000000e+00 0.000000000000000000e+00 0.000000000000000000e+00 0.000000000000000000e+00 0.000000000000000000e+00 0.000000000000000000e+00 0.000000000000000000e+00
7.999999999999999334e-01 1.000000000000000000e+00 0.000000000000000000e+00 -4.909025164938282062e-17 0.000000000000000000e+00 0.000000000000000000e+00 0.000000000000000000e+00 1.544829474697240696e-09 -2.686376290094294245e-09 0.000000000000000000e+00 0.000000000000000000e+00 0.000000000000000000e+00 0.000000000000000000e+00 0.000000000000000000e+00 0.000000000000000000e+00 0.000000000000000000e+00 0.000000000000000000e+00
8.999999999999999112e-01 1.000000000000000000e+00 0.000000000000000000e+00 -6.699596459036730121e-17 0.000000000000000000e+00 0.000000000000000000e+00 0.000000000000000000e+00 1.560698750122093525e-09 -3.800266287743284163e-09 0.000000000000000000e+00 0.000000000000000000e+00 0.000000000000000000e+00 0.000000000000000000e+00 0.000000000000000000e+00 0.000000000000000000e+00 0.000000000000000000e+00 0.000000000000000000e+00
9.999999999999998890e-01 1.000000000000002665e+00 0.000000000000000000e+00 -6.414435287199771194e-17 0.000000000000000000e+00 0.000000000000000000e+00 0.000000000000000000e+00 1.513729506325868438e-09 -5.293369871542453544e-09 0.000000000000000000e+00 0.000000000000000000e+00 0.000000000000000000e+00 0.000000000000000000e+00 0.000000000000000000e+00 0.000000000000000000e+00 0.000000000000000000e+00 0.000000000000000000e+00
1.099999999999999867e+00 9.999999999999993339e-01 0.000000000000000000e+00 -6.613349110725517724e-17 0.000000000000000000e+00 0.000000000000000000e+00 0.000000000000000000e+00 1.422133368148289454e-09 -7.183321605343705518e-09 0.000000000000000000e+00 0.000000000000000000e+00 0.000000000000000000e+00 0.000000000000000000e+00 0.000000000000000000e+00 0.000000000000000000e+00 0.000000000000000000e+00 0.000000000000000000e+00
1.199999999999999956e+00 9.999999999999984457e-01 0.000000000000000000e+00 -5.973557602678614250e-17 0.000000000000000000e+00 0.000000000000000000e+00 0.000000000000000000e+00 1.321280515578257285e-09 -9.430364560530393315e-09 0.000000000000000000e+00 0.000000000000000000e+00 0.000000000000000000e+00 0.000000000000000000e+00 0.000000000000000000e+00 0.000000000000000000e+00 0.000000000000000000e+00 0.000000000000000000e+00
1.300000000000000044e+00 9.999999999999986677e-01 0.000000000000000000e+00 3.701273756791629985e-18 0.000000000000000000e+00 0.000000000000000000e+00 0.000000000000000000e+00 1.263198835941712683e-09 -1.191350203466209871e-08 0.000000000000000000e+00 0.000000000000000000e+00 0.000000000000000000e+00 0.000000000000000000e+00 0.000000000000000000e+00 0.000000000000000000e+00 0.000000000000000000e+00 0.000000000000000000e+00
1.399999999999999911e+00 1.000000000000000000e+00 0.000000000000000000e+00 -5.539184356870606177e-18 0.000000000000000000e+00 0.000000000000000000e+00 0.000000000000000000e+00 1.311918436750622210e-09 -1.441280672021983385e-08 0.000000000000000000e+00 0.000000000000000000e+00 0.000000000000000000e+00 0.000000000000000000e+00 0.000000000000000000e+00 0.000000000000000000e+00 0.000000000000000000e+00 0.000000000000000000e+00
1.500000000000000000e+00 1.000000000000000000e+00 0.000000000000000000e+00 6.361418851394742315e-17 0.000000000000000000e+00 0.000000000000000000e+00 0.000000000000000000e+00 1.534188244736026806e-09 -1.659039975244101251e-08 0.000000000000000000e+00 0.000000000000000000e+00 0.000000000000000000e+00 0.000000000000000000e+00 0.000000000000000000e+00 0.000000000000000000e+00 0.000000000000000000e+00 0.000000000000000000e+00
1.599999999999999867e+00 1.000000000000001332e+00 0.000000000000000000e+00 8.683366789107329798e-17 0.000000000000000000e+00 0.000000000000000000e+00 0.000000000000000000e+00 1.985283186406874179e-09 -1.797865524706388785e-08 0.000000000000000000e+00 0.000000000000000000e+00 0.000000000000000000e+00 0.000000000000000000e+00 0.000000000000000000e+00 0.000000000000000000e+00 0.000000000000000000e+00 0.000000000000000000e+00
1.699999999999999956e+00 1.000000000000000000e+00 0.000000000000000000e+00 4.672548725814027763e-17 0.000000000000000000e+00 0.000000000000000000e+00 0.000000000000000000e+00 2.690865785529007205e-09 -1.797663246425380648e-08 0.000000000000000000e+00 0.000000000000000000e+00 0.000000000000000000e+00 0.000000000000000000e+00 0.000000000000000000e+00 0.000000000000000000e+00 0.000000000000000000e+00 0.000000000000000000e+00
1.800000000000000044e+00 9.999999999999994449e-01 0.000000000000000000e+00 -9.275864456566596757e-17 0.000000000000000000e+00 0.000000000000000000e+00 0.000000000000000000e+00 3.623866157159599992e-09 -1.585838814492967329e-08 0.000000000000000000e+00 0.000000000000000000e+00 0.000000000000000000e+00 0.000000000000000000e+00 0.000000000000000000e+00 0.000000000000000000e+00 0.000000000000000000e+00 0.000000000000000000e+00
1.899999999999999911e+00 1.000000000000001110e+00 0.000000000000000000e+00 -2.497192316433052248e-16 0.000000000000000000e+00 0.000000000000000000e+00 0.000000000000000000e+00 4.680065274473700642e-09 -1.078995643447519916e-08 0.000000000000000000e+00 0.000000000000000000e+00 0.000000000000000000e+00 0.000000000000000000e+00 0.000000000000000000e+00 0.000000000000000000e+00 0.000000000000000000e+00 0.000000000000000000e+00
2.000000000000000000e+00 1.000000000000000000e+00 0.000000000000000000e+00 -4.107856506288790849e-16 0.000000000000000000e+00 0.000000000000000000e+00 0.000000000000000000e+00 5.652826195494095160e-09 -1.864755190604220238e-09 0.000000000000000000e+00 0.000000000000000000e+00 0.000000000000000000e+00 0.000000000000000000e+00 0.000000000000000000e+00 0.000000000000000000e+00 0.000000000000000000e+00 0.000000000000000000e+00
2.099999999999999645e+00 1.000000000000001998e+00 0.000000000000000000e+00 -2.780578030053096623e-16 0.000000000000000000e+00 0.000000000000000000e+00 0.000000000000000000e+00 6.210517122997514528e-09 1.184970093609988496e-08 0.000000000000000000e+00 0.000000000000000000e+00 0.000000000000000000e+00 0.000000000000000000e+00 0.000000000000000000e+00 0.000000000000000000e+00 0.000000000000000000e+00 0.000000000000000000e+00
2.199999999999999734e+00 9.999999999999975575e-01 0.000000000000000000e+00 5.823426714941611518e-16 0.000000000000000000e+00 0.000000000000000000e+00 0.000000000000000000e+00 5.883125237788085152e-09 3.124709310213017210e-08 0.000000000000000000e+00 0.000000000000000000e+00 0.000000000000000000e+00 0.000000000000000000e+00 0.000000000000000000e+00 0.000000000000000000e+00 0.000000000000000000e+00 0.000000000000000000e+00
2.299999999999999822e+00 1.000000000000000000e+00 0.000000000000000000e+00 2.767845493496551636e-15 0.000000000000000000e+00 0.000000000000000000e+00 0.000000000000000000e+00 4.055692175402448134e-09 5.710795558143691229e-08 0.000000000000000000e+00 0.000000000000000000e+00 0.000000000000000000e+00 0.000000000000000000e+00 0.000000000000000000e+00 0.000000000000000000e+00 0.000000000000000000e+00 0.000000000000000000e+00
2.399999999999999911e+00 9.999999999999938938e-01 0.000000000000000000e+00 7.498680353415788760e-15 0.000000000000000000e+00 0.000000000000000000e+00 0.000000000000000000e+00 -2.250695705948196608e-11 9.001218602441132940e-08 0.000000000000000000e+00 0.000000000000000000e+00 0.000000000000000000e+00 0.000000000000000000e+00 0.000000000000000000e+00 0.000000000000000000e+00 0.000000000000000000e+00 0.000000000000000000e+00
2.500000000000000000e+00 9.999999999999813483e-01 0.000000000000000000e+00 1.636753239205615165e-14 0.000000000000000000e+00 0.000000000000000000e+00 0.000000000000000000e+00 -7.208726296283435159e-09 1.302460947713108593e-07 0.000000000000000000e+00 0.000000000000000000e+00 0.000000000000000000e+00 0.000000000000000000e+00 0.000000000000000000e+00 0.000000000000000000e+00 0.000000000000000000e+00 0.000000000000000000e+00
2.600000000000000089e+00 9.999999999999719114e-01 0.000000000000000000e+00 3.124225682899831107e-14 0.000000000000000000e+00 0.000000000000000000e+00 0.000000000000000000e+00 -1.842023246023410451e-08 1.777092956287297445e-07 0.000000000000000000e+00 0.000000000000000000e+00 0.000000000000000000e+00 0.000000000000000000e+00 0.000000000000000000e+00 0.000000000000000000e+00 0.000000000000000000e+00 0.000000000000000000e+00
2.699999999999999734e+00 9.999999999999432676e-01 0.000000000000000000e+00 5.427644763344664124e-14 0.000000000000000000e+00 0.000000000000000000e+00 0.000000000000000000e+00 -3.456008079457825366e-08 2.318270922535676158e-07 0.000000000000000000e+00 0.000000000000000000e+00 0.000000000000000000e+00 0.000000000000000000e+00 0.000000000000000000e+00 0.000000000000000000e+00 0.000000000000000000e+00 0.000000000000000000e+00
2.799999999999999822e+00 9.999999999999149569e-01 0.000000000000000000e+00 8.726827067153386179e-14 0.000000000000000000e+00 0.000000000000000000e+00 0.000000000000000000e+00 -5.642263315915142313e-08 2.914777663218374833e-07 0.000000000000000000e+00 0.000000000000000000e+00 0.000000000000000000e+00 0.000000000000000000e+00 0.000000000000000000e+00 0.000000000000000000e+00 0.000000000000000000e+00 0.000000000000000000e+00
2.899999999999999911e+00 9.999999999998672173e-01 0.000000000000000000e+00 1.322316413121654213e-13 0.000000000000000000e+00 0.000000000000000000e+00 0.000000000000000000e+00 -8.457820518248240304e-08 3.549412958409498344e-07 0.000000000000000000e+00 0.000000000000000000e+00 0.000000000000000000e+00 0.000000000000000000e+00 0.000000000000000000e+00 0.000000000000000000e+00 0.000000000000000000e+00 0.000000000000000000e+00
3.000000000000000000e+00 9.999999999998095968e-01 0.000000000000000000e+00 1.896767210587932443e-13 0.000000000000000000e+00 0.000000000000000000e+00 0.000000000000000000e+00 -1.192328018794278405e-07 4.198811169584750573e-07 0.000000000000000000e+00 0.000000000000000000e+00 0.000000000000000000e+00 0.000000000000000000e+00 0.000000000000000000e+00 0.000000000000000000e+00 0.000000000000000000e+00 0.000000000000000000e+00
