1.000000000000000056e-01 1.000000000000000000e+00 0.000000000000000000e+00 -8.448459214667656545e-19 0.000000000000000000e+00 0.000000000000000000e+00 0.000000000000000000e+00 -1.705607578878760444e-10 -2.073738557704993917e-10 0.000000000000000000e+00 0.000000000000000000e+00 0.000000000000000000e+00 0.000000000000000000e+00 0.000000000000000000e+00 0.000000000000000000e+00 0.000000000000000000e+00 0.000000000000000000e+00
2.000000000000000111e-01 1.000000000000000000e+00 0.000000000000000000e+00 -4.082728052930122401e-18 0.000000000000000000e+00 0.000000000000000000e+00 0.000000000000000000e+00 -3.085356419486644019e-10 -4.539955186746457096e-10 0.000000000000000000e+00 0.000000000000000000e+00 0.000000000000000000e+00 0.000000000000000000e+00 0.000000000000000000e+00 0.000000000000000000e+00 0.000000000000000000e+00 0.000000000000000000e+00
2.999999999999999889e-01 9.999999999999986677e-01 0.000000000000000000e+00 -9.230802883149029609e-18 0.000000000000000000e+00 0.000000000000000000e+00 0.000000000000000000e+00 -4.416758955392241865e-10 -7.076683610125821163e-10 0.000000000000000000e+00 0.000000000000000000e+00 0.000000000000000000e+00 0.000000000000000000e+00 0.000000000000000000e+00 0.000000000000000000e+00 0.000000000000000000e+00 0.000000000000000000e+00
4.000000000000000222e-01 1.000000000000000000e+00 0.000000000000000000e+00 -1.547046669365801484e-17 0.000000000000000000e+00 0.000000000000000000e+00 0.000000000000000000e+00 -5.652286499638080617e-10 -9.751397390256909278e-10 0.000000000000000000e+00 0.000000000000000000e+00 0.000000000000000000e+00 0.000000000000000000e+00 0.000000000000000000e+00 0.000000000000000000e+00 0.000000000000000000e+00 0.000000000000000000e+00
5.000000000000000000e-01 9.999999999999993339e-01 0.000000000000000000e+00 -2.245001500963398571e-17 0.000000000000000000e+00 0.000000000000000000e+00 0.000000000000000000e+00 -6.544634839247259463e-10 -1.289309180479618793e-09 0.000000000000000000e+00 0.000000000000000000e+00 0.000000000000000000e+00 0.000000000000000000e+00 0.000000000000000000e+00 0.000000000000000000e+00 0.000000000000000000e+00 0.000000000000000000e+00
5.999999999999999778e-01 1.000000000000000444e+00 0.000000000000000000e+00 -2.919960974852626848e-17 0.000000000000000000e+00 0.000000000000000000e+00 0.000000000000000000e+00 -6.719957594234446580e-10 -1.698675663994606421e-09 0.000000000000000000e+00 0.000000000000000000e+00 0.000000000000000000e+00 0.000000000000000000e+00 0.000000000000000000e+00 0.000000000000000000e+00 0.000000000000000000e+00 0.000000000000000000e+00
6.999999999999999556e-01 9.999999999999995559e-01 0.000000000000000000e+00 -4.221220477823512352e-17 0.000000000000000000e+00 0.000000000000000000e+00 0.000000000000000000e+00 -5.734433069287535528e-10 -2.267604100430772472e-09 0.000000000000000000e+00 0.000000000000000000e+00 0.000000000000000000e+00 0.000000000000000000e+00 0.000000000000000000e+00 0.000000000000000000e+00 0.000000000000000000e+00 0.000000000000000000e+00
7.999999999999999334e-01 1.000000000000000000e+00 0.000000000000000000e+00 -5.389937707663018446e-17 0.000000000000000000e+00 0.000000000000000000e+00 0.000000000000000000e+00 -3.122148816582957870e-10 -3.069056758215250491e-09 0.000000000000000000e+00 0.000000000000000000e+00 0.000000000000000000e+00 0.000000000000000000e+00 0.000000000000000000e+00 0.000000000000000000e+00 0.000000000000000000e+00 0.000000000000000000e+00
8.999999999999999112e-01 9.999999999999988898e-01 0.000000000000000000e+00 -6.877765462542570251e-17 0.000000000000000000e+00 0.000000000000000000e+00 0.000000000000000000e+00 1.502781410303155004e-10 -4.176119627562125911e-09 0.000000000000000000e+00 0.000000000000000000e+00 0.000000000000000000e+00 0.000000000000000000e+00 0.000000000000000000e+00 0.000000000000000000e+00 0.000000000000000000e+00 0.000000000000000000e+00
9.999999999999998890e-01 1.000000000000000000e+00 0.000000000000000000e+00 -6.359759375256100231e-17 0.000000000000000000e+00 0.000000000000000000e+00 0.000000000000000000e+00 8.344748672074515856e-10 -5.647687383738531573e-09 0.000000000000000000e+00 0.000000000000000000e+00 0.000000000000000000e+00 0.000000000000000000e+00 0.000000000000000000e+00 0.000000000000000000e+00 0.000000000000000000e+00 0.000000000000000000e+00
1.099999999999999867e+00 9.999999999999981126e-01 0.000000000000000000e+00 -6.731946912632838682e-17 0.000000000000000000e+00 0.000000000000000000e+00 0.000000000000000000e+00 1.730909614247141373e-09 -7.512283842994991227e-09 0.000000000000000000e+00 0.000000000000000000e+00 0.000000000000000000e+00 0.000000000000000000e+00 0.000000000000000000e+00 0.000000000000000000e+00 0.000000000000000000e+00 0.000000000000000000e+00
1.199999999999999956e+00 9.999999999999987788e-01 0.000000000000000000e+00 -2.595646032914332262e-17 0.000000000000000000e+00 0.000000000000000000e+00 0.000000000000000000e+00 2.790345490886097746e-09 -9.749085802168775948e-09 0.000000000000000000e+00 0.000000000000000000e+00 0.000000000000000000e+00 0.000000000000000000e+00 0.000000000000000000e+00 0.000000000000000000e+00 0.000000000000000000e+00 0.000000000000000000e+00
1.300000000000000044e+00 1.000000000000003331e+00 0.000000000000000000e+00 -5.897507831122991210e-18 0.000000000000000000e+00 0.000000000000000000e+00 0.000000000000000000e+00 3.914167909057380475e-09 -1.226271316210701323e-08 0.000000000000000000e+00 0.000000000000000000e+00 0.000000000000000000e+00 0.000000000000000000e+00 0.000000000000000000e+00 0.000000000000000000e+00 0.000000000000000000e+00 0.000000000000000000e+00
1.399999999999999911e+00 1.000000000000001554e+00 0.000000000000000000e+00 4.761112102358155599e-17 0.000000000000000000e+00 0.000000000000000000e+00 0.000000000000000000e+00 4.951935902543735583e-09 -1.486421904528806768e-08 0.000000000000000000e+00 0.000000000000000000e+00 0.000000000000000000e+00 0.000000000000000000e+00 0.000000000000000000e+00 0.000000000000000000e+00 0.000000000000000000e+00 0.000000000000000000e+00
1.500000000000000000e+00 9.999999999999998890e-01 0.000000000000000000e+00 1.127470582392971643e-16 0.000000000000000000e+00 0.000000000000000000e+00 0.000000000000000000e+00 5.702669874049495109e-09 -1.724744904700709897e-08 0.000000000000000000e+00 0.000000000000000000e+00 0.000000000000000000e+00 0.000000000000000000e+00 0.000000000000000000e+00 0.000000000000000000e+00 0.000000000000000000e+00 0.000000000000000000e+00
1.599999999999999867e+00 9.999999999999994449e-01 0.000000000000000000e+00 1.145048522474620085e-16 0.000000000000000000e+00 0.000000000000000000e+00 0.000000000000000000e+00 5.923895827552377551e-09 -1.897175757928251204e-08 0.000000000000000000e+00 0.000000000000000000e+00 0.000000000000000000e+00 0.000000000000000000e+00 0.000000000000000000e+00 0.000000000000000000e+00 0.000000000000000000e+00 0.000000000000000000e+00
1.699999999999999956e+00 1.000000000000001998e+00 0.000000000000000000e+00 1.366955102595133986e-16 0.000000000000000000e+00 0.000000000000000000e+00 0.000000000000000000e+00 5.349140699236100165e-09 -1.944965526075014735e-08 0.000000000000000000e+00 0.000000000000000000e+00 0.000000000000000000e+00 0.000000000000000000e+00 0.000000000000000000e+00 0.000000000000000000e+00 0.000000000000000000e+00 0.000000000000000000e+00
1.800000000000000044e+00 1.000000000000000000e+00 0.000000000000000000e+00 -1.914909991975573680e-17 0.000000000000000000e+00 0.000000000000000000e+00 0.000000000000000000e+00 3.713199139549440773e-09 -1.794663139825853017e-08 0.000000000000000000e+00 0.000000000000000000e+00 0.000000000000000000e+00 0.000000000000000000e+00 0.000000000000000000e+00 0.000000000000000000e+00 0.000000000000000000e+00 0.000000000000000000e+00
1.899999999999999911e+00 1.000000000000002442e+00 0.000000000000000000e+00 -1.869411402436342705e-16 0.000000000000000000e+00 0.000000000000000000e+00 0.000000000000000000e+00 7.837622995390799695e-10 -1.358635022557347563e-08 0.000000000000000000e+00 0.000000000000000000e+00 0.000000000000000000e+00 0.000000000000000000e+00 0.000000000000000000e+00 0.000000000000000000e+00 0.000000000000000000e+00 0.000000000000000000e+00
2.000000000000000000e+00 1.000000000000000000e+00 0.000000000000000000e+00 -3.768709417728952939e-16 0.000000000000000000e+00 0.000000000000000000e+00 0.000000000000000000e+00 -3.599168180507408562e-09 -5.375973815093304456e-09 0.000000000000000000e+00 0.000000000000000000e+00 0.000000000000000000e+00 0.000000000000000000e+00 0.000000000000000000e+00 0.000000000000000000e+00 0.000000000000000000e+00 0.000000000000000000e+00
2.099999999999999645e+00 9.999999999999993339e-01 0.000000000000000000e+00 -2.875292758167039407e-16 0.000000000000000000e+00 0.000000000000000000e+00 0.000000000000000000e+00 -9.482234587612236265e-09 7.757842676382795956e-09 0.000000000000000000e+00 0.000000000000000000e+00 0.000000000000000000e+00 0.000000000000000000e+00 0.000000000000000000e+00 0.000000000000000000e+00 0.000000000000000000e+00 0.000000000000000000e+00
2.199999999999999734e+00 9.999999999999997780e-01 0.000000000000000000e+00 5.162665355382861788e-16 0.000000000000000000e+00 0.000000000000000000e+00 0.000000000000000000e+00 -1.675806463305042587e-08 2.690968018790403340e-08 0.000000000000000000e+00 0.000000000000000000e+00 0.000000000000000000e+00 0.000000000000000000e+00 0.000000000000000000e+00 0.000000000000000000e+00 0.000000000000000000e+00 0.000000000000000000e+00
2.299999999999999822e+00 1.000000000000000000e+00 0.000000000000000000e+00 2.957916836651090538e-15 0.000000000000000000e+00 0.000000000000000000e+00 0.000000000000000000e+00 -2.512941137824054250e-08 5.312522716136212281e-08 0.000000000000000000e+00 0.000000000000000000e+00 0.000000000000000000e+00 0.000000000000000000e+00 0.000000000000000000e+00 0.000000000000000000e+00 0.000000000000000000e+00 0.000000000000000000e+00
2.399999999999999911e+00 9.999999999999917843e-01 0.000000000000000000e+00 8.122880826312483716e-15 0.000000000000000000e+00 0.000000000000000000e+00 0.000000000000000000e+00 -3.408245107883626995e-08 8.730943314636660528e-08 0.000000000000000000e+00 0.000000000000000000e+00 0.000000000000000000e+00 0.000000000000000000e+00 0.000000000000000000e+00 0.000000000000000000e+00 0.000000000000000000e+00 0.000000000000000000e+00
2.500000000000000000e+00 9.999999999999839018e-01 0.000000000000000000e+00 1.810664893837198543e-14 0.000000000000000000e+00 0.000000000000000000e+00 0.000000000000000000e+00 -4.287745440430694415e-08 1.301241459270794444e-07 0.000000000000000000e+00 0.000000000000000000e+00 0.000000000000000000e+00 0.000000000000000000e+00 0.000000000000000000e+00 0.000000000000000000e+00 0.000000000000000000e+00 0.000000000000000000e+00
2.600000000000000089e+00 9.999999999999669154e-01 0.000000000000000000e+00 3.493358984633645872e-14 0.000000000000000000e+00 0.000000000000000000e+00 0.000000000000000000e+00 -5.055726002278378091e-08 1.818747913403575998e-07 0.000000000000000000e+00 0.000000000000000000e+00 0.000000000000000000e+00 0.000000000000000000e+00 0.000000000000000000e+00 0.000000000000000000e+00 0.000000000000000000e+00 0.000000000000000000e+00
2.699999999999999734e+00 9.999999999999406031e-01 0.000000000000000000e+00 6.112226856871107325e-14 0.000000000000000000e+00 0.000000000000000000e+00 0.000000000000000000e+00 -5.598490495428190046e-08 2.423944815266495552e-07 0.000000000000000000e+00 0.000000000000000000e+00 0.000000000000000000e+00 0.000000000000000000e+00 0.000000000000000000e+00 0.000000000000000000e+00 0.000000000000000000e+00 0.000000000000000000e+00
2.799999999999999822e+00 9.999999999999003020e-01 0.000000000000000000e+00 9.917420657591596469e-14 0.000000000000000000e+00 0.000000000000000000e+00 0.000000000000000000e+00 -5.790765907710478578e-08 3.109309995648638424e-07 0.000000000000000000e+00 0.000000000000000000e+00 0.000000000000000000e+00 0.000000000000000000e+00 0.000000000000000000e+00 0.000000000000000000e+00 0.000000000000000000e+00 0.000000000000000000e+00
2.899999999999999911e+00 9.999999999998471223e-01 0.000000000000000000e+00 1.512355105656750479e-13 0.000000000000000000e+00 0.000000000000000000e+00 0.000000000000000000e+00 -5.505202954009673650e-08 3.860495082678191203e-07 0.000000000000000000e+00 0.000000000000000000e+00 0.000000000000000000e+00 0.000000000000000000e+00 0.000000000000000000e+00 0.000000000000000000e+00 0.000000000000000000e+00 0.000000000000000000e+00
3.000000000000000000e+00 9.999999999997837286e-01 0.000000000000000000e+00 2.180701507526319287e-13 0.000000000000000000e+00 0.000000000000000000e+00 0.000000000000000000e+00 -4.625301776780403253e-08 4.655562411207850626e-07 0.000000000000000000e+00 0.000000000000000000e+00 0.000000000000000000e+00 0.000000000000000000e+00 0.000000000000000000e+00 0.000000000000000000e+00 0.000000000000000000e+00 0.000000000000000000e+00
