1.000000000000000000e+00 -4.096663233418907923e-01 -3.640895659612428670e-01 8.353304399774919009e-01
1.050847457627118731e+00 -3.055663409442286316e-01 -3.768169893352599220e-01 8.737681810220045975e-01
1.101694915254237239e+00 -2.082861299539409961e-01 -3.710021721819631857e-01 9.045769536803746069e-01
1.152542372881355970e+00 -1.216193703156050465e-01 -3.492501019267858497e-01 9.288762286034235593e-01
1.203389830508474478e+00 -4.831272166136216933e-02 -3.149959607737168321e-01 9.477356270365852042e-01
1.254237288135593209e+00 1.005833576641553331e-02 -2.721230972508394408e-01 9.621409811984467098e-01
1.305084745762711940e+00 5.306655863682975538e-02 -2.245857492083986329e-01 9.729719762384761994e-01
1.355932203389830448e+00 8.137246644384282801e-02 -1.760972181466890496e-01 9.809850932872850038e-01
1.406779661016949179e+00 9.649000214409440834e-02 -1.298197474016227759e-01 9.868222785389625384e-01
1.457627118644067910e+00 1.005899488993546309e-01 -8.823364878917294707e-02 9.910033203559669435e-01
1.508474576271186418e+00 9.617282583912073468e-02 -5.297437050273937076e-02 9.939518599801969723e-01
1.559322033898305149e+00 8.584985706737793820e-02 -2.487907899100540859e-02 9.959964366966996829e-01
1.610169491525423879e+00 7.206088139822647287e-02 -4.037377663747808432e-03 9.973916306675187915e-01
1.661016949152542388e+00 5.692169458486856515e-02 1.003654895702408428e-02 9.983280083464202148e-01
1.711864406779661119e+00 4.212172184366763661e-02 1.827643204057602735e-02 9.989452300684652508e-01
1.762711864406779849e+00 2.882631143143421157e-02 2.183356036883120355e-02 9.993459228205175959e-01
1.813559322033898358e+00 1.775247856216027875e-02 2.196433986402073629e-02 9.996011156982008705e-01
1.864406779661016866e+00 9.171444182155244831e-03 1.984662170001611284e-02 9.997609642893605653e-01
1.915254237288135597e+00 3.048366278239183699e-03 1.649573740610811232e-02 9.998592870825627754e-01
1.966101694915254328e+00 -9.139413509823921672e-04 1.272652767909607414e-02 9.999185959755135800e-01
2.016949152542372836e+00 -3.107140638265262246e-03 9.097790400967489810e-03 9.999537865089030975e-01
2.067796610169491345e+00 -3.995075396802700782e-03 5.963603432806139498e-03 9.999742369526999353e-01
2.118644067796610297e+00 -3.997436501080751589e-03 3.481973819500662828e-03 9.999859480128999722e-01
2.169491525423728806e+00 -3.499733180699656290e-03 1.685780847968426817e-03 9.999924549465596391e-01
2.220338983050847759e+00 -2.771372276202822144e-03 5.000646008319477136e-04 9.999960346993010951e-01
2.271186440677966267e+00 -2.009810309015667550e-03 -1.939102971640197827e-04 9.999979615289660284e-01
2.322033898305084776e+00 -1.333875177415041200e-03 -5.194310134831736647e-04 9.999989754835385547e-01
2.372881355932203284e+00 -7.981589493935667846e-04 -6.084652783268246776e-04 9.999994963641051227e-01
2.423728813559322237e+00 -4.174378720294584033e-04 -5.622635219237031700e-04 9.999997548063952468e-01
2.474576271186440746e+00 -1.644009381988104546e-04 -4.469539551754886050e-04 9.999998866088215532e-01
2.525423728813559698e+00 -1.971215149934441827e-05 -3.221719346019676512e-04 9.999999479133547808e-01
2.576271186440678207e+00 4.768051700056985510e-05 -2.120339890006825456e-04 9.999999763899615202e-01
2.627118644067796716e+00 7.024921791971055411e-05 -1.268998802190307801e-04 9.999999894867088734e-01
2.677966101694915224e+00 6.770366843177835108e-05 -6.799028348530961291e-05 9.999999954030197591e-01
2.728813559322033733e+00 5.262110631029679809e-05 -2.504520343091428682e-05 9.999999983079578270e-01
2.779661016949152685e+00 3.696196101610134703e-05 -4.093470912734022030e-06 9.999999993147234978e-01
2.830508474576271194e+00 2.388224539325536057e-05 4.309066755323569722e-06 9.999999997121764572e-01
2.881355932203390147e+00 8.713203344414809104e-06 6.635165272069099079e-06 9.999999999474724621e-01
2.932203389830508655e+00 4.164241567798081634e-06 6.828923617117715105e-06 9.999999999746894686e-01
2.983050847457627164e+00 2.117137950955616899e-06 4.307706204900880015e-06 9.999999999939591655e-01
3.033898305084745672e+00 2.840021069620463495e-06 2.453543555856170332e-06 1.000000000000420997e+00
3.084745762711864625e+00 3.221903362721072092e-06 1.123436656308198125e-07 1.000000000002353007e+00
3.135593220338983134e+00 1.676566772064191889e-06 3.686821543087548386e-06 9.999999999980621057e-01
3.186440677966101642e+00 -2.030587899182294754e-07 3.781019018465801996e-08 1.000000000006884937e+00
3.237288135593220595e+00 -3.924444574010289098e-06 1.572029441587324929e-06 9.999999999979664045e-01
3.288135593220339103e+00 1.062352402813964898e-08 -4.201937482873434299e-07 1.000000000005662804e+00
3.338983050847457612e+00 -1.671247096049816483e-06 -1.553319570707720026e-06 1.000000000004350964e+00
3.389830508474576565e+00 -1.455313596018708888e-06 -1.737361103292239620e-08 1.000000000006706635e+00
3.440677966101695073e+00 3.109831165505157889e-06 3.373226499905593248e-07 1.000000000002741585e+00
3.491525423728813582e+00 1.978394311948938413e-06 8.367717264310136769e-07 1.000000000005726086e+00
3.542372881355932535e+00 -1.230701666194393251e-06 1.136773779011645993e-06 1.000000000007853718e+00
3.593220338983051043e+00 -3.092255772533218985e-07 -1.589253732067861585e-07 1.000000000007757794e+00
3.644067796610169552e+00 -1.070134542527736757e-06 1.647239978487088041e-06 1.000000000005794476e+00
3.694915254237288504e+00 -1.880219279521460974e-07 5.064688893868912892e-06 9.999999999943538498e-01
3.745762711864407013e+00 5.496002347808809444e-07 -3.190792134386308922e-06 1.000000000004143352e+00
3.796610169491525522e+00 -2.335324650915285760e-08 -3.168556634350458252e-06 1.000000000003724798e+00
3.847457627118644474e+00 -1.649479950757901736e-06 2.966965572870969016e-06 1.000000000005608181e+00
3.898305084745762983e+00 -4.814116472955558016e-07 -4.251790575014714768e-07 1.000000000013041790e+00
3.949152542372881491e+00 -4.764243136461491334e-06 1.491703414358701876e-06 9.999999999983968380e-01
4.000000000000000000e+00 -6.263959654691805740e-08 -2.421881483103286256e-06 1.000000000009320100e+00
