1.000000000000000000e+00 -4.095342962205635873e-01 -3.646824448559445875e-01 8.358860561113471421e-01
1.050847457627118731e+00 -3.053987874707487227e-01 -3.771841555442588811e-01 8.741458902125975872e-01
1.101694915254237239e+00 -2.081345788682670006e-01 -3.712047072642595813e-01 9.048233332599904255e-01
1.152542372881355970e+00 -1.215014624691561629e-01 -3.493522880759365457e-01 9.290291186710163407e-01
1.203389830508474478e+00 -4.822853285664023548e-02 -3.150411123992955531e-01 9.478265427318265379e-01
1.254237288135593209e+00 1.011152845780475748e-02 -2.721341693777444282e-01 9.621941269205840364e-01
1.305084745762711940e+00 5.310276617618164829e-02 -2.245873041986240215e-01 9.730004238026280783e-01
1.355932203389830448e+00 8.138827570787825205e-02 -1.760923936283825542e-01 9.810007932946784859e-01
1.406779661016949179e+00 9.649999654907237545e-02 -1.298148921729028460e-01 9.868301432747894619e-01
1.457627118644067910e+00 1.005940529257132177e-01 -8.823384972990594433e-02 9.910069279086078931e-01
1.508474576271186418e+00 9.617432711717228966e-02 -5.297354426147930784e-02 9.939536888997719810e-01
1.559322033898305149e+00 8.584807034370071921e-02 -2.487769031911469739e-02 9.959975203920579112e-01
1.610169491525423879e+00 7.205907934500879741e-02 -4.036500363003014957e-03 9.973921668742383728e-01
1.661016949152542388e+00 5.692169034131389083e-02 1.003574301158502435e-02 9.983281926158831254e-01
1.711864406779661119e+00 4.211700970107881692e-02 1.827480080455415323e-02 9.989455335859313001e-01
1.762711864406779849e+00 2.882486310546615235e-02 2.183313752228988394e-02 9.993460048545896868e-01
1.813559322033898358e+00 1.775488121484325443e-02 2.196400467821608971e-02 9.996010927253442535e-01
1.864406779661016866e+00 9.173030244542463088e-03 1.984635692432711734e-02 9.997609597342229648e-01
1.915254237288135597e+00 3.050058975432130490e-03 1.649609958861232226e-02 9.998592777168181511e-01
1.966101694915254328e+00 -9.117868750974228442e-04 1.272840785788857676e-02 9.999185746039972456e-01
2.016949152542372836e+00 -3.107346386516813760e-03 9.097204207428065403e-03 9.999537914714070608e-01
2.067796610169491345e+00 -3.994638888679308102e-03 5.963743618208338336e-03 9.999742379603541176e-01
2.118644067796610297e+00 -3.997788650122101502e-03 3.483058142949728257e-03 9.999859428859900756e-01
2.169491525423728806e+00 -3.498260988656106633e-03 1.686465257200705885e-03 9.999924589607075420e-01
2.220338983050847759e+00 -2.769027344688589597e-03 5.029865124558368511e-04 9.999960397362660514e-01
2.271186440677966267e+00 -2.006428555204830232e-03 -1.935276772691975171e-04 9.999979684020517956e-01
2.322033898305084776e+00 -1.331985958149339540e-03 -5.214534425925288798e-04 9.999989769500765568e-01
2.372881355932203284e+00 -7.938920694970199362e-04 -6.110308912778654586e-04 9.999994981947856187e-01
2.423728813559322237e+00 -4.139738384474509424e-04 -5.589055810628924120e-04 9.999997581315295259e-01
2.474576271186440746e+00 -1.622408775918013856e-04 -4.484113165781594256e-04 9.999998863084375023e-01
2.525423728813559698e+00 -2.036437662464009530e-05 -3.207956872756065640e-04 9.999999483418172685e-01
2.576271186440678207e+00 4.748735891604602779e-05 -2.112049947820022621e-04 9.999999765746661051e-01
2.627118644067796716e+00 7.097582739033039313e-05 -1.269829348068578017e-04 9.999999894248532417e-01
2.677966101694915224e+00 6.528223508589893823e-05 -6.696901346847053578e-05 9.999999956328091688e-01
2.728813559322033733e+00 5.306189451877542303e-05 -2.682127217409660097e-05 9.999999982378547925e-01
2.779661016949152685e+00 3.397654061396605688e-05 -7.174433316238572355e-06 9.999999994035277950e-01
2.830508474576271194e+00 2.517780619588892664e-05 1.593514103711316340e-06 9.999999996881409059e-01
2.881355932203390147e+00 8.713203344414809104e-06 6.635165272069099079e-06 9.999999999474724621e-01
2.932203389830508655e+00 4.164241567798081634e-06 6.828923617117715105e-06 9.999999999746894686e-01
2.983050847457627164e+00 2.117137950955616899e-06 4.307706204900880015e-06 9.999999999939591655e-01
3.033898305084745672e+00 2.840021069620463495e-06 2.453543555856170332e-06 1.000000000000420997e+00
3.084745762711864625e+00 3.221903362721072092e-06 1.123436656308198125e-07 1.000000000002353007e+00
3.135593220338983134e+00 1.676566772064191889e-06 3.686821543087548386e-06 9.999999999980621057e-01
3.186440677966101642e+00 -2.030587899182294754e-07 3.781019018465801996e-08 1.000000000006884937e+00
3.237288135593220595e+00 -3.924444574010289098e-06 1.572029441587324929e-06 9.999999999979664045e-01
3.288135593220339103e+00 1.062352402813964898e-08 -4.201937482873434299e-07 1.000000000005662804e+00
3.338983050847457612e+00 -1.671247096049816483e-06 -1.553319570707720026e-06 1.000000000004350964e+00
3.389830508474576565e+00 -1.455313596018708888e-06 -1.737361103292239620e-08 1.000000000006706635e+00
3.440677966101695073e+00 3.109831165505157889e-06 3.373226499905593248e-07 1.000000000002741585e+00
3.491525423728813582e+00 1.978394311948938413e-06 8.367717264310136769e-07 1.000000000005726086e+00
3.542372881355932535e+00 -1.230701666194393251e-06 1.136773779011645993e-06 1.000000000007853718e+00
3.593220338983051043e+00 -3.092255772533218985e-07 -1.589253732067861585e-07 1.000000000007757794e+00
3.644067796610169552e+00 -1.070134542527736757e-06 1.647239978487088041e-06 1.000000000005794476e+00
3.694915254237288504e+00 -1.880219279521460974e-07 5.064688893868912892e-06 9.999999999943538498e-01
3.745762711864407013e+00 5.496002347808809444e-07 -3.190792134386308922e-06 1.000000000004143352e+00
3.796610169491525522e+00 -2.335324650915285760e-08 -3.168556634350458252e-06 1.000000000003724798e+00
3.847457627118644474e+00 -1.649479950757901736e-06 2.966965572870969016e-06 1.000000000005608181e+00
3.898305084745762983e+00 -4.814116472955558016e-07 -4.251790575014714768e-07 1.000000000013041790e+00
3.949152542372881491e+00 -4.764243136461491334e-06 1.491703414358701876e-06 9.999999999983968380e-01
4.000000000000000000e+00 -6.263959654691805740e-08 -2.421881483103286256e-06 1.000000000009320100e+00
