1.000000000000000056e-01 9.734660268574235609e-01 0.000000000000000000e+00 2.653397314257564116e-02 0.000000000000000000e+00 0.000000000000000000e+00 0.000000000000000000e+00 2.166076057732425842e-15 1.607168994185769750e-01 0.000000000000000000e+00 0.000000000000000000e+00 0.000000000000000000e+00 0.000000000000000000e+00 0.000000000000000000e+00 0.000000000000000000e+00 0.000000000000000000e+00 0.000000000000000000e+00
2.000000000000000111e-01 8.966803125093707472e-01 0.000000000000000000e+00 1.033196874906290447e-01 0.000000000000000000e+00 0.000000000000000000e+00 0.000000000000000000e+00 2.420890821722542108e-14 3.043759700545171087e-01 0.000000000000000000e+00 0.000000000000000000e+00 0.000000000000000000e+00 0.000000000000000000e+00 0.000000000000000000e+00 0.000000000000000000e+00 0.000000000000000000e+00 0.000000000000000000e+00
2.999999999999999889e-01 7.777925724356407056e-01 0.000000000000000000e+00 2.222074275643592667e-01 0.000000000000000000e+00 0.000000000000000000e+00 0.000000000000000000e+00 3.929323255175261153e-14 4.157298285801021565e-01 0.000000000000000000e+00 0.000000000000000000e+00 0.000000000000000000e+00 0.000000000000000000e+00 0.000000000000000000e+00 0.000000000000000000e+00 0.000000000000000000e+00 0.000000000000000000e+00
4.000000000000000222e-01 6.294210570743099531e-01 0.000000000000000000e+00 3.705789429256883261e-01 0.000000000000000000e+00 0.000000000000000000e+00 0.000000000000000000e+00 2.181835506612369519e-14 4.829598299730247235e-01 0.000000000000000000e+00 0.000000000000000000e+00 0.000000000000000000e+00 0.000000000000000000e+00 0.000000000000000000e+00 0.000000000000000000e+00 0.000000000000000000e+00 0.000000000000000000e+00
5.000000000000000000e-01 4.673133052539195087e-01 0.000000000000000000e+00 5.326866947460813240e-01 0.000000000000000000e+00 0.000000000000000000e+00 0.000000000000000000e+00 4.978707875541176158e-14 4.989304492967808202e-01 0.000000000000000000e+00 0.000000000000000000e+00 0.000000000000000000e+00 0.000000000000000000e+00 0.000000000000000000e+00 0.000000000000000000e+00 0.000000000000000000e+00 0.000000000000000000e+00
5.999999999999999778e-01 3.086747680172509112e-01 0.000000000000000000e+00 6.913252319827472014e-01 0.000000000000000000e+00 0.000000000000000000e+00 0.000000000000000000e+00 2.685143424144960231e-14 4.619466178030710024e-01 0.000000000000000000e+00 0.000000000000000000e+00 0.000000000000000000e+00 0.000000000000000000e+00 0.000000000000000000e+00 0.000000000000000000e+00 0.000000000000000000e+00 0.000000000000000000e+00
6.999999999999999556e-01 1.703426951759249020e-01 0.000000000000000000e+00 8.296573048240747372e-01 0.000000000000000000e+00 0.000000000000000000e+00 0.000000000000000000e+00 -8.717155608582493309e-15 3.759336328253259918e-01 0.000000000000000000e+00 0.000000000000000000e+00 0.000000000000000000e+00 0.000000000000000000e+00 0.000000000000000000e+00 0.000000000000000000e+00 0.000000000000000000e+00 0.000000000000000000e+00
7.999999999999999334e-01 6.699910010175223751e-02 0.000000000000000000e+00 9.330008998982477486e-01 0.000000000000000000e+00 0.000000000000000000e+00 0.000000000000000000e+00 6.347586358366870938e-14 2.500205463024066099e-01 0.000000000000000000e+00 0.000000000000000000e+00 0.000000000000000000e+00 0.000000000000000000e+00 0.000000000000000000e+00 0.000000000000000000e+00 0.000000000000000000e+00 0.000000000000000000e+00
8.999999999999999112e-01 9.612470827860057979e-03 0.000000000000000000e+00 9.903875291721399021e-01 0.000000000000000000e+00 0.000000000000000000e+00 0.000000000000000000e+00 6.547833636946569227e-14 9.757124881902629054e-02 0.000000000000000000e+00 0.000000000000000000e+00 0.000000000000000000e+00 0.000000000000000000e+00 0.000000000000000000e+00 0.000000000000000000e+00 0.000000000000000000e+00 0.000000000000000000e+00
9.999999999999998890e-01 4.273617578716283616e-03 0.000000000000000000e+00 9.957263824212821968e-01 0.000000000000000000e+00 0.000000000000000000e+00 0.000000000000000000e+00 -5.878295692737156510e-15 -6.523391481636107991e-02 0.000000000000000000e+00 0.000000000000000000e+00 0.000000000000000000e+00 0.000000000000000000e+00 0.000000000000000000e+00 0.000000000000000000e+00 0.000000000000000000e+00 0.000000000000000000e+00
1.099999999999999867e+00 5.154921514832008778e-02 0.000000000000000000e+00 9.484507848516795514e-01 0.000000000000000000e+00 0.000000000000000000e+00 0.000000000000000000e+00 -6.316218708423359232e-14 -2.211154577775303054e-01 0.000000000000000000e+00 0.000000000000000000e+00 0.000000000000000000e+00 0.000000000000000000e+00 0.000000000000000000e+00 0.000000000000000000e+00 0.000000000000000000e+00 0.000000000000000000e+00
1.199999999999999956e+00 1.464216528787173066e-01 0.000000000000000000e+00 8.535783471212835538e-01 0.000000000000000000e+00 0.000000000000000000e+00 0.000000000000000000e+00 -2.372358829007458021e-14 -3.535287235389254490e-01 0.000000000000000000e+00 0.000000000000000000e+00 0.000000000000000000e+00 0.000000000000000000e+00 0.000000000000000000e+00 0.000000000000000000e+00 0.000000000000000000e+00 0.000000000000000000e+00
1.300000000000000044e+00 2.788215770242194469e-01 0.000000000000000000e+00 7.211784229757783882e-01 0.000000000000000000e+00 0.000000000000000000e+00 0.000000000000000000e+00 -5.202513233213868805e-14 -4.484198686050445692e-01 0.000000000000000000e+00 0.000000000000000000e+00 0.000000000000000000e+00 0.000000000000000000e+00 0.000000000000000000e+00 0.000000000000000000e+00 0.000000000000000000e+00 0.000000000000000000e+00
1.399999999999999911e+00 4.346966045857234562e-01 0.000000000000000000e+00 5.653033954142769879e-01 0.000000000000000000e+00 0.000000000000000000e+00 0.000000000000000000e+00 -4.777246420081477427e-16 -4.957174831739838972e-01 0.000000000000000000e+00 0.000000000000000000e+00 0.000000000000000000e+00 0.000000000000000000e+00 0.000000000000000000e+00 0.000000000000000000e+00 0.000000000000000000e+00 0.000000000000000000e+00
1.500000000000000000e+00 5.975027807647477207e-01 0.000000000000000000e+00 4.024972192352532230e-01 0.000000000000000000e+00 0.000000000000000000e+00 0.000000000000000000e+00 -1.530252183842256660e-15 -4.904015351588393301e-01 0.000000000000000000e+00 0.000000000000000000e+00 0.000000000000000000e+00 0.000000000000000000e+00 0.000000000000000000e+00 0.000000000000000000e+00 0.000000000000000000e+00 0.000000000000000000e+00
1.599999999999999867e+00 7.499604838778538562e-01 0.000000000000000000e+00 2.500395161221443119e-01 0.000000000000000000e+00 0.000000000000000000e+00 0.000000000000000000e+00 -1.869777302333803057e-16 -4.330361837542608949e-01 0.000000000000000000e+00 0.000000000000000000e+00 0.000000000000000000e+00 0.000000000000000000e+00 0.000000000000000000e+00 0.000000000000000000e+00 0.000000000000000000e+00 0.000000000000000000e+00
1.699999999999999956e+00 8.758884140043975419e-01 0.000000000000000000e+00 1.241115859956015977e-01 0.000000000000000000e+00 0.000000000000000000e+00 0.000000000000000000e+00 1.553046255511976236e-14 -3.297099110247114773e-01 0.000000000000000000e+00 0.000000000000000000e+00 0.000000000000000000e+00 0.000000000000000000e+00 0.000000000000000000e+00 0.000000000000000000e+00 0.000000000000000000e+00 0.000000000000000000e+00
1.800000000000000044e+00 9.619210138049866243e-01 0.000000000000000000e+00 3.807898619501496468e-02 0.000000000000000000e+00 0.000000000000000000e+00 0.000000000000000000e+00 1.190492782304938715e-14 -1.913893245184995484e-01 0.000000000000000000e+00 0.000000000000000000e+00 0.000000000000000000e+00 0.000000000000000000e+00 0.000000000000000000e+00 0.000000000000000000e+00 0.000000000000000000e+00 0.000000000000000000e+00
1.899999999999999911e+00 9.989270415273441284e-01 0.000000000000000000e+00 1.072958472657345496e-03 0.000000000000000000e+00 0.000000000000000000e+00 0.000000000000000000e+00 -1.788312545520663894e-14 -3.275521429116157179e-02 0.000000000000000000e+00 0.000000000000000000e+00 0.000000000000000000e+00 0.000000000000000000e+00 0.000000000000000000e+00 0.000000000000000000e+00 0.000000000000000000e+00 0.000000000000000000e+00
2.000000000000000000e+00 9.829787341803286616e-01 0.000000000000000000e+00 1.702126581967153621e-02 0.000000000000000000e+00 0.000000000000000000e+00 0.000000000000000000e+00 4.248233171814504317e-14 1.293556008793312340e-01 0.000000000000000000e+00 0.000000000000000000e+00 0.000000000000000000e+00 0.000000000000000000e+00 0.000000000000000000e+00 0.000000000000000000e+00 0.000000000000000000e+00 0.000000000000000000e+00
2.099999999999999645e+00 9.157686968718272702e-01 0.000000000000000000e+00 8.423130312817311838e-02 0.000000000000000000e+00 0.000000000000000000e+00 0.000000000000000000e+00 6.581169882592504225e-15 2.777372631958247018e-01 0.000000000000000000e+00 0.000000000000000000e+00 0.000000000000000000e+00 0.000000000000000000e+00 0.000000000000000000e+00 0.000000000000000000e+00 0.000000000000000000e+00 0.000000000000000000e+00
2.199999999999999734e+00 8.044302699590929473e-01 0.000000000000000000e+00 1.955697300409072470e-01 0.000000000000000000e+00 0.000000000000000000e+00 0.000000000000000000e+00 1.809560475087724248e-14 3.966410384816722590e-01 0.000000000000000000e+00 0.000000000000000000e+00 0.000000000000000000e+00 0.000000000000000000e+00 0.000000000000000000e+00 0.000000000000000000e+00 0.000000000000000000e+00 0.000000000000000000e+00
2.299999999999999822e+00 6.607804377979551447e-01 0.000000000000000000e+00 3.392195622020433010e-01 0.000000000000000000e+00 0.000000000000000000e+00 0.000000000000000000e+00 2.956668340701447350e-14 4.734468306004524507e-01 0.000000000000000000e+00 0.000000000000000000e+00 0.000000000000000000e+00 0.000000000000000000e+00 0.000000000000000000e+00 0.000000000000000000e+00 0.000000000000000000e+00 0.000000000000000000e+00
2.399999999999999911e+00 5.000656318617785479e-01 0.000000000000000000e+00 4.999343681382215632e-01 0.000000000000000000e+00 0.000000000000000000e+00 0.000000000000000000e+00 2.763293603045839883e-14 5.000026395915365685e-01 0.000000000000000000e+00 0.000000000000000000e+00 0.000000000000000000e+00 0.000000000000000000e+00 0.000000000000000000e+00 0.000000000000000000e+00 0.000000000000000000e+00 0.000000000000000000e+00
2.500000000000000000e+00 3.393435418992714614e-01 0.000000000000000000e+00 6.606564581007289272e-01 0.000000000000000000e+00 0.000000000000000000e+00 0.000000000000000000e+00 5.005621962367869739e-14 4.734897979087262510e-01 0.000000000000000000e+00 0.000000000000000000e+00 0.000000000000000000e+00 0.000000000000000000e+00 0.000000000000000000e+00 0.000000000000000000e+00 0.000000000000000000e+00 0.000000000000000000e+00
2.600000000000000089e+00 1.956726817871797253e-01 0.000000000000000000e+00 8.043273182128199972e-01 0.000000000000000000e+00 0.000000000000000000e+00 0.000000000000000000e+00 1.146188733923299521e-13 3.967221505265049464e-01 0.000000000000000000e+00 0.000000000000000000e+00 0.000000000000000000e+00 0.000000000000000000e+00 0.000000000000000000e+00 0.000000000000000000e+00 0.000000000000000000e+00 0.000000000000000000e+00
2.699999999999999734e+00 8.430186145002985243e-02 0.000000000000000000e+00 9.156981385499713966e-01 0.000000000000000000e+00 0.000000000000000000e+00 0.000000000000000000e+00 1.362657036850170796e-13 2.778474231069327227e-01 0.000000000000000000e+00 0.000000000000000000e+00 0.000000000000000000e+00 0.000000000000000000e+00 0.000000000000000000e+00 0.000000000000000000e+00 0.000000000000000000e+00 0.000000000000000000e+00
2.799999999999999822e+00 1.705172692444717475e-02 0.000000000000000000e+00 9.829482730755523257e-01 0.000000000000000000e+00 0.000000000000000000e+00 0.000000000000000000e+00 1.791568297762952977e-13 1.294824715006853977e-01 0.000000000000000000e+00 0.000000000000000000e+00 0.000000000000000000e+00 0.000000000000000000e+00 0.000000000000000000e+00 0.000000000000000000e+00 0.000000000000000000e+00 0.000000000000000000e+00
2.899999999999999911e+00 1.060146122857456071e-03 0.000000000000000000e+00 9.989398538771422364e-01 0.000000000000000000e+00 0.000000000000000000e+00 0.000000000000000000e+00 2.874261913802627415e-14 -3.262580860557816320e-02 0.000000000000000000e+00 0.000000000000000000e+00 0.000000000000000000e+00 0.000000000000000000e+00 0.000000000000000000e+00 0.000000000000000000e+00 0.000000000000000000e+00 0.000000000000000000e+00
3.000000000000000000e+00 3.802460155835789973e-02 0.000000000000000000e+00 9.619753984416417047e-01 0.000000000000000000e+00 0.000000000000000000e+00 0.000000000000000000e+00 1.349178209676601127e-13 -1.912717882742472342e-01 0.000000000000000000e+00 0.000000000000000000e+00 0.000000000000000000e+00 0.000000000000000000e+00 0.000000000000000000e+00 0.000000000000000000e+00 0.000000000000000000e+00 0.000000000000000000e+00
