1.000000000000000056e-01 9.873555950117253177e-01 0.000000000000000000e+00 1.264440498827505352e-02 0.000000000000000000e+00 0.000000000000000000e+00 0.000000000000000000e+00 2.612086192883958727e-02 1.086380602446052612e-01 0.000000000000000000e+00 0.000000000000000000e+00 0.000000000000000000e+00 0.000000000000000000e+00 0.000000000000000000e+00 0.000000000000000000e+00 0.000000000000000000e+00 0.000000000000000000e+00
2.000000000000000111e-01 9.508735361797334695e-01 0.000000000000000000e+00 4.912646382026591291e-02 0.000000000000000000e+00 0.000000000000000000e+00 0.000000000000000000e+00 4.528713764758483112e-02 2.113341991963050559e-01 0.000000000000000000e+00 0.000000000000000000e+00 0.000000000000000000e+00 0.000000000000000000e+00 0.000000000000000000e+00 0.000000000000000000e+00 0.000000000000000000e+00 0.000000000000000000e+00
2.999999999999999889e-01 8.947431501620268790e-01 0.000000000000000000e+00 1.052568498379733986e-01 0.000000000000000000e+00 0.000000000000000000e+00 0.000000000000000000e+00 5.146258494322347027e-02 3.025383935505976396e-01 0.000000000000000000e+00 0.000000000000000000e+00 0.000000000000000000e+00 0.000000000000000000e+00 0.000000000000000000e+00 0.000000000000000000e+00 0.000000000000000000e+00 0.000000000000000000e+00
4.000000000000000222e-01 8.254177620623459610e-01 0.000000000000000000e+00 1.745822379376537892e-01 0.000000000000000000e+00 0.000000000000000000e+00 0.000000000000000000e+00 4.034008858912000589e-02 3.774599488282416315e-01 0.000000000000000000e+00 0.000000000000000000e+00 0.000000000000000000e+00 0.000000000000000000e+00 0.000000000000000000e+00 0.000000000000000000e+00 0.000000000000000000e+00 0.000000000000000000e+00
5.000000000000000000e-01 7.508832452628991794e-01 0.000000000000000000e+00 2.491167547371018198e-01 0.000000000000000000e+00 0.000000000000000000e+00 0.000000000000000000e+00 9.949375350911615623e-03 4.323872002140876636e-01 0.000000000000000000e+00 0.000000000000000000e+00 0.000000000000000000e+00 0.000000000000000000e+00 0.000000000000000000e+00 0.000000000000000000e+00 0.000000000000000000e+00 0.000000000000000000e+00
5.999999999999999778e-01 6.797507419134295459e-01 0.000000000000000000e+00 3.202492580865697325e-01 0.000000000000000000e+00 0.000000000000000000e+00 0.000000000000000000e+00 -3.901105998223909632e-02 4.649386213325604755e-01 0.000000000000000000e+00 0.000000000000000000e+00 0.000000000000000000e+00 0.000000000000000000e+00 0.000000000000000000e+00 0.000000000000000000e+00 0.000000000000000000e+00 0.000000000000000000e+00
6.999999999999999556e-01 6.202747348973879360e-01 0.000000000000000000e+00 3.797252651026133963e-01 0.000000000000000000e+00 0.000000000000000000e+00 0.000000000000000000e+00 -1.031595216004986965e-01 4.742280502558687827e-01 0.000000000000000000e+00 0.000000000000000000e+00 0.000000000000000000e+00 0.000000000000000000e+00 0.000000000000000000e+00 0.000000000000000000e+00 0.000000000000000000e+00 0.000000000000000000e+00
7.999999999999999334e-01 5.794062368105815652e-01 0.000000000000000000e+00 4.205937631894187678e-01 0.000000000000000000e+00 0.000000000000000000e+00 0.000000000000000000e+00 -1.767400375538441537e-01 4.609314229729604140e-01 0.000000000000000000e+00 0.000000000000000000e+00 0.000000000000000000e+00 0.000000000000000000e+00 0.000000000000000000e+00 0.000000000000000000e+00 0.000000000000000000e+00 0.000000000000000000e+00
8.999999999999999112e-01 5.619873343414161226e-01 0.000000000000000000e+00 4.380126656585837108e-01 0.000000000000000000e+00 0.000000000000000000e+00 0.000000000000000000e+00 -2.522237925138499648e-01 4.272480766088642135e-01 0.000000000000000000e+00 0.000000000000000000e+00 0.000000000000000000e+00 0.000000000000000000e+00 0.000000000000000000e+00 0.000000000000000000e+00 0.000000000000000000e+00 0.000000000000000000e+00
9.999999999999998890e-01 5.701780479236394639e-01 0.000000000000000000e+00 4.298219520763620349e-01 0.000000000000000000e+00 0.000000000000000000e+00 0.000000000000000000e+00 -3.211386838460706938e-01 3.767561514621684537e-01 0.000000000000000000e+00 0.000000000000000000e+00 0.000000000000000000e+00 0.000000000000000000e+00 0.000000000000000000e+00 0.000000000000000000e+00 0.000000000000000000e+00 0.000000000000000000e+00
1.099999999999999867e+00 6.031810850159083914e-01 0.000000000000000000e+00 3.968189149840922747e-01 0.000000000000000000e+00 0.000000000000000000e+00 0.000000000000000000e+00 -3.750359858456094320e-01 3.141685929155836332e-01 0.000000000000000000e+00 0.000000000000000000e+00 0.000000000000000000e+00 0.000000000000000000e+00 0.000000000000000000e+00 0.000000000000000000e+00 0.000000000000000000e+00 0.000000000000000000e+00
1.199999999999999956e+00 6.572973394396111058e-01 0.000000000000000000e+00 3.427026605603897824e-01 0.000000000000000000e+00 0.000000000000000000e+00 0.000000000000000000e+00 -4.064863655170867784e-01 2.450033449311836142e-01 0.000000000000000000e+00 0.000000000000000000e+00 0.000000000000000000e+00 0.000000000000000000e+00 0.000000000000000000e+00 0.000000000000000000e+00 0.000000000000000000e+00 0.000000000000000000e+00
1.300000000000000044e+00 7.263084891602392679e-01 0.000000000000000000e+00 2.736915108397606766e-01 0.000000000000000000e+00 0.000000000000000000e+00 0.000000000000000000e+00 -4.099925596401831629e-01 1.751880629766701947e-01 0.000000000000000000e+00 0.000000000000000000e+00 0.000000000000000000e+00 0.000000000000000000e+00 0.000000000000000000e+00 0.000000000000000000e+00 0.000000000000000000e+00 0.000000000000000000e+00
1.399999999999999911e+00 8.021467649131429622e-01 0.000000000000000000e+00 1.978532350868562051e-01 0.000000000000000000e+00 0.000000000000000000e+00 0.000000000000000000e+00 -3.827135361616125220e-01 1.106255224439803980e-01 0.000000000000000000e+00 0.000000000000000000e+00 0.000000000000000000e+00 0.000000000000000000e+00 0.000000000000000000e+00 0.000000000000000000e+00 0.000000000000000000e+00 0.000000000000000000e+00
1.500000000000000000e+00 8.757798859360071964e-01 0.000000000000000000e+00 1.242201140639928869e-01 0.000000000000000000e+00 0.000000000000000000e+00 0.000000000000000000e+00 -3.249142069314333581e-01 5.675030712976464331e-02 0.000000000000000000e+00 0.000000000000000000e+00 0.000000000000000000e+00 0.000000000000000000e+00 0.000000000000000000e+00 0.000000000000000000e+00 0.000000000000000000e+00 0.000000000000000000e+00
1.599999999999999867e+00 9.382148254408064769e-01 0.000000000000000000e+00 6.178517455919384227e-02 0.000000000000000000e+00 0.000000000000000000e+00 0.000000000000000000e+00 -2.400837325380569542e-01 1.810981490982753461e-02 0.000000000000000000e+00 0.000000000000000000e+00 0.000000000000000000e+00 0.000000000000000000e+00 0.000000000000000000e+00 0.000000000000000000e+00 0.000000000000000000e+00 0.000000000000000000e+00
1.699999999999999956e+00 9.815101838911872711e-01 0.000000000000000000e+00 1.848981610881256232e-02 0.000000000000000000e+00 0.000000000000000000e+00 0.000000000000000000e+00 -1.347010875880306491e-01 -1.997305597186430082e-03 0.000000000000000000e+00 0.000000000000000000e+00 0.000000000000000000e+00 0.000000000000000000e+00 0.000000000000000000e+00 0.000000000000000000e+00 0.000000000000000000e+00 0.000000000000000000e+00
1.800000000000000044e+00 9.996850890980054638e-01 0.000000000000000000e+00 3.149109019948286600e-04 0.000000000000000000e+00 0.000000000000000000e+00 0.000000000000000000e+00 -1.766501224044430413e-02 -1.794736103381376277e-03 0.000000000000000000e+00 0.000000000000000000e+00 0.000000000000000000e+00 0.000000000000000000e+00 0.000000000000000000e+00 0.000000000000000000e+00 0.000000000000000000e+00 0.000000000000000000e+00
1.899999999999999911e+00 9.894229791490593007e-01 0.000000000000000000e+00 1.057702085094056575e-02 0.000000000000000000e+00 0.000000000000000000e+00 0.000000000000000000e+00 1.005573997745847076e-01 1.881120757169445212e-02 0.000000000000000000e+00 0.000000000000000000e+00 0.000000000000000000e+00 0.000000000000000000e+00 0.000000000000000000e+00 0.000000000000000000e+00 0.000000000000000000e+00 0.000000000000000000e+00
2.000000000000000000e+00 9.504902872134172176e-01 0.000000000000000000e+00 4.950971278658357344e-02 0.000000000000000000e+00 0.000000000000000000e+00 0.000000000000000000e+00 2.089774889446319173e-01 5.820208433443727070e-02 0.000000000000000000e+00 0.000000000000000000e+00 0.000000000000000000e+00 0.000000000000000000e+00 0.000000000000000000e+00 0.000000000000000000e+00 0.000000000000000000e+00 0.000000000000000000e+00
2.099999999999999645e+00 8.858206366392384901e-01 0.000000000000000000e+00 1.141793633607613295e-01 0.000000000000000000e+00 0.000000000000000000e+00 0.000000000000000000e+00 2.972183616238028847e-01 1.131563696208292835e-01 0.000000000000000000e+00 0.000000000000000000e+00 0.000000000000000000e+00 0.000000000000000000e+00 0.000000000000000000e+00 0.000000000000000000e+00 0.000000000000000000e+00 0.000000000000000000e+00
2.199999999999999734e+00 8.012513859538697991e-01 0.000000000000000000e+00 1.987486140461307005e-01 0.000000000000000000e+00 0.000000000000000000e+00 0.000000000000000000e+00 3.566145590423052680e-01 1.790935726093119407e-01 0.000000000000000000e+00 0.000000000000000000e+00 0.000000000000000000e+00 0.000000000000000000e+00 0.000000000000000000e+00 0.000000000000000000e+00 0.000000000000000000e+00 0.000000000000000000e+00
2.299999999999999822e+00 7.049373195884665044e-01 0.000000000000000000e+00 2.950626804115338286e-01 0.000000000000000000e+00 0.000000000000000000e+00 0.000000000000000000e+00 3.811593144739315320e-01 2.504383239133488592e-01 0.000000000000000000e+00 0.000000000000000000e+00 0.000000000000000000e+00 0.000000000000000000e+00 0.000000000000000000e+00 0.000000000000000000e+00 0.000000000000000000e+00 0.000000000000000000e+00
2.399999999999999911e+00 6.065018349417246046e-01 0.000000000000000000e+00 3.934981650582741186e-01 0.000000000000000000e+00 0.000000000000000000e+00 0.000000000000000000e+00 3.681949305714917742e-01 3.210782369542013459e-01 0.000000000000000000e+00 0.000000000000000000e+00 0.000000000000000000e+00 0.000000000000000000e+00 0.000000000000000000e+00 0.000000000000000000e+00 0.000000000000000000e+00 0.000000000000000000e+00
2.500000000000000000e+00 5.160152407110721873e-01 0.000000000000000000e+00 4.839847592889292005e-01 0.000000000000000000e+00 0.000000000000000000e+00 0.000000000000000000e+00 3.187675263458619734e-01 3.848798746291303696e-01 0.000000000000000000e+00 0.000000000000000000e+00 0.000000000000000000e+00 0.000000000000000000e+00 0.000000000000000000e+00 0.000000000000000000e+00 0.000000000000000000e+00 0.000000000000000000e+00
2.600000000000000089e+00 4.429095268269908625e-01 0.000000000000000000e+00 5.570904731730096371e-01 0.000000000000000000e+00 0.000000000000000000e+00 0.000000000000000000e+00 2.376019277303101362e-01 4.362203010775682621e-01 0.000000000000000000e+00 0.000000000000000000e+00 0.000000000000000000e+00 0.000000000000000000e+00 0.000000000000000000e+00 0.000000000000000000e+00 0.000000000000000000e+00 0.000000000000000000e+00
2.699999999999999734e+00 3.949469785778950137e-01 0.000000000000000000e+00 6.050530214221061520e-01 0.000000000000000000e+00 0.000000000000000000e+00 0.000000000000000000e+00 1.326922084142299896e-01 4.704882924610083728e-01 0.000000000000000000e+00 0.000000000000000000e+00 0.000000000000000000e+00 0.000000000000000000e+00 0.000000000000000000e+00 0.000000000000000000e+00 0.000000000000000000e+00 0.000000000000000000e+00
2.799999999999999822e+00 3.773553317638465021e-01 0.000000000000000000e+00 6.226446682361543861e-01 0.000000000000000000e+00 0.000000000000000000e+00 0.000000000000000000e+00 1.454413804926620035e-02 4.845098743934230234e-01 0.000000000000000000e+00 0.000000000000000000e+00 0.000000000000000000e+00 0.000000000000000000e+00 0.000000000000000000e+00 0.000000000000000000e+00 0.000000000000000000e+00 0.000000000000000000e+00
2.899999999999999911e+00 3.922252168424453234e-01 0.000000000000000000e+00 6.077747831575563975e-01 0.000000000000000000e+00 0.000000000000000000e+00 0.000000000000000000e+00 -1.048567760564597523e-01 4.768576496754052263e-01 0.000000000000000000e+00 0.000000000000000000e+00 0.000000000000000000e+00 0.000000000000000000e+00 0.000000000000000000e+00 0.000000000000000000e+00 0.000000000000000000e+00 0.000000000000000000e+00
3.000000000000000000e+00 4.382381649721451833e-01 0.000000000000000000e+00 5.617618350278544836e-01 0.000000000000000000e+00 0.000000000000000000e+00 0.000000000000000000e+00 -2.132478854103774246e-01 4.480121824964606314e-01 0.000000000000000000e+00 0.000000000000000000e+00 0.000000000000000000e+00 0.000000000000000000e+00 0.000000000000000000e+00 0.000000000000000000e+00 0.000000000000000000e+00 0.000000000000000000e+00
