1.000000000000000056e-01 9.752028655806226354e-01 0.000000000000000000e+00 2.479713441937709748e-02 0.000000000000000000e+00 0.000000000000000000e+00 0.000000000000000000e+00 -1.387819988226298151e-01 7.015549769191524454e-02 0.000000000000000000e+00 0.000000000000000000e+00 0.000000000000000000e+00 0.000000000000000000e+00 0.000000000000000000e+00 0.000000000000000000e+00 0.000000000000000000e+00 0.000000000000000000e+00
2.000000000000000111e-01 9.034616194066161787e-01 0.000000000000000000e+00 9.653838059338291921e-02 0.000000000000000000e+00 0.000000000000000000e+00 0.000000000000000000e+00 -2.619713281751540057e-01 1.363442232748890981e-01 0.000000000000000000e+00 0.000000000000000000e+00 0.000000000000000000e+00 0.000000000000000000e+00 0.000000000000000000e+00 0.000000000000000000e+00 0.000000000000000000e+00 0.000000000000000000e+00
2.999999999999999889e-01 7.924438625632492794e-01 0.000000000000000000e+00 2.075561374367504985e-01 0.000000000000000000e+00 0.000000000000000000e+00 0.000000000000000000e+00 -3.556651893915312446e-01 1.948816732321808076e-01 0.000000000000000000e+00 0.000000000000000000e+00 0.000000000000000000e+00 0.000000000000000000e+00 0.000000000000000000e+00 0.000000000000000000e+00 0.000000000000000000e+00 0.000000000000000000e+00
4.000000000000000222e-01 6.540161782593679751e-01 0.000000000000000000e+00 3.459838217406324690e-01 0.000000000000000000e+00 0.000000000000000000e+00 0.000000000000000000e+00 -4.091592087146209145e-01 2.426268161129412348e-01 0.000000000000000000e+00 0.000000000000000000e+00 0.000000000000000000e+00 0.000000000000000000e+00 0.000000000000000000e+00 0.000000000000000000e+00 0.000000000000000000e+00 0.000000000000000000e+00
5.000000000000000000e-01 5.029773139857264264e-01 0.000000000000000000e+00 4.970226860142741288e-01 0.000000000000000000e+00 0.000000000000000000e+00 0.000000000000000000e+00 -4.161127297947629922e-01 2.772027332118196519e-01 0.000000000000000000e+00 0.000000000000000000e+00 0.000000000000000000e+00 0.000000000000000000e+00 0.000000000000000000e+00 0.000000000000000000e+00 0.000000000000000000e+00 0.000000000000000000e+00
5.999999999999999778e-01 3.554780418170015444e-01 0.000000000000000000e+00 6.445219581829966238e-01 0.000000000000000000e+00 0.000000000000000000e+00 0.000000000000000000e+00 -3.752455782083816138e-01 2.971602217855959793e-01 0.000000000000000000e+00 0.000000000000000000e+00 0.000000000000000000e+00 0.000000000000000000e+00 0.000000000000000000e+00 0.000000000000000000e+00 0.000000000000000000e+00 0.000000000000000000e+00
6.999999999999999556e-01 2.272961502520734756e-01 0.000000000000000000e+00 7.727038497479260526e-01 0.000000000000000000e+00 0.000000000000000000e+00 0.000000000000000000e+00 -2.904911066590716850e-01 3.020721482266314761e-01 0.000000000000000000e+00 0.000000000000000000e+00 0.000000000000000000e+00 0.000000000000000000e+00 0.000000000000000000e+00 0.000000000000000000e+00 0.000000000000000000e+00 0.000000000000000000e+00
7.999999999999999334e-01 1.321505010921908974e-01 0.000000000000000000e+00 8.678494989078086030e-01 0.000000000000000000e+00 0.000000000000000000e+00 0.000000000000000000e+00 -1.705884618752046000e-01 2.925515326420126683e-01 0.000000000000000000e+00 0.000000000000000000e+00 0.000000000000000000e+00 0.000000000000000000e+00 0.000000000000000000e+00 0.000000000000000000e+00 0.000000000000000000e+00 0.000000000000000000e+00
8.999999999999999112e-01 8.023397459110283292e-02 0.000000000000000000e+00 9.197660254088975140e-01 0.000000000000000000e+00 0.000000000000000000e+00 0.000000000000000000e+00 -2.815700435180689895e-02 2.701920947174404897e-01 0.000000000000000000e+00 0.000000000000000000e+00 0.000000000000000000e+00 0.000000000000000000e+00 0.000000000000000000e+00 0.000000000000000000e+00 0.000000000000000000e+00 0.000000000000000000e+00
9.999999999999998890e-01 7.712185935171764206e-02 0.000000000000000000e+00 9.228781406482826632e-01 0.000000000000000000e+00 0.000000000000000000e+00 0.000000000000000000e+00 1.216487398487966914e-01 2.374358709318183103e-01 0.000000000000000000e+00 0.000000000000000000e+00 0.000000000000000000e+00 0.000000000000000000e+00 0.000000000000000000e+00 0.000000000000000000e+00 0.000000000000000000e+00 0.000000000000000000e+00
1.099999999999999867e+00 1.231722930698186530e-01 0.000000000000000000e+00 8.768277069301816384e-01 0.000000000000000000e+00 0.000000000000000000e+00 0.000000000000000000e+00 2.627602283924386772e-01 1.973780863508526329e-01 0.000000000000000000e+00 0.000000000000000000e+00 0.000000000000000000e+00 0.000000000000000000e+00 0.000000000000000000e+00 0.000000000000000000e+00 0.000000000000000000e+00 0.000000000000000000e+00
1.199999999999999956e+00 2.134829754258013579e-01 0.000000000000000000e+00 7.865170245742001409e-01 0.000000000000000000e+00 0.000000000000000000e+00 0.000000000000000000e+00 3.799190654438764914e-01 1.535243065910185112e-01 0.000000000000000000e+00 0.000000000000000000e+00 0.000000000000000000e+00 0.000000000000000000e+00 0.000000000000000000e+00 0.000000000000000000e+00 0.000000000000000000e+00 0.000000000000000000e+00
1.300000000000000044e+00 3.384091288403663356e-01 0.000000000000000000e+00 6.615908711596344416e-01 0.000000000000000000e+00 0.000000000000000000e+00 0.000000000000000000e+00 4.603198183724465098e-01 1.095186293354581952e-01 0.000000000000000000e+00 0.000000000000000000e+00 0.000000000000000000e+00 0.000000000000000000e+00 0.000000000000000000e+00 0.000000000000000000e+00 0.000000000000000000e+00 0.000000000000000000e+00
1.399999999999999911e+00 4.845878818166622359e-01 0.000000000000000000e+00 5.154121181833392074e-01 0.000000000000000000e+00 0.000000000000000000e+00 0.000000000000000000e+00 4.949955236726436003e-01 6.886399752411889730e-02 0.000000000000000000e+00 0.000000000000000000e+00 0.000000000000000000e+00 0.000000000000000000e+00 0.000000000000000000e+00 0.000000000000000000e+00 0.000000000000000000e+00 0.000000000000000000e+00
1.500000000000000000e+00 6.363602595250731353e-01 0.000000000000000000e+00 3.636397404749270867e-01 0.000000000000000000e+00 0.000000000000000000e+00 0.000000000000000000e+00 4.797971020534946840e-01 3.465642558955184249e-02 0.000000000000000000e+00 0.000000000000000000e+00 0.000000000000000000e+00 0.000000000000000000e+00 0.000000000000000000e+00 0.000000000000000000e+00 0.000000000000000000e+00 0.000000000000000000e+00
1.599999999999999867e+00 7.774395371069863225e-01 0.000000000000000000e+00 2.225604628930136220e-01 0.000000000000000000e+00 0.000000000000000000e+00 0.000000000000000000e+00 4.158609975541944226e-01 9.353942278360220797e-03 0.000000000000000000e+00 0.000000000000000000e+00 0.000000000000000000e+00 0.000000000000000000e+00 0.000000000000000000e+00 0.000000000000000000e+00 0.000000000000000000e+00 0.000000000000000000e+00
1.699999999999999956e+00 8.926483645933309674e-01 0.000000000000000000e+00 1.073516354066693240e-01 0.000000000000000000e+00 0.000000000000000000e+00 0.000000000000000000e+00 3.095137838024047960e-01 -5.401585467939376897e-03 0.000000000000000000e+00 0.000000000000000000e+00 0.000000000000000000e+00 0.000000000000000000e+00 0.000000000000000000e+00 0.000000000000000000e+00 0.000000000000000000e+00 0.000000000000000000e+00
1.800000000000000044e+00 9.695396201966396399e-01 0.000000000000000000e+00 3.046037980336076603e-02 0.000000000000000000e+00 0.000000000000000000e+00 0.000000000000000000e+00 1.716224540786878139e-01 -8.895696891279898655e-03 0.000000000000000000e+00 0.000000000000000000e+00 0.000000000000000000e+00 0.000000000000000000e+00 0.000000000000000000e+00 0.000000000000000000e+00 0.000000000000000000e+00 0.000000000000000000e+00
1.899999999999999911e+00 9.997281935391297836e-01 0.000000000000000000e+00 2.718064608703000184e-04 0.000000000000000000e+00 0.000000000000000000e+00 0.000000000000000000e+00 1.645824681413851978e-02 -1.376889581907529605e-03 0.000000000000000000e+00 0.000000000000000000e+00 0.000000000000000000e+00 0.000000000000000000e+00 0.000000000000000000e+00 0.000000000000000000e+00 0.000000000000000000e+00 0.000000000000000000e+00
2.000000000000000000e+00 9.797915489736699346e-01 0.000000000000000000e+00 2.020845102633005846e-02 0.000000000000000000e+00 0.000000000000000000e+00 0.000000000000000000e+00 -1.398061461022118424e-01 1.598621551303143137e-02 0.000000000000000000e+00 0.000000000000000000e+00 0.000000000000000000e+00 0.000000000000000000e+00 0.000000000000000000e+00 0.000000000000000000e+00 0.000000000000000000e+00 0.000000000000000000e+00
2.099999999999999645e+00 9.116427197039954633e-01 0.000000000000000000e+00 8.835728029600443956e-02 0.000000000000000000e+00 0.000000000000000000e+00 0.000000000000000000e+00 -2.808068310068015383e-01 4.122242592082694945e-02 0.000000000000000000e+00 0.000000000000000000e+00 0.000000000000000000e+00 0.000000000000000000e+00 0.000000000000000000e+00 0.000000000000000000e+00 0.000000000000000000e+00 0.000000000000000000e+00
2.199999999999999734e+00 8.023354704563412376e-01 0.000000000000000000e+00 1.976645295436577632e-01 0.000000000000000000e+00 0.000000000000000000e+00 0.000000000000000000e+00 -3.917248449446278369e-01 7.174042527249066548e-02 0.000000000000000000e+00 0.000000000000000000e+00 0.000000000000000000e+00 0.000000000000000000e+00 0.000000000000000000e+00 0.000000000000000000e+00 0.000000000000000000e+00 0.000000000000000000e+00
2.299999999999999822e+00 6.633217778260960262e-01 0.000000000000000000e+00 3.366782221739029746e-01 0.000000000000000000e+00 0.000000000000000000e+00 0.000000000000000000e+00 -4.608634645011031039e-01 1.045608715588430826e-01 0.000000000000000000e+00 0.000000000000000000e+00 0.000000000000000000e+00 0.000000000000000000e+00 0.000000000000000000e+00 0.000000000000000000e+00 0.000000000000000000e+00 0.000000000000000000e+00
2.399999999999999911e+00 5.092400879649235934e-01 0.000000000000000000e+00 4.907599120350753519e-01 0.000000000000000000e+00 0.000000000000000000e+00 0.000000000000000000e+00 -4.808985159643152096e-01 1.365786703032926541e-01 0.000000000000000000e+00 0.000000000000000000e+00 0.000000000000000000e+00 0.000000000000000000e+00 0.000000000000000000e+00 0.000000000000000000e+00 0.000000000000000000e+00 0.000000000000000000e+00
2.500000000000000000e+00 3.563628159594234290e-01 0.000000000000000000e+00 6.436371840405760159e-01 0.000000000000000000e+00 0.000000000000000000e+00 0.000000000000000000e+00 -4.496679632239866664e-01 1.648332908587602508e-01 0.000000000000000000e+00 0.000000000000000000e+00 0.000000000000000000e+00 0.000000000000000000e+00 0.000000000000000000e+00 0.000000000000000000e+00 0.000000000000000000e+00 0.000000000000000000e+00
2.600000000000000089e+00 2.208679252868104015e-01 0.000000000000000000e+00 7.791320747131892377e-01 0.000000000000000000e+00 0.000000000000000000e+00 0.000000000000000000e+00 -3.704157820635010645e-01 1.867641712396676257e-01 0.000000000000000000e+00 0.000000000000000000e+00 0.000000000000000000e+00 0.000000000000000000e+00 0.000000000000000000e+00 0.000000000000000000e+00 0.000000000000000000e+00 0.000000000000000000e+00
2.699999999999999734e+00 1.171182911727100678e-01 0.000000000000000000e+00 8.828817088272897795e-01 0.000000000000000000e+00 0.000000000000000000e+00 0.000000000000000000e+00 -2.514629786206428741e-01 2.004293772792176132e-01 0.000000000000000000e+00 0.000000000000000000e+00 0.000000000000000000e+00 0.000000000000000000e+00 0.000000000000000000e+00 0.000000000000000000e+00 0.000000000000000000e+00 0.000000000000000000e+00
2.799999999999999822e+00 5.613189052255638384e-02 0.000000000000000000e+00 9.438681094774433733e-01 0.000000000000000000e+00 0.000000000000000000e+00 0.000000000000000000e+00 -1.053394365674095862e-01 2.046686911425024957e-01 0.000000000000000000e+00 0.000000000000000000e+00 0.000000000000000000e+00 0.000000000000000000e+00 0.000000000000000000e+00 0.000000000000000000e+00 0.000000000000000000e+00 0.000000000000000000e+00
2.899999999999999911e+00 4.440573081984879739e-02 0.000000000000000000e+00 9.555942691801506683e-01 0.000000000000000000e+00 0.000000000000000000e+00 0.000000000000000000e+00 5.253238060634315282e-02 1.991969823516832883e-01 0.000000000000000000e+00 0.000000000000000000e+00 0.000000000000000000e+00 0.000000000000000000e+00 0.000000000000000000e+00 0.000000000000000000e+00 0.000000000000000000e+00 0.000000000000000000e+00
3.000000000000000000e+00 8.321895875259559261e-02 0.000000000000000000e+00 9.167810412474044490e-01 0.000000000000000000e+00 0.000000000000000000e+00 0.000000000000000000e+00 2.054630882741615427e-01 1.846196891479492952e-01 0.000000000000000000e+00 0.000000000000000000e+00 0.000000000000000000e+00 0.000000000000000000e+00 0.000000000000000000e+00 0.000000000000000000e+00 0.000000000000000000e+00 0.000000000000000000e+00
