1.000000000000000056e-01 -3.007138567477128134e-03 -6.447458428764185710e-04 -9.999952655356366682e-01
3.071428571428571619e-01 -9.301192953792931581e-03 -2.016305402174282946e-03 -9.999546615039713870e-01
5.142857142857142350e-01 -1.579858211421791489e-02 -3.485624652335012931e-03 -9.998689831084857094e-01
7.214285714285714191e-01 -2.265019225975729508e-02 -5.077525691006233403e-03 -9.997302910012418886e-01
9.285714285714284921e-01 -3.001646869949637156e-02 -6.751981746673014866e-03 -9.995261594426069207e-01
1.135714285714285676e+00 -3.804916933457153788e-02 -8.377971149607860504e-03 -9.992400912860393003e-01
1.342857142857142971e+00 -4.685171801910124889e-02 -9.714979579621342565e-03 -9.988536964365558601e-01
1.550000000000000044e+00 -5.641782823302739919e-02 -1.041569920292366273e-02 -9.983516928733675577e-01
1.757142857142857117e+00 -6.655678263578715392e-02 -1.006806378199992524e-02 -9.977302642868961513e-01
1.964285714285714191e+00 -7.682823094705686084e-02 -8.290239934180668180e-03 -9.970078890615878819e-01
2.171428571428571264e+00 -8.652641653295287116e-02 -4.887189575270898742e-03 -9.962351155755392318e-01
2.378571428571428559e+00 -9.475968723542091410e-02 -3.915502453339864196e-05 -9.954972037643948779e-01
2.585714285714285854e+00 -1.006725127497457017e-01 5.538182525618893896e-03 -9.949006718566690832e-01
2.792857142857142705e+00 -1.037928328974520448e-01 1.057020707044067746e-02 -9.945386575468772028e-01
3.000000000000000000e+00 -1.044306412393728872e-01 1.345315491046246599e-02 -9.944364926055178078e-01
