1.000000000000000056e-01 4.706662697553479734e-03 2.326475667199702762e-03 -9.999799654909760083e-01
3.071428571428571619e-01 1.401814346543712314e-02 7.016465312226855856e-03 -9.998183491257383038e-01
5.142857142857142350e-01 2.202695199991475811e-02 1.121346829402005037e-02 -9.995309513910176635e-01
7.214285714285714191e-01 2.800147898390725407e-02 1.426546647052850773e-02 -9.991883817393227840e-01
9.285714285714284921e-01 3.153394981903068911e-02 1.509559696370416440e-02 -9.988725416572833415e-01
1.135714285714285676e+00 3.284746849983351258e-02 1.218533282825629352e-02 -9.986351371810219257e-01
1.342857142857142971e+00 3.319066063553127027e-02 3.795241689483723133e-03 -9.984298358498117087e-01
1.550000000000000044e+00 3.519343216169047023e-02 -1.145605392669585970e-02 -9.980255736091593333e-01
1.757142857142857117e+00 4.289939568842947998e-02 -3.359664638072005355e-02 -9.969361211775427112e-01
1.964285714285714191e+00 6.108363134405010025e-02 -6.003969907254659566e-02 -9.944379841242929619e-01
2.171428571428571264e+00 9.348554689971717846e-02 -8.459904538160115117e-02 -9.897747635025256896e-01
2.378571428571428559e+00 1.399982145656519517e-01 -9.773145965416910053e-02 -9.826153569448589087e-01
2.585714285714285854e+00 1.936936756012258842e-01 -8.914484630657582009e-02 -9.736918136986379979e-01
2.792857142857142705e+00 2.397252136086516772e-01 -5.322240338843997609e-02 -9.652796365460905026e-01
3.000000000000000000e+00 2.587643302355808195e-01 4.170125407646264187e-03 -9.609184148773110001e-01
