1.000000000000000056e-01 -2.901114419497469090e-03 -8.902951387019042233e-05 -9.999957877719749533e-01
3.071428571428571619e-01 -8.922468364628968751e-03 -2.633642483802207772e-04 -9.999601590826966424e-01
5.142857142857142350e-01 -1.497863753848505640e-02 -4.053316992977721808e-04 -9.998877311366030085e-01
7.214285714285714191e-01 -2.108769745667912060e-02 -4.881455565525604900e-04 -9.997775093891887455e-01
9.285714285714284921e-01 -2.725856207233597409e-02 -4.792075295992325183e-04 -9.996282994701264357e-01
1.135714285714285676e+00 -3.348573437088293858e-02 -3.384221822040521998e-04 -9.994391352211772217e-01
1.342857142857142971e+00 -3.974332034435539007e-02 -2.313176057288649694e-05 -9.992099176380824233e-01
1.550000000000000044e+00 -4.597982899343806135e-02 5.039483492906844230e-04 -9.989422356325542429e-01
1.757142857142857117e+00 -5.211521251358429418e-02 1.263988158276577786e-03 -9.986402718492313202e-01
1.964285714285714191e+00 -5.804515857683899965e-02 2.243582688180418075e-03 -9.983114283420404522e-01
2.171428571428571264e+00 -6.365568372103655448e-02 3.376124405428005716e-03 -9.979661987776392573e-01
2.378571428571428559e+00 -6.884972289078364338e-02 4.531492031325122863e-03 -9.976167376269787779e-01
2.585714285714285854e+00 -7.358694131775783687e-02 5.509728172681963541e-03 -9.972735705259796468e-01
2.792857142857142705e+00 -7.793122158489436402e-02 6.075216812518145250e-03 -9.969402095101863592e-01
3.000000000000000000e+00 -8.208770892026395760e-02 6.009645950262428732e-03 -9.966069698434345536e-01
