1.000000000000000056e-01 1.557533207277369582e-03 2.651940383735272491e-03 -9.999952655057350315e-01
3.071428571428571619e-01 5.136391043775228801e-03 8.012251741691173504e-03 -9.999546612374701215e-01
5.142857142857142350e-01 9.763945796001568048e-03 1.290019790638380522e-02 -9.998689811379647407e-01
7.214285714285714191e-01 1.603779134902948850e-02 1.678120977175506789e-02 -9.997302880682520376e-01
9.285714285714284921e-01 2.433264805846380163e-02 1.882853870858218828e-02 -9.995261534572559281e-01
1.135714285714285676e+00 3.460942554434127960e-02 1.789246144108157244e-02 -9.992400822616759326e-01
1.342857142857142971e+00 4.616130757635383136e-02 1.259514864249656682e-02 -9.988536836395124352e-01
1.550000000000000044e+00 5.734911691476823198e-02 1.619685132930320445e-03 -9.983516685478904806e-01
1.757142857142857117e+00 6.544582383127645064e-02 -1.575383349806014702e-02 -9.977302233380889174e-01
1.964285714285714191e+00 6.678410643373793032e-02 -3.887798455051578311e-02 -9.970078192369382641e-01
2.171428571428571264e+00 5.744005078787963597e-02 -6.489803859879522685e-02 -9.962350593172241142e-01
2.378571428571428559e+00 3.461963950721595740e-02 -8.821546692951660884e-02 -9.954968910397352655e-01
2.585714285714285854e+00 -1.343186161703266348e-03 -1.008209668404173032e-01 -9.949004771824124793e-01
2.792857142857142705e+00 -4.494129628669489562e-02 -9.416422244127825580e-02 -9.945381043813853461e-01
3.000000000000000000e+00 -8.457850051439574912e-02 -6.272635422432965013e-02 -9.944362865717285560e-01
