1.000000000000000056e-01 -1.542952071272423288e-03 -3.808568352237356059e-03 -9.999913266306620363e-01
3.071428571428571619e-01 -4.351585479632410006e-03 -1.192626009169461820e-02 -9.999172392965947065e-01
5.142857142857142350e-01 -5.933294263279956411e-03 -2.066227025950679447e-02 -9.997628293391681575e-01
7.214285714285714191e-01 -5.334615441781816875e-03 -3.015805434211841357e-02 -9.995189799039596590e-01
9.285714285714284921e-01 -1.493456192258419898e-03 -4.010833567951841566e-02 -9.991745313888634739e-01
1.135714285714285676e+00 6.630254310106762673e-03 -4.954866123783574494e-02 -9.987203788098735213e-01
1.342857142857142971e+00 1.974383299604180048e-02 -5.669233731506126417e-02 -9.981556714498744931e-01
1.550000000000000044e+00 3.770776905067842882e-02 -5.892121038609037659e-02 -9.974962041364796583e-01
1.757142857142857117e+00 5.887343135398456773e-02 -5.312180153029463781e-02 -9.967821235740019770e-01
1.964285714285714191e+00 7.948482480310598008e-02 -3.653171121677716016e-02 -9.960810146024398071e-01
2.171428571428571264e+00 9.352524192622693744e-02 -8.184180634023954098e-03 -9.954798044415937852e-01
2.378571428571428559e+00 9.356114525923867054e-02 2.927564042987368734e-02 -9.950601297584672489e-01
2.585714285714285854e+00 7.306201251675911723e-02 6.810962351929548964e-02 -9.948554085188834328e-01
2.792857142857142705e+00 3.014144075984434221e-02 9.552780752231698758e-02 -9.948048536792538643e-01
3.000000000000000000e+00 -2.830183381217273031e-02 9.670202345650275033e-02 -9.947225128608346845e-01
