1.000000000000000056e-01 -5.274677978891230412e-03 -1.624303424930623359e-03 -9.999792472753428196e-01
3.071428571428571619e-01 -1.556718948886531145e-02 -5.487132928785639144e-03 -9.998117286866168296e-01
5.142857142857142350e-01 -2.381752288922099961e-02 -1.071297179642150509e-02 -9.995133460542118264e-01
7.214285714285714191e-01 -2.833708055329305434e-02 -1.766086970854347307e-02 -9.991569230878083463e-01
9.285714285714284921e-01 -2.716879007222465503e-02 -2.574902706072172004e-02 -9.988284721183173787e-01
1.135714285714285676e+00 -1.841134162547194281e-02 -3.299469554731025711e-02 -9.985860704055139481e-01
1.342857142857142971e+00 -1.000636861427983042e-03 -3.567970374689754393e-02 -9.983915386187951491e-01
1.550000000000000044e+00 2.403412219495592445e-02 -2.850557594772382825e-02 -9.980215535700847074e-01
1.757142857142857117e+00 5.207811689932646815e-02 -5.706838883897846076e-03 -9.969925314305472241e-01
1.964285714285714191e+00 7.393778852215208974e-02 3.646533339736696827e-02 -9.945717007628860351e-01
2.171428571428571264e+00 7.657608395236906174e-02 9.601717121327267568e-02 -9.899753252883144450e-01
2.378571428571428559e+00 4.695727309616012229e-02 1.615159636714347813e-01 -9.828260152961953988e-01
2.585714285714285854e+00 -2.054645828322447867e-02 2.111233763806427965e-01 -9.738045375423161065e-01
2.792857142857142705e+00 -1.152134668904852832e-01 2.179124433897177415e-01 -9.651600997693404738e-01
3.000000000000000000e+00 -2.051169639841987358e-01 1.633343406428084676e-01 -9.604713441432752852e-01
