1.000000000000000056e-01 4.972255777259750753e-05 -2.491884196721155190e-03 -9.999968940059200673e-01
3.071428571428571619e-01 3.889944708882900944e-04 -7.650193097067543684e-03 -9.999706610929706141e-01
5.142857142857142350e-01 1.447993118874549593e-03 -1.276271447697958222e-02 -9.999175045598588385e-01
7.214285714285714191e-01 3.699399997073921174e-03 -1.767864561221238126e-02 -9.998368761593492415e-01
9.285714285714284921e-01 7.570495072628148289e-03 -2.207129231363421512e-02 -9.997277349395913282e-01
1.135714285714285676e+00 1.337369660327749309e-02 -2.538186796053382502e-02 -9.995883665572254939e-01
1.342857142857142971e+00 2.119226714309771151e-02 -2.679665149673458521e-02 -9.994162415421763423e-01
1.550000000000000044e+00 3.072311616584282729e-02 -2.528618110515675615e-02 -9.992080337168920412e-01
1.757142857142857117e+00 4.109861802325973784e-02 -1.974188467480347473e-02 -9.989600371383913213e-01
1.964285714285714191e+00 5.073908635188346949e-02 -9.246194213293975478e-03 -9.986691373189484633e-01
2.171428571428571264e+00 5.732407233052721346e-02 6.510523444598892255e-03 -9.983343904255259638e-01
2.378571428571428559e+00 5.799583384128186719e-02 2.671278205321802809e-02 -9.979593678651552668e-01
2.585714285714285854e+00 4.991046602553057820e-02 4.892296059920111378e-02 -9.975547487812160830e-01
2.792857142857142705e+00 3.120633169581431277e-02 6.884767397489234553e-02 -9.971389814728360834e-01
3.000000000000000000e+00 2.243043047842728163e-03 8.067736785768574170e-02 -9.967377362599212365e-01
