1.000000000000000056e-01 -1.722663597572106147e-04 -2.565323602269139937e-03 -9.999966920929168612e-01
3.071428571428571619e-01 -2.285464635534948416e-04 -7.876992717849858744e-03 -9.999689251876114904e-01
5.142857142857142350e-01 6.300560741454541399e-04 -1.312881194105986089e-02 -9.999135457813880246e-01
7.214285714285714191e-01 2.999502694913336320e-03 -1.810571520009685020e-02 -9.998314431235759692e-01
9.285714285714284921e-01 7.400775946410561960e-03 -2.233831050765545251e-02 -9.997228517721198360e-01
1.135714285714285676e+00 1.416480499090548920e-02 -2.502794014083937341e-02 -9.995860609471881597e-01
1.342857142857142971e+00 2.325067076161011284e-02 -2.503475092509923478e-02 -9.994156991068828821e-01
1.550000000000000044e+00 3.399971444507911278e-02 -2.097709001786862704e-02 -9.992010570717105855e-01
1.757142857142857117e+00 4.488585956383214781e-02 -1.150467565286633284e-02 -9.989250893711661972e-01
1.964285714285714191e+00 5.336442948906777728e-02 4.207769780376285386e-03 -9.985652650271880093e-01
2.171428571428571264e+00 5.599078009155624563e-02 2.576419885191611261e-02 -9.980976325196969645e-01
2.378571428571428559e+00 4.900661473812674418e-02 5.078555682737772442e-02 -9.975050780082329593e-01
2.585714285714285854e+00 2.952791519929364936e-02 7.439843832417933345e-02 -9.967896981538713064e-01
2.792857142857142705e+00 -2.721205429718678587e-03 8.944113558139842046e-02 -9.959864979059953605e-01
3.000000000000000000e+00 -4.357821672370622290e-02 8.793567205944795295e-02 -9.951703144926892231e-01
