1.000000000000000056e-01 3.920240690545637348e-03 -1.237565623675026052e-03 -9.999913199672816333e-01
3.071428571428571619e-01 1.212586753509087636e-02 -3.775994449171420943e-03 -9.999171784199870627e-01
5.142857142857142350e-01 2.058478407229974438e-02 -6.221337739721413858e-03 -9.997626635680849638e-01
7.214285714285714191e-01 2.944195860872808948e-02 -8.461899359194908349e-03 -9.995186724735455330e-01
9.285714285714284921e-01 3.879111879132774582e-02 -1.032083139453528371e-02 -9.991741093768282678e-01
1.135714285714285676e+00 4.863447878893027709e-02 -1.155123421378188332e-02 -9.987199179929709958e-01
1.342857142857142971e+00 5.883006182729685896e-02 -1.186128907068262003e-02 -9.981554777814529711e-01
1.550000000000000044e+00 6.904484840384761402e-02 -1.097567075013849980e-02 -9.974967715831823956e-01
1.757142857142857117e+00 7.873494249548920743e-02 -8.748579344042578532e-03 -9.967842164868564447e-01
1.964285714285714191e+00 8.719232283763812819e-02 -5.307409491638669791e-03 -9.960856586105730770e-01
2.171428571428571264e+00 9.369270914081465063e-02 -1.192186101646400742e-03 -9.954881555852695962e-01
2.378571428571428559e+00 9.775634479761130535e-02 2.586025541275063441e-03 -9.950727603821443168e-01
2.585714285714285854e+00 9.946989853931348380e-02 4.658326620212926983e-03 -9.948727746351225809e-01
2.792857142857142705e+00 9.976282915830278486e-02 3.660299915272103438e-03 -9.948250319774452066e-01
3.000000000000000000e+00 1.004235121763553396e-01 -1.199870297261553930e-03 -9.947424795926821384e-01
