1.000000000000000056e-01 8.181108396783305647e-02 -2.908244827694361767e-01 -9.514318221263559083e-01
2.000000000000000111e-01 1.272638343749291634e-01 -5.484250418990070930e-01 -8.152929580059764536e-01
2.999999999999999889e-01 1.138639196319038982e-01 -7.451361263527882528e-01 -6.162972168045283139e-01
4.000000000000000222e-01 3.982837298703179041e-02 -8.629647020844655181e-01 -3.849761610325631023e-01
5.000000000000000000e-01 -7.803048531067247051e-02 -8.954685089192966352e-01 -1.484850957756934098e-01
5.999999999999999778e-01 -2.122007735822012409e-01 -8.475107651519361296e-01 7.437536467254030059e-02
6.999999999999999556e-01 -3.334861587484301282e-01 -7.336300226475790387e-01 2.734948224037438425e-01
7.999999999999999334e-01 -4.182350559803366119e-01 -5.755725301832906871e-01 4.450602167542099252e-01
8.999999999999999112e-01 -4.529139968933421079e-01 -3.990638121011870210e-01 5.887105504527448963e-01
9.999999999999998890e-01 -4.358885948978141744e-01 -2.297387267552873091e-01 7.055852080363298473e-01
1.099999999999999867e+00 -3.765040684116658376e-01 -8.867932266932684882e-02 7.974597006920769449e-01
1.199999999999999956e+00 -2.915442962516492931e-01 1.136345448471220987e-02 8.667060698566745325e-01
1.300000000000000044e+00 -2.001051476826661291e-01 6.764869645502660789e-02 9.163818640670273741e-01
1.399999999999999911e+00 -1.184731634169139680e-01 8.638274917697098820e-02 9.501151651134943643e-01
1.500000000000000000e+00 -5.661580638312539715e-02 7.931672127922520521e-02 9.717331215506109787e-01
1.599999999999999867e+00 -1.726815784699461259e-02 5.943679137806939794e-02 9.847928734904345394e-01
1.699999999999999956e+00 2.616200453509808649e-03 3.736506000640259229e-02 9.922316544918288184e-01
1.800000000000000044e+00 9.100774402301009189e-03 1.948176894984120569e-02 9.962305639915467470e-01
1.899999999999999911e+00 8.485062560308533758e-03 7.961065298922664207e-03 9.982620040646922321e-01
2.000000000000000000e+00 5.498014713969513571e-03 2.074520138133701796e-03 9.992384042625265250e-01
2.099999999999999645e+00 2.731678832803915644e-03 -1.135160471452600559e-04 9.996828148298667616e-01
2.199999999999999734e+00 1.026161570466406579e-03 -5.048321646443103185e-04 9.998744938109245251e-01
2.299999999999999822e+00 2.630867847037420297e-04 -3.184018747974645051e-04 9.999528376979661681e-01
2.399999999999999911e+00 3.056810128405165760e-05 -1.148835338632357142e-04 9.999831771121794333e-01
2.500000000000000000e+00 -2.363438302258844296e-06 -1.998083895447470674e-05 9.999943060649677529e-01
2.600000000000000089e+00 1.987365199145751807e-06 5.364192367800380255e-06 9.999981714326265925e-01
2.699999999999999734e+00 4.565039187404520359e-06 2.855678529106024778e-06 9.999994426711676931e-01
2.799999999999999822e+00 1.171075789844661096e-06 -2.204202243461274438e-07 9.999998387064593652e-01
2.899999999999999911e+00 3.982104232762545284e-06 2.942755209657960006e-06 9.999999556371274023e-01
3.000000000000000000e+00 3.856473366254600736e-06 1.918462634938137390e-06 9.999999884013980322e-01
