0.000000000000000000e+00 8.496195199824983994e-12 8.960041297447815202e-12 -1.000000000000000000e+00
2.105263157894736725e-01 4.456269903437780622e-01 3.779906152830029842e-01 -7.924167784621924948e-01
4.210526315789473450e-01 7.674972004210252052e-01 3.620719541201680713e-01 -3.395634581898006044e-01
6.315789473684210176e-01 8.019202397467785071e-01 7.928199208092429062e-03 8.835828796277700459e-02
8.421052631578946901e-01 5.208281953169863199e-01 -3.304458522371754858e-01 3.887945267850101416e-01
1.052631578947368363e+00 1.313135123007566074e-01 -3.914072571417405166e-01 5.902433268846057901e-01
1.263157894736842035e+00 -1.013372030927424117e-01 -2.186218647587429564e-01 7.370838121848595215e-01
1.473684210526315708e+00 -1.149404530928950646e-01 -3.733130194273269475e-02 8.463757492004766458e-01
1.684210526315789380e+00 -4.338047368707264456e-02 2.808310006040325851e-02 9.201669090369606341e-01
1.894736842105263053e+00 -7.594654395889788995e-04 1.878863679771231032e-02 9.631612293638037725e-01
2.105263157894736725e+00 4.833789465078152867e-03 3.220594909317794907e-03 9.848067386236883936e-01
2.315789473684210620e+00 1.320608159486844763e-03 -7.226688333606247436e-04 9.943666079196243901e-01
2.526315789473684070e+00 -2.574653421298026944e-05 -3.250779795819930544e-04 9.981165515293881629e-01
2.736842105263157521e+00 -5.204053574929857237e-05 -1.703656521494371402e-05 9.994317103407625025e-01
2.947368421052631415e+00 -3.990197489639377771e-06 5.562936536660042910e-06 9.998452557417112363e-01
3.157894736842105310e+00 2.205306781290709134e-06 1.067809245659436052e-06 9.999619773320825855e-01
3.368421052631578760e+00 -3.274030054234545838e-06 -2.349220247617829813e-06 9.999915688232516864e-01
3.578947368421052211e+00 1.092851492334955110e-06 8.648151292729798691e-07 9.999983123653145567e-01
3.789473684210526105e+00 7.956158841469539412e-07 -5.827529868370002450e-07 9.999996949212698327e-01
4.000000000000000000e+00 1.726297560501608606e-07 -2.173287364618550807e-06 9.999999501694654125e-01
