1.000000000000000056e-01 -1.792060790226749148e-02 -3.041299797916270919e-01 -9.516725030715647016e-01
2.000000000000000111e-01 -9.167867430069283341e-02 -5.547967524755670343e-01 -8.172972571378014361e-01
2.999999999999999889e-01 -1.643423848359532036e-01 -7.342966874779163211e-01 -6.157799392198531896e-01
4.000000000000000222e-01 -1.946478819024094753e-01 -8.489624770817958410e-01 -3.584965056930535243e-01
5.000000000000000000e-01 -1.848794009368400493e-01 -8.981459456104692318e-01 -5.678877173836750780e-02
5.999999999999999778e-01 -1.620276585195307706e-01 -8.657763725626941298e-01 2.591635329069431615e-01
6.999999999999999556e-01 -1.430251839361236510e-01 -7.445890401121779689e-01 5.498092442876085784e-01
7.999999999999999334e-01 -1.305450594049254176e-01 -5.447617493726836235e-01 7.824896655994096895e-01
8.999999999999999112e-01 -1.223401208470002582e-01 -2.875389418194737035e-01 9.347740339901483564e-01
9.999999999999998890e-01 -1.164881486947667716e-01 4.543796311088339019e-04 9.929993723432177788e-01
1.099999999999999867e+00 -1.120041289625524211e-01 2.901615864959616875e-01 9.523268473022877822e-01
1.199999999999999956e+00 -1.084039104615991816e-01 5.526405782279621981e-01 8.172748397358272632e-01
1.300000000000000044e+00 -1.054217706550849148e-01 7.617524671012962934e-01 6.014443498804459276e-01
1.399999999999999911e+00 -1.028944259272192296e-01 8.966723599688780633e-01 3.262564577946284738e-01
1.500000000000000000e+00 -1.007150223273470535e-01 9.439083524354960897e-01 1.887908780174549911e-02
1.599999999999999867e+00 -9.880889753376438656e-02 8.986156690152702353e-01 -2.904113303050545603e-01
1.699999999999999956e+00 -9.712235423570045323e-02 7.650691011942679642e-01 -5.712022895917261422e-01
1.800000000000000044e+00 -9.561552101333889442e-02 5.562420090847712828e-01 -7.959076758260579254e-01
1.899999999999999911e+00 -9.425815713043386723e-02 2.925279839261277770e-01 -9.424731318945452907e-01
2.000000000000000000e+00 -9.302603224755830180e-02 -2.602914406358978919e-04 -9.965247839225479520e-01
2.099999999999999645e+00 -9.190106829399873056e-02 -2.934263251621005986e-01 -9.527733283832098277e-01
2.199999999999999734e+00 -9.086831224576065458e-02 -5.582093438084535508e-01 -8.155244010441682345e-01
2.299999999999999822e+00 -8.991543978298352502e-02 -7.686037896782952350e-01 -5.982537613988914149e-01
2.399999999999999911e+00 -8.903269303517968858e-02 -9.039203599389088462e-01 -3.222796036762839988e-01
2.500000000000000000e+00 -8.821135848772183874e-02 -9.508179939762509969e-01 -1.467171685229019806e-02
2.600000000000000089e+00 -8.744371562372016404e-02 -9.046187980216436886e-01 2.944008492406203215e-01
2.699999999999999734e+00 -8.672669787324828461e-02 -7.697657620020943448e-01 5.746414063192886168e-01
2.799999999999999822e+00 -8.605146173682283461e-02 -5.594095250319732759e-01 7.985682028664677912e-01
2.899999999999999911e+00 -8.541575343764486183e-02 -2.940998935465434783e-01 9.442370915219220340e-01
3.000000000000000000e+00 -8.481641795261847527e-02 2.049890902443498740e-04 9.973686162749285655e-01
