1.000000000000000056e-01 9.753674258581561674e-01 0.000000000000000000e+00 2.463257414184166424e-02 0.000000000000000000e+00 0.000000000000000000e+00 0.000000000000000000e+00 1.691252827302993506e-02 1.625507863181814006e-01 0.000000000000000000e+00 0.000000000000000000e+00 0.000000000000000000e+00 0.000000000000000000e+00 0.000000000000000000e+00 0.000000000000000000e+00 0.000000000000000000e+00 0.000000000000000000e+00
2.000000000000000111e-01 9.048967710696456113e-01 0.000000000000000000e+00 9.510322893035388914e-02 0.000000000000000000e+00 0.000000000000000000e+00 0.000000000000000000e+00 2.891148674260640358e-02 3.062381694828020806e-01 0.000000000000000000e+00 0.000000000000000000e+00 0.000000000000000000e+00 0.000000000000000000e+00 0.000000000000000000e+00 0.000000000000000000e+00 0.000000000000000000e+00 0.000000000000000000e+00
2.999999999999999889e-01 7.983310919371493508e-01 0.000000000000000000e+00 2.016689080628501218e-01 0.000000000000000000e+00 0.000000000000000000e+00 0.000000000000000000e+00 3.309632435851141835e-02 4.153898520221943058e-01 0.000000000000000000e+00 0.000000000000000000e+00 0.000000000000000000e+00 0.000000000000000000e+00 0.000000000000000000e+00 0.000000000000000000e+00 0.000000000000000000e+00 0.000000000000000000e+00
4.000000000000000222e-01 6.697418492057198858e-01 0.000000000000000000e+00 3.302581507942768391e-01 0.000000000000000000e+00 0.000000000000000000e+00 0.000000000000000000e+00 2.925428731248245692e-02 4.808290471356078677e-01 0.000000000000000000e+00 0.000000000000000000e+00 0.000000000000000000e+00 0.000000000000000000e+00 0.000000000000000000e+00 0.000000000000000000e+00 0.000000000000000000e+00 0.000000000000000000e+00
5.000000000000000000e-01 5.345465869739410847e-01 0.000000000000000000e+00 4.654534130260597480e-01 0.000000000000000000e+00 0.000000000000000000e+00 0.000000000000000000e+00 1.970482469084249011e-02 5.013153919166685180e-01 0.000000000000000000e+00 0.000000000000000000e+00 0.000000000000000000e+00 0.000000000000000000e+00 0.000000000000000000e+00 0.000000000000000000e+00 0.000000000000000000e+00 0.000000000000000000e+00
5.999999999999999778e-01 4.064878125173038703e-01 0.000000000000000000e+00 5.935121874827001820e-01 0.000000000000000000e+00 0.000000000000000000e+00 0.000000000000000000e+00 8.271552713994012943e-03 4.828965535470648995e-01 0.000000000000000000e+00 0.000000000000000000e+00 0.000000000000000000e+00 0.000000000000000000e+00 0.000000000000000000e+00 0.000000000000000000e+00 0.000000000000000000e+00 0.000000000000000000e+00
6.999999999999999556e-01 2.954202553528981201e-01 0.000000000000000000e+00 7.045797446471021575e-01 0.000000000000000000e+00 0.000000000000000000e+00 0.000000000000000000e+00 -1.190447909682239552e-03 4.365722524066387167e-01 0.000000000000000000e+00 0.000000000000000000e+00 0.000000000000000000e+00 0.000000000000000000e+00 0.000000000000000000e+00 0.000000000000000000e+00 0.000000000000000000e+00 0.000000000000000000e+00
7.999999999999999334e-01 2.063819736528290649e-01 0.000000000000000000e+00 7.936180263471712681e-01 0.000000000000000000e+00 0.000000000000000000e+00 0.000000000000000000e+00 -6.112359609270506811e-03 3.751488241273766566e-01 0.000000000000000000e+00 0.000000000000000000e+00 0.000000000000000000e+00 0.000000000000000000e+00 0.000000000000000000e+00 0.000000000000000000e+00 0.000000000000000000e+00 0.000000000000000000e+00
8.999999999999999112e-01 1.399433097015855831e-01 0.000000000000000000e+00 8.600566902984158046e-01 0.000000000000000000e+00 0.000000000000000000e+00 0.000000000000000000e+00 -5.895719731108625683e-03 3.102692872884161290e-01 0.000000000000000000e+00 0.000000000000000000e+00 0.000000000000000000e+00 0.000000000000000000e+00 0.000000000000000000e+00 0.000000000000000000e+00 0.000000000000000000e+00 0.000000000000000000e+00
9.999999999999998890e-01 9.344287612153116818e-02 0.000000000000000000e+00 9.065571238784692065e-01 0.000000000000000000e+00 0.000000000000000000e+00 0.000000000000000000e+00 -1.790711988386821775e-03 2.503611654229661587e-01 0.000000000000000000e+00 0.000000000000000000e+00 0.000000000000000000e+00 0.000000000000000000e+00 0.000000000000000000e+00 0.000000000000000000e+00 0.000000000000000000e+00 0.000000000000000000e+00
1.099999999999999867e+00 6.255688079900720289e-02 0.000000000000000000e+00 9.374431192009952118e-01 0.000000000000000000e+00 0.000000000000000000e+00 0.000000000000000000e+00 3.876487984866513071e-03 1.998238413708973704e-01 0.000000000000000000e+00 0.000000000000000000e+00 0.000000000000000000e+00 0.000000000000000000e+00 0.000000000000000000e+00 0.000000000000000000e+00 0.000000000000000000e+00 0.000000000000000000e+00
1.199999999999999956e+00 4.270782640134788283e-02 0.000000000000000000e+00 9.572921735986509306e-01 0.000000000000000000e+00 0.000000000000000000e+00 0.000000000000000000e+00 8.769795129473132236e-03 1.593721001482105160e-01 0.000000000000000000e+00 0.000000000000000000e+00 0.000000000000000000e+00 0.000000000000000000e+00 0.000000000000000000e+00 0.000000000000000000e+00 0.000000000000000000e+00 0.000000000000000000e+00
1.300000000000000044e+00 3.001937504209495691e-02 0.000000000000000000e+00 9.699806249579040474e-01 0.000000000000000000e+00 0.000000000000000000e+00 0.000000000000000000e+00 1.146607826090541814e-02 1.271894628169379093e-01 0.000000000000000000e+00 0.000000000000000000e+00 0.000000000000000000e+00 0.000000000000000000e+00 0.000000000000000000e+00 0.000000000000000000e+00 0.000000000000000000e+00 0.000000000000000000e+00
1.399999999999999911e+00 2.173199684189209419e-02 0.000000000000000000e+00 9.782680031581083568e-01 0.000000000000000000e+00 0.000000000000000000e+00 0.000000000000000000e+00 1.197537277293729552e-02 1.004109291999502190e-01 0.000000000000000000e+00 0.000000000000000000e+00 0.000000000000000000e+00 0.000000000000000000e+00 0.000000000000000000e+00 0.000000000000000000e+00 0.000000000000000000e+00 0.000000000000000000e+00
1.500000000000000000e+00 1.618905754444559947e-02 0.000000000000000000e+00 9.838109424555552263e-01 0.000000000000000000e+00 0.000000000000000000e+00 0.000000000000000000e+00 1.165492331353425691e-02 7.654125194402004728e-02 0.000000000000000000e+00 0.000000000000000000e+00 0.000000000000000000e+00 0.000000000000000000e+00 0.000000000000000000e+00 0.000000000000000000e+00 0.000000000000000000e+00 0.000000000000000000e+00
1.599999999999999867e+00 1.255180818961668110e-02 0.000000000000000000e+00 9.874481918103843459e-01 0.000000000000000000e+00 0.000000000000000000e+00 0.000000000000000000e+00 1.259733797493608684e-02 5.442810848431684639e-02 0.000000000000000000e+00 0.000000000000000000e+00 0.000000000000000000e+00 0.000000000000000000e+00 0.000000000000000000e+00 0.000000000000000000e+00 0.000000000000000000e+00 0.000000000000000000e+00
1.699999999999999956e+00 1.043143784897160829e-02 0.000000000000000000e+00 9.895685621510270646e-01 0.000000000000000000e+00 0.000000000000000000e+00 0.000000000000000000e+00 1.671167200771763936e-02 3.457539517306366245e-02 0.000000000000000000e+00 0.000000000000000000e+00 0.000000000000000000e+00 0.000000000000000000e+00 0.000000000000000000e+00 0.000000000000000000e+00 0.000000000000000000e+00 0.000000000000000000e+00
1.800000000000000044e+00 9.582488418714509362e-03 0.000000000000000000e+00 9.904175115812878794e-01 0.000000000000000000e+00 0.000000000000000000e+00 0.000000000000000000e+00 2.479283357390250908e-02 1.879624976404127915e-02 0.000000000000000000e+00 0.000000000000000000e+00 0.000000000000000000e+00 0.000000000000000000e+00 0.000000000000000000e+00 0.000000000000000000e+00 0.000000000000000000e+00 0.000000000000000000e+00
1.899999999999999911e+00 9.724482768468472454e-03 0.000000000000000000e+00 9.902755172315307330e-01 0.000000000000000000e+00 0.000000000000000000e+00 0.000000000000000000e+00 3.595330488972817151e-02 9.311168646285590891e-03 0.000000000000000000e+00 0.000000000000000000e+00 0.000000000000000000e+00 0.000000000000000000e+00 0.000000000000000000e+00 0.000000000000000000e+00 0.000000000000000000e+00 0.000000000000000000e+00
2.000000000000000000e+00 1.050108126814256609e-02 0.000000000000000000e+00 9.894989187318542490e-01 0.000000000000000000e+00 0.000000000000000000e+00 0.000000000000000000e+00 4.765072033198767404e-02 7.602388138971761036e-03 0.000000000000000000e+00 0.000000000000000000e+00 0.000000000000000000e+00 0.000000000000000000e+00 0.000000000000000000e+00 0.000000000000000000e+00 0.000000000000000000e+00 0.000000000000000000e+00
2.099999999999999645e+00 1.153557583825824337e-02 0.000000000000000000e+00 9.884644241617438487e-01 0.000000000000000000e+00 0.000000000000000000e+00 0.000000000000000000e+00 5.640166569355272580e-02 1.345690193912724847e-02 0.000000000000000000e+00 0.000000000000000000e+00 0.000000000000000000e+00 0.000000000000000000e+00 0.000000000000000000e+00 0.000000000000000000e+00 0.000000000000000000e+00 0.000000000000000000e+00
2.199999999999999734e+00 1.251897524415171610e-02 0.000000000000000000e+00 9.874810247558490905e-01 0.000000000000000000e+00 0.000000000000000000e+00 0.000000000000000000e+00 5.897251763328460045e-02 2.458982863119754322e-02 0.000000000000000000e+00 0.000000000000000000e+00 0.000000000000000000e+00 0.000000000000000000e+00 0.000000000000000000e+00 0.000000000000000000e+00 0.000000000000000000e+00 0.000000000000000000e+00
2.299999999999999822e+00 1.327333342586586688e-02 0.000000000000000000e+00 9.867266665741352138e-01 0.000000000000000000e+00 0.000000000000000000e+00 0.000000000000000000e+00 5.365730417206161090e-02 3.705623130371808738e-02 0.000000000000000000e+00 0.000000000000000000e+00 0.000000000000000000e+00 0.000000000000000000e+00 0.000000000000000000e+00 0.000000000000000000e+00 0.000000000000000000e+00 0.000000000000000000e+00
2.399999999999999911e+00 1.375790077917850643e-02 0.000000000000000000e+00 9.862420992208225101e-01 0.000000000000000000e+00 0.000000000000000000e+00 0.000000000000000000e+00 4.108550064197675350e-02 4.641034320970648108e-02 0.000000000000000000e+00 0.000000000000000000e+00 0.000000000000000000e+00 0.000000000000000000e+00 0.000000000000000000e+00 0.000000000000000000e+00 0.000000000000000000e+00 0.000000000000000000e+00
2.500000000000000000e+00 1.402559090033955388e-02 0.000000000000000000e+00 9.859744090996619414e-01 0.000000000000000000e+00 0.000000000000000000e+00 0.000000000000000000e+00 2.422128504655979286e-02 4.917427773019111825e-02 0.000000000000000000e+00 0.000000000000000000e+00 0.000000000000000000e+00 0.000000000000000000e+00 0.000000000000000000e+00 0.000000000000000000e+00 0.000000000000000000e+00 0.000000000000000000e+00
2.600000000000000089e+00 1.415663423361325675e-02 0.000000000000000000e+00 9.858433657663843164e-01 0.000000000000000000e+00 0.000000000000000000e+00 0.000000000000000000e+00 7.462167146297915207e-03 4.406295376555301874e-02 0.000000000000000000e+00 0.000000000000000000e+00 0.000000000000000000e+00 0.000000000000000000e+00 0.000000000000000000e+00 0.000000000000000000e+00 0.000000000000000000e+00 0.000000000000000000e+00
2.699999999999999734e+00 1.420478039072975603e-02 0.000000000000000000e+00 9.857952196092722996e-01 0.000000000000000000e+00 0.000000000000000000e+00 0.000000000000000000e+00 -4.869864543658617914e-03 3.245543517435420938e-02 0.000000000000000000e+00 0.000000000000000000e+00 0.000000000000000000e+00 0.000000000000000000e+00 0.000000000000000000e+00 0.000000000000000000e+00 0.000000000000000000e+00 0.000000000000000000e+00
2.799999999999999822e+00 1.417587708887456215e-02 0.000000000000000000e+00 9.858241229111274206e-01 0.000000000000000000e+00 0.000000000000000000e+00 0.000000000000000000e+00 -1.003052951482082469e-02 1.786945534181681727e-02 0.000000000000000000e+00 0.000000000000000000e+00 0.000000000000000000e+00 0.000000000000000000e+00 0.000000000000000000e+00 0.000000000000000000e+00 0.000000000000000000e+00 0.000000000000000000e+00
2.899999999999999911e+00 1.403960931279967309e-02 0.000000000000000000e+00 9.859603906872029810e-01 0.000000000000000000e+00 0.000000000000000000e+00 0.000000000000000000e+00 -7.769481420192279365e-03 4.632186635024152996e-03 0.000000000000000000e+00 0.000000000000000000e+00 0.000000000000000000e+00 0.000000000000000000e+00 0.000000000000000000e+00 0.000000000000000000e+00 0.000000000000000000e+00 0.000000000000000000e+00
3.000000000000000000e+00 1.375938648681662192e-02 0.000000000000000000e+00 9.862406135131824847e-01 0.000000000000000000e+00 0.000000000000000000e+00 0.000000000000000000e+00 -2.952625907395298502e-04 -3.681828044429934395e-03 0.000000000000000000e+00 0.000000000000000000e+00 0.000000000000000000e+00 0.000000000000000000e+00 0.000000000000000000e+00 0.000000000000000000e+00 0.000000000000000000e+00 0.000000000000000000e+00
