1.000000000000000056e-01 2.628825530091812301e-01 1.626854411786479992e-01 -9.508787247444400181e-01
3.071428571428571619e-01 6.142441354032860401e-01 5.226775425344067916e-01 -5.843450166385449895e-01
5.142857142857142350e-01 5.235981246254537425e-01 8.342180653400230739e-01 -4.688225281207432371e-02
7.214285714285714191e-01 8.874570298431727622e-02 8.750991431911705476e-01 4.365175735352699871e-01
9.285714285714284921e-01 -3.098596521029114981e-01 5.562136836637447956e-01 7.548509033884167607e-01
1.135714285714285676e+00 -3.712554434034770479e-01 1.204580220608043456e-01 9.147300985115028871e-01
1.342857142857142971e+00 -1.760639402091044303e-01 -1.100053214446595345e-01 9.764887800396629958e-01
1.550000000000000044e+00 -3.380815717949185902e-03 -9.692755962453300511e-02 9.948982874191782955e-01
1.757142857142857117e+00 3.415356653026281608e-02 -2.047377895948244639e-02 9.991393738887066611e-01
1.964285714285714191e+00 1.181652882074257609e-02 8.123395487708717430e-03 9.998880382771171416e-01
2.171428571428571264e+00 -1.230945306830578522e-03 4.561331627907501234e-03 9.999878714313871209e-01
2.378571428571428559e+00 -1.644318018615469057e-03 -9.450702463687074475e-05 9.999985633858561318e-01
2.585714285714285854e+00 -6.895972193826284825e-05 -4.157426965092303689e-04 9.999999059799616896e-01
2.792857142857142705e+00 -3.396081042253066402e-04 -2.085281407105079357e-05 9.999999418562098841e-01
3.000000000000000000e+00 -4.235775740768307507e-05 -2.490728921992172600e-04 9.999999680824541715e-01
