0.000000000000000000e+00 7.964762934137653952e-12 9.499509210849685952e-12 -1.000000000000000000e+00
1.025641025641025605e-01 2.110174721997780112e-01 2.323801862196348267e-01 -9.490152634483250971e-01
2.051282051282051211e-01 4.187154497478636772e-01 4.155625197001338589e-01 -8.044727249115434242e-01
3.076923076923077094e-01 6.139855877347399904e-01 5.126847170516634078e-01 -5.885868718656315224e-01
4.102564102564102422e-01 7.795820292967983178e-01 5.069637046107515754e-01 -3.304928349728148973e-01
5.128205128205127750e-01 8.926404929402513844e-01 4.038032126727311155e-01 -5.953744463106108720e-02
6.153846153846154188e-01 9.312979927186105789e-01 2.286928464234323777e-01 1.990572337820851467e-01
7.179487179487179516e-01 8.832827989355884757e-01 2.178781311616578842e-02 4.265670415055731191e-01
8.205128205128204844e-01 7.531302884733932501e-01 -1.711744239074814156e-01 6.120096541602036977e-01
9.230769230769230171e-01 5.641821330100686982e-01 -3.106347397458578685e-01 7.522961491282667001e-01
1.025641025641025550e+00 3.533430613118757058e-01 -3.741008321773548473e-01 8.509047913326136525e-01
1.128205128205128194e+00 1.600553504995815834e-01 -3.615045091923413945e-01 9.154276033990417227e-01
1.230769230769230838e+00 1.439631566175883504e-02 -2.925610108962448108e-01 9.547927025130908962e-01
1.333333333333333259e+00 -7.069763796163146263e-02 -1.974235986130381537e-01 9.772354852233529066e-01
1.435897435897435903e+00 -1.000691496001780006e-01 -1.052528558789849744e-01 9.892087242418170501e-01
1.538461538461538325e+00 -9.063973878011120922e-02 -3.549648419435195990e-02 9.951900236467660088e-01
1.641025641025640969e+00 -6.291566288397193452e-02 5.263868273604449532e-03 9.979872414082929799e-01
1.743589743589743613e+00 -3.358968804461238966e-02 2.096437241846513255e-02 9.992111491173626403e-01
1.846153846153846034e+00 -1.196163144056391382e-02 2.079949815970809010e-02 9.997110027456789227e-01
1.948717948717948678e+00 -2.182239933206098215e-04 1.402396190870653508e-02 9.999013980568450810e-01
2.051282051282051100e+00 3.819137206978936820e-03 6.916903723346246036e-03 9.999687386345139650e-01
2.153846153846153744e+00 3.690949074302743438e-03 2.168626428397222097e-03 9.999908287892944614e-01
2.256410256410256387e+00 2.225818794514685013e-03 -3.214417729004376625e-05 9.999975210446104823e-01
2.358974358974359031e+00 9.298507234570914035e-04 -6.005468091156414365e-04 9.999993871790296973e-01
2.461538461538461675e+00 2.170913277496359559e-04 -4.805089390693579612e-04 9.999998609726572507e-01
2.564102564102563875e+00 -3.843952608361959531e-05 -2.357349651221259926e-04 9.999999714783801563e-01
2.666666666666666519e+00 -7.287823571213908661e-05 -7.660764677718232853e-05 9.999999944151666265e-01
2.769230769230769162e+00 -4.242234796870965427e-05 -6.919251594109772434e-06 9.999999990813902562e-01
2.871794871794871806e+00 -1.264802147207512656e-05 7.531921096655899242e-06 9.999999998978887916e-01
2.974358974358974450e+00 -4.400825866843623520e-06 7.020002884563204489e-06 9.999999999719919597e-01
3.076923076923076650e+00 -1.542209515536551040e-06 2.687143422353508603e-06 1.000000000002236655e+00
3.179487179487179294e+00 1.030733859371058282e-06 1.100444462819370981e-06 1.000000000004293454e+00
3.282051282051281937e+00 -4.209276106626767130e-06 -3.448556648525026783e-06 9.999999999915191173e-01
3.384615384615384581e+00 1.798976695413068013e-06 -2.918680232882676492e-06 1.000000000001548761e+00
3.487179487179487225e+00 1.704653812700108007e-06 -7.552816653295276618e-07 1.000000000005460299e+00
3.589743589743589425e+00 1.615033569463448895e-06 -3.111614042299163460e-08 1.000000000004885647e+00
3.692307692307692069e+00 5.028537674543255044e-06 9.282562470307535098e-07 9.999999999964566122e-01
3.794871794871794712e+00 2.906971011594022781e-06 -5.401363788987571811e-07 1.000000000004414469e+00
3.897435897435897356e+00 2.595211795295262830e-06 2.837305389872651342e-09 1.000000000008494316e+00
4.000000000000000000e+00 -2.280091034968853090e-06 -4.866010736925973517e-07 1.000000000009818146e+00
