0.000000000000000000e+00 -7.873366653634944317e-12 9.749983698388773878e-12 -1.000000000000000000e+00
1.025641025641025605e-01 -2.088055493293517473e-01 2.390728467753358011e-01 -9.484431575608647247e-01
2.051282051282051211e-01 -4.150585522075635470e-01 4.303083436283253738e-01 -8.018460139460993341e-01
3.076923076923077094e-01 -6.106675633100883127e-01 5.361163583905820262e-01 -5.820484865376754913e-01
4.102564102564102422e-01 -7.789987425420634715e-01 5.369004193921892432e-01 -3.188422126192039796e-01
5.128205128205127750e-01 -8.964557588192167970e-01 4.352306207950207284e-01 -4.338476467762706484e-02
6.153846153846154188e-01 -9.392205109433634513e-01 2.559829459379810990e-01 2.172350213011358389e-01
7.179487179487179516e-01 -8.931573480754417815e-01 4.133290335576975116e-02 4.436636370574841837e-01
8.205128205128204844e-01 -7.623029816489489408e-01 -1.597921064631289689e-01 6.256766936532788259e-01
9.230769230769230171e-01 -5.709302813250412001e-01 -3.054385030044253768e-01 7.617136149293375347e-01
1.025641025641025550e+00 -3.573654333473401667e-01 -3.724318359533589362e-01 8.565543132982157415e-01
1.128205128205128194e+00 -1.620140414420604413e-01 -3.613097108974940297e-01 9.183975604241996216e-01
1.230769230769230838e+00 -1.517171968313230784e-02 -2.927316896351179198e-01 9.561738899352979493e-01
1.333333333333333259e+00 7.045956215610742202e-02 -1.975742993286222771e-01 9.778056331289840530e-01
1.435897435897435903e+00 1.000124814493430769e-01 -1.053261293234680068e-01 9.894188465993953852e-01
1.538461538461538325e+00 9.063751225258731559e-02 -3.552324188301468622e-02 9.952587341954494127e-01
1.641025641025640969e+00 6.291605799130091381e-02 5.254847611261770357e-03 9.980077331088991199e-01
1.743589743589743613e+00 3.359261082512934177e-02 2.096061115602901315e-02 9.992165636553536068e-01
1.846153846153846034e+00 1.196314543785927630e-02 2.080047965835487081e-02 9.997122647817464625e-01
1.948717948717948678e+00 2.221995445519479861e-04 1.402569807237718721e-02 9.999016540320805335e-01
2.051282051282051100e+00 -3.819607316221428420e-03 6.912226537930875672e-03 9.999688241461118787e-01
2.153846153846153744e+00 -3.691508897076041951e-03 2.167168927589160129e-03 9.999908395998339250e-01
2.256410256410256387e+00 -2.222840283162055234e-03 -3.297311145875341139e-05 9.999975292076003219e-01
2.358974358974359031e+00 -9.317821081371507408e-04 -6.028725367667824540e-04 9.999993842074434980e-01
2.461538461538461675e+00 -2.176091264865982777e-04 -4.785506238552359750e-04 9.999998618282037732e-01
2.564102564102563875e+00 3.824077518415629922e-05 -2.365382602876217014e-04 9.999999712997451606e-01
2.666666666666666519e+00 6.971166250852781196e-05 -7.255391964777959540e-05 9.999999949431283008e-01
2.769230769230769162e+00 3.823563234139620707e-05 -1.063236871656589135e-05 9.999999992184706032e-01
2.871794871794871806e+00 1.530155772373793194e-05 6.649251202582249422e-06 9.999999998660528133e-01
2.974358974358974450e+00 3.392839629622711111e-06 9.462253497644887895e-06 9.999999999548718765e-01
3.076923076923076650e+00 2.604255389486328259e-06 1.108916496000630617e-06 1.000000000002780220e+00
3.179487179487179294e+00 1.930287833075953639e-06 3.325470815967408059e-06 9.999999999985219601e-01
3.282051282051281937e+00 -7.965371337945506141e-08 -5.841190791262373564e-07 1.000000000006825429e+00
3.384615384615384581e+00 1.450465844558810614e-06 -2.368264346173272760e-06 1.000000000003228973e+00
3.487179487179487225e+00 4.257528297790212334e-07 -4.841048840738699374e-07 1.000000000007801315e+00
3.589743589743589425e+00 -4.419229114520876474e-06 4.773094393934329408e-07 9.999999999978207432e-01
3.692307692307692069e+00 -3.841769045425090737e-06 1.028056292414508495e-06 9.999999999997850608e-01
3.794871794871794712e+00 -1.582070636297757765e-06 2.314042655776979971e-07 1.000000000008707923e+00
3.897435897435897356e+00 -1.543176513548421152e-06 -7.976376120268440166e-07 1.000000000009670265e+00
4.000000000000000000e+00 -2.489383871488418554e-06 -2.443692760865368663e-06 1.000000000006060707e+00
