1.000000000000000056e-01 1.163637237645458872e-01 -1.074753133218387530e-01 -8.848185902993174201e-01
2.000000000000000111e-01 2.311899631859535564e-01 -2.039976905156511144e-01 -8.378186919644653452e-01
2.999999999999999889e-01 3.426888758860523465e-01 -2.797069199417870355e-01 -7.651959627698003974e-01
4.000000000000000222e-01 4.486233480937887874e-01 -3.268148468729842882e-01 -6.748764439631985690e-01
5.000000000000000000e-01 5.462008360675588703e-01 -3.404027389049072427e-01 -5.767372217861335137e-01
5.999999999999999778e-01 6.320793047167134748e-01 -3.189236466807581216e-01 -4.815572467481368246e-01
6.999999999999999556e-01 7.025271284106739955e-01 -2.643967713646618312e-01 -3.998421048097711150e-01
7.999999999999999334e-01 7.536953521720267668e-01 -1.822467825927392981e-01 -3.406925613547074905e-01
8.999999999999999112e-01 7.820060822710349635e-01 -8.081889839822944954e-02 -3.107999910654493103e-01
9.999999999999998890e-01 7.846034135499690976e-01 2.939923104793271125e-02 -3.136906695376776022e-01
1.099999999999999867e+00 7.598122960819435612e-01 1.367571004195947404e-01 -3.493038610351467121e-01
1.199999999999999956e+00 7.075512871199021170e-01 2.295597685456364223e-01 -4.139419145513951737e-01
1.300000000000000044e+00 6.296364017710404104e-01 2.971893768199634911e-01 -5.006040925285485388e-01
1.399999999999999911e+00 5.299224612926685118e-01 3.311456908144103095e-01 -5.996790128516744645e-01
1.500000000000000000e+00 4.142540749689960222e-01 3.258914773834479250e-01 -6.999171284922337533e-01
1.599999999999999867e+00 2.901936699422138499e-01 2.794364154298183411e-01 -7.895972799587961388e-01
1.699999999999999956e+00 1.665551629965195957e-01 1.935892921873165196e-01 -8.577542163099888262e-01
1.800000000000000044e+00 5.274764212800314711e-02 7.385630728625454389e-02 -8.953581318286508717e-01
1.899999999999999911e+00 -4.199737614892819215e-02 -7.100543470658003675e-02 -8.963063185551221057e-01
2.000000000000000000e+00 -1.094598056404574860e-01 -2.297410684806859282e-01 -8.581321038845528548e-01
2.099999999999999645e+00 -1.432314659187406414e-01 -3.896008593906591932e-01 -7.823493787627424645e-01
2.199999999999999734e+00 -1.394160574106294848e-01 -5.374754593270701930e-01 -6.743977271518658556e-01
2.299999999999999822e+00 -9.713627833646236442e-02 -6.610982240683289657e-01 -5.431765633269393101e-01
2.399999999999999911e+00 -1.879803634087801045e-02 -7.501646197925719850e-01 -4.002220895892639740e-01
2.500000000000000000e+00 8.994735865784113382e-02 -7.972924816270646753e-01 -2.585968934736724290e-01
2.600000000000000089e+00 2.205438168342084837e-01 -7.987191452490156607e-01 -1.316039291246193788e-01
2.699999999999999734e+00 3.621561086043037503e-01 -7.546748980999316014e-01 -3.145500725696765559e-02
2.799999999999999822e+00 5.025493227889914483e-01 -6.693962828869539639e-01 3.198264197245106327e-02
2.899999999999999911e+00 6.291392443710935867e-01 -5.507717457810097361e-01 5.222041378854756083e-02
3.000000000000000000e+00 7.301210307648443587e-01 -4.096567745551703554e-01 2.685682375190450236e-02
