1.000000000000000056e-01 1.257925550534362003e-01 2.084053265558084012e-01 -8.622007253222081502e-01
2.000000000000000111e-01 2.460035557520838245e-01 3.947733179492741162e-01 -7.494320880222582471e-01
2.999999999999999889e-01 3.553501317862804987e-01 5.392853626790227173e-01 -5.739506725369807327e-01
4.000000000000000222e-01 4.491283019992863279e-01 6.263388446508977303e-01 -3.531616412483767342e-01
5.000000000000000000e-01 5.234678007229371932e-01 6.461324196930220420e-01 -1.089670735163393162e-01
5.999999999999999778e-01 5.755491002656256683e-01 5.956629703206043347e-01 1.343993600546297962e-01
6.999999999999999556e-01 6.037582998366401998e-01 4.790585652449878551e-01 3.527711318914624750e-01
7.999999999999999334e-01 6.077885605040829198e-01 3.071943334298395945e-01 5.244446318483935165e-01
8.999999999999999112e-01 5.886644100497183674e-01 9.663696912013264306e-02 6.323346379600436329e-01
9.999999999999998890e-01 5.486930751778461568e-01 -1.319803524857113552e-01 6.656713056597520772e-01
1.099999999999999867e+00 4.913400612552727975e-01 -3.559949490837522323e-01 6.210764012467999695e-01
1.199999999999999956e+00 4.210305032336856823e-01 -5.529595081478688723e-01 5.029109339240399601e-01
1.300000000000000044e+00 3.428899683905117790e-01 -7.028755337885339571e-01 3.228567265230665728e-01
1.399999999999999911e+00 2.624302585685523992e-01 -7.901959207882989222e-01 9.877659150526761633e-02
1.500000000000000000e+00 1.852053769014968543e-01 -8.053954184417450035e-01 -1.470442063915342046e-01
1.599999999999999867e+00 1.164498357766923925e-01 -7.459535263646542846e-01 -3.900869898590745843e-01
1.699999999999999956e+00 6.073454720428723974e-02 -6.166475479388188186e-01 -6.060280577904101351e-01
1.800000000000000044e+00 2.165151556626447246e-02 -4.291363705649919869e-01 -7.731310020996284837e-01
1.899999999999999911e+00 1.559828834492260966e-03 -2.008513510441781724e-01 -8.744135846302460990e-01
2.000000000000000000e+00 1.415419445440076109e-03 4.666533842354382566e-02 -8.993289074788032300e-01
2.099999999999999645e+00 2.068823239908710102e-02 2.898623548750503542e-01 -8.448317357475134681e-01
2.199999999999999734e+00 5.739570877882563954e-02 5.054567730010023352e-01 -7.156965179882605055e-01
2.299999999999999822e+00 1.082366642924903199e-01 6.727142478809932102e-01 -5.240742825991404619e-01
2.399999999999999911e+00 1.688321881902494215e-01 7.754889730042299201e-01 -2.883098338882972289e-01
2.500000000000000000e+00 2.340560464060040813e-01 8.038068742918706988e-01 -3.116713781093263108e-02
2.600000000000000089e+00 2.984204976992786973e-01 7.548724005371852952e-01 2.224054144620263851e-01
2.699999999999999734e+00 3.565149089696542650e-01 6.333632732735620108e-01 4.477182677655530130e-01
2.799999999999999822e+00 4.034335828256341294e-01 4.510021180316244882e-01 6.227681829319574591e-01
2.899999999999999911e+00 4.351787789785223071e-01 2.254385563928775205e-01 7.304048262047880824e-01
3.000000000000000000e+00 4.489982121931524461e-01 -2.145219102333478095e-02 7.600265276164368533e-01
