1.000000000000000056e-01 9.755808245318323690e-01 0.000000000000000000e+00 2.426775249026933909e-02 1.514229778963338297e-04 0.000000000000000000e+00 0.000000000000000000e+00 -9.652781540241566524e-05 1.538672956801608038e-01 0.000000000000000000e+00 0.000000000000000000e+00 0.000000000000000000e+00 0.000000000000000000e+00 -1.068109140311387321e-03 1.591803445759548338e-03 -1.008842451499494634e-02 -6.778572439720360887e-03
2.000000000000000111e-01 9.053094179644389783e-01 0.000000000000000000e+00 9.232840549089522952e-02 2.362176544664482906e-03 0.000000000000000000e+00 0.000000000000000000e+00 -7.330374139684640768e-04 2.891111165369644187e-01 0.000000000000000000e+00 0.000000000000000000e+00 0.000000000000000000e+00 0.000000000000000000e+00 -8.248760349933579455e-03 1.224965087267365985e-02 -3.829226305752398557e-02 -2.592688300696343109e-02
3.000000000000000444e-01 7.976419639026680608e-01 0.000000000000000000e+00 1.908951149167971151e-01 1.146292118053425513e-02 0.000000000000000000e+00 0.000000000000000000e+00 -2.245869687041738769e-03 3.902062408760783585e-01 0.000000000000000000e+00 0.000000000000000000e+00 0.000000000000000000e+00 0.000000000000000000e+00 -2.623482060088873011e-02 3.872918593459076519e-02 -7.885717803578179419e-02 -5.408190478709608978e-02
4.000000000000000222e-01 6.650982191464852589e-01 0.000000000000000000e+00 3.007667086628511011e-01 3.413507219066076737e-02 0.000000000000000000e+00 0.000000000000000000e+00 -4.629275814611663251e-03 4.472336885659780603e-01 0.000000000000000000e+00 0.000000000000000000e+00 0.000000000000000000e+00 0.000000000000000000e+00 -5.715130120924943186e-02 8.366852504528213275e-02 -1.235336653727701767e-01 -8.627055849133589971e-02
5.000000000000000000e-01 5.222050830603724991e-01 0.000000000000000000e+00 4.006280838872018357e-01 7.716683305242574842e-02 0.000000000000000000e+00 0.000000000000000000e+00 -7.512124692201883717e-03 4.573331278624951368e-01 0.000000000000000000e+00 0.000000000000000000e+00 0.000000000000000000e+00 0.000000000000000000e+00 -9.990512593608745495e-02 1.446864411955136320e-01 -1.632921045104953617e-01 -1.167587300885974955e-01
5.999999999999999778e-01 3.832121413920445696e-01 0.000000000000000000e+00 4.712286083772960765e-01 1.455592502306582992e-01 0.000000000000000000e+00 0.000000000000000000e+00 -1.025381995504548276e-02 4.248239439421782060e-01 0.000000000000000000e+00 0.000000000000000000e+00 0.000000000000000000e+00 0.000000000000000000e+00 -1.501553755299221693e-01 2.145810944171695489e-01 -1.901826821176940130e-01 -1.400379212062302092e-01
7.000000000000000666e-01 2.599730800822249166e-01 0.000000000000000000e+00 4.991295512303295934e-01 2.408973686874474329e-01 0.000000000000000000e+00 0.000000000000000000e+00 -1.214259084137336679e-02 3.600177835752904620e-01 0.000000000000000000e+00 0.000000000000000000e+00 0.000000000000000000e+00 0.000000000000000000e+00 -2.009269586478082126e-01 2.826081255595198072e-01 -1.989547141093345461e-01 -1.518020179716004503e-01
8.000000000000000444e-01 1.604043743280237355e-01 0.000000000000000000e+00 4.792576600665850450e-01 3.603379656053899982e-01 0.000000000000000000e+00 0.000000000000000000e+00 -1.263042270502919527e-02 2.769756264318686267e-01 0.000000000000000000e+00 0.000000000000000000e+00 0.000000000000000000e+00 0.000000000000000000e+00 -2.437545244505152364e-01 3.365686585614439674e-01 -1.880879533501635115e-01 -1.497421377203836390e-01
9.000000000000000222e-01 8.775935671363514767e-02 0.000000000000000000e+00 4.157773764838422204e-01 4.964632668025243389e-01 0.000000000000000000e+00 0.000000000000000000e+00 -1.153295076332492425e-02 1.906707797879370336e-01 0.000000000000000000e+00 0.000000000000000000e+00 0.000000000000000000e+00 0.000000000000000000e+00 -2.701603034904119793e-01 3.652829104925723325e-01 -1.600208086173927347e-01 -1.340247659381341716e-01
1.000000000000000000e+00 4.083457643339454685e-02 0.000000000000000000e+00 3.211314520948052031e-01 6.380339714718005206e-01 0.000000000000000000e+00 0.000000000000000000e+00 -9.121869351160350262e-03 1.141492810988010143e-01 0.000000000000000000e+00 0.000000000000000000e+00 0.000000000000000000e+00 0.000000000000000000e+00 -2.731881748290672096e-01 3.609168832926794579e-01 -1.205313765762266731e-01 -1.073593701846928955e-01
1.100000000000000089e+00 1.498525308569453873e-02 0.000000000000000000e+00 2.134793602416046043e-01 7.715353866727009402e-01 0.000000000000000000e+00 0.000000000000000000e+00 -6.061857787656799515e-03 5.623429718232064722e-02 0.000000000000000000e+00 0.000000000000000000e+00 0.000000000000000000e+00 0.000000000000000000e+00 -2.487214664796296437e-01 3.206937986137745056e-01 -7.741393047081115975e-02 -7.462396895662665175e-02
1.200000000000000178e+00 3.704659175367204602e-03 0.000000000000000000e+00 1.130684899960358591e-01 8.832268508285971986e-01 0.000000000000000000e+00 0.000000000000000000e+00 -3.190782324549752171e-03 2.021630883755252267e-02 0.000000000000000000e+00 0.000000000000000000e+00 0.000000000000000000e+00 0.000000000000000000e+00 -1.963394379137428092e-01 2.476205790538300311e-01 -3.873314103201051795e-02 -4.209273634461741659e-02
1.300000000000000266e+00 4.059311237188125928e-04 0.000000000000000000e+00 3.830121250028447472e-02 9.612928563759957079e-01 0.000000000000000000e+00 0.000000000000000000e+00 -1.183643328990038185e-03 3.761202995546187536e-03 0.000000000000000000e+00 0.000000000000000000e+00 0.000000000000000000e+00 0.000000000000000000e+00 -1.195515970312843734e-01 1.500869658250074401e-01 -1.104406736401370055e-02 -1.637826276060995803e-02
1.400000000000000133e+00 1.480148546208092941e-05 0.000000000000000000e+00 2.282481543237264900e-03 9.977027169713015287e-01 0.000000000000000000e+00 0.000000000000000000e+00 -1.838046707966754258e-04 8.009937340838387060e-08 0.000000000000000000e+00 0.000000000000000000e+00 0.000000000000000000e+00 0.000000000000000000e+00 -2.537231844462905367e-02 4.041637593879929269e-02 2.041772709616820024e-03 -3.255559193890539358e-03
1.500000000000000222e+00 4.390953382011801516e-05 0.000000000000000000e+00 1.053070265948149488e-02 9.894253878066996410e-01 0.000000000000000000e+00 0.000000000000000000e+00 4.950003438358554012e-04 -4.662325498228139234e-04 0.000000000000000000e+00 0.000000000000000000e+00 0.000000000000000000e+00 0.000000000000000000e+00 7.671994682246907615e-02 -6.733048435560375078e-02 6.252914193824036290e-04 -6.561567466991440230e-03
1.600000000000000089e+00 9.401581934906236629e-04 0.000000000000000000e+00 6.028190903310054471e-02 9.387779327734105950e-01 0.000000000000000000e+00 0.000000000000000000e+00 2.493518898634177611e-03 -7.103300771464425220e-03 0.000000000000000000e+00 0.000000000000000000e+00 0.000000000000000000e+00 0.000000000000000000e+00 1.761989748429926284e-01 -1.598288070166999641e-01 -1.154503090749473340e-02 -2.737355645269625576e-02
1.700000000000000178e+00 5.661989970108786789e-03 0.000000000000000000e+00 1.414590475939259406e-01 8.528789624359618404e-01 0.000000000000000000e+00 0.000000000000000000e+00 8.289740545802776542e-03 -2.705956186393629684e-02 0.000000000000000000e+00 0.000000000000000000e+00 0.000000000000000000e+00 0.000000000000000000e+00 2.631118746536048048e-01 -2.267588756887154722e-01 -2.795767873433093603e-02 -6.361886566417665478e-02
1.800000000000000266e+00 1.861358225690555590e-02 0.000000000000000000e+00 2.390622327877179598e-01 7.423241849553793292e-01 0.000000000000000000e+00 0.000000000000000000e+00 2.082247265451176582e-02 -6.337372556075476782e-02 0.000000000000000000e+00 0.000000000000000000e+00 0.000000000000000000e+00 0.000000000000000000e+00 3.295511789093078514e-01 -2.624075033167482252e-01 -4.085827590331600478e-02 -1.102175716204925465e-01
1.900000000000000133e+00 4.420030096855748214e-02 0.000000000000000000e+00 3.364156307877740337e-01 6.193840682436690948e-01 0.000000000000000000e+00 0.000000000000000000e+00 4.290069953964158189e-02 -1.141455292186115272e-01 0.000000000000000000e+00 0.000000000000000000e+00 0.000000000000000000e+00 0.000000000000000000e+00 3.707528164149587191e-01 -2.662946339250528149e-01 -4.307405915651132261e-02 -1.597547709041576003e-01
2.000000000000000000e+00 8.534775341750290567e-02 0.000000000000000000e+00 4.185775263462959139e-01 4.960747202362006392e-01 0.000000000000000000e+00 0.000000000000000000e+00 7.650470877777855450e-02 -1.728342582552754858e-01 0.000000000000000000e+00 0.000000000000000000e+00 0.000000000000000000e+00 0.000000000000000000e+00 3.856441624676124613e-01 -2.427433002765621017e-01 -2.974541924384553615e-02 -2.036027323593188609e-01
2.100000000000000089e+00 1.423365232153455673e-01 0.000000000000000000e+00 4.751984019721587349e-01 3.824650748124963640e-01 0.000000000000000000e+00 0.000000000000000000e+00 1.221293756131298508e-01 -2.296138136435970922e-01 0.000000000000000000e+00 0.000000000000000000e+00 0.000000000000000000e+00 0.000000000000000000e+00 3.767470163240301262e-01 -1.995206225260143240e-01 4.191649602620507297e-04 -2.333207507725601204e-01
2.200000000000000178e+00 2.122071002646029603e-01 0.000000000000000000e+00 5.022245896091815931e-01 2.855683101262160295e-01 0.000000000000000000e+00 0.000000000000000000e+00 1.783158667255569096e-01 -2.734576280357012279e-01 0.000000000000000000e+00 0.000000000000000000e+00 0.000000000000000000e+00 0.000000000000000000e+00 3.494813526469828235e-01 -1.458842452134789247e-01 4.465115823639569798e-02 -2.420865482190327767e-01
2.300000000000000266e+00 2.889126697009793410e-01 0.000000000000000000e+00 5.021772825961000608e-01 2.089100477029229297e-01 0.000000000000000000e+00 0.000000000000000000e+00 2.415133580624022336e-01 -2.945448616191230773e-01 0.000000000000000000e+00 0.000000000000000000e+00 0.000000000000000000e+00 0.000000000000000000e+00 3.110019368125088168e-01 -9.048578116728521470e-02 9.649779201261150796e-02 -2.259312626491096210e-01
2.400000000000000355e+00 3.641431709392513039e-01 0.000000000000000000e+00 4.829713021792657046e-01 1.528855268814809931e-01 0.000000000000000000e+00 0.000000000000000000e+00 3.063322927328874234e-01 -2.864109412479625139e-01 0.000000000000000000e+00 0.000000000000000000e+00 0.000000000000000000e+00 0.000000000000000000e+00 2.688352041862376307e-01 -3.958478893136389148e-02 1.470385239116113463e-01 -1.845315509934570830e-01
2.500000000000000444e+00 4.287327415252510932e-01 0.000000000000000000e+00 4.556153420246429886e-01 1.156519164501053076e-01 0.000000000000000000e+00 0.000000000000000000e+00 3.662062827358810724e-01 -2.474473133055070662e-01 0.000000000000000000e+00 0.000000000000000000e+00 0.000000000000000000e+00 0.000000000000000000e+00 2.295136160052432539e-01 4.035831816568680001e-03 1.866661978520856580e-01 -1.214063189086130173e-01
2.600000000000000089e+00 4.742673746174529970e-01 0.000000000000000000e+00 4.313396130187626687e-01 9.439301236378434823e-02 0.000000000000000000e+00 0.000000000000000000e+00 4.143283928223340240e-01 -1.813898804237686901e-01 0.000000000000000000e+00 0.000000000000000000e+00 0.000000000000000000e+00 0.000000000000000000e+00 1.975261373117994101e-01 4.121735967387271660e-02 2.070690849862624472e-01 -4.347321720125429251e-02
2.700000000000000178e+00 4.946244428892238032e-01 0.000000000000000000e+00 4.188124372781712457e-01 8.656311983260599197e-02 0.000000000000000000e+00 0.000000000000000000e+00 4.447480846205931759e-01 -9.671613001989366742e-02 0.000000000000000000e+00 0.000000000000000000e+00 0.000000000000000000e+00 0.000000000000000000e+00 1.747242177237924299e-01 7.566478071345431045e-02 2.030175289750131840e-01 4.000147512135891759e-02
2.800000000000000266e+00 4.870955464785457489e-01 0.000000000000000000e+00 4.220684615646106419e-01 9.083599195684517735e-02 0.000000000000000000e+00 0.000000000000000000e+00 4.533891563501792898e-01 -5.093265163529010243e-03 0.000000000000000000e+00 0.000000000000000000e+00 0.000000000000000000e+00 0.000000000000000000e+00 1.602938685632923632e-01 1.124494682609880891e-01 1.735458691130051800e-01 1.188597402795269486e-01
2.900000000000000355e+00 4.528639873094357782e-01 0.000000000000000000e+00 4.396039278782533088e-01 1.075320848123081513e-01 0.000000000000000000e+00 0.000000000000000000e+00 4.388054640045569998e-01 8.081184271620799053e-02 0.000000000000000000e+00 0.000000000000000000e+00 0.000000000000000000e+00 0.000000000000000000e+00 1.512744076189675435e-01 1.561652325113110917e-01 1.222919905424642295e-01 1.836901647098211632e-01
3.000000000000000444e+00 3.967511324662829630e-01 0.000000000000000000e+00 4.648186650692668342e-01 1.384302024644498419e-01 0.000000000000000000e+00 0.000000000000000000e+00 4.025043900565529742e-01 1.496915125263415802e-01 0.000000000000000000e+00 0.000000000000000000e+00 0.000000000000000000e+00 0.000000000000000000e+00 1.434938107589752709e-01 2.091756863078088891e-01 5.689329398115380160e-02 2.273444356032945646e-01
3.100000000000000089e+00 3.262816626312159407e-01 0.000000000000000000e+00 4.876894386357644162e-01 1.860288987330174504e-01 0.000000000000000000e+00 0.000000000000000000e+00 3.487534168657910327e-01 1.936367163895977850e-01 0.000000000000000000e+00 0.000000000000000000e+00 0.000000000000000000e+00 0.000000000000000000e+00 1.327192773558519001e-01 2.703884631048237841e-01 -1.244814767391737471e-02 2.460545903540573565e-01
3.200000000000000178e+00 2.502987077950748485e-01 0.000000000000000000e+00 4.972683790541678195e-01 2.524329131507591084e-01 0.000000000000000000e+00 0.000000000000000000e+00 2.839097292286989482e-01 2.094299388417177610e-01 0.000000000000000000e+00 0.000000000000000000e+00 0.000000000000000000e+00 0.000000000000000000e+00 1.157805988295757676e-01 3.348458708462372369e-01 -7.492032970536342817e-02 2.399386914470592325e-01
3.300000000000000266e+00 1.773803517058848978e-01 0.000000000000000000e+00 4.844488259972007382e-01 3.381708222969137534e-01 0.000000000000000000e+00 0.000000000000000000e+00 2.153619634587618792e-01 1.988741511787963379e-01 0.000000000000000000e+00 0.000000000000000000e+00 0.000000000000000000e+00 0.000000000000000000e+00 9.142866214390685253e-02 3.942933645807417120e-01 -1.212192056574065702e-01 2.128162672159089053e-01
3.400000000000000355e+00 1.144222585178133328e-01 0.000000000000000000e+00 4.443506268218067046e-01 4.412271146603793937e-01 0.000000000000000000e+00 0.000000000000000000e+00 1.503126289930512283e-01 1.680765195430970471e-01 0.000000000000000000e+00 0.000000000000000000e+00 0.000000000000000000e+00 0.000000000000000000e+00 6.076295692392146702e-02 4.385970896453218471e-01 -1.453456536612756922e-01 1.713500639841825379e-01
3.500000000000000444e+00 6.565565382797473870e-02 0.000000000000000000e+00 3.777984470203054057e-01 5.565458991517203691e-01 0.000000000000000000e+00 0.000000000000000000e+00 9.462464577028710522e-02 1.258998844111844650e-01 0.000000000000000000e+00 0.000000000000000000e+00 0.000000000000000000e+00 0.000000000000000000e+00 2.713089297775060985e-02 4.577401996466317624e-01 -1.457448745215706998e-01 1.236883881738085889e-01
3.600000000000000089e+00 3.226809344831832460e-02 0.000000000000000000e+00 2.915372066923475614e-01 6.761946998593340030e-01 0.000000000000000000e+00 0.000000000000000000e+00 5.195205967341887110e-02 8.190442217729386465e-02 0.000000000000000000e+00 0.000000000000000000e+00 0.000000000000000000e+00 0.000000000000000000e+00 -4.473300201470615731e-03 4.439773619712137909e-01 -1.255280835388931648e-01 7.786024041290166842e-02
3.700000000000000178e+00 1.270215170024589953e-02 0.000000000000000000e+00 1.971601452900682838e-01 7.901377030096861098e-01 0.000000000000000000e+00 0.000000000000000000e+00 2.335171716997306440e-02 4.426122110716990826e-02 0.000000000000000000e+00 0.000000000000000000e+00 0.000000000000000000e+00 0.000000000000000000e+00 -2.838281699593012825e-02 3.936725499796691063e-01 -9.173870208713794105e-02 4.025495364754550637e-02
3.800000000000000266e+00 3.496318206373504652e-03 0.000000000000000000e+00 1.089147930566921746e-01 8.875888887369349778e-01 0.000000000000000000e+00 0.000000000000000000e+00 7.413496541009087677e-03 1.805106985308352688e-02 0.000000000000000000e+00 0.000000000000000000e+00 0.000000000000000000e+00 0.000000000000000000e+00 -3.941780015691897371e-02 3.084117205703081899e-01 -5.379789200883883932e-02 1.445971355063645214e-02
3.900000000000000355e+00 4.814428921494308313e-04 0.000000000000000000e+00 4.092740611572891207e-02 9.585911509921224427e-01 0.000000000000000000e+00 0.000000000000000000e+00 9.072528821793827058e-04 4.345243378212924022e-03 0.000000000000000000e+00 0.000000000000000000e+00 0.000000000000000000e+00 0.000000000000000000e+00 -3.396831236485959443e-02 1.951379002033014343e-01 -2.147070200835057840e-02 7.192965327337691190e-04
4.000000000000000000e+00 2.301491575889205726e-05 0.000000000000000000e+00 4.394285599611504924e-03 9.955826994846310729e-01 0.000000000000000000e+00 0.000000000000000000e+00 -2.258376038480929741e-04 2.239061099152096453e-04 0.000000000000000000e+00 0.000000000000000000e+00 0.000000000000000000e+00 0.000000000000000000e+00 -1.082309924934638824e-02 6.525131910851615646e-02 -2.768613043697707408e-03 -3.904958917022449769e-03
4.099999999999999645e+00 2.702847680271263083e-05 0.000000000000000000e+00 5.352240226682088327e-03 9.946207312965156255e-01 0.000000000000000000e+00 0.000000000000000000e+00 2.527084284552432694e-04 -2.842577408498351459e-04 0.000000000000000000e+00 0.000000000000000000e+00 0.000000000000000000e+00 0.000000000000000000e+00 2.849346973290664553e-02 -6.716820594761493957e-02 -2.221874403663744342e-03 -4.684669203489678045e-03
4.200000000000000178e+00 4.789928064035525192e-04 0.000000000000000000e+00 4.350724220020720651e-02 9.560137649933890813e-01 0.000000000000000000e+00 0.000000000000000000e+00 -1.165192603026382633e-04 -4.563557894981146688e-03 0.000000000000000000e+00 0.000000000000000000e+00 0.000000000000000000e+00 0.000000000000000000e+00 7.986604862669635652e-02 -1.876564346255099880e-01 -1.989750945750620378e-02 -7.874722519655763531e-03
4.299999999999999822e+00 3.397906482131548677e-03 0.000000000000000000e+00 1.123592017718521852e-01 8.842428917460126714e-01 0.000000000000000000e+00 0.000000000000000000e+00 -1.834686773496679120e-03 -1.945300050663313629e-02 0.000000000000000000e+00 0.000000000000000000e+00 0.000000000000000000e+00 0.000000000000000000e+00 1.372698054947682211e-01 -2.837425445861940787e-01 -5.136634872957155512e-02 -1.913263906842405798e-02
4.399999999999999467e+00 1.222301399655312606e-02 0.000000000000000000e+00 2.005623838118523461e-01 7.872146021915958913e-01 0.000000000000000000e+00 0.000000000000000000e+00 -3.288830689029059035e-03 -4.940303431442155668e-02 0.000000000000000000e+00 0.000000000000000000e+00 0.000000000000000000e+00 0.000000000000000000e+00 1.938014004689951608e-01 -3.468813289856042537e-01 -8.862263616866955518e-02 -4.204946968444695649e-02
4.500000000000000000e+00 3.078671221737411257e-02 0.000000000000000000e+00 2.942734020775704118e-01 6.749398857050576961e-01 0.000000000000000000e+00 0.000000000000000000e+00 -1.143467400208126629e-03 -9.517562985364387551e-02 0.000000000000000000e+00 0.000000000000000000e+00 0.000000000000000000e+00 0.000000000000000000e+00 2.428775971127160871e-01 -3.736674131608026528e-01 -1.217974444952616142e-01 -7.710091069669254560e-02
4.599999999999999645e+00 6.211182373679339369e-02 0.000000000000000000e+00 3.798808010173100880e-01 5.580073752458957204e-01 0.000000000000000000e+00 0.000000000000000000e+00 8.804269722776673565e-03 -1.533543996955882838e-01 0.000000000000000000e+00 0.000000000000000000e+00 0.000000000000000000e+00 0.000000000000000000e+00 2.793628764660016084e-01 -3.659681370205994377e-01 -1.412633531872597159e-01 -1.212580496045233130e-01
4.700000000000000178e+00 1.073310154913216935e-01 0.000000000000000000e+00 4.466295482647769655e-01 4.460394362439006333e-01 0.000000000000000000e+00 0.000000000000000000e+00 3.048385243010805906e-02 -2.168131345978819846e-01 0.000000000000000000e+00 0.000000000000000000e+00 0.000000000000000000e+00 0.000000000000000000e+00 3.004071576670501176e-01 -3.301059478967906524e-01 -1.397438614109964838e-01 -1.683612651955087858e-01
4.799999999999999822e+00 1.649794007412362096e-01 0.000000000000000000e+00 4.885063000592836935e-01 3.465142991994811794e-01 0.000000000000000000e+00 0.000000000000000000e+00 6.638813462322136483e-02 -2.760182747889939892e-01 0.000000000000000000e+00 0.000000000000000000e+00 0.000000000000000000e+00 0.000000000000000000e+00 3.058329826888049885e-01 -2.752101171673993485e-01 -1.139378151072021755e-01 -2.102044034150195584e-01
4.900000000000000355e+00 2.308361325901924221e-01 0.000000000000000000e+00 5.050438763392011143e-01 2.641199910706055753e-01 0.000000000000000000e+00 0.000000000000000000e+00 1.166375114849513284e-01 -3.209019441262394579e-01 0.000000000000000000e+00 0.000000000000000000e+00 0.000000000000000000e+00 0.000000000000000000e+00 2.979928922723393825e-01 -2.111691896049058548e-01 -6.535562270827618980e-02 -2.381114762597729417e-01
5.000000000000000000e+00 2.984035348848169122e-01 0.000000000000000000e+00 5.009011678366168674e-01 2.006952972785657485e-01 0.000000000000000000e+00 0.000000000000000000e+00 1.785205363790327293e-01 -3.429301475304591396e-01 0.000000000000000000e+00 0.000000000000000000e+00 0.000000000000000000e+00 0.000000000000000000e+00 2.811428819666530465e-01 -1.465851125567010638e-01 -1.570823409178762975e-04 -2.447205708320074058e-01
5.099999999999999645e+00 3.598818704225215659e-01 0.000000000000000000e+00 4.843282412832083939e-01 1.557898882942690966e-01 0.000000000000000000e+00 0.000000000000000000e+00 2.466081626623427003e-01 -3.368758809112439856e-01 0.000000000000000000e+00 0.000000000000000000e+00 0.000000000000000000e+00 0.000000000000000000e+00 2.604735472338473024e-01 -8.721799362868333516e-02 7.196205875600626689e-02 -2.255823965548305887e-01
5.200000000000000178e+00 4.075190442893256715e-01 0.000000000000000000e+00 4.649090455844350211e-01 1.275719101262374755e-01 0.000000000000000000e+00 0.000000000000000000e+00 3.134782907430259113e-01 -3.019778757130065494e-01 0.000000000000000000e+00 0.000000000000000000e+00 0.000000000000000000e+00 0.000000000000000000e+00 2.409781496672647461e-01 -3.519760326525778193e-02 1.396241116441654107e-01 -1.802583931868388112e-01
5.299999999999999822e+00 4.349830224580277793e-01 0.000000000000000000e+00 4.511046654104712283e-01 1.139123121315022136e-01 0.000000000000000000e+00 0.000000000000000000e+00 3.709002029712334947e-01 -2.421898060013940313e-01 0.000000000000000000e+00 0.000000000000000000e+00 0.000000000000000000e+00 0.000000000000000000e+00 2.264272360364162073e-01 1.082059381864761138e-02 1.919788110790570101e-01 -1.126679004651750526e-01
5.400000000000000355e+00 4.385438187217248762e-01 0.000000000000000000e+00 4.481456444341205270e-01 1.133105368441540417e-01 0.000000000000000000e+00 0.000000000000000000e+00 4.112647716382712426e-01 -1.655076527914057516e-01 0.000000000000000000e+00 0.000000000000000000e+00 0.000000000000000000e+00 0.000000000000000000e+00 2.186183517408873678e-01 5.464102398747856110e-02 2.208066273542461655e-01 -3.059517516503124437e-02
5.500000000000000000e+00 4.177493809333774899e-01 0.000000000000000000e+00 4.567730483889386184e-01 1.254775706776839750e-01 0.000000000000000000e+00 0.000000000000000000e+00 4.289682485177773175e-01 -8.247966823402932968e-02 0.000000000000000000e+00 0.000000000000000000e+00 0.000000000000000000e+00 0.000000000000000000e+00 2.170962498341150460e-01 1.009157568645438902e-01 2.221035010984139801e-01 5.557159849267879342e-02
5.599999999999999645e+00 3.754972369012338773e-01 0.000000000000000000e+00 4.730915888136211223e-01 1.514111742851443343e-01 0.000000000000000000e+00 0.000000000000000000e+00 4.214575544995511902e-01 -4.256148453888585100e-03 0.000000000000000000e+00 0.000000000000000000e+00 0.000000000000000000e+00 0.000000000000000000e+00 2.193708626403493844e-01 1.533224548128234999e-01 1.968077134863378819e-01 1.346149800807520114e-01
5.700000000000000178e+00 3.174953744676296541e-01 0.000000000000000000e+00 4.895557931265491769e-01 1.929488324058201698e-01 0.000000000000000000e+00 0.000000000000000000e+00 3.897366227893235280e-01 5.947333993099831323e-02 0.000000000000000000e+00 0.000000000000000000e+00 0.000000000000000000e+00 0.000000000000000000e+00 2.215697857519728919e-01 2.129930426475939997e-01 1.505169985093447182e-01 1.964815040118588763e-01
5.799999999999999822e+00 2.511970169797143604e-01 0.000000000000000000e+00 4.968781077496493004e-01 2.519248752706378935e-01 0.000000000000000000e+00 0.000000000000000000e+00 3.382017561662081229e-01 1.021463593804667752e-01 0.000000000000000000e+00 0.000000000000000000e+00 0.000000000000000000e+00 0.000000000000000000e+00 2.194242469536691609e-01 2.775408865557718596e-01 9.229604954215274437e-02 2.340175382557717898e-01
5.900000000000000355e+00 1.844378220811113689e-01 0.000000000000000000e+00 4.864055704636126021e-01 3.291566074552747523e-01 0.000000000000000000e+00 0.000000000000000000e+00 2.738317781851470900e-01 1.213579718134135677e-01 0.000000000000000000e+00 0.000000000000000000e+00 0.000000000000000000e+00 0.000000000000000000e+00 2.093380912882976119e-01 3.410002207792260931e-01 3.277171170903064867e-02 2.442026654587147461e-01
6.000000000000000000e+00 1.241166389680640331e-01 0.000000000000000000e+00 4.524219626107077175e-01 4.234613984212270421e-01 0.000000000000000000e+00 0.000000000000000000e+00 2.049311233008000999e-01 1.189804196626062377e-01 0.000000000000000000e+00 0.000000000000000000e+00 0.000000000000000000e+00 0.000000000000000000e+00 1.893134462754769154e-01 3.946436675480410883e-01 -1.803323578262136517e-02 2.285462861432529802e-01
