1.000000000000000056e-01 9.755973724961159999e-01 0.000000000000000000e+00 2.425020173573532584e-02 1.524257681529879731e-04 0.000000000000000000e+00 0.000000000000000000e+00 -3.136230917912625408e-04 1.538126611872341065e-01 0.000000000000000000e+00 0.000000000000000000e+00 0.000000000000000000e+00 0.000000000000000000e+00 -1.076725492268181461e-03 1.592801884387934873e-03 -1.008879898331346836e-02 -6.849986433778862405e-03
2.000000000000000111e-01 9.055595029695133746e-01 0.000000000000000000e+00 9.207251626360540842e-02 2.367980766883352826e-03 0.000000000000000000e+00 0.000000000000000000e+00 -2.364607151561018417e-03 2.887413214104559978e-01 0.000000000000000000e+00 0.000000000000000000e+00 0.000000000000000000e+00 0.000000000000000000e+00 -8.342143603133359009e-03 1.218337340793837487e-02 -3.799306878162358320e-02 -2.647402891278443152e-02
3.000000000000000444e-01 7.987867878670991129e-01 0.000000000000000000e+00 1.897993952515263372e-01 1.141381688137591520e-02 0.000000000000000000e+00 0.000000000000000000e+00 -7.202998397906357556e-03 3.893036939163879717e-01 0.000000000000000000e+00 0.000000000000000000e+00 0.000000000000000000e+00 0.000000000000000000e+00 -2.667782728347365892e-02 3.813959977643820859e-02 -7.721693056726622317e-02 -5.616717673536552463e-02
4.000000000000000222e-01 6.682260637649579671e-01 0.000000000000000000e+00 2.980916494224584712e-01 3.368228681258372825e-02 0.000000000000000000e+00 0.000000000000000000e+00 -1.476221257081015807e-02 4.460657873621080571e-01 0.000000000000000000e+00 0.000000000000000000e+00 0.000000000000000000e+00 0.000000000000000000e+00 -5.858443444728016203e-02 8.129128162384775813e-02 -1.187434258470301401e-01 -9.169177029814602753e-02
5.000000000000000000e-01 5.285085154802312557e-01 0.000000000000000000e+00 3.961810453534329590e-01 7.531043916633586854e-02 0.000000000000000000e+00 0.000000000000000000e+00 -2.382086116911415197e-02 4.569656690809369426e-01 0.000000000000000000e+00 0.000000000000000000e+00 0.000000000000000000e+00 0.000000000000000000e+00 -1.035388882944865002e-01 1.382615894829877234e-01 -1.532491646664077556e-01 -1.277376292901172827e-01
5.999999999999999778e-01 3.934646095332771099e-01 0.000000000000000000e+00 4.662273804605300831e-01 1.403080100061925295e-01 0.000000000000000000e+00 0.000000000000000000e+00 -3.239437090227285931e-02 4.270767833771574873e-01 0.000000000000000000e+00 0.000000000000000000e+00 0.000000000000000000e+00 0.000000000000000000e+00 -1.579110192177439198e-01 2.011952931222397434e-01 -1.733283240323551244e-01 -1.586301624523721310e-01
7.000000000000000666e-01 2.740360866943398199e-01 0.000000000000000000e+00 4.967698041969672573e-01 2.291941091086920623e-01 0.000000000000000000e+00 0.000000000000000000e+00 -3.838728062070594083e-02 3.669594934369728167e-01 0.000000000000000000e+00 0.000000000000000000e+00 0.000000000000000000e+00 0.000000000000000000e+00 -2.154744793693205429e-01 2.596679830153841850e-01 -1.751639319740513900e-01 -1.792346329477730593e-01
8.000000000000000444e-01 1.770199849100451972e-01 0.000000000000000000e+00 4.845119944817514179e-01 3.384680206082023024e-01 0.000000000000000000e+00 0.000000000000000000e+00 -4.028669055918956965e-02 2.900780732111004068e-01 0.000000000000000000e+00 0.000000000000000000e+00 0.000000000000000000e+00 0.000000000000000000e+00 -2.684185834177757468e-01 3.032215026783333101e-01 -1.592204397651221237e-01 -1.859151834287755267e-01
9.000000000000000222e-01 1.047709258589862580e-01 0.000000000000000000e+00 4.341900483746370942e-01 4.610390257663770086e-01 0.000000000000000000e+00 0.000000000000000000e+00 -3.765866467723170269e-02 2.099340810230452548e-01 0.000000000000000000e+00 0.000000000000000000e+00 0.000000000000000000e+00 0.000000000000000000e+00 -3.087046263263392154e-01 3.238518341842983039e-01 -1.298098227097290447e-01 -1.773496420767303183e-01
1.000000000000000000e+00 5.580317980080749113e-02 0.000000000000000000e+00 3.567212573643274709e-01 5.874755628348664604e-01 0.000000000000000000e+00 0.000000000000000000e+00 -3.126021396908033184e-02 1.375826279556388587e-01 0.000000000000000000e+00 0.000000000000000000e+00 0.000000000000000000e+00 0.000000000000000000e+00 -3.294890682629007528e-01 3.178080793136619508e-01 -9.370053312728394979e-02 -1.549297086623272479e-01
1.100000000000000089e+00 2.602005181951930549e-02 0.000000000000000000e+00 2.662894003300253498e-01 7.076905478504608160e-01 0.000000000000000000e+00 0.000000000000000000e+00 -2.275444291015663034e-02 8.006934092967944727e-02 0.000000000000000000e+00 0.000000000000000000e+00 0.000000000000000000e+00 0.000000000000000000e+00 -3.263231427616765101e-01 2.862930280481115197e-01 -5.819981106429499701e-02 -1.225843662288607083e-01
1.200000000000000178e+00 1.015100959006920781e-02 0.000000000000000000e+00 1.771494510958440682e-01 8.126995393140860058e-01 0.000000000000000000e+00 0.000000000000000000e+00 -1.414590482332954251e-02 3.997673283102677610e-02 0.000000000000000000e+00 0.000000000000000000e+00 0.000000000000000000e+00 0.000000000000000000e+00 -2.979250440173333847e-01 2.349679666785042809e-01 -2.923425565721688921e-02 -8.599464650429970713e-02
1.300000000000000266e+00 3.051603618831804331e-03 0.000000000000000000e+00 1.009389513258369675e-01 8.960094450553311995e-01 0.000000000000000000e+00 0.000000000000000000e+00 -7.132552388441054832e-03 1.603597108531357174e-02 0.000000000000000000e+00 0.000000000000000000e+00 0.000000000000000000e+00 0.000000000000000000e+00 -2.463249009063511463e-01 1.725291187213448263e-01 -1.000353868892058483e-02 -5.132440859731196570e-02
1.400000000000000133e+00 5.938286106235356968e-04 0.000000000000000000e+00 4.500694325035012322e-02 9.543992281390285548e-01 0.000000000000000000e+00 0.000000000000000000e+00 -2.618848709321756289e-03 4.457358373954717692e-03 0.000000000000000000e+00 0.000000000000000000e+00 0.000000000000000000e+00 0.000000000000000000e+00 -1.764271188535887214e-01 1.087569007936588228e-01 -5.050898797696251130e-04 -2.380114516808137098e-02
1.500000000000000222e+00 4.688714391235629554e-05 0.000000000000000000e+00 1.195245561032189617e-02 9.880006572457686875e-01 0.000000000000000000e+00 0.000000000000000000e+00 -5.361754357812898060e-04 5.224294432506770836e-04 0.000000000000000000e+00 0.000000000000000000e+00 0.000000000000000000e+00 0.000000000000000000e+00 -9.509236577023610915e-02 5.259729914228505193e-02 1.966777376779284270e-03 -6.515852383138946713e-03
1.600000000000000089e+00 2.528534806888826679e-06 0.000000000000000000e+00 2.143349408053173838e-04 9.997831365243872170e-01 0.000000000000000000e+00 0.000000000000000000e+00 -1.349061889804705162e-05 -1.897250519186287492e-05 0.000000000000000000e+00 0.000000000000000000e+00 0.000000000000000000e+00 0.000000000000000000e+00 -9.960790162880801477e-03 1.072711941700879232e-02 1.576494250243974963e-03 2.065295498035035066e-04
1.700000000000000178e+00 7.561799816275846798e-06 0.000000000000000000e+00 5.342329784758658058e-03 9.946501084154248939e-01 0.000000000000000000e+00 0.000000000000000000e+00 1.905963500777149884e-04 -6.380201554391909445e-05 0.000000000000000000e+00 0.000000000000000000e+00 0.000000000000000000e+00 0.000000000000000000e+00 7.168752922649421211e-02 -1.321540872652173480e-02 2.399742437531907687e-03 -1.327625947101703950e-03
1.800000000000000266e+00 1.016570128485516151e-04 0.000000000000000000e+00 2.149564669577958345e-02 9.784026962913706660e-01 0.000000000000000000e+00 0.000000000000000000e+00 1.172179361563210117e-03 -9.006547849848447855e-04 0.000000000000000000e+00 0.000000000000000000e+00 0.000000000000000000e+00 0.000000000000000000e+00 1.438212669016256939e-01 -1.862368959259820891e-02 7.062397157759500547e-03 -7.041594828705971011e-03
1.900000000000000133e+00 4.282760335537543969e-04 0.000000000000000000e+00 4.276983114751678472e-02 9.568018928189290229e-01 0.000000000000000000e+00 0.000000000000000000e+00 3.474777113440856175e-03 -2.498643164711179636e-03 0.000000000000000000e+00 0.000000000000000000e+00 0.000000000000000000e+00 0.000000000000000000e+00 2.021571454142126467e-01 -7.398917251702485758e-03 1.599173375738539848e-02 -1.241127556134635421e-02
2.000000000000000000e+00 1.012324699142891360e-03 0.000000000000000000e+00 6.412004113559417739e-02 9.348676341652619737e-01 0.000000000000000000e+00 0.000000000000000000e+00 6.928344925187499871e-03 -4.111975451789252195e-03 0.000000000000000000e+00 0.000000000000000000e+00 0.000000000000000000e+00 0.000000000000000000e+00 2.442521770585464047e-01 1.687083891611773634e-02 2.747402851347729991e-02 -1.384078991006998383e-02
2.100000000000000089e+00 1.714458425889954030e-03 0.000000000000000000e+00 8.182486784705650384e-02 9.164606737270539760e-01 0.000000000000000000e+00 0.000000000000000000e+00 1.077101580116324002e-02 -4.926515530966545271e-03 0.000000000000000000e+00 0.000000000000000000e+00 0.000000000000000000e+00 0.000000000000000000e+00 2.692914401472695785e-01 4.971311497709948041e-02 3.844130624229615684e-02 -9.669526619438558943e-03
2.200000000000000178e+00 2.307587542409537257e-03 0.000000000000000000e+00 9.356247292610375688e-02 9.041299395314856824e-01 0.000000000000000000e+00 0.000000000000000000e+00 1.398148239681075780e-02 -4.519042823773809607e-03 0.000000000000000000e+00 0.000000000000000000e+00 0.000000000000000000e+00 0.000000000000000000e+00 2.777086672282556568e-01 8.643222263017212581e-02 4.567397187727920832e-02 -4.972805133856572374e-04
2.300000000000000266e+00 2.594294637922650495e-03 0.000000000000000000e+00 9.826113764951938112e-02 8.991445677125586844e-01 0.000000000000000000e+00 0.000000000000000000e+00 1.567800941097991299e-02 -3.019664141278364904e-03 0.000000000000000000e+00 0.000000000000000000e+00 0.000000000000000000e+00 0.000000000000000000e+00 2.708351139781930428e-01 1.224716667911565221e-01 4.697664755720074720e-02 1.121787201408285146e-02
2.400000000000000355e+00 2.495421410479910750e-03 0.000000000000000000e+00 9.588846247821528057e-02 9.016161161113057654e-01 0.000000000000000000e+00 0.000000000000000000e+00 1.543712061403119430e-02 -9.886517016602287301e-04 0.000000000000000000e+00 0.000000000000000000e+00 0.000000000000000000e+00 0.000000000000000000e+00 2.506721166520633481e-01 1.536817266217465616e-01 4.194032659257945772e-02 2.215674191702001611e-02
2.500000000000000444e+00 2.070223882262669981e-03 0.000000000000000000e+00 8.722136084533517464e-02 9.107084152724036485e-01 0.000000000000000000e+00 0.000000000000000000e+00 1.340909754074392363e-02 8.739884073440378626e-04 0.000000000000000000e+00 0.000000000000000000e+00 0.000000000000000000e+00 0.000000000000000000e+00 2.197835243709370945e-01 1.764325061851732268e-01 3.202081207420840597e-02 2.932640517789322082e-02
2.600000000000000089e+00 1.474273449115461303e-03 0.000000000000000000e+00 7.367741003544527045e-02 9.248483165154384178e-01 0.000000000000000000e+00 0.000000000000000000e+00 1.022198373485974122e-02 2.032659931873962138e-03 0.000000000000000000e+00 0.000000000000000000e+00 0.000000000000000000e+00 0.000000000000000000e+00 1.812914816965737475e-01 1.878132772268826245e-01 1.997081812583996127e-02 3.105874961783379462e-02
2.700000000000000178e+00 8.843502806478380869e-04 0.000000000000000000e+00 5.714965812850628796e-02 9.419659915908442649e-01 0.000000000000000000e+00 0.000000000000000000e+00 6.725719612166526466e-03 2.303261362754425480e-03 0.000000000000000000e+00 0.000000000000000000e+00 0.000000000000000000e+00 0.000000000000000000e+00 1.388618957566753465e-01 1.858774015744728558e-01 8.850830396128333763e-03 2.747163489867039329e-02
2.800000000000000266e+00 4.290667788870769343e-04 0.000000000000000000e+00 3.979363140589443210e-02 9.597773018152185864e-01 0.000000000000000000e+00 0.000000000000000000e+00 3.687889725494890476e-03 1.863758959759702133e-03 0.000000000000000000e+00 0.000000000000000000e+00 0.000000000000000000e+00 0.000000000000000000e+00 9.654629505771132603e-02 1.699171481354930235e-01 9.892907056431581459e-04 2.026894149436549164e-02
2.900000000000000355e+00 1.551189880999109892e-04 0.000000000000000000e+00 2.378607578709892104e-02 9.760588052247993751e-01 0.000000000000000000e+00 0.000000000000000000e+00 1.567143995130866824e-03 1.110735364112473526e-03 0.000000000000000000e+00 0.000000000000000000e+00 0.000000000000000000e+00 0.000000000000000000e+00 5.849609779826195344e-02 1.406940481657885378e-01 -2.715960868561636144e-03 1.200120440401577712e-02
3.000000000000000444e+00 3.476162927443224629e-05 0.000000000000000000e+00 1.103081135320553748e-02 9.889344270175233209e-01 0.000000000000000000e+00 0.000000000000000000e+00 4.312844410261297188e-04 4.443455883448077840e-04 0.000000000000000000e+00 0.000000000000000000e+00 0.000000000000000000e+00 0.000000000000000000e+00 2.852960994069042924e-02 1.004729333054631135e-01 -2.931818108084573507e-03 5.077544780256835512e-03
3.100000000000000089e+00 2.937977676986828947e-06 0.000000000000000000e+00 2.894146414692471553e-03 9.971029156076317568e-01 0.000000000000000000e+00 0.000000000000000000e+00 3.454948744952073366e-05 8.549463164511424270e-05 0.000000000000000000e+00 0.000000000000000000e+00 0.000000000000000000e+00 0.000000000000000000e+00 9.619662221626822107e-03 5.285095990363630064e-02 -1.446407385834133337e-03 9.150934448942432600e-04
3.200000000000000178e+00 3.336693574262628121e-07 0.000000000000000000e+00 1.766883945970009414e-05 9.999819974911828835e-01 0.000000000000000000e+00 0.000000000000000000e+00 -2.268413668879531682e-06 -8.673444012672586542e-07 0.000000000000000000e+00 0.000000000000000000e+00 0.000000000000000000e+00 0.000000000000000000e+00 3.501292486551617605e-03 2.325797497962283494e-03 -3.354024781016679002e-04 -4.703242647365944544e-04
3.300000000000000266e+00 1.278861492965220954e-06 0.000000000000000000e+00 2.255203755172967457e-03 9.977435173833346660e-01 0.000000000000000000e+00 0.000000000000000000e+00 2.846788254199710843e-06 -5.362849515812319876e-05 0.000000000000000000e+00 0.000000000000000000e+00 0.000000000000000000e+00 0.000000000000000000e+00 1.038830394547190887e-02 -4.628388668252608751e-02 -1.087508807709556408e-03 -3.054576365807555832e-04
3.400000000000000355e+00 1.647319228774256898e-05 0.000000000000000000e+00 8.750576066460303767e-03 9.912329507412540597e-01 0.000000000000000000e+00 0.000000000000000000e+00 -7.995662235544897340e-05 -3.711558428143864438e-04 0.000000000000000000e+00 0.000000000000000000e+00 0.000000000000000000e+00 0.000000000000000000e+00 2.900429496910001195e-02 -8.850203399287701056e-02 -4.018831240266228406e-03 -4.215518810754624699e-04
3.500000000000000444e+00 7.432534123670331326e-05 0.000000000000000000e+00 1.812840206667204815e-02 9.817972725920929289e-01 0.000000000000000000e+00 0.000000000000000000e+00 -1.770848690869724869e-04 -1.147188197370878696e-03 0.000000000000000000e+00 0.000000000000000000e+00 0.000000000000000000e+00 0.000000000000000000e+00 5.679246991002807193e-02 -1.207188105197584127e-01 -8.194008527658992042e-03 -2.414675062541028153e-03
3.600000000000000089e+00 1.944185518825497993e-04 0.000000000000000000e+00 2.875017880102376244e-02 9.710554026470951117e-01 0.000000000000000000e+00 0.000000000000000000e+00 -9.865238555346311495e-05 -2.362167878214074031e-03 0.000000000000000000e+00 0.000000000000000000e+00 0.000000000000000000e+00 0.000000000000000000e+00 9.028524926955174001e-02 -1.405937068965430470e-01 -1.186124168284980428e-02 -6.935575854081704912e-03
3.700000000000000178e+00 3.684347589091299321e-04 0.000000000000000000e+00 3.897590415725345203e-02 9.606556610838392629e-01 0.000000000000000000e+00 0.000000000000000000e+00 3.247966809405797186e-04 -3.775524488406774813e-03 0.000000000000000000e+00 0.000000000000000000e+00 0.000000000000000000e+00 0.000000000000000000e+00 1.255813195998290444e-01 -1.472132978825964056e-01 -1.321378008789391746e-02 -1.339159963080720217e-02
3.800000000000000266e+00 5.580145530287310054e-04 0.000000000000000000e+00 4.738176208956156737e-02 9.520602233574111395e-01 0.000000000000000000e+00 0.000000000000000000e+00 1.126181899094359480e-03 -5.017113385118398237e-03 0.000000000000000000e+00 0.000000000000000000e+00 0.000000000000000000e+00 0.000000000000000000e+00 1.588079500214296391e-01 -1.410330648280615773e-01 -1.115898264137108083e-02 -2.016780901101300483e-02
3.900000000000000355e+00 7.092147224488147507e-04 0.000000000000000000e+00 5.290416466694097819e-02 9.463866206106100742e-01 0.000000000000000000e+00 0.000000000000000000e+00 2.158305311737305793e-03 -5.732549920031483268e-03 0.000000000000000000e+00 0.000000000000000000e+00 0.000000000000000000e+00 0.000000000000000000e+00 1.864491672024404245e-01 -1.237113638544234950e-01 -5.798548141532696744e-03 -2.525011024917670974e-02
4.000000000000000000e+00 7.757286712593087141e-04 0.000000000000000000e+00 5.493039597547014902e-02 9.442938753532705842e-01 0.000000000000000000e+00 0.000000000000000000e+00 3.142212750562705000e-03 -5.721676589808387219e-03 0.000000000000000000e+00 0.000000000000000000e+00 0.000000000000000000e+00 0.000000000000000000e+00 2.056598967001430911e-01 -9.784908376987568046e-02 1.572285361768928271e-03 -2.701932192334293922e-02
4.099999999999999645e+00 7.383400936063222193e-04 0.000000000000000000e+00 5.331608930001059676e-02 9.459455706063829572e-01 0.000000000000000000e+00 0.000000000000000000e+00 3.778890666048785596e-03 -5.008531897035672399e-03 0.000000000000000000e+00 0.000000000000000000e+00 0.000000000000000000e+00 0.000000000000000000e+00 2.144370207252752070e-01 -6.671493657551197387e-02 8.931452410436769088e-03 -2.487285046091606763e-02
4.200000000000000178e+00 6.117525990735280016e-04 0.000000000000000000e+00 4.835912159550113248e-02 9.510291258054254238e-01 0.000000000000000000e+00 0.000000000000000000e+00 3.872005495177326638e-03 -3.819868641395635089e-03 0.000000000000000000e+00 0.000000000000000000e+00 0.000000000000000000e+00 0.000000000000000000e+00 2.117506828728440704e-01 -3.394969039758120172e-02 1.427272511240212233e-02 -1.944438270289359019e-02
4.299999999999999822e+00 4.368764919964733431e-04 0.000000000000000000e+00 4.075271377360750735e-02 9.588104097343980170e-01 0.000000000000000000e+00 0.000000000000000000e+00 3.406656574614798112e-03 -2.489697579729922838e-03 0.000000000000000000e+00 0.000000000000000000e+00 0.000000000000000000e+00 0.000000000000000000e+00 1.976443413137748961e-01 -3.292431406225029052e-03 1.632061165667109820e-02 -1.234987288409641372e-02
4.399999999999999467e+00 2.626039163467825581e-04 0.000000000000000000e+00 3.149188684065027527e-02 9.682455092430017896e-01 0.000000000000000000e+00 0.000000000000000000e+00 2.549288181390279781e-03 -1.330798719797937624e-03 0.000000000000000000e+00 0.000000000000000000e+00 0.000000000000000000e+00 0.000000000000000000e+00 1.732604785485205856e-01 2.174130820565848068e-02 1.494430169537009495e-02 -5.561748490542302997e-03
4.500000000000000000e+00 1.268787209362456795e-04 0.000000000000000000e+00 2.176427565691909163e-02 9.781088456221431748e-01 0.000000000000000000e+00 0.000000000000000000e+00 1.574261686302703012e-03 -5.320943546967416959e-04 0.000000000000000000e+00 0.000000000000000000e+00 0.000000000000000000e+00 0.000000000000000000e+00 1.408135759570943446e-01 3.820166174452110236e-02 1.111933700308256195e-02 -6.794044448455562133e-04
4.599999999999999645e+00 4.490989006032194031e-05 0.000000000000000000e+00 1.279354022153958784e-02 9.871615498884011020e-01 0.000000000000000000e+00 0.000000000000000000e+00 7.486168534556178261e-04 -1.188667986666143531e-04 0.000000000000000000e+00 0.000000000000000000e+00 0.000000000000000000e+00 0.000000000000000000e+00 1.034065959773133730e-01 4.400416839825642412e-02 6.459709581637326087e-03 1.614146322318053871e-03
4.700000000000000178e+00 9.431087843203614284e-06 0.000000000000000000e+00 5.687098392320597690e-03 9.943034705198365852e-01 0.000000000000000000e+00 0.000000000000000000e+00 2.312030950407305231e-04 1.344527228265330876e-05 0.000000000000000000e+00 0.000000000000000000e+00 0.000000000000000000e+00 0.000000000000000000e+00 6.475479510434906105e-02 3.822980699329635995e-02 2.542158976338063005e-03 1.707286831652931550e-03
4.799999999999999822e+00 6.827134585447267302e-07 0.000000000000000000e+00 1.282252715169387254e-03 9.987170645713735473e-01 0.000000000000000000e+00 0.000000000000000000e+00 2.474343594381042224e-05 1.622289285856022025e-05 0.000000000000000000e+00 0.000000000000000000e+00 0.000000000000000000e+00 0.000000000000000000e+00 2.876934420513702073e-02 2.128220890599879719e-02 2.859000467096531372e-04 7.746623187684646044e-04
4.900000000000000355e+00 1.608527166639866325e-07 0.000000000000000000e+00 2.739529667399365117e-05 9.999724438506082391e-01 0.000000000000000000e+00 0.000000000000000000e+00 -6.398471108442087283e-07 -1.999589934128808300e-06 0.000000000000000000e+00 0.000000000000000000e+00 0.000000000000000000e+00 0.000000000000000000e+00 -9.225392850658088468e-04 -5.152033344205250547e-03 -3.544865070561038041e-04 1.876186762070433136e-04
5.000000000000000000e+00 8.515440852410442511e-07 0.000000000000000000e+00 1.927351524738744968e-03 9.980717969311757587e-01 0.000000000000000000e+00 0.000000000000000000e+00 -2.796885561124767160e-05 -2.930829352663908536e-05 0.000000000000000000e+00 0.000000000000000000e+00 0.000000000000000000e+00 0.000000000000000000e+00 -2.142169470148612073e-02 -3.827199842051361156e-02 -2.711268216466366393e-04 8.811266724128593133e-04
5.099999999999999645e+00 9.210833038197721804e-06 0.000000000000000000e+00 6.556386830958141690e-03 9.934344023360034415e-01 0.000000000000000000e+00 0.000000000000000000e+00 -1.976940854941431995e-04 -1.459685994623293403e-04 0.000000000000000000e+00 0.000000000000000000e+00 0.000000000000000000e+00 0.000000000000000000e+00 -3.093314654499984551e-02 -7.454180205003850535e-02 -7.268422128891466371e-04 2.936330704884665844e-03
5.200000000000000178e+00 3.878696291894623001e-05 0.000000000000000000e+00 1.313917288629299664e-02 9.868220401507928896e-01 0.000000000000000000e+00 0.000000000000000000e+00 -5.394706729286006565e-04 -4.675467752846867086e-04 0.000000000000000000e+00 0.000000000000000000e+00 0.000000000000000000e+00 0.000000000000000000e+00 -2.896034815675314553e-02 -1.101241299945583257e-01 -2.729615644579555869e-03 5.552027989754486879e-03
5.299999999999999822e+00 9.961884283108150481e-05 0.000000000000000000e+00 2.068230038876993013e-02 9.792180807683995569e-01 0.000000000000000000e+00 0.000000000000000000e+00 -9.609713709655888936e-04 -1.066245538788089834e-03 0.000000000000000000e+00 0.000000000000000000e+00 0.000000000000000000e+00 0.000000000000000000e+00 -1.631634025145813419e-02 -1.413727684300090104e-01 -6.530147749805871073e-03 7.409830251039728130e-03
5.400000000000000355e+00 1.893306490446996094e-04 0.000000000000000000e+00 2.811954543547784749e-02 9.716911239154781832e-01 0.000000000000000000e+00 0.000000000000000000e+00 -1.294994325666702639e-03 -1.909680765576307832e-03 0.000000000000000000e+00 0.000000000000000000e+00 0.000000000000000000e+00 0.000000000000000000e+00 5.053136698456386217e-03 -1.652209973308773894e-01 -1.145335263102598318e-02 7.265778676513069169e-03
5.500000000000000000e+00 2.907952271629190059e-04 0.000000000000000000e+00 3.446129844708509249e-02 9.652479063257538572e-01 0.000000000000000000e+00 0.000000000000000000e+00 -1.382096358796193469e-03 -2.847979924841098718e-03 0.000000000000000000e+00 0.000000000000000000e+00 0.000000000000000000e+00 0.000000000000000000e+00 3.230687373745076696e-02 -1.794991982842562284e-01 -1.613001551047527071e-02 4.529017756379421535e-03
5.599999999999999645e+00 3.774925805478261719e-04 0.000000000000000000e+00 3.890905876935033675e-02 9.607134486501021087e-01 0.000000000000000000e+00 0.000000000000000000e+00 -1.147352100229998267e-03 -3.656701137934716649e-03 0.000000000000000000e+00 0.000000000000000000e+00 0.000000000000000000e+00 0.000000000000000000e+00 6.210546944339705167e-02 -1.830938731433543742e-01 -1.903866078334064127e-02 -4.376344520465245123e-04
5.700000000000000178e+00 4.239675115920322210e-04 0.000000000000000000e+00 4.093677580307114594e-02 9.586392566853362274e-01 0.000000000000000000e+00 0.000000000000000000e+00 -6.386149045964378173e-04 -4.116799054957277423e-03 0.000000000000000000e+00 0.000000000000000000e+00 0.000000000000000000e+00 0.000000000000000000e+00 9.092744351792192425e-02 -1.759994330841662402e-01 -1.911782032077993451e-02 -6.398504132354721104e-03
5.799999999999999822e+00 4.163204180089329944e-04 0.000000000000000000e+00 4.033517011204506425e-02 9.592485094699420012e-01 0.000000000000000000e+00 0.000000000000000000e+00 -8.197395070700425705e-06 -4.097839220444605100e-03 0.000000000000000000e+00 0.000000000000000000e+00 0.000000000000000000e+00 0.000000000000000000e+00 1.154426033402316254e-01 -1.592622274804804949e-01 -1.620365874859160463e-02 -1.169598572236228359e-02
5.900000000000000355e+00 3.577687696040999653e-04 0.000000000000000000e+00 3.722084282645349296e-02 9.624213884039456435e-01 0.000000000000000000e+00 0.000000000000000000e+00 5.500628326668284248e-04 -3.607476592098703919e-03 0.000000000000000000e+00 0.000000000000000000e+00 0.000000000000000000e+00 0.000000000000000000e+00 1.327856282181012482e-01 -1.348707247030878353e-01 -1.110943623285582174e-02 -1.486286651905029295e-02
6.000000000000000000e+00 2.667243010841477153e-04 0.000000000000000000e+00 3.200685916588440899e-02 9.677264165330293766e-01 0.000000000000000000e+00 0.000000000000000000e+00 8.806398250627390590e-04 -2.785943421100076176e-03 0.000000000000000000e+00 0.000000000000000000e+00 0.000000000000000000e+00 0.000000000000000000e+00 1.408353500244799994e-01 -1.055428184177438222e-01 -5.311709042129562387e-03 -1.516251562050958263e-02
