1.000000000000000056e-01 9.755867654169880776e-01 0.000000000000000000e+00 2.426138517504810785e-02 1.518494079663996652e-04 0.000000000000000000e+00 0.000000000000000000e+00 -1.863200010316248367e-04 1.538474944748446926e-01 0.000000000000000000e+00 0.000000000000000000e+00 0.000000000000000000e+00 0.000000000000000000e+00 -1.071403784443730311e-03 1.592535996489045100e-03 -1.009043988763887699e-02 -6.806268797387632352e-03
2.000000000000000111e-01 9.053989933388334466e-01 0.000000000000000000e+00 9.223568691738481817e-02 2.365319743782482494e-03 0.000000000000000000e+00 0.000000000000000000e+00 -1.406698706645645924e-03 2.889777141506775227e-01 0.000000000000000000e+00 0.000000000000000000e+00 0.000000000000000000e+00 0.000000000000000000e+00 -8.286634586706639188e-03 1.222696113071620322e-02 -3.818112703555887055e-02 -2.614879827509772672e-02
3.000000000000000444e-01 7.980533360272809018e-01 0.000000000000000000e+00 1.904962854323396237e-01 1.145037854037939291e-02 0.000000000000000000e+00 0.000000000000000000e+00 -4.294402713288457928e-03 3.898817182103597179e-01 0.000000000000000000e+00 0.000000000000000000e+00 0.000000000000000000e+00 0.000000000000000000e+00 -2.642283231011974265e-02 3.851088819883189546e-02 -7.822315768298543359e-02 -5.494679591585694550e-02
4.000000000000000222e-01 6.662233941773065826e-01 0.000000000000000000e+00 2.997895846914450102e-01 3.398702113124709573e-02 0.000000000000000000e+00 0.000000000000000000e+00 -8.822189903299386057e-03 4.468209973112481914e-01 0.000000000000000000e+00 0.000000000000000000e+00 0.000000000000000000e+00 0.000000000000000000e+00 -5.777808741961243388e-02 8.276863874267610666e-02 -1.216621200596515601e-01 -8.855098589052207148e-02
5.000000000000000000e-01 5.244761953928124276e-01 0.000000000000000000e+00 3.989952719212057630e-01 7.652853268598436287e-02 0.000000000000000000e+00 0.000000000000000000e+00 -1.426455034464953545e-02 4.572308440974802712e-01 0.000000000000000000e+00 0.000000000000000000e+00 0.000000000000000000e+00 0.000000000000000000e+00 -1.015240705358047141e-01 1.422230143131108793e-01 -1.593516468332345781e-01 -1.214267115681834514e-01
5.999999999999999778e-01 3.869069658267251244e-01 0.000000000000000000e+00 4.693808971068301195e-01 1.437121370664436182e-01 0.000000000000000000e+00 0.000000000000000000e+00 -1.940237332320693744e-02 4.257115063109069841e-01 0.000000000000000000e+00 0.000000000000000000e+00 0.000000000000000000e+00 0.000000000000000000e+00 -1.536463505615607850e-01 2.094004077828922616e-01 -1.835674602322911464e-01 -1.480074810077317837e-01
7.000000000000000666e-01 2.650308551507287169e-01 0.000000000000000000e+00 4.982450628476912668e-01 2.367240820015805713e-01 0.000000000000000000e+00 0.000000000000000000e+00 -2.291188642573806222e-02 3.626642533509885635e-01 0.000000000000000000e+00 0.000000000000000000e+00 0.000000000000000000e+00 0.000000000000000000e+00 -2.074955243293458707e-01 2.736644157435121349e-01 -1.896540361526114216e-01 -1.636170300093717223e-01
8.000000000000000444e-01 1.663433655791954624e-01 0.000000000000000000e+00 4.811870309777132038e-01 3.524696034430913616e-01 0.000000000000000000e+00 0.000000000000000000e+00 -2.380305484168854929e-02 2.819143218126843875e-01 0.000000000000000000e+00 0.000000000000000000e+00 0.000000000000000000e+00 0.000000000000000000e+00 -2.548451373190017133e-01 3.235085128184945757e-01 -1.769282726378696435e-01 -1.653099103043582374e-01
9.000000000000000222e-01 9.375809542977002475e-02 0.000000000000000000e+00 4.225844779743332946e-01 4.836574265958968333e-01 0.000000000000000000e+00 0.000000000000000000e+00 -2.177915135789817991e-02 1.978544526859797037e-01 0.000000000000000000e+00 0.000000000000000000e+00 0.000000000000000000e+00 0.000000000000000000e+00 -2.872929670191085583e-01 3.490685778013355445e-01 -1.486277388562701196e-01 -1.525011293334990192e-01
1.000000000000000000e+00 4.597299425386872085e-02 0.000000000000000000e+00 3.342626597413612677e-01 6.197643460047689290e-01 0.000000000000000000e+00 0.000000000000000000e+00 -1.735467740312575044e-02 1.227431079635768335e-01 0.000000000000000000e+00 0.000000000000000000e+00 0.000000000000000000e+00 0.000000000000000000e+00 -2.977074242328844877e-01 3.442882049469112582e-01 -1.109677882719905667e-01 -1.271950187315810110e-01
1.100000000000000089e+00 1.857541707205058457e-02 0.000000000000000000e+00 2.327380239147694430e-01 7.486865590131804860e-01 0.000000000000000000e+00 0.000000000000000000e+00 -1.172155444752446922e-02 6.469784419990565194e-02 0.000000000000000000e+00 0.000000000000000000e+00 0.000000000000000000e+00 0.000000000000000000e+00 -2.815066205604180860e-01 3.082237056596979774e-01 -7.150406222330447925e-02 -9.377811194308902087e-02
1.200000000000000178e+00 5.576105732541928629e-03 0.000000000000000000e+00 1.357254662518700139e-01 8.586984280155878224e-01 0.000000000000000000e+00 0.000000000000000000e+00 -6.350684971067188135e-03 2.676730032578281127e-02 0.000000000000000000e+00 0.000000000000000000e+00 0.000000000000000000e+00 0.000000000000000000e+00 -2.374861427029783534e-01 2.452500283135247428e-01 -3.725521588449369481e-02 -5.831159661312694531e-02
1.300000000000000266e+00 9.807323257721835361e-04 0.000000000000000000e+00 5.869599257935247116e-02 9.403232750948745666e-01 0.000000000000000000e+00 0.000000000000000000e+00 -2.462584059006675714e-03 7.176401864983465717e-03 0.000000000000000000e+00 0.000000000000000000e+00 0.000000000000000000e+00 0.000000000000000000e+00 -1.680763486958820330e-01 1.641449015610355611e-01 -1.301737408133648091e-02 -2.743635523879183954e-02
1.400000000000000133e+00 5.055154586170283471e-05 0.000000000000000000e+00 1.220902736289439586e-02 9.877404210912449356e-01 0.000000000000000000e+00 0.000000000000000000e+00 -5.221333380977356093e-04 5.869944244193768925e-04 0.000000000000000000e+00 0.000000000000000000e+00 0.000000000000000000e+00 0.000000000000000000e+00 -7.896283026168514352e-02 7.631658596795649896e-02 -2.922664429790206085e-04 -7.060202812233398392e-03
1.500000000000000222e+00 9.734530572903896890e-06 0.000000000000000000e+00 5.181961831581445316e-04 9.994720692862678613e-01 0.000000000000000000e+00 0.000000000000000000e+00 7.083732014641537251e-05 -5.148356672190585877e-06 0.000000000000000000e+00 0.000000000000000000e+00 0.000000000000000000e+00 0.000000000000000000e+00 2.183771015388195208e-02 -6.406016949730513471e-03 2.921562316068850723e-03 -1.092643695000678665e-03
1.600000000000000089e+00 1.148301873235898910e-04 0.000000000000000000e+00 2.161581826047040064e-02 9.782693515522088434e-01 0.000000000000000000e+00 0.000000000000000000e+00 9.757683378085074168e-04 -1.236941326931463104e-03 0.000000000000000000e+00 0.000000000000000000e+00 0.000000000000000000e+00 0.000000000000000000e+00 1.252686075453030290e-01 -7.385031248523203640e-02 1.428797762376373065e-03 -1.050206132909159776e-02
1.700000000000000178e+00 1.167939578151243026e-03 0.000000000000000000e+00 6.852570782351560807e-02 9.303063525983347182e-01 0.000000000000000000e+00 0.000000000000000000e+00 4.556596701533110680e-03 -7.698785804220654137e-03 0.000000000000000000e+00 0.000000000000000000e+00 0.000000000000000000e+00 0.000000000000000000e+00 2.226357722004488060e-01 -1.190933020239261925e-01 1.424101117541519152e-03 -3.293194893361291176e-02
1.800000000000000266e+00 4.683833119895739264e-03 0.000000000000000000e+00 1.314089809074707460e-01 8.639071859726321634e-01 0.000000000000000000e+00 0.000000000000000000e+00 1.324825001712381239e-02 -2.097573818148006086e-02 0.000000000000000000e+00 0.000000000000000000e+00 0.000000000000000000e+00 0.000000000000000000e+00 3.068533318093314977e-01 -1.391624809605259139e-01 8.722644286147669679e-03 -6.301041476354218851e-02
1.900000000000000133e+00 1.198489715677683934e-02 0.000000000000000000e+00 1.998917051299134440e-01 7.881233977133091928e-01 0.000000000000000000e+00 0.000000000000000000e+00 2.880300850554302211e-02 -3.957357953616117557e-02 0.000000000000000000e+00 0.000000000000000000e+00 0.000000000000000000e+00 0.000000000000000000e+00 3.732922837668591343e-01 -1.348784679396504982e-01 2.708625121374935371e-02 -9.333762715274199206e-02
2.000000000000000000e+00 2.348598844331550861e-02 0.000000000000000000e+00 2.650571636883639615e-01 7.114568478683188646e-01 0.000000000000000000e+00 0.000000000000000000e+00 5.162606592717712550e-02 -5.966471954998642940e-02 0.000000000000000000e+00 0.000000000000000000e+00 0.000000000000000000e+00 0.000000000000000000e+00 4.201100256405251865e-01 -1.099286167718229179e-01 5.708114985524743307e-02 -1.159784870172298477e-01
2.100000000000000089e+00 3.835364366999911845e-02 0.000000000000000000e+00 3.206969865181626966e-01 6.409493698118399196e-01 0.000000000000000000e+00 0.000000000000000000e+00 8.039581822593148963e-02 -7.639640271937245264e-02 0.000000000000000000e+00 0.000000000000000000e+00 0.000000000000000000e+00 0.000000000000000000e+00 4.480093292364851765e-01 -6.955697446635202008e-02 9.574200931976126205e-02 -1.241620370021122438e-01
2.200000000000000178e+00 5.459918657430080230e-02 0.000000000000000000e+00 3.636391708211357265e-01 5.817616426045636446e-01 0.000000000000000000e+00 0.000000000000000000e+00 1.121024757162916996e-01 -8.536649110314764588e-02 0.000000000000000000e+00 0.000000000000000000e+00 0.000000000000000000e+00 0.000000000000000000e+00 4.595465319089420686e-01 -1.919131361626870425e-02 1.371634649560111163e-01 -1.137976105640958469e-01
2.300000000000000266e+00 6.954645115708796288e-02 0.000000000000000000e+00 3.932708600185697567e-01 5.371826888243435016e-01 0.000000000000000000e+00 0.000000000000000000e+00 1.425275244843424438e-01 -8.388383271010144138e-02 0.000000000000000000e+00 0.000000000000000000e+00 0.000000000000000000e+00 0.000000000000000000e+00 4.581716940805974358e-01 3.656496923593985371e-02 1.738478334658400959e-01 -8.447532416320975568e-02
2.400000000000000355e+00 8.051508956428045372e-02 0.000000000000000000e+00 4.105400743427449761e-01 5.089448360929732518e-01 0.000000000000000000e+00 0.000000000000000000e+00 1.670775796029360105e-01 -7.169207212542937080e-02 0.000000000000000000e+00 0.000000000000000000e+00 0.000000000000000000e+00 0.000000000000000000e+00 4.472473178481550238e-01 9.440385560579002411e-02 1.985019547990840294e-01 -3.968265384091124864e-02
2.500000000000000444e+00 8.549575315051508029e-02 0.000000000000000000e+00 4.168125105592578872e-01 4.976917362902273378e-01 0.000000000000000000e+00 0.000000000000000000e+00 1.817559095581957607e-01 -5.099498966604153194e-02 0.000000000000000000e+00 0.000000000000000000e+00 0.000000000000000000e+00 0.000000000000000000e+00 4.292836992001569096e-01 1.521829423513130219e-01 2.058129609582489972e-01 1.384035004525341339e-02
2.600000000000000089e+00 8.364860670345170002e-02 0.000000000000000000e+00 4.130067644501505542e-01 5.033446288463988560e-01 0.000000000000000000e+00 0.000000000000000000e+00 1.840646422999078213e-01 -2.583888525499134989e-02 0.000000000000000000e+00 0.000000000000000000e+00 0.000000000000000000e+00 0.000000000000000000e+00 4.055601447109897784e-01 2.083403600883296791e-01 1.937802784876848650e-01 6.747800294234120033e-02
2.700000000000000178e+00 7.547145653472954463e-02 0.000000000000000000e+00 3.992145395424168131e-01 5.253140039228511027e-01 0.000000000000000000e+00 0.000000000000000000e+00 1.735748544774610158e-01 -1.035721440663569517e-03 0.000000000000000000e+00 0.000000000000000000e+00 0.000000000000000000e+00 0.000000000000000000e+00 3.762020732386036070e-01 2.611225543318638209e-01 1.642466997006703511e-01 1.125576954810733887e-01
2.800000000000000266e+00 6.262284772071090300e-02 0.000000000000000000e+00 3.748992668237818293e-01 5.624778854555119167e-01 0.000000000000000000e+00 0.000000000000000000e+00 1.520344635767372776e-01 1.904682849078732226e-02 0.000000000000000000e+00 0.000000000000000000e+00 0.000000000000000000e+00 0.000000000000000000e+00 3.406620016690769526e-01 3.079317252600896615e-01 1.225055536289753610e-01 1.421842344504976319e-01
2.900000000000000355e+00 4.746514686973837827e-02 0.000000000000000000e+00 3.395436827329381124e-01 6.129911703973239812e-01 0.000000000000000000e+00 0.000000000000000000e+00 1.229786813592743527e-01 3.150769419621571310e-02 0.000000000000000000e+00 0.000000000000000000e+00 0.000000000000000000e+00 0.000000000000000000e+00 2.984446411547864719e-01 3.450624224942853147e-01 7.607329663170871170e-02 1.526714437024463411e-01
3.000000000000000444e+00 3.247139667124846613e-02 0.000000000000000000e+00 2.934938594590005834e-01 6.740347438697518179e-01 0.000000000000000000e+00 0.000000000000000000e+00 9.094431277660962321e-02 3.548644273931050169e-02 0.000000000000000000e+00 0.000000000000000000e+00 0.000000000000000000e+00 0.000000000000000000e+00 2.498632940460014107e-01 3.679584112741580704e-01 3.293462699777675862e-02 1.442295403575672430e-01
3.100000000000000089e+00 1.965105758906466119e-02 0.000000000000000000e+00 2.386440893872206204e-01 7.417048530237140280e-01 0.000000000000000000e+00 0.000000000000000000e+00 6.046174313602671602e-02 3.215566018254746583e-02 0.000000000000000000e+00 0.000000000000000000e+00 0.000000000000000000e+00 0.000000000000000000e+00 1.965979016424165005e-01 3.719579871103350088e-01 -3.096768475257308511e-04 1.207277496714005832e-01
3.200000000000000178e+00 1.017251866659515079e-02 0.000000000000000000e+00 1.787665867252924423e-01 8.110608946081148130e-01 0.000000000000000000e+00 0.000000000000000000e+00 3.512601276680820533e-02 2.417994503824103317e-02 0.000000000000000000e+00 0.000000000000000000e+00 0.000000000000000000e+00 0.000000000000000000e+00 1.418860342056079415e-01 3.533538450201129666e-01 -1.991527492344227421e-02 8.862231314366858514e-02
3.300000000000000266e+00 4.242450393455491318e-03 0.000000000000000000e+00 1.192676082557895256e-01 8.764899413507523107e-01 0.000000000000000000e+00 0.000000000000000000e+00 1.693311442912381545e-02 1.480731393090833035e-02 0.000000000000000000e+00 0.000000000000000000e+00 0.000000000000000000e+00 0.000000000000000000e+00 9.027330269157635145e-02 3.104635073853619920e-01 -2.572804532133144903e-02 5.528591803034996893e-02
3.400000000000000355e+00 1.265440809565377463e-03 0.000000000000000000e+00 6.644683015658035818e-02 9.322877290338515976e-01 0.000000000000000000e+00 0.000000000000000000e+00 6.068507310190911913e-03 6.874429410494745443e-03 0.000000000000000000e+00 0.000000000000000000e+00 0.000000000000000000e+00 0.000000000000000000e+00 4.696289405772524628e-02 2.444218674981400441e-01 -2.099823749162479589e-02 2.718142145884767241e-02
3.500000000000000444e+00 2.031911598486343018e-04 0.000000000000000000e+00 2.641849470186100057e-02 9.733783141382894577e-01 0.000000000000000000e+00 0.000000000000000000e+00 1.167615783970350329e-03 2.001170888334360531e-03 0.000000000000000000e+00 0.000000000000000000e+00 0.000000000000000000e+00 0.000000000000000000e+00 1.692824599536026792e-02 1.594635502061979848e-01 -1.133100976031560340e-02 8.330097457620313020e-03
3.600000000000000089e+00 9.638249873404251841e-06 0.000000000000000000e+00 3.942396062853986693e-03 9.960479656872729404e-01 0.000000000000000000e+00 0.000000000000000000e+00 -4.707041689625218148e-05 1.891632006615380360e-04 0.000000000000000000e+00 0.000000000000000000e+00 0.000000000000000000e+00 0.000000000000000000e+00 3.949443552850644135e-03 6.253972302132580763e-02 -3.047934084904565123e-03 -5.571829672429870180e-04
3.700000000000000178e+00 6.079754787771144092e-06 0.000000000000000000e+00 1.515226190017581907e-03 9.984786940551969581e-01 0.000000000000000000e+00 0.000000000000000000e+00 6.300287913746907195e-05 -7.240809263895897879e-05 0.000000000000000000e+00 0.000000000000000000e+00 0.000000000000000000e+00 0.000000000000000000e+00 9.898941443476512100e-03 -3.761557712366458972e-02 -1.385909887108159556e-03 -2.037092296015393517e-03
3.800000000000000266e+00 8.387228408931466696e-05 0.000000000000000000e+00 1.891023238917516336e-02 9.810058953267360993e-01 0.000000000000000000e+00 0.000000000000000000e+00 -1.773617849784398729e-04 -1.246829354180629349e-03 0.000000000000000000e+00 0.000000000000000000e+00 0.000000000000000000e+00 0.000000000000000000e+00 3.434698141597070098e-02 -1.318003588623684608e-01 -9.012266884630873442e-03 -1.028464986590716876e-03
3.900000000000000355e+00 6.845582279658727828e-04 0.000000000000000000e+00 5.328440085520495112e-02 9.460310409168298795e-01 0.000000000000000000e+00 0.000000000000000000e+00 -1.259306361709208993e-03 -5.906809758915926474e-03 0.000000000000000000e+00 0.000000000000000000e+00 0.000000000000000000e+00 0.000000000000000000e+00 7.464849843266302409e-02 -2.117458342668107896e-01 -2.523716449749744198e-02 -3.270781030600058460e-03
4.000000000000000000e+00 2.576837721027122347e-03 0.000000000000000000e+00 9.980894580112593950e-02 8.976142164778475596e-01 0.000000000000000000e+00 0.000000000000000000e+00 -2.400614721364903274e-03 -1.585649703587653156e-02 0.000000000000000000e+00 0.000000000000000000e+00 0.000000000000000000e+00 0.000000000000000000e+00 1.264677824276844165e-01 -2.712855098261551801e-01 -4.614053523866846335e-02 -1.356676016424702806e-02
4.099999999999999645e+00 6.511862239353089638e-03 0.000000000000000000e+00 1.526422188663119905e-01 8.408459188943331331e-01 0.000000000000000000e+00 0.000000000000000000e+00 -1.881174272866595852e-03 -3.147135530997492020e-02 0.000000000000000000e+00 0.000000000000000000e+00 0.000000000000000000e+00 0.000000000000000000e+00 1.845641515300058544e-01 -3.070580759469891952e-01 -6.558297525949290108e-02 -3.426872105152905384e-02
4.200000000000000178e+00 1.287117172437768353e-02 0.000000000000000000e+00 2.059732549862077211e-01 7.811555732894148729e-01 0.000000000000000000e+00 0.000000000000000000e+00 2.305426259096028229e-03 -5.143735936650591090e-02 0.000000000000000000e+00 0.000000000000000000e+00 0.000000000000000000e+00 0.000000000000000000e+00 2.436941267036850378e-01 -3.186068555733975738e-01 -7.683752910012836557e-02 -6.442344215099526927e-02
4.299999999999999822e+00 2.142491700692944478e-02 0.000000000000000000e+00 2.549224597674784043e-01 7.236526232255918734e-01 0.000000000000000000e+00 0.000000000000000000e+00 1.168262954834439413e-02 -7.297402630410770863e-02 0.000000000000000000e+00 0.000000000000000000e+00 0.000000000000000000e+00 0.000000000000000000e+00 2.994010754826321175e-01 -3.079517895046199882e-01 -7.443318412056042221e-02 -9.981932442299422392e-02
4.399999999999999467e+00 3.127400938854365403e-02 0.000000000000000000e+00 2.960498594434446962e-01 6.726761311680138355e-01 0.000000000000000000e+00 0.000000000000000000e+00 2.663283952380450861e-02 -9.246273661973819502e-02 0.000000000000000000e+00 0.000000000000000000e+00 0.000000000000000000e+00 0.000000000000000000e+00 3.484736678205128668e-01 -2.787683213883620503e-01 -5.571642118877025845e-02 -1.339139975501021373e-01
4.500000000000000000e+00 4.100367652650491884e-02 0.000000000000000000e+00 3.274581962548796521e-01 6.315381272186134654e-01 0.000000000000000000e+00 0.000000000000000000e+00 4.606055130392448793e-02 -1.063269271805073607e-01 0.000000000000000000e+00 0.000000000000000000e+00 0.000000000000000000e+00 0.000000000000000000e+00 3.890707729767547973e-01 -2.354278431040606190e-01 -2.171729001335672565e-02 -1.594482482458463302e-01
4.599999999999999645e+00 4.899807296911976723e-02 0.000000000000000000e+00 3.484968149963062478e-01 6.025051120345708000e-01 0.000000000000000000e+00 0.000000000000000000e+00 6.747313084743650213e-02 -1.119064284069209297e-01 0.000000000000000000e+00 0.000000000000000000e+00 0.000000000000000000e+00 0.000000000000000000e+00 4.204532724695838053e-01 -1.821816611732582636e-01 2.290408088333414222e-02 -1.702850297729128493e-01
4.700000000000000178e+00 5.383149391155375718e-02 0.000000000000000000e+00 3.592583589855756765e-01 5.869101471028718153e-01 0.000000000000000000e+00 0.000000000000000000e+00 8.747266827766533859e-02 -1.081108120772702463e-01 0.000000000000000000e+00 0.000000000000000000e+00 0.000000000000000000e+00 0.000000000000000000e+00 4.424951789015166836e-01 -1.226800546642130008e-01 7.082144633217241081e-02 -1.630293790462934711e-01
4.799999999999999822e+00 5.462593805946999725e-02 0.000000000000000000e+00 3.600678187268349095e-01 5.853062432136960647e-01 0.000000000000000000e+00 0.000000000000000000e+00 1.025469801691635680e-01 -9.567214398849946400e-02 0.000000000000000000e+00 0.000000000000000000e+00 0.000000000000000000e+00 0.000000000000000000e+00 4.551557448557543850e-01 -5.985975420494658167e-02 1.137228426007061699e-01 -1.379855693049483190e-01
4.900000000000000355e+00 5.125890675938314656e-02 0.000000000000000000e+00 3.511163262015307707e-01 5.976247670390848477e-01 0.000000000000000000e+00 0.000000000000000000e+00 1.099050171161177064e-01 -7.693325879092351161e-02 0.000000000000000000e+00 0.000000000000000000e+00 0.000000000000000000e+00 0.000000000000000000e+00 4.580629693896678956e-01 3.758647059738027402e-03 1.442045788114791061e-01 -9.918987440576601533e-02
5.000000000000000000e+00 4.439235313085668905e-02 0.000000000000000000e+00 3.324227233168358664e-01 6.231849235523054809e-01 0.000000000000000000e+00 0.000000000000000000e+00 1.081816536212405755e-01 -5.526080670330502792e-02 0.000000000000000000e+00 0.000000000000000000e+00 0.000000000000000000e+00 0.000000000000000000e+00 4.503944079136199541e-01 6.561787966660855009e-02 1.574817389834970160e-01 -5.351772526156423765e-02
5.099999999999999645e+00 3.529088805598219053e-02 0.000000000000000000e+00 3.040584332547566215e-01 6.606506786892635263e-01 0.000000000000000000e+00 0.000000000000000000e+00 9.777276740563270452e-02 -3.421955724037848562e-02 0.000000000000000000e+00 0.000000000000000000e+00 0.000000000000000000e+00 0.000000000000000000e+00 4.310749496553907822e-01 1.226816849184842600e-01 1.524230153540214738e-01 -9.064926351844439928e-03
5.200000000000000178e+00 2.549797478360407016e-02 0.000000000000000000e+00 2.665663772540776688e-01 7.079356479623175602e-01 0.000000000000000000e+00 0.000000000000000000e+00 8.072248845501486803e-02 -1.675657131106806849e-02 0.000000000000000000e+00 0.000000000000000000e+00 0.000000000000000000e+00 0.000000000000000000e+00 3.992520367624153299e-01 1.712006147281130153e-01 1.316645919106800011e-01 2.674622192570224460e-02
5.299999999999999822e+00 1.647123939624263109e-02 0.000000000000000000e+00 2.214348424513082891e-01 7.620939181524490902e-01 0.000000000000000000e+00 0.000000000000000000e+00 6.021747892451306816e-02 -4.600147559077493245e-03 0.000000000000000000e+00 0.000000000000000000e+00 0.000000000000000000e+00 0.000000000000000000e+00 3.549050902513014027e-01 2.068732049393333106e-01 1.008113090422512043e-01 4.888466193484881234e-02
5.400000000000000355e+00 9.259319315333185141e-03 0.000000000000000000e+00 1.713739603689389546e-01 8.193667203157293244e-01 0.000000000000000000e+00 0.000000000000000000e+00 3.978559587300615347e-02 1.978045697597846132e-03 0.000000000000000000e+00 0.000000000000000000e+00 0.000000000000000000e+00 0.000000000000000000e+00 2.993942558633250206e-01 2.253468401328554693e-01 6.690533924155385448e-02 5.577144593994010080e-02
5.500000000000000000e+00 4.324491476090452403e-03 0.000000000000000000e+00 1.203223846901508853e-01 8.753531238337566300e-01 0.000000000000000000e+00 0.000000000000000000e+00 2.245866675664110260e-02 3.992674655802001989e-03 0.000000000000000000e+00 0.000000000000000000e+00 0.000000000000000000e+00 0.000000000000000000e+00 2.357665004657489571e-01 2.230218102616656761e-01 3.660622412857942459e-02 4.945140509370955090e-02
5.599999999999999645e+00 1.538200326159245863e-03 0.000000000000000000e+00 7.307312053140745112e-02 9.253886791424321689e-01 0.000000000000000000e+00 0.000000000000000000e+00 1.009592343430502394e-02 3.236278030582096735e-03 0.000000000000000000e+00 0.000000000000000000e+00 0.000000000000000000e+00 0.000000000000000000e+00 1.686890750746843082e-01 1.979015737728713475e-01 1.454170910518348160e-02 3.481340549242123439e-02
5.700000000000000178e+00 3.449345467796618861e-04 0.000000000000000000e+00 3.461227272150588924e-02 9.650427927317137833e-01 0.000000000000000000e+00 0.000000000000000000e+00 3.064058574193099464e-03 1.597033165948838962e-03 0.000000000000000000e+00 0.000000000000000000e+00 0.000000000000000000e+00 0.000000000000000000e+00 1.039714430546926638e-01 1.503072318412752018e-01 2.268818698314318399e-03 1.810329104260676239e-02
5.799999999999999822e+00 2.999151130773263220e-05 0.000000000000000000e+00 9.288428686405647214e-03 9.906815798022852171e-01 0.000000000000000000e+00 0.000000000000000000e+00 3.385967347340291330e-04 4.048813283259907457e-04 0.000000000000000000e+00 0.000000000000000000e+00 0.000000000000000000e+00 0.000000000000000000e+00 4.777689327849669182e-02 8.318198067667578743e-02 -1.884244633204554525e-03 5.114877297268621489e-03
5.900000000000000355e+00 4.506695800452238931e-06 0.000000000000000000e+00 3.588028049810230671e-05 9.999596130237007330e-01 0.000000000000000000e+00 0.000000000000000000e+00 -1.261210023220067641e-05 1.608754375101646645e-06 0.000000000000000000e+00 0.000000000000000000e+00 0.000000000000000000e+00 0.000000000000000000e+00 5.667666908807275986e-03 1.937841576534611761e-03 -2.079364579504189639e-03 -4.273233362611767957e-04
6.000000000000000000e+00 1.720464822693096779e-05 0.000000000000000000e+00 7.827072084386862971e-03 9.921557232673845483e-01 0.000000000000000000e+00 0.000000000000000000e+00 -1.196439870466080551e-04 -3.469109300646956392e-04 0.000000000000000000e+00 0.000000000000000000e+00 0.000000000000000000e+00 0.000000000000000000e+00 -1.827984987199348169e-02 -8.620626484770138598e-02 -3.541404700059850533e-03 2.127938371875021887e-03
