2.299999999999999822e+00 1.379424433582031794e-03 -1.133141028002720204e-03 9.607911973974569975e-01
2.334482758620689324e+00 9.011207646549991958e-04 -1.088947577226924510e-03 9.643644137866383970e-01
2.368965517241379271e+00 5.328382824883595237e-04 -9.835166646842657782e-04 9.676878478241603965e-01
2.403448275862068773e+00 2.615996011746839819e-04 -8.341286501080346326e-04 9.707695236406074235e-01
2.437931034482758275e+00 7.283139798257705052e-05 -6.817109170147985994e-04 9.736184265879723743e-01
2.472413793103448221e+00 -4.406246535071156383e-05 -5.285576746958031615e-04 9.762443360364154721e-01
2.506896551724137723e+00 -1.164099962010177989e-04 -3.939430625723147942e-04 9.786577325955824191e-01
2.541379310344827225e+00 -1.464731997867907540e-04 -2.797634442949666327e-04 9.808694267972691838e-01
2.575862068965517171e+00 -1.502701476642075314e-04 -1.850013461070829210e-04 9.828906114676456696e-01
2.610344827586206673e+00 -1.391871124325260519e-04 -1.166586266683618494e-04 9.847325537023092767e-01
2.644827586206896619e+00 -1.209600687711511889e-04 -6.280717584640836779e-05 9.864065717443420978e-01
2.679310344827586121e+00 -9.584090877594154761e-05 -2.478248360168705088e-05 9.879238585029265218e-01
2.713793103448275623e+00 -7.503532094948594383e-05 -4.249810528002068903e-06 9.892954594300047422e-01
2.748275862068965125e+00 -5.772900516833850401e-05 8.393475747017253624e-06 9.905320871090562695e-01
2.782758620689655071e+00 -4.011865153543954336e-05 1.536812779127542122e-05 9.916441435146833294e-01
2.817241379310344573e+00 -2.260045020728095424e-05 1.482576405738630712e-05 9.926415916743007717e-01
2.851724137931034520e+00 -1.342472706538614009e-05 1.514665011699429477e-05 9.935339787840035131e-01
2.886206896551724022e+00 -4.820748462894238197e-06 1.486796716158746942e-05 9.943303859251596544e-01
2.920689655172413524e+00 -6.086798909422271404e-06 9.990680499499521164e-06 9.950393445828157324e-01
2.955172413793103026e+00 -2.687592995937178011e-06 7.636691951407631433e-06 9.956689135969019055e-01
2.989655172413792972e+00 3.734432519806892157e-07 5.339486680123109718e-06 9.962266124844043613e-01
3.024137931034482474e+00 1.158909866529525648e-06 -1.572186923238174289e-06 9.967194593717525475e-01
3.058620689655172420e+00 5.485467903072873812e-08 -1.725894637366150523e-07 9.971539452063706843e-01
3.093103448275861922e+00 1.542128137556151587e-07 3.273569711294738892e-06 9.975360744762787890e-01
3.127586206896551424e+00 3.045776278647215597e-06 -1.690120563186025667e-06 9.978713573334934139e-01
3.162068965517240926e+00 -2.881605891765093895e-06 1.809760797903178109e-06 9.981648524705907244e-01
3.196551724137930872e+00 -2.043644518354267009e-07 1.277332740850649570e-06 9.984211688655237893e-01
3.231034482758620374e+00 -1.403868326306061908e-06 9.200843837030431514e-07 9.986444968724560445e-01
3.265517241379310320e+00 2.435173384868516675e-06 -8.789620256308677742e-07 9.988386380824908484e-01
3.299999999999999822e+00 -1.159836692489804219e-06 7.359173706902514138e-07 9.990070219673233831e-01
