2.299999999999999822e+00 -1.619343781350213347e-03 -3.267873026020836225e-04 9.992914863063799835e-01
2.334482758620689324e+00 -1.209518432349490549e-03 -4.959606920546304415e-04 9.993926424357746363e-01
2.368965517241379271e+00 -8.608907052944616200e-04 -5.638963580065273467e-04 9.994804458295478700e-01
2.403448275862068773e+00 -5.794539957766325477e-04 -5.582436128284602207e-04 9.995564953497633187e-01
2.437931034482758275e+00 -3.552688392770733498e-04 -5.146256459799651573e-04 9.996222173520830090e-01
2.472413793103448221e+00 -1.948424522116827345e-04 -4.423233534914243915e-04 9.996788857650260596e-01
2.506896551724137723e+00 -8.163417579679481677e-05 -3.656351030867076865e-04 9.997276344528506220e-01
2.541379310344827225e+00 -6.875518639500044233e-06 -2.876386387432605402e-04 9.997694761887714332e-01
2.575862068965517171e+00 3.965269318730540006e-05 -2.162509680985089350e-04 9.998053056273468187e-01
2.610344827586206673e+00 6.003531090155584651e-05 -1.523305867448472887e-04 9.998359158274645608e-01
2.644827586206896619e+00 6.760658285820836952e-05 -1.056098811034699683e-04 9.998620055175621024e-01
2.679310344827586121e+00 6.485438005735777683e-05 -6.656223789121276852e-05 9.998841917368515020e-01
2.713793103448275623e+00 5.455713281794596529e-05 -3.615684987844230438e-05 9.999030150655051630e-01
2.748275862068965125e+00 4.449799198650863333e-05 -2.042828118121985668e-05 9.999189481012296099e-01
2.782758620689655071e+00 3.680217800009947344e-05 -6.898506626523912959e-06 9.999324044286335145e-01
2.817241379310344573e+00 2.570527823104064964e-05 1.885537505873346857e-07 9.999437434276727821e-01
2.851724137931034520e+00 2.224156346059128132e-05 2.828990671813306717e-06 9.999532764626758441e-01
2.886206896551724022e+00 1.205282741449254008e-05 7.273723940699963826e-06 9.999612734877589837e-01
2.920689655172413524e+00 7.307904533929863642e-06 3.912882238646668569e-06 9.999679672161917443e-01
2.955172413793103026e+00 7.171506506646841327e-06 5.469676280101945337e-06 9.999735574973994678e-01
2.989655172413792972e+00 6.237911276982500469e-06 4.244858802529783596e-06 9.999782161804314784e-01
3.024137931034482474e+00 -1.401876662125936348e-06 4.654914052025158405e-06 9.999820900523669343e-01
3.058620689655172420e+00 -3.668081253960154779e-06 3.653853006217629727e-06 9.999853043349981041e-01
3.093103448275861922e+00 5.934039827487922117e-07 1.193647199376439761e-06 9.999879656883304824e-01
3.127586206896551424e+00 6.633595114120510937e-07 2.812098269501703235e-06 9.999901645106594739e-01
3.162068965517240926e+00 8.573882158122789340e-07 3.494506189239372849e-06 9.999919773666338108e-01
3.196551724137930872e+00 6.310138569702519372e-07 2.235653517838353279e-06 9.999934688393667948e-01
3.231034482758620374e+00 3.252065118436783606e-07 2.388972335414233453e-06 9.999946933800718529e-01
3.265517241379310320e+00 -2.022888343027233276e-06 1.188407365266719514e-06 9.999956966649140577e-01
3.299999999999999822e+00 -3.753801590366708946e-06 -3.433972339691777948e-06 9.999965169603162174e-01
