0.000000000000000000e+00 9.343616553135217028e-12 9.711324827600193204e-12 -1.000000000000000000e+00
2.040816326530612290e-01 4.694834874346584530e-01 3.924461931462772668e-01 -7.574846968767643407e-01
4.081632653061224580e-01 7.762245699599680249e-01 3.497779417889069764e-01 -2.642630698446749582e-01
6.122448979591836871e-01 7.172944369424834044e-01 -4.457175573653784917e-02 7.453323315968263252e-02
8.163265306122449161e-01 3.281079830855697654e-01 -3.379116910505318705e-01 1.087797295225157168e-01
1.020408163265306145e+00 -5.705748327157546262e-02 -2.876768461083378803e-01 -4.518174374159774492e-02
1.224489795918367374e+00 -1.802982350217238183e-01 -6.424563759854820533e-02 -2.297041804546533783e-01
1.428571428571428603e+00 -9.569115766480175422e-02 7.358926847864484533e-02 -3.654871789903264001e-01
1.632653061224489832e+00 4.898018894324465689e-03 6.832307488108013693e-02 -4.370804171475847766e-01
1.836734693877551061e+00 3.031805069388968099e-02 1.601589345448961588e-02 -4.505157141540250265e-01
2.040816326530612290e+00 1.263759834246729573e-02 -8.155528311367499922e-03 -4.118675580230795608e-01
2.244897959183673741e+00 -6.446881884071080891e-04 -5.683276993193590865e-03 -3.237407898851623056e-01
2.448979591836734748e+00 -1.768945767239704561e-03 -5.414548055750741194e-04 -1.889883573897026825e-01
2.653061224489795755e+00 -3.041842885905049953e-04 3.909320742657320497e-04 -1.565100267381968821e-02
2.857142857142857206e+00 5.674457045354103712e-05 9.028387905252562495e-05 1.805499520122536838e-01
3.061224489795918657e+00 1.616194274332879950e-05 -8.792357135746457024e-06 3.784462050748154116e-01
3.265306122448979664e+00 -2.466394317106581561e-06 -1.786599754638509455e-06 5.575417820463205443e-01
3.469387755102040671e+00 1.982542559227400800e-06 2.497877762038637255e-08 7.040830805411645299e-01
3.673469387755102122e+00 -1.306743381189409533e-06 4.245927673085895268e-06 8.135021089537048944e-01
3.877551020408163573e+00 2.563787704547736601e-06 8.189060823730355803e-07 8.888065612073760002e-01
4.081632653061224580e+00 -1.696917674611654519e-06 2.349185963192533872e-06 9.370328755125176823e-01
4.285714285714285587e+00 5.291363495905258304e-07 -4.979697680266249558e-07 9.660120631153923387e-01
4.489795918367347483e+00 -1.675435875163719496e-06 -4.268071411018465747e-06 9.824609766334645444e-01
4.693877551020408490e+00 2.525769513831816713e-06 -3.438316493504496401e-07 9.913262092892055621e-01
4.897959183673469497e+00 -2.358157475884086973e-06 7.666641583757209515e-08 9.958807922158863235e-01
5.102040816326530503e+00 -2.495465411433933358e-06 2.692948335708395444e-07 9.981180791940233998e-01
5.306122448979591510e+00 1.547939017556537926e-06 -2.950704969854708016e-06 9.991714360068680856e-01
5.510204081632653406e+00 -4.243364601876842070e-07 1.301726209709396720e-06 9.996478007119249387e-01
5.714285714285714413e+00 -2.590538146045987225e-06 -4.766777695240760561e-06 9.998551597775320321e-01
5.918367346938775420e+00 1.476305757555329388e-06 2.660833864819309160e-06 9.999422313885756308e-01
6.122448979591837315e+00 1.356899063011843185e-06 2.728607403407073317e-06 9.999775879090466724e-01
6.326530612244898322e+00 3.107973452856117778e-06 7.330391386654027208e-07 9.999915114390697246e-01
6.530612244897959329e+00 -6.480179977719033476e-06 1.003042242489566509e-06 9.999968474283479347e-01
6.734693877551020336e+00 -3.595689275283147334e-06 -2.341172290786928960e-07 9.999988458154869253e-01
6.938775510204081343e+00 -2.868112934006702387e-07 -2.020835551035390827e-06 9.999995808583544976e-01
7.142857142857143238e+00 3.100502511502888232e-06 -2.327120508546380706e-06 9.999998479596298173e-01
7.346938775510204245e+00 1.737191890218888858e-06 -2.611246222666153978e-06 9.999999445143801236e-01
7.551020408163265252e+00 8.192949996555504150e-06 7.761744151676391716e-07 9.999999794606942993e-01
7.755102040816327147e+00 -3.866675179418325466e-06 3.299792252274065980e-06 9.999999922821297682e-01
7.959183673469388154e+00 -8.284702689960979602e-07 6.113142337489588133e-06 9.999999970332075216e-01
8.163265306122449161e+00 -2.153783131961254423e-06 -8.530884158919576082e-07 9.999999988603587298e-01
8.367346938775510168e+00 2.624251536981217760e-06 -1.307826805616766970e-06 9.999999995691927213e-01
8.571428571428571175e+00 -1.502740310029748149e-06 1.252248555841938156e-06 9.999999998544024660e-01
8.775510204081632182e+00 2.603380596221219437e-07 -1.281507998487788840e-06 9.999999999770331494e-01
8.979591836734694965e+00 -3.219903492966598254e-06 -9.271235488457542045e-07 1.000000000011350032e+00
9.183673469387755972e+00 4.198723043707358035e-06 8.700486417082392724e-07 1.000000000029879432e+00
9.387755102040816979e+00 -1.584516773964576977e-06 -3.620993184693766977e-06 1.000000000045317972e+00
9.591836734693877986e+00 -1.318865388746117868e-06 -6.251316278242757255e-07 1.000000000051024740e+00
9.795918367346938993e+00 8.856377348984854545e-07 -5.199653535059093321e-06 1.000000000043155035e+00
1.000000000000000000e+01 3.002598050961597304e-06 3.492760489077703385e-06 1.000000000046091797e+00
