0.000000000000000000e+00 7.964762934137653952e-12 9.499509210849685952e-12 -1.000000000000000000e+00
2.040816326530612290e-01 4.157275325791376930e-01 4.129798583129367651e-01 -8.066221905487751531e-01
4.081632653061224580e-01 7.725101411976706967e-01 5.045274938749615412e-01 -3.390654392795414140e-01
6.122448979591836871e-01 9.263263703583387576e-01 2.323605869385353961e-01 1.859446997510388055e-01
8.163265306122449161e-01 7.572610340144176888e-01 -1.643417247996914743e-01 6.012301752931874521e-01
1.020408163265306145e+00 3.633955019920858120e-01 -3.725896848118554483e-01 8.452065283406910989e-01
1.224489795918367374e+00 2.154549058568092090e-02 -2.977934999194123411e-01 9.525912151199359412e-01
1.428571428571428603e+00 -9.950359137689290812e-02 -1.112450667347751332e-01 9.885436228602854092e-01
1.632653061224489832e+00 -6.542190984392376452e-02 2.979875573822211854e-03 9.978288142580024056e-01
1.836734693877551061e+00 -1.352684412854315843e-02 2.121402800051232912e-02 9.996818791748305344e-01
2.040816326530612290e+00 3.661119246096211123e-03 7.549052422283058887e-03 9.999647358701801991e-01
2.244897959183673741e+00 2.399997860710836872e-03 1.118699337238754626e-04 9.999971117708242874e-01
2.448979591836734748e+00 2.746550445509920242e-04 -5.101062624898932904e-04 9.999998321453188455e-01
2.653061224489795755e+00 -6.938332952925523826e-05 -8.969760999863964535e-05 9.999999935751470170e-01
2.857142857142857206e+00 -1.580097017676376645e-05 1.933558341503544968e-06 9.999999998788875466e-01
3.061224489795918657e+00 2.119504804325854689e-06 -1.116047962719792197e-06 1.000000000002991163e+00
3.265306122448979664e+00 -1.031036647277259731e-06 -7.216643616859082310e-07 1.000000000006986633e+00
3.469387755102040671e+00 1.517489813525370572e-06 6.926205055038846501e-07 1.000000000005957457e+00
3.673469387755102122e+00 -2.065015917560281123e-06 3.882568694185880578e-06 9.999999999980421217e-01
3.877551020408163573e+00 1.243987712198376356e-06 -2.427534363222092334e-06 1.000000000006597833e+00
4.081632653061224580e+00 -3.082854583754007821e-06 -3.973337894510347687e-06 9.999999999982430721e-01
4.285714285714285587e+00 -1.473233449506639663e-06 -2.270469271137776821e-07 1.000000000010436096e+00
4.489795918367347483e+00 -1.015720479541366639e-06 2.585948436824556964e-06 1.000000000009392265e+00
4.693877551020408490e+00 1.172726560137615969e-06 9.922816654446098110e-07 1.000000000011855184e+00
4.897959183673469497e+00 -1.248017095822297492e-06 4.973794003864932110e-07 1.000000000013704815e+00
5.102040816326530503e+00 7.984513717867953024e-07 -3.268595453366234867e-06 1.000000000011300294e+00
5.306122448979591510e+00 -5.506495046289057355e-06 2.240415808880873536e-06 1.000000000003281153e+00
5.510204081632653406e+00 3.251832443472031123e-07 3.008939875803475991e-06 1.000000000018104629e+00
5.714285714285714413e+00 1.361944951926773415e-07 1.235345110923628870e-06 1.000000000024189539e+00
5.918367346938775420e+00 2.764915056494690506e-06 4.331742504566285134e-06 1.000000000014838353e+00
6.122448979591837315e+00 2.081811547870542113e-06 -7.843395753580716784e-07 1.000000000028315794e+00
6.326530612244898322e+00 2.188453271000870213e-06 -2.667939005649296325e-06 1.000000000023135049e+00
6.530612244897959329e+00 -2.719458618786311686e-06 -2.014697705594533267e-06 1.000000000026051161e+00
6.734693877551020336e+00 -3.347906510711159399e-06 1.837269677444910600e-06 1.000000000025361491e+00
6.938775510204081343e+00 -1.002222448372774512e-07 3.588782597427863582e-07 1.000000000035739411e+00
7.142857142857143238e+00 1.183132876913263285e-06 4.879349398259345461e-07 1.000000000030781822e+00
7.346938775510204245e+00 1.521052971401283032e-06 4.753617993200976405e-06 1.000000000019201307e+00
7.551020408163265252e+00 7.965714108861925226e-08 2.739173876011245277e-06 1.000000000034867886e+00
7.755102040816327147e+00 -5.879928681957036676e-06 -4.943006555578093316e-07 1.000000000027094771e+00
7.959183673469388154e+00 2.131442242428641195e-06 2.444428061729415527e-06 1.000000000044517945e+00
8.163265306122449161e+00 -1.056033987299635865e-06 -1.010274649956603153e-06 1.000000000053369087e+00
8.367346938775510168e+00 -1.350565244337469952e-06 2.907326037667872348e-06 1.000000000056240568e+00
8.571428571428571175e+00 3.063235770512838329e-07 -1.631067182542126605e-06 1.000000000057257310e+00
8.775510204081632182e+00 3.668534287514781813e-06 -8.741689543535594561e-07 1.000000000055970784e+00
8.979591836734694965e+00 1.388164431533766008e-06 -6.893515924154165820e-08 1.000000000064315220e+00
9.183673469387755972e+00 2.369838653393202099e-06 1.390348980212124219e-06 1.000000000051073368e+00
9.387755102040816979e+00 -6.257620336028182581e-06 -2.167873654449292920e-06 1.000000000037202463e+00
9.591836734693877986e+00 2.019982781578708834e-07 -1.867532931928041364e-07 1.000000000055009775e+00
9.795918367346938993e+00 5.775228756701840396e-06 -2.642057909875633618e-06 1.000000000036176173e+00
1.000000000000000000e+01 -5.749122223320779401e-06 4.060185705886717950e-06 1.000000000034827252e+00
