0.000000000000000000e+00 9.456883622273619629e-12 1.021470249167635929e-11 -1.000000000000000000e+00
2.040816326530612290e-01 4.654489844835031920e-01 4.053535649432805643e-01 -7.307756437324028909e-01
4.081632653061224580e-01 7.172569162837838519e-01 3.435164851196637059e-01 -2.358695411190225855e-01
6.122448979591836871e-01 5.756352339705521626e-01 -3.104459415106326781e-02 -5.918633458915786849e-03
8.163265306122449161e-01 1.858216035327989180e-01 -2.363107264465607593e-01 -1.332756404424243202e-01
1.020408163265306145e+00 -8.694131971925653235e-02 -1.430945341256402714e-01 -4.014472972111927662e-01
1.224489795918367374e+00 -1.118664910298339532e-01 9.811975609280522426e-03 -6.300154474064589838e-01
1.428571428571428603e+00 -3.502732593983697018e-02 5.641365980087643950e-02 -7.748499166091512569e-01
1.632653061224489832e+00 9.992053998891289868e-03 3.079010551549227898e-02 -8.568095250690113129e-01
1.836734693877551061e+00 1.223002018939275785e-02 5.011028746032373735e-03 -9.021277942364250846e-01
2.040816326530612290e+00 3.988009380312838338e-03 -2.172311288649095198e-03 -9.271017916782283708e-01
2.244897959183673741e+00 2.077246911215861270e-04 -1.273329950834031646e-03 -9.399687821192737047e-01
2.448979591836734748e+00 -1.928704899182897626e-04 -2.059841141484126850e-04 -9.442640018106013278e-01
2.653061224489795755e+00 -4.366095820007128889e-05 -2.545543035242095529e-06 -9.405973674415381014e-01
2.857142857142857206e+00 -7.200986977579487263e-06 -6.144058388299404551e-08 -9.272013465008746014e-01
3.061224489795918657e+00 -2.962482146456856793e-06 3.139398259161957462e-07 -8.998551620420707220e-01
3.265306122448979664e+00 -7.187982902917123719e-07 3.383995727219654680e-06 -8.518087647463674639e-01
3.469387755102040671e+00 -9.885486147863657966e-07 4.096702829870601515e-07 -7.745293642454933458e-01
3.673469387755102122e+00 6.540200211385451552e-07 -1.125542580364964627e-06 -6.600374299032589764e-01
3.877551020408163573e+00 1.819509317794012420e-06 -3.266091018251393217e-06 -5.047119443308544229e-01
4.081632653061224580e+00 -6.529338004301931359e-07 -2.382375890680172799e-06 -3.128470847161219370e-01
4.285714285714285587e+00 4.017642943512074196e-07 3.266805676583550908e-07 -9.744832391273935968e-02
4.489795918367347483e+00 -1.525218795481374242e-06 1.344763010353304317e-06 1.229039364477177015e-01
4.693877551020408490e+00 1.541628609541698009e-07 -1.561754502681783534e-06 3.295778219323038383e-01
4.897959183673469497e+00 3.988668990523551049e-06 3.448948798799980172e-06 5.088064836231306343e-01
5.102040816326530503e+00 6.130383358781724780e-06 1.249044843953076772e-06 6.538771372462600651e-01
5.306122448979591510e+00 2.336565179956647692e-06 -7.205415843847780512e-07 7.645115333456040663e-01
5.510204081632653406e+00 -5.570647614519832382e-08 4.840570821672147544e-06 8.447001668572201583e-01
5.714285714285714413e+00 -3.046347358702535912e-06 -5.321578773568177822e-06 9.003613792324099974e-01
5.918367346938775420e+00 -4.561793789768789458e-06 2.175860373407434633e-07 9.375997855421795979e-01
6.122448979591837315e+00 -1.922112421585166615e-06 9.348076711860909280e-07 9.617394834331811637e-01
6.326530612244898322e+00 -3.375571402533008764e-07 1.792958274950010205e-06 9.769682491022566584e-01
6.530612244897959329e+00 -1.556024435560613018e-06 -1.419911559417834846e-06 9.863520209207136125e-01
6.734693877551020336e+00 1.373230952522009764e-06 2.492739550977635238e-06 9.920177391876583428e-01
6.938775510204081343e+00 1.675151999527161662e-06 1.917638551492460134e-07 9.953794753936786588e-01
7.142857142857143238e+00 1.184294200302613070e-06 3.693512403515129095e-08 9.973452842675822883e-01
7.346938775510204245e+00 1.887898251286439298e-06 -5.933104904741368126e-06 9.984814380785816956e-01
7.551020408163265252e+00 1.982505943402047718e-06 5.500698428638549264e-07 9.991324106638783675e-01
7.755102040816327147e+00 -1.052156870885977293e-06 -5.562474385650731623e-06 9.995033407587137209e-01
7.959183673469388154e+00 -8.002182664497507364e-07 4.248549782159563663e-06 9.997142348877519069e-01
8.163265306122449161e+00 1.915298594277309574e-06 1.197752086548724287e-06 9.998342735124261527e-01
8.367346938775510168e+00 1.810946372396027470e-06 -2.213243901689463803e-06 9.999028972783223779e-01
8.571428571428571175e+00 -1.656195989859813486e-06 3.780509506178595650e-06 9.999424161859350457e-01
8.775510204081632182e+00 -2.326278688363446434e-06 3.524804552046508150e-06 9.999653984435125098e-01
8.979591836734694965e+00 5.750196533339465860e-07 2.266876525077173305e-06 9.999789214125569536e-01
9.183673469387755972e+00 2.865059620321111413e-06 -1.777822192217201460e-06 9.999869821937259484e-01
9.387755102040816979e+00 -1.009093626058061107e-06 4.075799350439602456e-07 9.999918526530551244e-01
9.591836734693877986e+00 -1.519792207497858058e-06 -1.823510731074449596e-06 9.999948357992695103e-01
9.795918367346938993e+00 2.856809690020163312e-06 -1.559346221289879556e-06 9.999966873502569298e-01
1.000000000000000000e+01 -2.010134598746516782e-06 2.580700996244172421e-06 9.999978511806730808e-01
