0.000000000000000000e+00 9.388300510147690780e-12 9.810377559627027909e-12 -1.000000000000000000e+00
2.040816326530612290e-01 4.702297393151296245e-01 3.951474480753761620e-01 -7.523098137703525534e-01
4.081632653061224580e-01 7.691160681808935085e-01 3.486926294777315527e-01 -2.566692404266065486e-01
6.122448979591836871e-01 6.952716977785418084e-01 -4.416588387357296697e-02 6.515110850345216809e-02
8.163265306122449161e-01 3.020876479411593318e-01 -3.223498730235200282e-01 6.864849438363265777e-02
1.020408163265306145e+00 -6.568699293598248556e-02 -2.607176156317513871e-01 -1.135114234831547247e-01
1.224489795918367374e+00 -1.686569969673227254e-01 -4.665670906591001810e-02 -3.169155149607649213e-01
1.428571428571428603e+00 -8.186478851588555039e-02 7.304280011525439431e-02 -4.661252879975686936e-01
1.632653061224489832e+00 8.398546804950224320e-03 6.075329292378325169e-02 -5.520127304404484070e-01
1.836734693877551061e+00 2.741473322165807053e-02 1.247670750079435051e-02 -5.851001850112687031e-01
2.040816326530612290e+00 1.048430606374951835e-02 -7.646315825737425367e-03 -5.736170661926811576e-01
2.244897959183673741e+00 -8.540698350519280481e-04 -4.797213007802694079e-03 -5.196964908990582277e-01
2.448979591836734748e+00 -1.537745648825200248e-03 -3.402202126654492887e-04 -4.220832479168403206e-01
2.653061224489795755e+00 -2.263502032383283473e-04 3.602387961425763192e-04 -2.807375730866450980e-01
2.857142857142857206e+00 6.259979762896859931e-05 7.006311078901626319e-05 -1.014994525578097745e-01
3.061224489795918657e+00 1.422865335330376413e-05 -7.172438110260177712e-06 1.015544463843674888e-01
3.265306122448979664e+00 -6.330309797487306997e-07 -8.684947374412962193e-07 3.082003324198037131e-01
3.469387755102040671e+00 -3.153682687648091444e-07 -6.195905451694242412e-07 4.979738902158479252e-01
3.673469387755102122e+00 -1.922961479570578096e-07 2.478649486960465077e-06 6.563001897405172924e-01
3.877551020408163573e+00 -1.119641276473971747e-06 -1.422515011886499881e-06 7.773589400887280787e-01
4.081632653061224580e+00 1.008771490997033037e-07 1.432050588480536645e-07 8.630158049889536942e-01
4.285714285714285587e+00 6.818325503462601838e-07 1.277933597011345458e-06 9.196294349776320542e-01
4.489795918367347483e+00 -1.932223054130541635e-06 -6.983167907839627397e-07 9.548708635950391432e-01
4.693877551020408490e+00 -3.357372561874439677e-06 -3.431144469917188785e-06 9.756730359764881344e-01
4.897959183673469497e+00 -2.134651396894807248e-06 -1.895684015391940407e-06 9.873786927145737913e-01
5.102040816326530503e+00 -3.481857743265982523e-06 -2.318497677227873309e-06 9.936839202019190909e-01
5.306122448979591510e+00 -1.323639562968265873e-06 1.433432903280331206e-06 9.969453301293870195e-01
5.510204081632653406e+00 -4.471814205353287145e-07 3.309894922050195452e-06 9.985695453821098466e-01
5.714285714285714413e+00 2.123154843992789154e-06 -3.586267022437538563e-06 9.993501058191869291e-01
5.918367346938775420e+00 -5.814135353793404512e-07 4.538296164380596767e-06 9.997128939071712184e-01
6.122448979591837315e+00 3.225790693777143102e-08 5.467206767262026701e-06 9.998763456206612998e-01
6.326530612244898322e+00 1.897568031378354604e-06 -3.032260941826900927e-06 9.999479163111801849e-01
6.530612244897959329e+00 -2.125123666574665133e-06 4.515320099981281691e-06 9.999784649546873405e-01
6.734693877551020336e+00 -1.267626358525543339e-06 -7.248213649240302797e-07 9.999912202948302298e-01
6.938775510204081343e+00 -4.867078755771321404e-06 1.755654335314222148e-06 9.999964521896755887e-01
7.142857142857143238e+00 -3.652960484763988802e-06 -2.040254227284665171e-06 9.999985706982477129e-01
7.346938775510204245e+00 4.744341787030735128e-07 -2.269718914496533099e-06 9.999994223270517457e-01
7.551020408163265252e+00 2.248145998276459178e-06 2.463740109474229113e-07 9.999997643153804017e-01
7.755102040816327147e+00 -5.148606101347856243e-06 4.059348036307362434e-07 9.999999023846702917e-01
7.959183673469388154e+00 1.454864309612131712e-06 2.564930640869898997e-07 9.999999587957661973e-01
8.163265306122449161e+00 -4.557915200075398736e-06 2.529209993928368441e-06 9.999999822134824079e-01
8.367346938775510168e+00 3.477140978524847786e-06 1.359575110382375023e-06 9.999999921620643661e-01
8.571428571428571175e+00 -8.279575900839422917e-07 -3.092399386290846470e-06 9.999999964735534208e-01
8.775510204081632182e+00 -5.274647798388181044e-06 -9.332039190317414417e-07 9.999999983871925568e-01
8.979591836734694965e+00 5.157590915932636366e-06 2.434780741441681819e-06 9.999999992556758421e-01
9.183673469387755972e+00 1.463189444715161415e-06 -1.072557633407283147e-06 9.999999996799888713e-01
9.387755102040816979e+00 -4.176140208737125213e-06 -5.657777369353337069e-06 9.999999998427383519e-01
9.591836734693877986e+00 3.535444287628901944e-06 1.900404956180832033e-06 9.999999999564368469e-01
9.795918367346938993e+00 1.890930400613722937e-06 -1.749806095227520189e-06 1.000000000004931611e+00
1.000000000000000000e+01 -1.443795323670203516e-06 3.866668055927305862e-06 1.000000000019674484e+00
