0.000000000000000000e+00 9.104978709263273674e-12 9.412698793943215719e-12 -1.000000000000000000e+00
2.040816326530612290e-01 4.617775512825915696e-01 3.851180840107153447e-01 -7.746541701705369487e-01
4.081632653061224580e-01 7.871274130862675467e-01 3.589905261246885138e-01 -2.942039727437238406e-01
6.122448979591836871e-01 7.762697513595925303e-01 -2.987885257285660678e-02 9.082325843745481242e-02
8.163265306122449161e-01 4.147241482677939128e-01 -3.656513145056362601e-01 2.241919164876629011e-01
1.020408163265306145e+00 -9.233142871930721807e-03 -3.637229001328107225e-01 1.782116636044500102e-01
1.224489795918367374e+00 -1.988295586834743223e-01 -1.310485094084511137e-01 8.572933435253901613e-02
1.428571428571428603e+00 -1.379565923718049369e-01 5.727728727113598484e-02 3.085284622897614334e-02
1.632653061224489832e+00 -1.615958362737859866e-02 8.335772881839154103e-02 4.215421135379203432e-02
1.836734693877551061e+00 3.099912286005639464e-02 2.887328545425323079e-02 1.185730937147731479e-01
2.040816326530612290e+00 1.736662091910698771e-02 -5.377563032675797966e-03 2.459685834604219412e-01
2.244897959183673741e+00 1.170485990265020780e-03 -6.485989555009197619e-03 4.026523916005029236e-01
2.448979591836734748e+00 -1.617029033141472718e-03 -1.141580682945780552e-03 5.634035612837721141e-01
2.653061224489795755e+00 -4.076380750430493461e-04 2.605036867856625024e-04 7.060241792705204134e-01
2.857142857142857206e+00 2.242447740241732229e-05 9.169413986302585784e-05 8.174015831257884779e-01
3.061224489795918657e+00 1.442219962690193326e-05 -2.694407619840092984e-06 8.950192258853835181e-01
3.265306122448979664e+00 -3.351152801435968901e-07 1.271079851597191539e-06 9.438945744985932640e-01
3.469387755102040671e+00 1.425243102312628636e-06 2.340947149281955393e-06 9.720105731809880467e-01
3.673469387755102122e+00 1.195134658977110888e-06 6.019827523620961277e-07 9.869197987871034528e-01
3.877551020408163573e+00 -1.677340950150834242e-06 -3.935130801304115375e-06 9.942578266023616163e-01
4.081632653061224580e+00 9.789060829117787666e-07 1.036333632950400357e-06 9.976269161627767668e-01
4.285714285714285587e+00 6.843435555575553914e-07 4.530189749975036386e-07 9.990751499401911984e-01
4.489795918367347483e+00 -3.033438458757868755e-06 -2.957429010482258885e-07 9.996595958699439066e-01
4.693877551020408490e+00 9.096483948315547373e-08 -6.261356962529544501e-07 9.998815061788063341e-01
4.897959183673469497e+00 -1.614999264058779083e-06 -2.816468746443715639e-06 9.999609330345807789e-01
5.102040816326530503e+00 7.165560870559449368e-07 -3.036733058627092727e-06 9.999877808979847904e-01
5.306122448979591510e+00 -4.200799564017335571e-06 4.703057716924950080e-06 9.999963674588330242e-01
5.510204081632653406e+00 1.121285119938099239e-06 2.222488467849343325e-06 9.999989712389316665e-01
5.714285714285714413e+00 -2.721761964424323714e-06 -4.751537624911856650e-06 9.999997216429515889e-01
5.918367346938775420e+00 5.973752904394628976e-06 3.917328235242837354e-06 9.999999277774398454e-01
6.122448979591837315e+00 1.539887013960033572e-06 -3.351828180071216816e-06 9.999999819714320282e-01
6.326530612244898322e+00 1.215741077999051957e-06 -9.759932776683745566e-07 9.999999956576960392e-01
6.530612244897959329e+00 -1.403093806172674378e-06 5.444785149490665188e-06 9.999999989800668621e-01
6.734693877551020336e+00 -4.242939081700459252e-06 -5.947602841935281137e-06 9.999999997640007798e-01
6.938775510204081343e+00 -5.723281886665173756e-06 -2.115697183310991506e-06 9.999999999584292532e-01
7.142857142857143238e+00 -3.785844877871254153e-06 -1.253684270919298269e-06 1.000000000008962830e+00
7.346938775510204245e+00 1.728442986669562303e-06 -4.718578332330885568e-06 1.000000000018389956e+00
7.551020408163265252e+00 3.511420370660508614e-06 -1.853876357360547880e-07 1.000000000033886671e+00
7.755102040816327147e+00 -4.190743320406776538e-06 5.674718513130529247e-07 1.000000000032878811e+00
7.959183673469388154e+00 -6.199525371791522984e-06 5.496002062917296496e-06 1.000000000016700419e+00
8.163265306122449161e+00 -3.550127847774460023e-06 -1.538138249592630289e-06 1.000000000048004711e+00
8.367346938775510168e+00 -2.987237949732513118e-06 -1.197019739534967230e-06 1.000000000052807092e+00
8.571428571428571175e+00 -1.136860295020259481e-06 7.555694326119622326e-07 1.000000000057927219e+00
8.775510204081632182e+00 -4.313385067798965739e-06 2.995969660775106976e-06 1.000000000045599968e+00
8.979591836734694965e+00 2.570330072791213063e-06 -2.891471405331630027e-06 1.000000000052398752e+00
9.183673469387755972e+00 3.631729979095814573e-06 3.305305504605556551e-06 1.000000000049056537e+00
9.387755102040816979e+00 -1.062629059748298401e-07 7.756373705651493469e-07 1.000000000060844885e+00
9.591836734693877986e+00 1.799481863819535980e-06 3.338360027884308785e-06 1.000000000050622173e+00
9.795918367346938993e+00 5.775228756701840396e-06 -2.642057909875633618e-06 1.000000000036176173e+00
1.000000000000000000e+01 -5.749122223320779401e-06 4.060185705886717950e-06 1.000000000034827252e+00
