0.000000000000000000e+00 8.067146296000061415e-12 9.375147276978585465e-12 -1.000000000000000000e+00
2.040816326530612290e-01 4.192383991742113514e-01 4.038590405114402815e-01 -8.064415002460114668e-01
4.081632653061224580e-01 7.679213726396323381e-01 4.747309857069187400e-01 -3.475385499671548861e-01
6.122448979591836871e-01 8.977338536001786551e-01 1.871566834886401465e-01 1.497804133695947448e-01
8.163265306122449161e-01 7.128645492784461135e-01 -1.953184685438877355e-01 5.405258482653790830e-01
1.020408163265306145e+00 3.295754647937624293e-01 -3.780372248342129815e-01 7.887760697621535311e-01
1.224489795918367374e+00 7.786641225736599947e-03 -2.923654428584447351e-01 9.188553360227653677e-01
1.428571428571428603e+00 -1.019240028715189261e-01 -1.072963535752216313e-01 9.743746232361265580e-01
1.632653061224489832e+00 -6.519239324014433623e-02 4.047985766930418949e-03 9.934133855486576570e-01
1.836734693877551061e+00 -1.334790723350819455e-02 2.131005735475721696e-02 9.986277441553091938e-01
2.040816326530612290e+00 3.684570265458604610e-03 7.537005448932823475e-03 9.997684402639622769e-01
2.244897959183673741e+00 2.399502294804047899e-03 1.102135912490951036e-04 9.999683103253176331e-01
2.448979591836734748e+00 2.743204338232071104e-04 -5.100506129980092972e-04 9.999964817033855091e-01
2.653061224489795755e+00 -6.962902164650795745e-05 -8.866521056437253021e-05 9.999996833895471449e-01
2.857142857142857206e+00 -1.633156427887429455e-05 8.409826449846704354e-06 9.999999768995699867e-01
3.061224489795918657e+00 -8.844256778721949353e-07 1.240324826742350966e-06 9.999999986478448344e-01
3.265306122448979664e+00 -4.434548111045738923e-07 -1.119768918453157935e-06 9.999999999434944220e-01
3.469387755102040671e+00 9.672382851572221232e-07 -1.642583687029303279e-07 1.000000000004379164e+00
3.673469387755102122e+00 6.268863666424475676e-07 2.758058275410117105e-06 1.000000000003870460e+00
3.877551020408163573e+00 8.357084999420663563e-07 -1.879306059225799935e-06 1.000000000007679191e+00
4.081632653061224580e+00 -8.220785316053045456e-07 -5.441713009914467567e-07 1.000000000010939250e+00
4.285714285714285587e+00 -1.473233449506639663e-06 -2.270469271137776821e-07 1.000000000010436096e+00
4.489795918367347483e+00 -1.015720479541366639e-06 2.585948436824556964e-06 1.000000000009392265e+00
4.693877551020408490e+00 1.172726560137615969e-06 9.922816654446098110e-07 1.000000000011855184e+00
4.897959183673469497e+00 -1.248017095822297492e-06 4.973794003864932110e-07 1.000000000013704815e+00
5.102040816326530503e+00 7.984513717867953024e-07 -3.268595453366234867e-06 1.000000000011300294e+00
5.306122448979591510e+00 -5.506495046289057355e-06 2.240415808880873536e-06 1.000000000003281153e+00
5.510204081632653406e+00 3.251832443472031123e-07 3.008939875803475991e-06 1.000000000018104629e+00
5.714285714285714413e+00 1.361944951926773415e-07 1.235345110923628870e-06 1.000000000024189539e+00
5.918367346938775420e+00 2.764915056494690506e-06 4.331742504566285134e-06 1.000000000014838353e+00
6.122448979591837315e+00 2.081811547870542113e-06 -7.843395753580716784e-07 1.000000000028315794e+00
6.326530612244898322e+00 2.188453271000870213e-06 -2.667939005649296325e-06 1.000000000023135049e+00
6.530612244897959329e+00 -2.719458618786311686e-06 -2.014697705594533267e-06 1.000000000026051161e+00
6.734693877551020336e+00 -3.347906510711159399e-06 1.837269677444910600e-06 1.000000000025361491e+00
6.938775510204081343e+00 -1.002222448372774512e-07 3.588782597427863582e-07 1.000000000035739411e+00
7.142857142857143238e+00 1.183132876913263285e-06 4.879349398259345461e-07 1.000000000030781822e+00
7.346938775510204245e+00 1.521052971401283032e-06 4.753617993200976405e-06 1.000000000019201307e+00
7.551020408163265252e+00 7.965714108861925226e-08 2.739173876011245277e-06 1.000000000034867886e+00
7.755102040816327147e+00 -5.879928681957036676e-06 -4.943006555578093316e-07 1.000000000027094771e+00
7.959183673469388154e+00 2.131442242428641195e-06 2.444428061729415527e-06 1.000000000044517945e+00
8.163265306122449161e+00 -1.056033987299635865e-06 -1.010274649956603153e-06 1.000000000053369087e+00
8.367346938775510168e+00 -1.350565244337469952e-06 2.907326037667872348e-06 1.000000000056240568e+00
8.571428571428571175e+00 3.063235770512838329e-07 -1.631067182542126605e-06 1.000000000057257310e+00
8.775510204081632182e+00 3.668534287514781813e-06 -8.741689543535594561e-07 1.000000000055970784e+00
8.979591836734694965e+00 1.388164431533766008e-06 -6.893515924154165820e-08 1.000000000064315220e+00
9.183673469387755972e+00 2.369838653393202099e-06 1.390348980212124219e-06 1.000000000051073368e+00
9.387755102040816979e+00 -6.257620336028182581e-06 -2.167873654449292920e-06 1.000000000037202463e+00
9.591836734693877986e+00 2.019982781578708834e-07 -1.867532931928041364e-07 1.000000000055009775e+00
9.795918367346938993e+00 5.775228756701840396e-06 -2.642057909875633618e-06 1.000000000036176173e+00
1.000000000000000000e+01 -5.749122223320779401e-06 4.060185705886717950e-06 1.000000000034827252e+00
