1.000000000000000056e-01 9.937850283994805745e-01 0.000000000000000000e+00 6.214971600521939157e-03 0.000000000000000000e+00 0.000000000000000000e+00 0.000000000000000000e+00 -1.141927337184840685e-02 -7.775568118994613531e-02 0.000000000000000000e+00 0.000000000000000000e+00 0.000000000000000000e+00 0.000000000000000000e+00 0.000000000000000000e+00 0.000000000000000000e+00 0.000000000000000000e+00 0.000000000000000000e+00
2.000000000000000111e-01 9.755965647446637190e-01 0.000000000000000000e+00 2.440343525533698876e-02 0.000000000000000000e+00 0.000000000000000000e+00 0.000000000000000000e+00 -1.670224473273175178e-02 -1.533914679803308478e-01 0.000000000000000000e+00 0.000000000000000000e+00 0.000000000000000000e+00 0.000000000000000000e+00 0.000000000000000000e+00 0.000000000000000000e+00 0.000000000000000000e+00 0.000000000000000000e+00
2.999999999999999889e-01 9.467408839839225321e-01 0.000000000000000000e+00 5.325911601608036144e-02 0.000000000000000000e+00 0.000000000000000000e+00 0.000000000000000000e+00 -1.037451863791716278e-02 -2.243099452716814934e-01 0.000000000000000000e+00 0.000000000000000000e+00 0.000000000000000000e+00 0.000000000000000000e+00 0.000000000000000000e+00 0.000000000000000000e+00 0.000000000000000000e+00 0.000000000000000000e+00
4.000000000000000222e-01 9.091952130457712222e-01 0.000000000000000000e+00 9.080478695422930513e-02 0.000000000000000000e+00 0.000000000000000000e+00 0.000000000000000000e+00 1.173665278466318879e-02 -2.870914982068084043e-01 0.000000000000000000e+00 0.000000000000000000e+00 0.000000000000000000e+00 0.000000000000000000e+00 0.000000000000000000e+00 0.000000000000000000e+00 0.000000000000000000e+00 0.000000000000000000e+00
5.000000000000000000e-01 8.653452787716308103e-01 0.000000000000000000e+00 1.346547212283700223e-01 0.000000000000000000e+00 0.000000000000000000e+00 0.000000000000000000e+00 5.189156214715884285e-02 -3.373871560973352168e-01 0.000000000000000000e+00 0.000000000000000000e+00 0.000000000000000000e+00 0.000000000000000000e+00 0.000000000000000000e+00 0.000000000000000000e+00 0.000000000000000000e+00 0.000000000000000000e+00
5.999999999999999778e-01 8.176889256603112610e-01 0.000000000000000000e+00 1.823110743396900157e-01 0.000000000000000000e+00 0.000000000000000000e+00 0.000000000000000000e+00 1.099256741681019500e-01 -3.701217264764021242e-01 0.000000000000000000e+00 0.000000000000000000e+00 0.000000000000000000e+00 0.000000000000000000e+00 0.000000000000000000e+00 0.000000000000000000e+00 0.000000000000000000e+00 0.000000000000000000e+00
6.999999999999999556e-01 7.685570238443759639e-01 0.000000000000000000e+00 2.314429761556264231e-01 0.000000000000000000e+00 0.000000000000000000e+00 0.000000000000000000e+00 1.829094419610642341e-01 -3.800279736751461246e-01 0.000000000000000000e+00 0.000000000000000000e+00 0.000000000000000000e+00 0.000000000000000000e+00 0.000000000000000000e+00 0.000000000000000000e+00 0.000000000000000000e+00 0.000000000000000000e+00
7.999999999999999334e-01 7.198913791575741739e-01 0.000000000000000000e+00 2.801086208424258261e-01 0.000000000000000000e+00 0.000000000000000000e+00 0.000000000000000000e+00 2.650721593489574479e-01 -3.624700426531424213e-01 0.000000000000000000e+00 0.000000000000000000e+00 0.000000000000000000e+00 0.000000000000000000e+00 0.000000000000000000e+00 0.000000000000000000e+00 0.000000000000000000e+00 0.000000000000000000e+00
8.999999999999999112e-01 6.731247326080183058e-01 0.000000000000000000e+00 3.268752673919808061e-01 0.000000000000000000e+00 0.000000000000000000e+00 0.000000000000000000e+00 3.480685776595929815e-01 -3.144456897428323794e-01 0.000000000000000000e+00 0.000000000000000000e+00 0.000000000000000000e+00 0.000000000000000000e+00 0.000000000000000000e+00 0.000000000000000000e+00 0.000000000000000000e+00 0.000000000000000000e+00
9.999999999999998890e-01 6.291398925191724611e-01 0.000000000000000000e+00 3.708601074808254294e-01 0.000000000000000000e+00 0.000000000000000000e+00 0.000000000000000000e+00 4.216798438167048690e-01 -2.356034747014444930e-01 0.000000000000000000e+00 0.000000000000000000e+00 0.000000000000000000e+00 0.000000000000000000e+00 0.000000000000000000e+00 0.000000000000000000e+00 0.000000000000000000e+00 0.000000000000000000e+00
1.099999999999999867e+00 5.883391533511456162e-01 0.000000000000000000e+00 4.116608466488509976e-01 0.000000000000000000e+00 0.000000000000000000e+00 0.000000000000000000e+00 4.749035374487220462e-01 -1.290845604543635061e-01 0.000000000000000000e+00 0.000000000000000000e+00 0.000000000000000000e+00 0.000000000000000000e+00 0.000000000000000000e+00 0.000000000000000000e+00 0.000000000000000000e+00 0.000000000000000000e+00
1.199999999999999956e+00 5.507657995963451958e-01 0.000000000000000000e+00 4.492342004036589120e-01 0.000000000000000000e+00 0.000000000000000000e+00 0.000000000000000000e+00 4.974122737105001191e-01 -1.965503206720869978e-03 0.000000000000000000e+00 0.000000000000000000e+00 0.000000000000000000e+00 0.000000000000000000e+00 0.000000000000000000e+00 0.000000000000000000e+00 0.000000000000000000e+00 0.000000000000000000e+00
1.300000000000000044e+00 5.162407920967786445e-01 0.000000000000000000e+00 4.837592079032216330e-01 0.000000000000000000e+00 0.000000000000000000e+00 0.000000000000000000e+00 4.811953779077575155e-01 1.348600925146575813e-01 0.000000000000000000e+00 0.000000000000000000e+00 0.000000000000000000e+00 0.000000000000000000e+00 0.000000000000000000e+00 0.000000000000000000e+00 0.000000000000000000e+00 0.000000000000000000e+00
1.399999999999999911e+00 4.845074844837637396e-01 0.000000000000000000e+00 5.154925155162337624e-01 0.000000000000000000e+00 0.000000000000000000e+00 0.000000000000000000e+00 4.221553956864160240e-01 2.674786037322111065e-01 0.000000000000000000e+00 0.000000000000000000e+00 0.000000000000000000e+00 0.000000000000000000e+00 0.000000000000000000e+00 0.000000000000000000e+00 0.000000000000000000e+00 0.000000000000000000e+00
1.500000000000000000e+00 4.553299048149641037e-01 0.000000000000000000e+00 5.446700951850397265e-01 0.000000000000000000e+00 0.000000000000000000e+00 0.000000000000000000e+00 3.213837527162631824e-01 3.804169631741645130e-01 0.000000000000000000e+00 0.000000000000000000e+00 0.000000000000000000e+00 0.000000000000000000e+00 0.000000000000000000e+00 0.000000000000000000e+00 0.000000000000000000e+00 0.000000000000000000e+00
1.599999999999999867e+00 4.285360470334595440e-01 0.000000000000000000e+00 5.714639529665390683e-01 0.000000000000000000e+00 0.000000000000000000e+00 0.000000000000000000e+00 1.858315648870025316e-01 4.586496837564038587e-01 0.000000000000000000e+00 0.000000000000000000e+00 0.000000000000000000e+00 0.000000000000000000e+00 0.000000000000000000e+00 0.000000000000000000e+00 0.000000000000000000e+00 0.000000000000000000e+00
1.699999999999999956e+00 4.040319051551414242e-01 0.000000000000000000e+00 5.959680948448550231e-01 0.000000000000000000e+00 0.000000000000000000e+00 0.000000000000000000e+00 2.814848587945173453e-02 4.898956900549745752e-01 0.000000000000000000e+00 0.000000000000000000e+00 0.000000000000000000e+00 0.000000000000000000e+00 0.000000000000000000e+00 0.000000000000000000e+00 0.000000000000000000e+00 0.000000000000000000e+00
1.800000000000000044e+00 3.817482314642450247e-01 0.000000000000000000e+00 6.182517685357578063e-01 0.000000000000000000e+00 0.000000000000000000e+00 0.000000000000000000e+00 -1.344228316385240318e-01 4.668479634860470684e-01 0.000000000000000000e+00 0.000000000000000000e+00 0.000000000000000000e+00 0.000000000000000000e+00 0.000000000000000000e+00 0.000000000000000000e+00 0.000000000000000000e+00 0.000000000000000000e+00
1.899999999999999911e+00 3.615999952115271365e-01 0.000000000000000000e+00 6.384000047884766937e-01 0.000000000000000000e+00 0.000000000000000000e+00 0.000000000000000000e+00 -2.820903226150783816e-01 3.889350686516424571e-01 0.000000000000000000e+00 0.000000000000000000e+00 0.000000000000000000e+00 0.000000000000000000e+00 0.000000000000000000e+00 0.000000000000000000e+00 0.000000000000000000e+00 0.000000000000000000e+00
2.000000000000000000e+00 3.434560492642812490e-01 0.000000000000000000e+00 6.565439507357180293e-01 0.000000000000000000e+00 0.000000000000000000e+00 0.000000000000000000e+00 -3.952243399326513251e-01 2.632331907464278142e-01 0.000000000000000000e+00 0.000000000000000000e+00 0.000000000000000000e+00 0.000000000000000000e+00 0.000000000000000000e+00 0.000000000000000000e+00 0.000000000000000000e+00 0.000000000000000000e+00
2.099999999999999645e+00 3.271051663215184813e-01 0.000000000000000000e+00 6.728948336784786877e-01 0.000000000000000000e+00 0.000000000000000000e+00 0.000000000000000000e+00 -4.574327790099293467e-01 1.042239414205871767e-01 0.000000000000000000e+00 0.000000000000000000e+00 0.000000000000000000e+00 0.000000000000000000e+00 0.000000000000000000e+00 0.000000000000000000e+00 0.000000000000000000e+00 0.000000000000000000e+00
2.199999999999999734e+00 3.122784314270019568e-01 0.000000000000000000e+00 6.877215685729999306e-01 0.000000000000000000e+00 0.000000000000000000e+00 0.000000000000000000e+00 -4.584522417550563889e-01 -6.769161341719827363e-02 0.000000000000000000e+00 0.000000000000000000e+00 0.000000000000000000e+00 0.000000000000000000e+00 0.000000000000000000e+00 0.000000000000000000e+00 0.000000000000000000e+00 0.000000000000000000e+00
2.299999999999999822e+00 2.986719121598294113e-01 0.000000000000000000e+00 7.013280878401739749e-01 0.000000000000000000e+00 0.000000000000000000e+00 0.000000000000000000e+00 -3.963459398245721688e-01 -2.288599938909994802e-01 0.000000000000000000e+00 0.000000000000000000e+00 0.000000000000000000e+00 0.000000000000000000e+00 0.000000000000000000e+00 0.000000000000000000e+00 0.000000000000000000e+00 0.000000000000000000e+00
2.399999999999999911e+00 2.860095239644207532e-01 0.000000000000000000e+00 7.139904760355827440e-01 0.000000000000000000e+00 0.000000000000000000e+00 0.000000000000000000e+00 -2.785435191126334198e-01 -3.558392660064831903e-01 0.000000000000000000e+00 0.000000000000000000e+00 0.000000000000000000e+00 0.000000000000000000e+00 0.000000000000000000e+00 0.000000000000000000e+00 0.000000000000000000e+00 0.000000000000000000e+00
2.500000000000000000e+00 2.740790450541901735e-01 0.000000000000000000e+00 7.259209549458101041e-01 0.000000000000000000e+00 0.000000000000000000e+00 0.000000000000000000e+00 -1.213669130561867010e-01 -4.292199835530358665e-01 0.000000000000000000e+00 0.000000000000000000e+00 0.000000000000000000e+00 0.000000000000000000e+00 0.000000000000000000e+00 0.000000000000000000e+00 0.000000000000000000e+00 0.000000000000000000e+00
2.600000000000000089e+00 2.627707774394116291e-01 0.000000000000000000e+00 7.372292225605926452e-01 0.000000000000000000e+00 0.000000000000000000e+00 0.000000000000000000e+00 5.198213082845154487e-02 -4.370585237914006438e-01 0.000000000000000000e+00 0.000000000000000000e+00 0.000000000000000000e+00 0.000000000000000000e+00 0.000000000000000000e+00 0.000000000000000000e+00 0.000000000000000000e+00 0.000000000000000000e+00
2.699999999999999734e+00 2.520665628880835452e-01 0.000000000000000000e+00 7.479334371119129576e-01 0.000000000000000000e+00 0.000000000000000000e+00 0.000000000000000000e+00 2.148200401481661359e-01 -3.773345470587221029e-01 0.000000000000000000e+00 0.000000000000000000e+00 0.000000000000000000e+00 0.000000000000000000e+00 0.000000000000000000e+00 0.000000000000000000e+00 0.000000000000000000e+00 0.000000000000000000e+00
2.799999999999999822e+00 2.420311487774593207e-01 0.000000000000000000e+00 7.579688512225395414e-01 0.000000000000000000e+00 0.000000000000000000e+00 0.000000000000000000e+00 3.412253888200299512e-01 -2.588770086545123528e-01 0.000000000000000000e+00 0.000000000000000000e+00 0.000000000000000000e+00 0.000000000000000000e+00 0.000000000000000000e+00 0.000000000000000000e+00 0.000000000000000000e+00 0.000000000000000000e+00
2.899999999999999911e+00 2.327497870192042906e-01 0.000000000000000000e+00 7.672502129807927673e-01 0.000000000000000000e+00 0.000000000000000000e+00 0.000000000000000000e+00 4.104746669337694387e-01 -1.004383967331252542e-01 0.000000000000000000e+00 0.000000000000000000e+00 0.000000000000000000e+00 0.000000000000000000e+00 0.000000000000000000e+00 0.000000000000000000e+00 0.000000000000000000e+00 0.000000000000000000e+00
3.000000000000000000e+00 2.242967724119749873e-01 0.000000000000000000e+00 7.757032275880223482e-01 0.000000000000000000e+00 0.000000000000000000e+00 0.000000000000000000e+00 4.108496684392990428e-01 7.204359157929569879e-02 0.000000000000000000e+00 0.000000000000000000e+00 0.000000000000000000e+00 0.000000000000000000e+00 0.000000000000000000e+00 0.000000000000000000e+00 0.000000000000000000e+00 0.000000000000000000e+00
