1.000000000000000056e-01 9.785692392586675670e-01 0.000000000000000000e+00 2.143076074133236017e-02 0.000000000000000000e+00 0.000000000000000000e+00 0.000000000000000000e+00 -1.424358354932228898e-01 2.614413913694804692e-02 0.000000000000000000e+00 0.000000000000000000e+00 0.000000000000000000e+00 0.000000000000000000e+00 0.000000000000000000e+00 0.000000000000000000e+00 0.000000000000000000e+00 0.000000000000000000e+00
2.000000000000000111e-01 9.167317922930472429e-01 0.000000000000000000e+00 8.326820770695368690e-02 0.000000000000000000e+00 0.000000000000000000e+00 0.000000000000000000e+00 -2.717453302787790070e-01 4.989076854917921799e-02 0.000000000000000000e+00 0.000000000000000000e+00 0.000000000000000000e+00 0.000000000000000000e+00 0.000000000000000000e+00 0.000000000000000000e+00 0.000000000000000000e+00 0.000000000000000000e+00
2.999999999999999889e-01 8.214585627259782807e-01 0.000000000000000000e+00 1.785414372740190547e-01 0.000000000000000000e+00 0.000000000000000000e+00 0.000000000000000000e+00 -3.766181788124650653e-01 6.944882874982225007e-02 0.000000000000000000e+00 0.000000000000000000e+00 0.000000000000000000e+00 0.000000000000000000e+00 0.000000000000000000e+00 0.000000000000000000e+00 0.000000000000000000e+00 0.000000000000000000e+00
4.000000000000000222e-01 7.031296912689288803e-01 0.000000000000000000e+00 2.968703087310703426e-01 0.000000000000000000e+00 0.000000000000000000e+00 0.000000000000000000e+00 -4.490728234843989197e-01 8.409475363926430247e-02 0.000000000000000000e+00 0.000000000000000000e+00 0.000000000000000000e+00 0.000000000000000000e+00 0.000000000000000000e+00 0.000000000000000000e+00 0.000000000000000000e+00 0.000000000000000000e+00
5.000000000000000000e-01 5.739288167520882888e-01 0.000000000000000000e+00 4.260711832479160965e-01 0.000000000000000000e+00 0.000000000000000000e+00 0.000000000000000000e+00 -4.854246752621097505e-01 9.432610763519852504e-02 0.000000000000000000e+00 0.000000000000000000e+00 0.000000000000000000e+00 0.000000000000000000e+00 0.000000000000000000e+00 0.000000000000000000e+00 0.000000000000000000e+00 0.000000000000000000e+00
5.999999999999999778e-01 4.460248003012381446e-01 0.000000000000000000e+00 5.539751996987638538e-01 0.000000000000000000e+00 0.000000000000000000e+00 0.000000000000000000e+00 -4.865603063176049958e-01 1.017140404212680121e-01 0.000000000000000000e+00 0.000000000000000000e+00 0.000000000000000000e+00 0.000000000000000000e+00 0.000000000000000000e+00 0.000000000000000000e+00 0.000000000000000000e+00 0.000000000000000000e+00
6.999999999999999556e-01 3.298782248253330218e-01 0.000000000000000000e+00 6.701217751746686435e-01 0.000000000000000000e+00 0.000000000000000000e+00 0.000000000000000000e+00 -4.574920724101509961e-01 1.084416210206999992e-01 0.000000000000000000e+00 0.000000000000000000e+00 0.000000000000000000e+00 0.000000000000000000e+00 0.000000000000000000e+00 0.000000000000000000e+00 0.000000000000000000e+00 0.000000000000000000e+00
7.999999999999999334e-01 2.329645784411162601e-01 0.000000000000000000e+00 7.670354215588859326e-01 0.000000000000000000e+00 0.000000000000000000e+00 0.000000000000000000e+00 -4.062930867269167190e-01 1.166962348670322058e-01 0.000000000000000000e+00 0.000000000000000000e+00 0.000000000000000000e+00 0.000000000000000000e+00 0.000000000000000000e+00 0.000000000000000000e+00 0.000000000000000000e+00 0.000000000000000000e+00
8.999999999999999112e-01 1.590936895631432924e-01 0.000000000000000000e+00 8.409063104368543762e-01 0.000000000000000000e+00 0.000000000000000000e+00 0.000000000000000000e+00 -3.426220174680824071e-01 1.280353102063766790e-01 0.000000000000000000e+00 0.000000000000000000e+00 0.000000000000000000e+00 0.000000000000000000e+00 0.000000000000000000e+00 0.000000000000000000e+00 0.000000000000000000e+00 0.000000000000000000e+00
9.999999999999998890e-01 1.084155342888262485e-01 0.000000000000000000e+00 8.915844657111674509e-01 0.000000000000000000e+00 0.000000000000000000e+00 0.000000000000000000e+00 -2.761124552267988919e-01 1.429108753594606207e-01 0.000000000000000000e+00 0.000000000000000000e+00 0.000000000000000000e+00 0.000000000000000000e+00 0.000000000000000000e+00 0.000000000000000000e+00 0.000000000000000000e+00 0.000000000000000000e+00
1.099999999999999867e+00 7.803232848620147988e-02 0.000000000000000000e+00 9.219676715137981038e-01 0.000000000000000000e+00 0.000000000000000000e+00 0.000000000000000000e+00 -2.149084578625290454e-01 1.604918657047040287e-01 0.000000000000000000e+00 0.000000000000000000e+00 0.000000000000000000e+00 0.000000000000000000e+00 0.000000000000000000e+00 0.000000000000000000e+00 0.000000000000000000e+00 0.000000000000000000e+00
1.199999999999999956e+00 6.303650959491328976e-02 0.000000000000000000e+00 9.369634904050884172e-01 0.000000000000000000e+00 0.000000000000000000e+00 0.000000000000000000e+00 -1.645953751593444425e-01 1.788051190287823500e-01 0.000000000000000000e+00 0.000000000000000000e+00 0.000000000000000000e+00 0.000000000000000000e+00 0.000000000000000000e+00 0.000000000000000000e+00 0.000000000000000000e+00 0.000000000000000000e+00
1.300000000000000044e+00 5.773207852076125968e-02 0.000000000000000000e+00 9.422679214792381019e-01 0.000000000000000000e+00 0.000000000000000000e+00 0.000000000000000000e+00 -1.276706574097279945e-01 1.951903914596927747e-01 0.000000000000000000e+00 0.000000000000000000e+00 0.000000000000000000e+00 0.000000000000000000e+00 0.000000000000000000e+00 0.000000000000000000e+00 0.000000000000000000e+00 0.000000000000000000e+00
1.399999999999999911e+00 5.680586864623257681e-02 0.000000000000000000e+00 9.431941313537692828e-01 0.000000000000000000e+00 0.000000000000000000e+00 0.000000000000000000e+00 -1.036583107318521935e-01 2.069635634499353005e-01 0.000000000000000000e+00 0.000000000000000000e+00 0.000000000000000000e+00 0.000000000000000000e+00 0.000000000000000000e+00 0.000000000000000000e+00 0.000000000000000000e+00 0.000000000000000000e+00
1.500000000000000000e+00 5.617688164848698429e-02 0.000000000000000000e+00 9.438231183515124467e-01 0.000000000000000000e+00 0.000000000000000000e+00 0.000000000000000000e+00 -8.970789906389543822e-02 2.120696407741893552e-01 0.000000000000000000e+00 0.000000000000000000e+00 0.000000000000000000e+00 0.000000000000000000e+00 0.000000000000000000e+00 0.000000000000000000e+00 0.000000000000000000e+00 0.000000000000000000e+00
1.599999999999999867e+00 5.346774581892788786e-02 0.000000000000000000e+00 9.465322541810732293e-01 0.000000000000000000e+00 0.000000000000000000e+00 0.000000000000000000e+00 -8.160390391460328741e-02 2.096419540856569175e-01 0.000000000000000000e+00 0.000000000000000000e+00 0.000000000000000000e+00 0.000000000000000000e+00 0.000000000000000000e+00 0.000000000000000000e+00 0.000000000000000000e+00 0.000000000000000000e+00
1.699999999999999956e+00 4.800991652088011652e-02 0.000000000000000000e+00 9.519900834791219513e-01 0.000000000000000000e+00 0.000000000000000000e+00 0.000000000000000000e+00 -7.489040392740542451e-02 2.002408347826706014e-01 0.000000000000000000e+00 0.000000000000000000e+00 0.000000000000000000e+00 0.000000000000000000e+00 0.000000000000000000e+00 0.000000000000000000e+00 0.000000000000000000e+00 0.000000000000000000e+00
1.800000000000000044e+00 4.049737614532711305e-02 0.000000000000000000e+00 9.595026238546702224e-01 0.000000000000000000e+00 0.000000000000000000e+00 0.000000000000000000e+00 -6.592354094305048762e-02 1.857725098945403885e-01 0.000000000000000000e+00 0.000000000000000000e+00 0.000000000000000000e+00 0.000000000000000000e+00 0.000000000000000000e+00 0.000000000000000000e+00 0.000000000000000000e+00 0.000000000000000000e+00
1.899999999999999911e+00 3.239140755533900101e-02 0.000000000000000000e+00 9.676085924446576891e-01 0.000000000000000000e+00 0.000000000000000000e+00 0.000000000000000000e+00 -5.258130431097155638e-02 1.690485455976515616e-01 0.000000000000000000e+00 0.000000000000000000e+00 0.000000000000000000e+00 0.000000000000000000e+00 0.000000000000000000e+00 0.000000000000000000e+00 0.000000000000000000e+00 0.000000000000000000e+00
2.000000000000000000e+00 2.529315657201337136e-02 0.000000000000000000e+00 9.747068434279855254e-01 0.000000000000000000e+00 0.000000000000000000e+00 0.000000000000000000e+00 -3.458619002014325788e-02 1.531574625475687901e-01 0.000000000000000000e+00 0.000000000000000000e+00 0.000000000000000000e+00 0.000000000000000000e+00 0.000000000000000000e+00 0.000000000000000000e+00 0.000000000000000000e+00 0.000000000000000000e+00
2.099999999999999645e+00 2.040138862224980323e-02 0.000000000000000000e+00 9.795986113777491733e-01 0.000000000000000000e+00 0.000000000000000000e+00 0.000000000000000000e+00 -1.333684663808274926e-02 1.407384121396060284e-01 0.000000000000000000e+00 0.000000000000000000e+00 0.000000000000000000e+00 0.000000000000000000e+00 0.000000000000000000e+00 0.000000000000000000e+00 0.000000000000000000e+00 0.000000000000000000e+00
2.199999999999999734e+00 1.820076785791422541e-02 0.000000000000000000e+00 9.817992321420835333e-01 0.000000000000000000e+00 0.000000000000000000e+00 0.000000000000000000e+00 8.627977004602438438e-03 1.333981183183670371e-01 0.000000000000000000e+00 0.000000000000000000e+00 0.000000000000000000e+00 0.000000000000000000e+00 0.000000000000000000e+00 0.000000000000000000e+00 0.000000000000000000e+00 0.000000000000000000e+00
2.299999999999999822e+00 1.839956794621981293e-02 0.000000000000000000e+00 9.816004320537836669e-01 0.000000000000000000e+00 0.000000000000000000e+00 0.000000000000000000e+00 2.838974046392982870e-02 1.313584655951742508e-01 0.000000000000000000e+00 0.000000000000000000e+00 0.000000000000000000e+00 0.000000000000000000e+00 0.000000000000000000e+00 0.000000000000000000e+00 0.000000000000000000e+00 0.000000000000000000e+00
2.399999999999999911e+00 2.010592335077574996e-02 0.000000000000000000e+00 9.798940766492229004e-01 0.000000000000000000e+00 0.000000000000000000e+00 0.000000000000000000e+00 4.346237752798938481e-02 1.334642161434781149e-01 0.000000000000000000e+00 0.000000000000000000e+00 0.000000000000000000e+00 0.000000000000000000e+00 0.000000000000000000e+00 0.000000000000000000e+00 0.000000000000000000e+00 0.000000000000000000e+00
2.500000000000000000e+00 2.215257513226365910e-02 0.000000000000000000e+00 9.778474248677351266e-01 0.000000000000000000e+00 0.000000000000000000e+00 0.000000000000000000e+00 5.240879045933199976e-02 1.375323859325331133e-01 0.000000000000000000e+00 0.000000000000000000e+00 0.000000000000000000e+00 0.000000000000000000e+00 0.000000000000000000e+00 0.000000000000000000e+00 0.000000000000000000e+00 0.000000000000000000e+00
2.600000000000000089e+00 2.346149075594816322e-02 0.000000000000000000e+00 9.765385092440536097e-01 0.000000000000000000e+00 0.000000000000000000e+00 0.000000000000000000e+00 5.521434025196224338e-02 1.409341189014108597e-01 0.000000000000000000e+00 0.000000000000000000e+00 0.000000000000000000e+00 0.000000000000000000e+00 0.000000000000000000e+00 0.000000000000000000e+00 0.000000000000000000e+00 0.000000000000000000e+00
2.699999999999999734e+00 2.334088261512242898e-02 0.000000000000000000e+00 9.766591173848794272e-01 0.000000000000000000e+00 0.000000000000000000e+00 0.000000000000000000e+00 5.321114752443141527e-02 1.412963539636400423e-01 0.000000000000000000e+00 0.000000000000000000e+00 0.000000000000000000e+00 0.000000000000000000e+00 0.000000000000000000e+00 0.000000000000000000e+00 0.000000000000000000e+00 0.000000000000000000e+00
2.799999999999999822e+00 2.163580228546995235e-02 0.000000000000000000e+00 9.783641977145294266e-01 0.000000000000000000e+00 0.000000000000000000e+00 0.000000000000000000e+00 4.873954066623090858e-02 1.370844685391572892e-01 0.000000000000000000e+00 0.000000000000000000e+00 0.000000000000000000e+00 0.000000000000000000e+00 0.000000000000000000e+00 0.000000000000000000e+00 0.000000000000000000e+00 0.000000000000000000e+00
2.899999999999999911e+00 1.871553296265264857e-02 0.000000000000000000e+00 9.812844670373462863e-01 0.000000000000000000e+00 0.000000000000000000e+00 0.000000000000000000e+00 4.450513441334959935e-02 1.280021674945558963e-01 0.000000000000000000e+00 0.000000000000000000e+00 0.000000000000000000e+00 0.000000000000000000e+00 0.000000000000000000e+00 0.000000000000000000e+00 0.000000000000000000e+00 0.000000000000000000e+00
3.000000000000000000e+00 1.531335065122787012e-02 0.000000000000000000e+00 9.846866493487719252e-01 0.000000000000000000e+00 0.000000000000000000e+00 0.000000000000000000e+00 4.292473284376820825e-02 1.150492042884752458e-01 0.000000000000000000e+00 0.000000000000000000e+00 0.000000000000000000e+00 0.000000000000000000e+00 0.000000000000000000e+00 0.000000000000000000e+00 0.000000000000000000e+00 0.000000000000000000e+00
