1.000000000000000056e-01 9.776481855048372305e-01 0.000000000000000000e+00 2.235181449516229421e-02 0.000000000000000000e+00 0.000000000000000000e+00 0.000000000000000000e+00 1.478238418441474578e-01 -5.680349541986552328e-04 0.000000000000000000e+00 0.000000000000000000e+00 0.000000000000000000e+00 0.000000000000000000e+00 0.000000000000000000e+00 0.000000000000000000e+00 0.000000000000000000e+00 0.000000000000000000e+00
2.000000000000000111e-01 9.131841944230002506e-01 0.000000000000000000e+00 8.681580557699966616e-02 0.000000000000000000e+00 0.000000000000000000e+00 0.000000000000000000e+00 2.814951048329404903e-01 6.271159064815890610e-03 0.000000000000000000e+00 0.000000000000000000e+00 0.000000000000000000e+00 0.000000000000000000e+00 0.000000000000000000e+00 0.000000000000000000e+00 0.000000000000000000e+00 0.000000000000000000e+00
2.999999999999999889e-01 8.139631879020421401e-01 0.000000000000000000e+00 1.860368120979568884e-01 0.000000000000000000e+00 0.000000000000000000e+00 0.000000000000000000e+00 3.882654373890014332e-01 2.602050685316804890e-02 0.000000000000000000e+00 0.000000000000000000e+00 0.000000000000000000e+00 0.000000000000000000e+00 0.000000000000000000e+00 0.000000000000000000e+00 0.000000000000000000e+00 0.000000000000000000e+00
4.000000000000000222e-01 6.909356360245644257e-01 0.000000000000000000e+00 3.090643639754394600e-01 0.000000000000000000e+00 0.000000000000000000e+00 0.000000000000000000e+00 4.580946399909422984e-01 6.076910116462399397e-02 0.000000000000000000e+00 0.000000000000000000e+00 0.000000000000000000e+00 0.000000000000000000e+00 0.000000000000000000e+00 0.000000000000000000e+00 0.000000000000000000e+00 0.000000000000000000e+00
5.000000000000000000e-01 5.569428160029944452e-01 0.000000000000000000e+00 4.430571839970052772e-01 0.000000000000000000e+00 0.000000000000000000e+00 0.000000000000000000e+00 4.847632695187206187e-01 1.084531612701010034e-01 0.000000000000000000e+00 0.000000000000000000e+00 0.000000000000000000e+00 0.000000000000000000e+00 0.000000000000000000e+00 0.000000000000000000e+00 0.000000000000000000e+00 0.000000000000000000e+00
5.999999999999999778e-01 4.247927125071969678e-01 0.000000000000000000e+00 5.752072874927987023e-01 0.000000000000000000e+00 0.000000000000000000e+00 0.000000000000000000e+00 4.666654147347616965e-01 1.629946459649444790e-01 0.000000000000000000e+00 0.000000000000000000e+00 0.000000000000000000e+00 0.000000000000000000e+00 0.000000000000000000e+00 0.000000000000000000e+00 0.000000000000000000e+00 0.000000000000000000e+00
6.999999999999999556e-01 3.054802107457751936e-01 0.000000000000000000e+00 6.945197892542258611e-01 0.000000000000000000e+00 0.000000000000000000e+00 0.000000000000000000e+00 4.071550286924193740e-01 2.153760295268737079e-01 0.000000000000000000e+00 0.000000000000000000e+00 0.000000000000000000e+00 0.000000000000000000e+00 0.000000000000000000e+00 0.000000000000000000e+00 0.000000000000000000e+00 0.000000000000000000e+00
7.999999999999999334e-01 2.068012626097100737e-01 0.000000000000000000e+00 7.931987373902896765e-01 0.000000000000000000e+00 0.000000000000000000e+00 0.000000000000000000e+00 3.143258254083461933e-01 2.554090362697359340e-01 0.000000000000000000e+00 0.000000000000000000e+00 0.000000000000000000e+00 0.000000000000000000e+00 0.000000000000000000e+00 0.000000000000000000e+00 0.000000000000000000e+00 0.000000000000000000e+00
8.999999999999999112e-01 1.326850541570371578e-01 0.000000000000000000e+00 8.673149458429624259e-01 0.000000000000000000e+00 0.000000000000000000e+00 0.000000000000000000e+00 2.002064520753820964e-01 2.738559969530466875e-01 0.000000000000000000e+00 0.000000000000000000e+00 0.000000000000000000e+00 0.000000000000000000e+00 0.000000000000000000e+00 0.000000000000000000e+00 0.000000000000000000e+00 0.000000000000000000e+00
9.999999999999998890e-01 8.315870912931989933e-02 0.000000000000000000e+00 9.168412908706793374e-01 0.000000000000000000e+00 0.000000000000000000e+00 0.000000000000000000e+00 7.931648421250947489e-02 2.644848455363804640e-01 0.000000000000000000e+00 0.000000000000000000e+00 0.000000000000000000e+00 0.000000000000000000e+00 0.000000000000000000e+00 0.000000000000000000e+00 0.000000000000000000e+00 0.000000000000000000e+00
1.099999999999999867e+00 5.502554184641298557e-02 0.000000000000000000e+00 9.449744581535877153e-01 0.000000000000000000e+00 0.000000000000000000e+00 0.000000000000000000e+00 -3.318666006985163119e-02 2.256022543878869746e-01 0.000000000000000000e+00 0.000000000000000000e+00 0.000000000000000000e+00 0.000000000000000000e+00 0.000000000000000000e+00 0.000000000000000000e+00 0.000000000000000000e+00 0.000000000000000000e+00
1.199999999999999956e+00 4.296766520652307159e-02 0.000000000000000000e+00 9.570323347934794889e-01 0.000000000000000000e+00 0.000000000000000000e+00 0.000000000000000000e+00 -1.236184551159929257e-01 1.607480092844621455e-01 0.000000000000000000e+00 0.000000000000000000e+00 0.000000000000000000e+00 0.000000000000000000e+00 0.000000000000000000e+00 0.000000000000000000e+00 0.000000000000000000e+00 0.000000000000000000e+00
1.300000000000000044e+00 4.084690562221841154e-02 0.000000000000000000e+00 9.591530943777822893e-01 0.000000000000000000e+00 0.000000000000000000e+00 0.000000000000000000e+00 -1.817738348638127388e-01 7.833714826539109333e-02 0.000000000000000000e+00 0.000000000000000000e+00 0.000000000000000000e+00 0.000000000000000000e+00 0.000000000000000000e+00 0.000000000000000000e+00 0.000000000000000000e+00 0.000000000000000000e+00
1.399999999999999911e+00 4.294450119922788717e-02 0.000000000000000000e+00 9.570554988007704544e-01 0.000000000000000000e+00 0.000000000000000000e+00 0.000000000000000000e+00 -2.025011549420620838e-01 -9.672288754996229837e-03 0.000000000000000000e+00 0.000000000000000000e+00 0.000000000000000000e+00 0.000000000000000000e+00 0.000000000000000000e+00 0.000000000000000000e+00 0.000000000000000000e+00 0.000000000000000000e+00
1.500000000000000000e+00 4.488432573981733509e-02 0.000000000000000000e+00 9.551156742601821792e-01 0.000000000000000000e+00 0.000000000000000000e+00 0.000000000000000000e+00 -1.865134079285062363e-01 -8.990256798616207135e-02 0.000000000000000000e+00 0.000000000000000000e+00 0.000000000000000000e+00 0.000000000000000000e+00 0.000000000000000000e+00 0.000000000000000000e+00 0.000000000000000000e+00 0.000000000000000000e+00
1.599999999999999867e+00 4.413080260050549625e-02 0.000000000000000000e+00 9.558691973994932756e-01 0.000000000000000000e+00 0.000000000000000000e+00 0.000000000000000000e+00 -1.402864145436172882e-01 -1.500099885100437125e-01 0.000000000000000000e+00 0.000000000000000000e+00 0.000000000000000000e+00 0.000000000000000000e+00 0.000000000000000000e+00 0.000000000000000000e+00 0.000000000000000000e+00 0.000000000000000000e+00
1.699999999999999956e+00 3.998953097123372075e-02 0.000000000000000000e+00 9.600104690287644127e-01 0.000000000000000000e+00 0.000000000000000000e+00 0.000000000000000000e+00 -7.490122919179439953e-02 -1.810529596174718647e-01 0.000000000000000000e+00 0.000000000000000000e+00 0.000000000000000000e+00 0.000000000000000000e+00 0.000000000000000000e+00 0.000000000000000000e+00 0.000000000000000000e+00 0.000000000000000000e+00
1.800000000000000044e+00 3.324589112870297153e-02 0.000000000000000000e+00 9.667541088712943154e-01 0.000000000000000000e+00 0.000000000000000000e+00 0.000000000000000000e+00 -4.125184641748533276e-03 -1.792305351809670155e-01 0.000000000000000000e+00 0.000000000000000000e+00 0.000000000000000000e+00 0.000000000000000000e+00 0.000000000000000000e+00 0.000000000000000000e+00 0.000000000000000000e+00 0.000000000000000000e+00
1.899999999999999911e+00 2.552811561002449325e-02 0.000000000000000000e+00 9.744718843899720095e-01 0.000000000000000000e+00 0.000000000000000000e+00 0.000000000000000000e+00 5.806924192737276946e-02 -1.466437660976905033e-01 0.000000000000000000e+00 0.000000000000000000e+00 0.000000000000000000e+00 0.000000000000000000e+00 0.000000000000000000e+00 0.000000000000000000e+00 0.000000000000000000e+00 0.000000000000000000e+00
2.000000000000000000e+00 1.861883128706835408e-02 0.000000000000000000e+00 9.813811687129317951e-01 0.000000000000000000e+00 0.000000000000000000e+00 0.000000000000000000e+00 1.000475501049048199e-01 -9.089916365719279134e-02 0.000000000000000000e+00 0.000000000000000000e+00 0.000000000000000000e+00 0.000000000000000000e+00 0.000000000000000000e+00 0.000000000000000000e+00 0.000000000000000000e+00 0.000000000000000000e+00
2.099999999999999645e+00 1.388810559046986179e-02 0.000000000000000000e+00 9.861118944095245142e-01 0.000000000000000000e+00 0.000000000000000000e+00 0.000000000000000000e+00 1.146093768007967889e-01 -2.366255980829995789e-02 0.000000000000000000e+00 0.000000000000000000e+00 0.000000000000000000e+00 0.000000000000000000e+00 0.000000000000000000e+00 0.000000000000000000e+00 0.000000000000000000e+00 0.000000000000000000e+00
2.199999999999999734e+00 1.193168806667386887e-02 0.000000000000000000e+00 9.880683119333286690e-01 0.000000000000000000e+00 0.000000000000000000e+00 0.000000000000000000e+00 1.002595863274049481e-01 4.168138635410574555e-02 0.000000000000000000e+00 0.000000000000000000e+00 0.000000000000000000e+00 0.000000000000000000e+00 0.000000000000000000e+00 0.000000000000000000e+00 0.000000000000000000e+00 0.000000000000000000e+00
2.299999999999999822e+00 1.250481475398973474e-02 0.000000000000000000e+00 9.874951852460089885e-01 0.000000000000000000e+00 0.000000000000000000e+00 0.000000000000000000e+00 6.134959885823740300e-02 9.265349944841251573e-02 0.000000000000000000e+00 0.000000000000000000e+00 0.000000000000000000e+00 0.000000000000000000e+00 0.000000000000000000e+00 0.000000000000000000e+00 0.000000000000000000e+00 0.000000000000000000e+00
2.399999999999999911e+00 1.470159323514920111e-02 0.000000000000000000e+00 9.852984067648503652e-01 0.000000000000000000e+00 0.000000000000000000e+00 0.000000000000000000e+00 7.075883927286486137e-03 1.201473594384035865e-01 0.000000000000000000e+00 0.000000000000000000e+00 0.000000000000000000e+00 0.000000000000000000e+00 0.000000000000000000e+00 0.000000000000000000e+00 0.000000000000000000e+00 0.000000000000000000e+00
2.500000000000000000e+00 1.729699556123083168e-02 0.000000000000000000e+00 9.827030044387694563e-01 0.000000000000000000e+00 0.000000000000000000e+00 0.000000000000000000e+00 -5.050991643069310810e-02 1.201938328417421070e-01 0.000000000000000000e+00 0.000000000000000000e+00 0.000000000000000000e+00 0.000000000000000000e+00 0.000000000000000000e+00 0.000000000000000000e+00 0.000000000000000000e+00 0.000000000000000000e+00
2.600000000000000089e+00 1.913278615692748721e-02 0.000000000000000000e+00 9.808672138430724052e-01 0.000000000000000000e+00 0.000000000000000000e+00 0.000000000000000000e+00 -9.905737785819887509e-02 9.462747091359238749e-02 0.000000000000000000e+00 0.000000000000000000e+00 0.000000000000000000e+00 0.000000000000000000e+00 0.000000000000000000e+00 0.000000000000000000e+00 0.000000000000000000e+00 0.000000000000000000e+00
2.699999999999999734e+00 1.945004989876419899e-02 0.000000000000000000e+00 9.805499501012360231e-01 0.000000000000000000e+00 0.000000000000000000e+00 0.000000000000000000e+00 -1.284983867641857347e-01 5.059555163808215905e-02 0.000000000000000000e+00 0.000000000000000000e+00 0.000000000000000000e+00 0.000000000000000000e+00 0.000000000000000000e+00 0.000000000000000000e+00 0.000000000000000000e+00 0.000000000000000000e+00
2.799999999999999822e+00 1.804891668049769804e-02 0.000000000000000000e+00 9.819510833195004285e-01 0.000000000000000000e+00 0.000000000000000000e+00 0.000000000000000000e+00 -1.331235322375504404e-01 -1.130690084962451304e-03 0.000000000000000000e+00 0.000000000000000000e+00 0.000000000000000000e+00 0.000000000000000000e+00 0.000000000000000000e+00 0.000000000000000000e+00 0.000000000000000000e+00 0.000000000000000000e+00
2.899999999999999911e+00 1.529604017738490744e-02 0.000000000000000000e+00 9.847039598226142720e-01 0.000000000000000000e+00 0.000000000000000000e+00 0.000000000000000000e+00 -1.127269125571512681e-01 -4.852539844618371928e-02 0.000000000000000000e+00 0.000000000000000000e+00 0.000000000000000000e+00 0.000000000000000000e+00 0.000000000000000000e+00 0.000000000000000000e+00 0.000000000000000000e+00 0.000000000000000000e+00
3.000000000000000000e+00 1.194811655947097470e-02 0.000000000000000000e+00 9.880518834405276341e-01 0.000000000000000000e+00 0.000000000000000000e+00 0.000000000000000000e+00 -7.251615747723985650e-02 -8.091208761472690192e-02 0.000000000000000000e+00 0.000000000000000000e+00 0.000000000000000000e+00 0.000000000000000000e+00 0.000000000000000000e+00 0.000000000000000000e+00 0.000000000000000000e+00 0.000000000000000000e+00
