0.000000000000000000e+00 -7.646301860588414390e-12 1.003534021054215523e-11 -1.000000000000000000e+00
1.025641025641025605e-01 -2.024105343930257261e-01 2.456030381408639274e-01 -9.468196056823748874e-01
2.051282051282051211e-01 -3.992212866410682626e-01 4.395436839795523465e-01 -7.972681205247588165e-01
3.076923076923077094e-01 -5.812160437126927537e-01 5.443657144582124685e-01 -5.773016530320792539e-01
4.102564102564102422e-01 -7.340191865314358299e-01 5.447394613307720013e-01 -3.195385236474874713e-01
5.128205128205127750e-01 -8.394772482593166885e-01 4.476872254060966783e-01 -5.434445533126201072e-02
6.153846153846154188e-01 -8.796500231087230892e-01 2.783413757153129220e-01 1.951810444080066265e-01
7.179487179487179516e-01 -8.426429533780083192e-01 7.412894997103625094e-02 4.141398827182830589e-01
8.205128205128204844e-01 -7.289377263415127706e-01 -1.220984097862719553e-01 5.946512113424213819e-01
9.230769230769230171e-01 -5.555223195613623322e-01 -2.709579062429561813e-01 7.344077682564166265e-01
1.025641025641025550e+00 -3.545478148721913914e-01 -3.466865610885843108e-01 8.354390280241829059e-01
1.128205128205128194e+00 -1.648823349748733680e-01 -3.448645037654762824e-01 9.030291249064205106e-01
1.230769230769230838e+00 -1.928272349950891501e-02 -2.828632060924535785e-01 9.444266372760882211e-01
1.333333333333333259e+00 6.638361259412248194e-02 -1.914582051944850316e-01 9.673757978773481758e-01
1.435897435897435903e+00 9.589059093394167177e-02 -1.016996513447160216e-01 9.787773032655813221e-01
1.538461538461538325e+00 8.669344461561827309e-02 -3.414855971930454148e-02 9.838768166855776931e-01
1.641025641025640969e+00 5.989128879175986686e-02 4.741509153968072321e-03 9.861008102744708292e-01
1.743589743589743613e+00 3.203071400496126236e-02 1.947621464039784450e-02 9.873557768490346387e-01
1.846153846153846034e+00 1.173427262594342428e-02 1.934638214011484558e-02 9.885098411493795645e-01
1.948717948717948678e+00 7.178261383764227010e-04 1.318894816511862605e-02 9.898343059232911356e-01
2.051282051282051100e+00 -3.222952140640934944e-03 6.704221754640877357e-03 9.913186160347389198e-01
2.153846153846153744e+00 -3.316554977489499269e-03 2.310834919508833116e-03 9.928536627102825252e-01
2.256410256410256387e+00 -2.102274242133206177e-03 1.740645056902392820e-04 9.943239314614344959e-01
2.358974358974359031e+00 -9.492179389513899761e-04 -4.636500240812408205e-04 9.956434439846884032e-01
2.461538461538461675e+00 -2.724155137249742627e-04 -4.250759564396170863e-04 9.967640322766746497e-01
2.564102564102563875e+00 -2.872651622631757504e-06 -2.300871430224513256e-04 9.976709083416519519e-01
2.666666666666666519e+00 5.233695266256234359e-05 -8.729603406904654669e-05 9.983737422357139568e-01
2.769230769230769162e+00 3.710867921139135146e-05 -1.857400366974913799e-05 9.988972342084214695e-01
2.871794871794871806e+00 1.875173092031559929e-05 3.152871272852572434e-06 9.992730137587231276e-01
2.974358974358974450e+00 5.251646954443269819e-06 8.995041074934807565e-07 9.995335828277077672e-01
3.076923076923076650e+00 -3.890721725943215873e-07 4.610634549621814746e-06 9.997084731574117367e-01
3.179487179487179294e+00 -2.933208583487991391e-07 3.065536786858822747e-06 9.998223032863577941e-01
3.282051282051281937e+00 -2.243649900573862027e-06 2.565169205589873759e-06 9.998942697578560024e-01
3.384615384615384581e+00 3.563496162369546189e-06 -1.607678321961519090e-06 9.999385339901387670e-01
3.487179487179487225e+00 6.253418565141667562e-07 1.212339241908232522e-06 9.999650575587522017e-01
3.589743589743589425e+00 -2.346637336682153774e-06 -1.733067977744652247e-06 9.999805601624957019e-01
3.692307692307692069e+00 -1.022431831724602490e-06 1.146376127445536000e-06 9.999894083892031382e-01
3.794871794871794712e+00 6.275122355887827064e-07 -2.508271128739597474e-06 9.999943448744503804e-01
3.897435897435897356e+00 -2.134001581408801330e-06 -2.956817239994390600e-06 9.999970393148627235e-01
4.000000000000000000e+00 1.514217178793157519e-07 -3.651220458117092320e-06 9.999984792745897355e-01
