1.000000000000000056e-01 2.544904066322052905e-01 -1.763500082628353116e-01 -9.468574574123532761e-01
2.000000000000000111e-01 4.627958904300224496e-01 -3.490015664464403145e-01 -7.970350138192011658e-01
2.999999999999999889e-01 5.890834793175619977e-01 -5.097243216513799302e-01 -5.767647741143535622e-01
4.000000000000000222e-01 6.157941461621175838e-01 -6.441126045566720748e-01 -3.220846855757527605e-01
5.000000000000000000e-01 5.471333183594881966e-01 -7.341851270851132982e-01 -7.015826993933027556e-02
5.999999999999999778e-01 4.070832929957557966e-01 -7.643338651516585758e-01 1.484827378678568177e-01
6.999999999999999556e-01 2.323478571624446321e-01 -7.278927725383340652e-01 3.146826400857317130e-01
7.999999999999999334e-01 6.223830323452155672e-02 -6.311689372426400046e-01 4.216626386499749413e-01
8.999999999999999112e-01 -7.139739747840456729e-02 -4.929173949523532605e-01 4.729237982891721370e-01
9.999999999999998890e-01 -1.511035309436526419e-01 -3.393609179743513060e-01 4.784655374971209518e-01
1.099999999999999867e+00 -1.757226563901676253e-01 -1.968135121777658536e-01 4.508469173231379745e-01
1.199999999999999956e+00 -1.573194621607272858e-01 -8.483424341775010202e-02 4.021419217753081088e-01
1.300000000000000044e+00 -1.149045136642976028e-01 -1.229745387242843491e-02 3.421988552176637444e-01
1.399999999999999911e+00 -6.754949289889024266e-02 2.271464061189248929e-02 2.780804047303808701e-01
1.500000000000000000e+00 -2.915925143304394507e-02 2.986631781292749949e-02 2.142899820698162261e-01
1.599999999999999867e+00 -6.086775111008132372e-03 2.197790028444300547e-02 1.533617648994173022e-01
1.699999999999999956e+00 2.412986430005400855e-03 1.061146316971143914e-02 9.650603797572396281e-02
1.800000000000000044e+00 1.695076305576705220e-03 3.071580025136656181e-03 4.414760228409925907e-02
1.899999999999999911e+00 -1.630001297159424300e-03 1.415211086226529809e-03 -3.691247350460651749e-03
2.000000000000000000e+00 -2.756581763412816605e-03 3.448121759197914776e-03 -4.715028577710801694e-02
2.099999999999999645e+00 -4.323818022028907775e-04 5.168145336485254447e-03 -8.640267288925894407e-02
2.199999999999999734e+00 3.225266150474966759e-03 3.629229913829923500e-03 -1.216064486162114489e-01
2.299999999999999822e+00 4.717841542691532733e-03 -1.138113718380301701e-03 -1.529073568046495912e-01
2.399999999999999911e+00 1.923868487992914109e-03 -6.192901175754083817e-03 -1.804632522051411170e-01
2.500000000000000000e+00 -4.054307398159434292e-03 -7.820183360801652092e-03 -2.044593967540850599e-01
2.600000000000000089e+00 -9.347609911954076270e-03 -4.452754225071462076e-03 -2.250925925994935739e-01
2.699999999999999734e+00 -1.004158978583382864e-02 1.701441464985019390e-03 -2.425265874609530969e-01
2.799999999999999822e+00 -5.392214729208644197e-03 5.876545920797831592e-03 -2.568469460428543516e-01
2.899999999999999911e+00 1.040972382898053142e-03 4.315752126001634430e-03 -2.680544725270096462e-01
3.000000000000000000e+00 3.743569212535404617e-03 -2.364455238746144498e-03 -2.761135375743634657e-01
