1.000000000000000056e-01 -7.739047325535498931e-04 -3.078142402040047187e-01 -9.512053257270192130e-01
2.000000000000000111e-01 -5.635928148319936312e-03 -5.792809408087584711e-01 -8.111539839373536065e-01
2.999999999999999889e-01 -1.631982968810325590e-02 -7.856522886598058530e-01 -5.968247402994948381e-01
4.000000000000000222e-01 -3.141865040614128662e-02 -9.095693518840638481e-01 -3.312404674835107699e-01
5.000000000000000000e-01 -4.741412881099116988e-02 -9.443162418792535595e-01 -3.925623586997661896e-02
5.999999999999999778e-01 -6.055413859117778075e-02 -8.908542602283074929e-01 2.543839172401787252e-01
6.999999999999999556e-01 -6.843985553282234957e-02 -7.554882359886524457e-01 5.250732712216886755e-01
7.999999999999999334e-01 -7.072137871007896925e-02 -5.494695420904540661e-01 7.482688590313272270e-01
8.999999999999999112e-01 -6.884971995225708241e-02 -2.898702055703730740e-01 9.010100602879291820e-01
9.999999999999998890e-01 -6.517125265124594502e-02 -4.134480933673643765e-06 9.653209859278618632e-01
1.099999999999999867e+00 -6.184346568836565639e-02 2.919980323325713223e-01 9.321511834826717857e-01
1.199999999999999956e+00 -6.007465150545554522e-02 5.565458036961097310e-01 8.038433227060026720e-01
1.300000000000000044e+00 -5.996277263585415851e-02 7.666747140321737986e-01 5.939480442780494807e-01
1.399999999999999911e+00 -6.084709476993026972e-02 9.014287972363128620e-01 3.247744243307812972e-01
1.500000000000000000e+00 -6.184885705538040179e-02 9.478442459402385278e-01 2.400393913570111545e-02
1.599999999999999867e+00 -6.229437846998747697e-02 9.017103702930797660e-01 -2.785131256309389403e-01
1.699999999999999956e+00 -6.189028073608510150e-02 7.675808069199487882e-01 -5.534453229065234847e-01
1.800000000000000044e+00 -6.068500343962292959e-02 5.582856910379686566e-01 -7.743225167429930167e-01
1.899999999999999911e+00 -5.892545628839870181e-02 2.938861918504234727e-01 -9.197479344577504934e-01
2.000000000000000000e+00 -5.690774283378539911e-02 -4.631749232524004826e-05 -9.753981751474278816e-01
2.099999999999999645e+00 -5.487804310609684794e-02 -2.948245952106805512e-01 -9.355451833653797289e-01
2.199999999999999734e+00 -5.299310763491562465e-02 -5.614782344762181410e-01 -8.037828262618647024e-01
2.299999999999999822e+00 -5.132444902210116927e-02 -7.736827466794528041e-01 -5.927874523097731441e-01
2.399999999999999911e+00 -4.988360110689710886e-02 -9.104204012551683212e-01 -3.231198330299371868e-01
2.500000000000000000e+00 -4.864916589932376939e-02 -9.580968152593618559e-01 -2.119230897811334377e-02
2.600000000000000089e+00 -4.758754712148608595e-02 -9.118855274158810253e-01 2.833439811800155250e-01
2.699999999999999734e+00 -4.666502524735467727e-02 -7.762000567175570964e-01 5.605417987556134962e-01
2.799999999999999822e+00 -4.585297386683638565e-02 -5.642572765513358402e-01 7.831080512466493948e-01
2.899999999999999911e+00 -4.512897471281102774e-02 -2.967734768178145188e-01 9.291043504285465549e-01
3.000000000000000000e+00 -4.447617145572121261e-02 6.873856595303525516e-05 9.841044592748138253e-01
