1.000000000000000056e-01 2.061557947124930019e-03 8.316014914308228565e-04 -8.963484004218144063e-01
2.000000000000000111e-01 4.096035470443040033e-03 1.644807509971067845e-03 -8.822657142801619834e-01
2.999999999999999889e-01 6.076975862624831894e-03 2.421895298817899108e-03 -8.591158674328513989e-01
4.000000000000000222e-01 7.979191302531425320e-03 3.146539448006211402e-03 -8.273699449918954230e-01
5.000000000000000000e-01 9.779422514085683166e-03 3.803807637062091643e-03 -7.876646111995905253e-01
5.999999999999999778e-01 1.145689822898964677e-02 4.381401916628337515e-03 -7.407759745892847913e-01
6.999999999999999556e-01 1.299327616941261046e-02 4.869483181964640375e-03 -6.876046337845715950e-01
7.999999999999999334e-01 1.437382047186116715e-02 5.261134554511132100e-03 -6.291345412616885513e-01
8.999999999999999112e-01 1.558692305312751186e-02 5.552233328611962462e-03 -5.664073664496853677e-01
9.999999999999998890e-01 1.662467503135619390e-02 5.741692309838741098e-03 -5.004954563683851054e-01
1.099999999999999867e+00 1.748229999044832728e-02 5.831274974131925304e-03 -4.324708177892132577e-01
1.199999999999999956e+00 1.815884406780587934e-02 5.825187171902381986e-03 -3.633681163137198467e-01
1.300000000000000044e+00 1.865642511863267392e-02 5.729936569419120940e-03 -2.941736061142749548e-01
1.399999999999999911e+00 1.898026457751232285e-02 5.553895804372785058e-03 -2.257892054337974075e-01
1.500000000000000000e+00 1.913794898146437690e-02 5.306884678113722720e-03 -1.590384267433345711e-01
1.599999999999999867e+00 1.913965263588466789e-02 4.999708423806198745e-03 -9.462875446701508875e-02
1.699999999999999956e+00 1.899724733147349978e-02 4.643661498840353022e-03 -3.316256892307514054e-02
1.800000000000000044e+00 1.872401250471475431e-02 4.250352871822366679e-03 2.486851145519762551e-02
1.899999999999999911e+00 1.833433554129159510e-02 3.830976753859816411e-03 7.909914694389637291e-02
2.000000000000000000e+00 1.784305619788636305e-02 3.396369594625102406e-03 1.292632478719424605e-01
2.099999999999999645e+00 1.726545301700073073e-02 2.956344170951020339e-03 1.751918240386566572e-01
2.199999999999999734e+00 1.661642858844865345e-02 2.519934058504449265e-03 2.168209927667625603e-01
2.299999999999999822e+00 1.591044629426792423e-02 2.094920675160306250e-03 2.541631511408752875e-01
2.399999999999999911e+00 1.516153549953574119e-02 1.687669959164120673e-03 2.872973669627746363e-01
2.500000000000000000e+00 1.438269424380698470e-02 1.303638094057556207e-03 3.163655444315599530e-01
2.600000000000000089e+00 1.358554402992929837e-02 9.471120566897205800e-04 3.415596325521347287e-01
2.699999999999999734e+00 1.278114940835856084e-02 6.204426700465188321e-04 3.630968730957397361e-01
2.799999999999999822e+00 1.197889732814929123e-02 3.259961986652321064e-04 3.812301139353604373e-01
2.899999999999999911e+00 1.118671736215533230e-02 6.426936156017550722e-05 3.962243814346098625e-01
3.000000000000000000e+00 1.041200346264309871e-02 -1.647101227290745026e-04 4.083521130972134205e-01
