1.000000000000000056e-01 -8.117402930236276371e-04 2.742218514207578469e-04 -8.747384171225350835e-01
2.000000000000000111e-01 -1.534876473447364768e-03 6.250373470226441809e-04 -7.983749418406701492e-01
2.999999999999999889e-01 -2.076789585186031902e-03 1.103194577145349357e-03 -6.794977032642732784e-01
4.000000000000000222e-01 -2.344301322897969237e-03 1.711290407757119162e-03 -5.293046275121559008e-01
5.000000000000000000e-01 -2.258809377024528862e-03 2.389659331447076523e-03 -3.609858573408110116e-01
5.999999999999999778e-01 -1.782118958970148803e-03 3.016810529737457437e-03 -1.878926731377821013e-01
6.999999999999999556e-01 -9.465804386496559121e-04 3.431093574040683554e-03 -2.189125915464436647e-02
7.999999999999999334e-01 1.244182466222376604e-04 3.473944010860662273e-03 1.278151881658734224e-01
8.999999999999999112e-01 1.221543261314545154e-03 3.047909975359455216e-03 2.552648746878715680e-01
9.999999999999998890e-01 2.090245951338617816e-03 2.170181542704504359e-03 3.577566671500748141e-01
1.099999999999999867e+00 2.504384711158320724e-03 9.974872133080531049e-04 4.353621019008362403e-01
1.199999999999999956e+00 2.349577326524944065e-03 -2.005808478211692884e-04 4.902241684318271453e-01
1.300000000000000044e+00 1.682751337544910551e-03 -1.121111839374664982e-03 5.257233857822053436e-01
1.399999999999999911e+00 7.300834602275927667e-04 -1.538783394508305312e-03 5.457453583575458955e-01
1.500000000000000000e+00 -1.881159058395992772e-04 -1.398981377721473553e-03 5.541093860460497567e-01
1.599999999999999867e+00 -7.825290569183723744e-04 -8.466595922500569794e-04 5.541954274569771410e-01
1.699999999999999956e+00 -9.145455341946484833e-04 -1.641917344211571905e-04 5.487621368668680333e-01
1.800000000000000044e+00 -6.479056027911646917e-04 3.567296614410931060e-04 5.399113515166942268e-01
1.899999999999999911e+00 -2.015076741315617375e-04 5.459775161631339434e-04 5.291481339359492830e-01
2.000000000000000000e+00 1.732308072273765968e-04 4.184909457518607096e-04 5.174867823552279367e-01
2.099999999999999645e+00 3.214046435322338640e-04 1.362140215678533863e-04 5.055686089262688698e-01
2.199999999999999734e+00 2.445028749348209483e-04 -1.055627682998491323e-04 4.937733302296837268e-01
2.299999999999999822e+00 6.427224681451409560e-05 -1.909114791798211907e-04 4.823055056757587500e-01
2.399999999999999911e+00 -7.817508187421614988e-05 -1.292591182544974794e-04 4.712617973888930667e-01
2.500000000000000000e+00 -1.114047539540900708e-04 -1.452565068767754086e-05 4.606748811697291557e-01
2.600000000000000089e+00 -5.797425001749971572e-05 5.936420201431876203e-05 4.505436210466790548e-01
2.699999999999999734e+00 1.102562169662788422e-05 5.980122923878978083e-05 4.408499865047911803e-01
2.799999999999999822e+00 4.069199403320218682e-05 1.734365477539619163e-05 4.315694076105975330e-01
2.899999999999999911e+00 2.638594729838978118e-05 -1.835188839442915902e-05 4.226756839068903648e-01
3.000000000000000000e+00 -1.698757605232071775e-06 -2.303670497036667384e-05 4.141437264810751140e-01
