1.000000000000000056e-01 -1.141699167181312122e-03 -2.509804871615243984e-03 -8.847089680965083414e-01
2.000000000000000111e-01 -2.273150911184161800e-03 -4.884367911070068048e-03 -8.366699978066332033e-01
2.999999999999999889e-01 -3.381418855869324815e-03 -7.000004897208688195e-03 -7.600213942075395579e-01
4.000000000000000222e-01 -4.448721676034834115e-03 -8.754915238599744395e-03 -6.595138280484081905e-01
5.000000000000000000e-01 -5.452024816615204904e-03 -1.007641382351287529e-02 -5.411108715706072214e-01
5.999999999999999778e-01 -6.363887302325895584e-03 -1.092634306164052410e-02 -4.113971508916786646e-01
6.999999999999999556e-01 -7.154110889631496925e-03 -1.130117917447987647e-02 -2.770085861810367422e-01
7.999999999999999334e-01 -7.794021368896694377e-03 -1.122959531741806599e-02 -1.440910985532882216e-01
8.999999999999999112e-01 -8.259153081505937397e-03 -1.076694105001280155e-02 -1.788808557559072934e-02
9.999999999999998890e-01 -8.533161323235576370e-03 -9.987743656665003938e-03 9.754389929421475314e-02
1.099999999999999867e+00 -8.609906256762979437e-03 -8.977259990050643484e-03 1.994360563488908056e-01
1.199999999999999956e+00 -8.494398390179635355e-03 -7.822987276787084568e-03 2.862867597816158849e-01
1.300000000000000044e+00 -8.202661423136723556e-03 -6.607491214075812691e-03 3.577249745949989124e-01
1.399999999999999911e+00 -7.759617297036145583e-03 -5.402508837746308398e-03 4.142925725605801635e-01
1.500000000000000000e+00 -7.197350386584650504e-03 -4.265475491302122592e-03 4.571931753958981548e-01
1.599999999999999867e+00 -6.550886951106886513e-03 -3.237392837159307982e-03 4.880583067207280856e-01
1.699999999999999956e+00 -5.855287302304184975e-03 -2.344281880066164617e-03 5.087172480530123275e-01
1.800000000000000044e+00 -5.143756852548624775e-03 -1.597082456193139790e-03 5.210174338048410014e-01
1.899999999999999911e+00 -4.444988080219992518e-03 -9.954453976372232456e-04 5.266993279034329900e-01
2.000000000000000000e+00 -3.781554034019923502e-03 -5.299103775827547491e-04 5.273182485330315528e-01
2.099999999999999645e+00 -3.169779177955203697e-03 -1.854299220403789195e-04 5.241965293748123145e-01
2.199999999999999734e+00 -2.620403722397895725e-03 5.623951811724076273e-05 5.184148348098601700e-01
2.299999999999999822e+00 -2.138396858231506135e-03 2.142387066166526188e-04 5.108295955320074633e-01
2.399999999999999911e+00 -1.724201980669624575e-03 3.071801292798951623e-04 5.020934273993821195e-01
2.500000000000000000e+00 -1.375134694371155705e-03 3.514201999209536726e-04 4.926902074455004055e-01
2.600000000000000089e+00 -1.085630495823411597e-03 3.610076768671350352e-04 4.829669785152329031e-01
2.699999999999999734e+00 -8.494469029200699952e-04 3.478741064679197366e-04 4.731637839248116206e-01
2.799999999999999822e+00 -6.595977611628129483e-04 3.207865709880627545e-04 4.634410784390656235e-01
2.899999999999999911e+00 -5.085151420331664434e-04 2.860341382853081238e-04 4.539021772173902347e-01
3.000000000000000000e+00 -3.899206762921371807e-04 2.489371280066729887e-04 4.446080323784486477e-01
