# Pulse Area (PI rad), Fidelity
1.000000000000000056e-01 2.990042771000000002e-02
2.000000000000000111e-01 1.154685173340000010e-01
3.000000000000000444e-01 2.450293620879999967e-01
4.000000000000000222e-01 4.013922694250000034e-01
5.000000000000000000e-01 5.647670201729999562e-01
5.999999999999999778e-01 7.160607520589999941e-01
7.000000000000000666e-01 8.398697177709999462e-01
8.000000000000000444e-01 9.266285026820000326e-01
9.000000000000000222e-01 9.735850682490000407e-01
1.000000000000000000e+00 9.845939069739999550e-01
1.100000000000000089e+00 9.685208626779999719e-01
1.200000000000000178e+00 9.369577048180000034e-01
1.300000000000000266e+00 9.019150881709999679e-01
1.400000000000000133e+00 8.732396420279999738e-01
1.500000000000000222e+00 8.571384155869999910e-01
1.600000000000000089e+00 8.554912614799999870e-01
1.700000000000000178e+00 8.661139243769999663e-01
1.800000000000000266e+00 8.838833059380000190e-01
1.900000000000000133e+00 9.023912774390000502e-01
2.000000000000000000e+00 9.156371087539999509e-01
2.100000000000000089e+00 9.194449018520000072e-01
2.200000000000000178e+00 9.122947007620000326e-01
2.300000000000000266e+00 8.954502652460000212e-01
2.400000000000000355e+00 8.724067675750000195e-01
2.500000000000000444e+00 8.478315222869999834e-01
2.600000000000000089e+00 8.263382950400000038e-01
2.700000000000000178e+00 8.113678749249999544e-01
2.800000000000000266e+00 8.044366909610000116e-01
2.900000000000000355e+00 8.049082230659999615e-01
3.000000000000000444e+00 8.103126822289999920e-01
3.100000000000000089e+00 8.170777058029999873e-01
3.200000000000000178e+00 8.214849200239999760e-01
3.300000000000000266e+00 8.206065655809999804e-01
3.400000000000000355e+00 8.129877305179999958e-01
3.500000000000000444e+00 7.989199834279999690e-01
3.600000000000000089e+00 7.802850415890000280e-01
3.700000000000000178e+00 7.600157900109999476e-01
3.800000000000000266e+00 7.413262430300000538e-01
3.900000000000000355e+00 7.269026387779999876e-01
4.000000000000000000e+00 7.182845740959999947e-01
4.099999999999999645e+00 7.155409591289999538e-01
4.200000000000000178e+00 7.173206356589999499e-01
4.299999999999999822e+00 7.212398743669999890e-01
4.399999999999999467e+00 7.245276111330000157e-01
4.500000000000000000e+00 7.247190083979999642e-01
4.599999999999999645e+00 7.202424424440000417e-01
4.700000000000000178e+00 7.107762892929999632e-01
4.799999999999999822e+00 6.972911709469999941e-01
4.900000000000000355e+00 6.817667071070000473e-01
5.000000000000000000e+00 6.666633235040000383e-01
