1.000000000000000056e-01 2.544556360803760797e-01 -1.763169531332458295e-01 -9.467568908007262252e-01
2.000000000000000111e-01 4.625637149920424629e-01 -3.488005683386092293e-01 -7.967224037474024412e-01
2.999999999999999889e-01 5.884278819307713349e-01 -5.091007076027825873e-01 -5.763602138263036467e-01
4.000000000000000222e-01 6.145783510248280512e-01 -6.427388507144426999e-01 -3.219873444597978751e-01
5.000000000000000000e-01 5.454422770333470227e-01 -7.317537807140955808e-01 -7.098607373879348148e-02
5.999999999999999778e-01 4.052662043787262358e-01 -7.606847761061693580e-01 1.460286975177904067e-01
6.999999999999999556e-01 2.309376148450736632e-01 -7.231297675130589075e-01 3.099696908383712812e-01
7.999999999999999334e-01 6.177118959760993788e-02 -6.257050444366224484e-01 4.142403300841057123e-01
8.999999999999999112e-01 -7.058828955089402335e-02 -4.874085924807463610e-01 4.625671665178999192e-01
9.999999999999998890e-01 -1.490297951839558988e-01 -3.345346459540846640e-01 4.651535526093350525e-01
1.099999999999999867e+00 -1.727520118993315368e-01 -1.932541612866481573e-01 4.346976338772544080e-01
1.199999999999999956e+00 -1.540507866608127885e-01 -8.281211646250112579e-02 3.833366496155569125e-01
1.300000000000000044e+00 -1.119614964045582833e-01 -1.171050113776506314e-02 3.209193025744800920e-01
1.399999999999999911e+00 -6.538114911675269036e-02 2.226697585171018290e-02 2.544687222861004017e-01
1.500000000000000000e+00 -2.792625417600947541e-02 2.891121753405364453e-02 1.884314600315672439e-01
1.599999999999999867e+00 -5.668904680735800845e-03 2.098179434826233716e-02 1.252830575005612623e-01
1.699999999999999956e+00 2.303763464277304440e-03 9.843185805229389199e-03 6.618131993621909070e-02
1.800000000000000044e+00 1.359643971069496955e-03 2.571957685617541189e-03 1.150513419081823988e-02
1.899999999999999911e+00 -2.010869484949170862e-03 1.068020428752992131e-03 -3.876471375795927099e-02
2.000000000000000000e+00 -3.165814781044634652e-03 3.106754879572370433e-03 -8.480942662228609097e-02
2.099999999999999645e+00 -9.638508628774656965e-04 4.784483990190127774e-03 -1.268472721493746902e-01
2.199999999999999734e+00 2.492352730819432077e-03 3.285977265300037836e-03 -1.650876663978205761e-01
2.299999999999999822e+00 3.833982247815679537e-03 -1.301759025621014847e-03 -1.997351944011656333e-01
2.399999999999999911e+00 1.080153735180599921e-03 -6.127248353913638916e-03 -2.310136828593337133e-01
2.500000000000000000e+00 -4.659042637126207219e-03 -7.679893054241436132e-03 -2.591805813558298310e-01
2.600000000000000089e+00 -9.706762609827775806e-03 -4.558631683607699582e-03 -2.845114502705831105e-01
2.699999999999999734e+00 -1.045050829697618741e-02 1.093997794775385677e-03 -3.072582477227676634e-01
2.799999999999999822e+00 -6.308686623953599706e-03 4.840255655844289372e-03 -3.276089736486560988e-01
2.899999999999999911e+00 -6.393116616070001340e-04 3.316067278071362177e-03 -3.456844429093114401e-01
3.000000000000000000e+00 1.559612690908866511e-03 -2.780990262940413044e-03 -3.615850535327519433e-01
