0.000000000000000000e+00 -7.913827144968708645e-12 9.652048621036965839e-12 -1.000000000000000000e+00
1.025641025641025605e-01 -2.097904176444119195e-01 2.365550701683588608e-01 -9.486929016483816035e-01
2.051282051282051211e-01 -4.174686953197787598e-01 4.255161791148361905e-01 -8.026400910811782863e-01
3.076923076923077094e-01 -6.151562504422023459e-01 5.296161947836721673e-01 -5.830160964580158867e-01
4.102564102564102422e-01 -7.849220353479657852e-01 5.290261414562024145e-01 -3.194150833238605380e-01
5.128205128205127750e-01 -9.020462468077885543e-01 4.264778277046895605e-01 -4.339986853434465303e-02
6.153846153846154188e-01 -9.427954454255801364e-01 2.474378595824048288e-01 2.174855716186437915e-01
7.179487179487179516e-01 -8.942261179824810835e-01 3.435505884944531352e-02 4.437728526927283146e-01
8.205128205128204844e-01 -7.616112462076298772e-01 -1.643890678567987707e-01 6.255212491411071829e-01
9.230769230769230171e-01 -5.696440147336515603e-01 -3.077822990930705327e-01 7.614030086398920760e-01
1.025641025641025550e+00 -3.562844592598156668e-01 -3.732670571179830810e-01 8.562453152976133852e-01
1.128205128205128194e+00 -1.613711664476995544e-01 -3.613963626729339573e-01 9.181716431019307789e-01
1.230769230769230838e+00 -1.488387423316191172e-02 -2.925625505694380291e-01 9.560081758609706437e-01
1.333333333333333259e+00 7.052616231332761720e-02 -1.973669543690627082e-01 9.776420191154580053e-01
1.435897435897435903e+00 9.996129462990638315e-02 -1.051647726666551930e-01 9.892079907282896878e-01
1.538461538461538325e+00 9.052856708225989757e-02 -3.543649408021525699e-02 9.949800727967353930e-01
1.641025641025640969e+00 6.281123619095617394e-02 5.270020983413420401e-03 9.976633584236827001e-01
1.743589743589743613e+00 3.351927096963925462e-02 2.092798106651423337e-02 9.988245060303763134e-01
1.846153846153846034e+00 1.193285967866707618e-02 2.075113204537747461e-02 9.992957897016745417e-01
1.948717948717948678e+00 2.250389315885045760e-04 1.399189429768436105e-02 9.994837634816489125e-01
2.051282051282051100e+00 -3.803894863870410474e-03 6.900967371851497549e-03 9.995691293177553227e-01
2.153846153846153744e+00 -3.676873666021108697e-03 2.164660109141844542e-03 9.996237973992574410e-01
2.256410256410256387e+00 -2.218280443605311330e-03 -2.845034657596515193e-05 9.996721437097330076e-01
2.358974358974359031e+00 -9.289946797546660105e-04 -5.998373396170991832e-04 9.997198792689370173e-01
2.461538461538461675e+00 -2.184350242855971928e-04 -4.773940714786815520e-04 9.997665050006208087e-01
2.564102564102563875e+00 3.669458260400167474e-05 -2.355942481519747661e-04 9.998101679360835714e-01
2.666666666666666519e+00 7.215435094579330068e-05 -7.342906500167140841e-05 9.998493087089662668e-01
2.769230769230769162e+00 4.294203626015969332e-05 -6.818881639287957368e-06 9.998830472037547601e-01
2.871794871794871806e+00 1.524189213637820866e-05 7.233100640100848625e-06 9.999111450974615956e-01
2.974358974358974450e+00 3.358648173555121318e-06 5.987480887733394662e-06 9.999338418083706381e-01
3.076923076923076650e+00 3.827805611268178396e-06 1.457507934896607883e-06 9.999516784702573435e-01
3.179487179487179294e+00 6.552005058254647582e-07 4.782944036754570674e-08 9.999653479666276157e-01
3.282051282051281937e+00 9.342152625451099346e-07 5.411015313955436767e-07 9.999755834957146927e-01
3.384615384615384581e+00 2.602102602625081042e-06 -4.185993425534108908e-06 9.999830834780006894e-01
3.487179487179487225e+00 -1.797817776901922237e-06 2.027719122137882769e-06 9.999884683901626437e-01
3.589743589743589425e+00 -3.300116855625452318e-06 8.332306206934947026e-07 9.999922610572470338e-01
3.692307692307692069e+00 -2.072797584765436572e-07 2.381518465386621780e-06 9.999948840179989640e-01
3.794871794871794712e+00 -1.486399739117690862e-06 -9.402741155370366098e-07 9.999966667948243515e-01
3.897435897435897356e+00 -2.579637465510272234e-06 -4.378200848174209658e-06 9.999978585855515689e-01
4.000000000000000000e+00 -2.138978616988241084e-06 -2.350389574429613901e-06 9.999986427792885157e-01
