1.000000000000000056e-01 5.545648697682193284e-08 -3.376788619432652879e-08 -9.999999385564956045e-01
2.000000000000000111e-01 4.394649442961224869e-07 -2.692415482916077660e-07 -9.999990178048142608e-01
2.999999999999999889e-01 1.431527525812747360e-06 -8.859964377816081870e-07 -9.999950352217654714e-01
4.000000000000000222e-01 3.217686486795739617e-06 -2.019805674356038609e-06 -9.999843423036537393e-01
5.000000000000000000e-01 5.855410097825456875e-06 -3.742229093654421796e-06 -9.999618777728526142e-01
5.999999999999999778e-01 9.251186252570341311e-06 -6.042175663955104036e-06 -9.999212133854725737e-01
6.999999999999999556e-01 1.315351787115226991e-05 -8.810606382665105984e-06 -9.998546116812522255e-01
7.999999999999999334e-01 1.716263714097481915e-05 -1.182968959057977302e-05 -9.997530948599551159e-01
8.999999999999999112e-01 2.075684721179562768e-05 -1.476797132500209551e-05 -9.996065238336253600e-01
9.999999999999998890e-01 2.333389495791361623e-05 -1.718306099518369427e-05 -9.994036863933463133e-01
1.099999999999999867e+00 2.426440677902746786e-05 -1.853324289940764958e-05 -9.991323933452612716e-01
1.199999999999999956e+00 2.295316731274639940e-05 -1.819901100075351017e-05 -9.987795814135514982e-01
1.300000000000000044e+00 1.890306176058226622e-05 -1.551487894828714647e-05 -9.983314216780495576e-01
1.399999999999999911e+00 1.177598913470687035e-05 -9.811036794150506765e-06 -9.977734323093074842e-01
1.500000000000000000e+00 1.444875415767771623e-06 -4.634228206958642102e-07 -9.970905943824180939e-01
1.599999999999999867e+00 -1.196861987561408984e-05 1.305028387816531243e-05 -9.962674695889504051e-01
1.699999999999999956e+00 -2.807531223537468583e-05 3.109221470646711665e-05 -9.952883187212463456e-01
1.800000000000000044e+00 -4.622180828590363217e-05 5.380776602991600130e-05 -9.941372198701777796e-01
1.899999999999999911e+00 -6.551746742751648220e-05 8.107587577305235005e-05 -9.927981853536648194e-01
2.000000000000000000e+00 -8.488454314749939802e-05 1.124712378228379892e-04 -9.912552764737831978e-01
2.099999999999999645e+00 -1.031289757515956170e-04 1.472433313696810161e-04 -9.894927152835681916e-01
2.199999999999999734e+00 -1.190273237509362133e-04 1.843163696693882149e-04 -9.874949926272106326e-01
2.299999999999999822e+00 -1.314235587080146185e-04 2.223130613290449757e-04 -9.852469717979938091e-01
2.399999999999999911e+00 -1.393281676365164896e-04 2.596033898099139089e-04 -9.827339872365261630e-01
2.500000000000000000e+00 -1.420112700201883304e-04 2.943776508799996546e-04 -9.799419377671289011e-01
2.600000000000000089e+00 -1.390814083536480070e-04 3.247408606943715252e-04 -9.768573739431053449e-01
2.699999999999999734e+00 -1.305423887036487611e-04 3.488235306774910499e-04 -9.734675791436310233e-01
2.799999999999999822e+00 -1.168219337754067950e-04 3.649019479180188132e-04 -9.697606441357041751e-01
2.899999999999999911e+00 -9.876799565621288376e-05 3.715196468741477852e-04 -9.657255348863245104e-01
3.000000000000000000e+00 -7.761107455188734090e-05 3.676009506238009676e-04 -9.613521534816881209e-01
