1.000000000000000056e-01 5.485135824880610740e-12 -3.192426182130170635e-12 -9.999999866401840798e-01
2.000000000000000111e-01 5.305748862826238978e-11 -2.618167622898395165e-11 -9.999997862845658725e-01
2.999999999999999889e-01 3.629427543108647260e-11 -1.764313059210838445e-11 -9.999989184170895440e-01
4.000000000000000222e-01 8.376595463777533480e-12 -3.444073193780641944e-12 -9.999965832195752968e-01
5.000000000000000000e-01 -1.558794624029017904e-11 7.795853192445219290e-12 -9.999916631362651964e-01
5.999999999999999778e-01 -3.126936020596178600e-11 1.743373512790512132e-11 -9.999827250675843437e-01
6.999999999999999556e-01 -4.105456984261558695e-11 2.324524962557028036e-11 -9.999680231962332355e-01
7.999999999999999334e-01 -4.702089507393712793e-11 2.560847958418329909e-11 -9.999455024497261313e-01
8.999999999999999112e-01 -4.879328216792513625e-11 2.645987736240826517e-11 -9.999128026040750017e-01
9.999999999999998890e-01 -4.710255481065964291e-11 2.629125007702033929e-11 -9.998672630338661937e-01
1.099999999999999867e+00 -4.523168736166494137e-11 2.491967306387022906e-11 -9.998059281143927279e-01
1.199999999999999956e+00 -4.223026164389758487e-11 2.177709985620598968e-11 -9.997255532819133705e-01
1.300000000000000044e+00 -4.040205333087529526e-11 2.032515670897803572e-11 -9.996226117579110060e-01
1.399999999999999911e+00 -3.889459921859594411e-11 1.855497637772042345e-11 -9.994933019433925869e-01
1.500000000000000000e+00 -3.838269571160610288e-11 1.779849210988223431e-11 -9.993335554887911032e-01
1.599999999999999867e+00 -3.873580719238481687e-11 1.695289676294951606e-11 -9.991390460445648269e-01
1.699999999999999956e+00 -4.167103740514341655e-11 1.765793768847714674e-11 -9.989051986967332208e-01
1.800000000000000044e+00 -4.562583734213752335e-11 1.930507700407435309e-11 -9.986272000907586710e-01
1.899999999999999911e+00 -5.055342663631448567e-11 2.170201668427181433e-11 -9.983000092457970931e-01
2.000000000000000000e+00 -5.566057209193734353e-11 2.399372358554450517e-11 -9.979183690598578682e-01
2.099999999999999645e+00 -6.047647579700518816e-11 2.690539138039904695e-11 -9.974768185048571434e-01
2.199999999999999734e+00 -6.234539624089601135e-11 2.827735176786883260e-11 -9.969697055083345250e-01
2.299999999999999822e+00 -6.099552711165452474e-11 2.652598885135254116e-11 -9.963912005166932762e-01
2.399999999999999911e+00 -5.413351940589486447e-11 2.156861421348960420e-11 -9.957353107320355834e-01
2.500000000000000000e+00 -4.025773056789921453e-11 1.052634519210399714e-11 -9.949958950124128121e-01
2.600000000000000089e+00 -1.737335773391721955e-11 -7.199969799417773448e-12 -9.941666794221313275e-01
2.699999999999999734e+00 1.431395948922925685e-11 -3.505239217506618080e-11 -9.932412734158684309e-01
2.799999999999999822e+00 5.788152109843674553e-11 -7.328128353507305143e-11 -9.922131866371258768e-01
2.899999999999999911e+00 1.123097810722350275e-10 -1.236654548310154709e-10 -9.910758463080762137e-01
3.000000000000000000e+00 1.769580160520135246e-10 -1.877643232620433224e-10 -9.898226151844635723e-01
