1.000000000000000056e-01 -7.103854106097940469e-11 -9.530790473520325644e-12 -9.999999784504572942e-01
2.000000000000000111e-01 -3.019883196838006548e-11 -4.156748507052882364e-12 -9.999996553160804824e-01
2.999999999999999889e-01 1.074701986151807028e-11 9.711206994344738274e-13 -9.999982559550544270e-01
4.000000000000000222e-01 1.946936055539116829e-11 1.701712438342016569e-12 -9.999944920149771432e-01
5.000000000000000000e-01 -2.422500146829341096e-11 -3.384270761413973363e-12 -9.999865655055241165e-01
5.999999999999999778e-01 -1.460106231700747699e-10 -1.875430973914534639e-11 -9.999721744937720702e-01
6.999999999999999556e-01 -3.783089621761980189e-10 -4.529309359025124520e-11 -9.999485204153821805e-01
7.999999999999999334e-01 -7.514328842910996895e-10 -8.244482711878683534e-11 -9.999123169929102772e-01
8.999999999999999112e-01 -1.286573461766502867e-09 -1.310422232828295348e-10 -9.998598007499039930e-01
9.999999999999998890e-01 -1.983511006962349248e-09 -1.859122299036558852e-10 -9.997867431070960320e-01
1.099999999999999867e+00 -2.804766126267124096e-09 -2.378895172605545430e-10 -9.996884640439857028e-01
1.199999999999999956e+00 -3.677346899692293535e-09 -2.772888482559508137e-10 -9.995598473060248734e-01
1.300000000000000044e+00 -4.472716928758636005e-09 -2.940468955285766374e-10 -9.993953571342019115e-01
1.399999999999999911e+00 -5.014758364319551525e-09 -2.815881267416920368e-10 -9.991890564901427796e-01
1.500000000000000000e+00 -5.073327061785162498e-09 -2.416514912864216285e-10 -9.989346267456008510e-01
1.599999999999999867e+00 -4.380636923167540310e-09 -1.902830599490142123e-10 -9.986253888011196178e-01
1.699999999999999956e+00 -2.635891170802806210e-09 -1.611137867044643632e-10 -9.982543255937437188e-01
1.800000000000000044e+00 4.628568315093814186e-10 -2.111630114700595073e-10 -9.978141059487356523e-01
1.899999999999999911e+00 5.200699955920070459e-09 -4.228454861319570575e-10 -9.972971097251817074e-01
2.000000000000000000e+00 1.181349099845195529e-08 -9.031781010188250137e-10 -9.966954541996548844e-01
2.099999999999999645e+00 2.045903607002149695e-08 -1.781604517939420306e-09 -9.960010216265748895e-01
2.199999999999999734e+00 3.118520456582396761e-08 -3.200069918260429400e-09 -9.952054879080610705e-01
2.299999999999999822e+00 4.390757441815079290e-08 -5.300388616941723633e-09 -9.943003522999912525e-01
2.399999999999999911e+00 5.838893811473671500e-08 -8.213340915933204212e-09 -9.932769680751420971e-01
2.500000000000000000e+00 7.423048629757684865e-08 -1.203301342355774510e-08 -9.921265740580370585e-01
2.600000000000000089e+00 9.087276260762913602e-08 -1.680292097511460176e-08 -9.908403269402781266e-01
2.699999999999999734e+00 1.076109000658053456e-07 -2.248982993683226017e-08 -9.894093342791883128e-01
2.799999999999999822e+00 1.236188605589339454e-07 -2.897093788709729952e-08 -9.878246880768871696e-01
2.899999999999999911e+00 1.379904649790450132e-07 -3.601577835241366110e-08 -9.860774988314077172e-01
3.000000000000000000e+00 1.497866414874560638e-07 -4.327957290696664641e-08 -9.841589299462936147e-01
