1.000000000000000056e-01 3.868176555274497193e-12 7.116942417082393937e-11 -9.999999714098427583e-01
2.000000000000000111e-01 7.059929682672210852e-12 1.301028749148182142e-10 -9.999995427494937639e-01
2.999999999999999889e-01 1.678118837809533023e-11 3.272907871434569871e-10 -9.999976867886738452e-01
4.000000000000000222e-01 2.024161107224638323e-11 4.126522784049876291e-10 -9.999926962697718302e-01
5.000000000000000000e-01 -1.941313224909692495e-12 -1.501323101274382677e-10 -9.999821910797817015e-01
5.999999999999999778e-01 -6.308956143933826476e-11 -2.203469506447725521e-09 -9.999631282563403722e-01
6.999999999999999556e-01 -1.591930069729221707e-10 -6.857102965082371579e-09 -9.999318147931693934e-01
7.999999999999999334e-01 -2.395802165334475202e-10 -1.540503705032409999e-08 -9.998839232003839950e-01
8.999999999999999112e-01 -1.893359502362053955e-10 -2.916472815708888024e-08 -9.998145097652779700e-01
9.999999999999998890e-01 1.850993576615582933e-10 -4.929494909240563595e-08 -9.997180354492876120e-01
1.099999999999999867e+00 1.158062454906585157e-09 -7.658054985943269679e-08 -9.995883893472153892e-01
1.199999999999999956e+00 3.065086952540605087e-09 -1.112004400890824661e-07 -9.994189146249427003e-01
1.300000000000000044e+00 6.261383082688285511e-09 -1.525347246166149588e-07 -9.992024368423438885e-01
1.399999999999999911e+00 1.105615907056635216e-08 -1.989975462364644281e-07 -9.989312945586631409e-01
1.500000000000000000e+00 1.761597967860699396e-08 -2.479506569435590128e-07 -9.985973721081772281e-01
1.599999999999999867e+00 2.586253026314090358e-08 -2.956907012051430927e-07 -9.981921344249804484e-01
1.699999999999999956e+00 3.534903246412659944e-08 -3.375482393711280346e-07 -9.977066637868221566e-01
1.800000000000000044e+00 4.515063708150502259e-08 -3.680782641629556398e-07 -9.971316983391990130e-01
1.899999999999999911e+00 5.377479633785222458e-08 -3.813620567815437630e-07 -9.964576722528438735e-01
2.000000000000000000e+00 5.910614090525883739e-08 -3.713934494639812062e-07 -9.956747573598326850e-01
2.099999999999999645e+00 5.840955053059314482e-08 -3.325290790249736230e-07 -9.947729061059525923e-01
2.199999999999999734e+00 4.839294739463335317e-08 -2.599788988432202952e-07 -9.937418956503806244e-01
2.299999999999999822e+00 2.535189620005569007e-08 -1.502900860551670428e-07 -9.925713729370552185e-01
2.399999999999999911e+00 -1.460981182393823075e-08 -1.794423664387769076e-09 -9.912509005566200182e-01
2.500000000000000000e+00 -7.529654219986133691e-08 1.850276508707813243e-07 -9.897700032127091374e-01
2.600000000000000089e+00 -1.600690341524147576e-07 4.073018940001623549e-07 -9.881182146019592549e-01
2.699999999999999734e+00 -2.714689544319784906e-07 6.596644600121711731e-07 -9.862851245138003486e-01
2.799999999999999822e+00 -4.108229612979186561e-07 9.343386591008721413e-07 -9.842604259531151367e-01
2.899999999999999911e+00 -5.778901351165094963e-07 1.221392830002715061e-06 -9.820339620873400621e-01
3.000000000000000000e+00 -7.705588998277974269e-07 1.509173233636991734e-06 -9.795957728185138436e-01
