1.000000000000000056e-01 -3.491429706125701027e-02 -7.801328674162204269e-02 -9.818705867345434157e-01
2.000000000000000111e-01 -6.451857399722642217e-03 -1.390630030860246641e-02 -9.285251596259718188e-01
2.999999999999999889e-01 -1.789935556789845280e-04 -3.696487181518205451e-04 -8.438111112966736327e-01
4.000000000000000222e-01 -8.609567679770095970e-07 -1.731589582761071784e-06 -7.355451225394930015e-01
5.000000000000000000e-01 -9.518122595506392824e-10 -1.474184245789579628e-09 -6.151303576708009313e-01
5.999999999999999778e-01 -2.076478309332456424e-10 2.748953729369663945e-11 -4.948296771720087639e-01
6.999999999999999556e-01 -1.879603602801182172e-10 2.423521174294703349e-11 -3.843832552612438946e-01
7.999999999999999334e-01 -1.615733511347590629e-10 1.990505406271728658e-11 -2.893271660164692949e-01
8.999999999999999112e-01 -1.327356125460839080e-10 1.548233491575036051e-11 -2.115071077285335110e-01
9.999999999999998890e-01 -1.047525110975826218e-10 1.146213247246842905e-11 -1.504351134654749456e-01
1.099999999999999867e+00 -7.978717300234468839e-11 8.090717487972941167e-12 -1.043459037913339882e-01
1.199999999999999956e+00 -5.894596570222844541e-11 5.462378260602272184e-12 -7.082402077544844299e-02
1.300000000000000044e+00 -4.248197874799419524e-11 3.534048227178383028e-12 -4.724857697007379953e-02
1.399999999999999911e+00 -3.005032519328343813e-11 2.193551969659660985e-12 -3.114156762453434979e-02
1.500000000000000000e+00 -2.099299648238416893e-11 1.303637796293593738e-12 -2.039003133173769231e-02
1.599999999999999867e+00 -1.457154329059765468e-11 7.360096390360788443e-13 -1.333460758287655437e-02
1.699999999999999956e+00 -1.010661025658813737e-11 3.863949333884793330e-13 -8.756361251669108128e-03
1.800000000000000044e+00 -7.041757634874230181e-12 1.782975723543875858e-13 -5.802327218152174629e-03
1.899999999999999911e+00 -4.950067183043272960e-12 5.796278029375263290e-14 -3.895380931287427753e-03
2.000000000000000000e+00 -3.522443813240059938e-12 -8.848425639585710062e-15 -2.658025141772752883e-03
2.099999999999999645e+00 -2.545295055047381820e-12 -4.413819370441703610e-14 -1.848847875962931131e-03
2.199999999999999734e+00 -1.871536959452853813e-12 -6.130822779740028353e-14 -1.313475628122345732e-03
2.299999999999999822e+00 -1.402179040749512231e-12 -6.833788626007421692e-14 -9.542399977770274055e-04
2.399999999999999911e+00 -1.071140658531572937e-12 -6.988201123461445165e-14 -7.093540975516301160e-04
2.500000000000000000e+00 -8.343696398348262309e-13 -6.863810087232411780e-14 -5.395755010304788615e-04
2.600000000000000089e+00 -6.624880264446639809e-13 -6.608941722266854594e-14 -4.197974803498432544e-04
2.699999999999999734e+00 -5.357923422615057764e-13 -6.306908758704705846e-14 -3.338001145124574413e-04
2.799999999999999822e+00 -4.409308073638571904e-13 -6.000382778751276913e-14 -2.709795660254947264e-04
2.899999999999999911e+00 -3.687979155613353273e-13 -5.711233248049530883e-14 -2.243146956344679508e-04
3.000000000000000000e+00 -3.131018430299310502e-13 -5.447454831851800996e-14 -1.890900874956489034e-04
