1.000000000000000056e-01 3.054274459435079095e-02 -4.426493118687696918e-03 -9.947635636280802718e-01
2.000000000000000111e-01 1.687624623623841351e-03 -2.824262921707844289e-04 -9.786524962125833227e-01
2.999999999999999889e-01 6.402526588513609011e-06 -1.262443861164793381e-06 -9.506521396653990763e-01
4.000000000000000222e-01 1.828825553614302830e-09 -1.744765371659786099e-10 -9.096253008838494081e-01
5.000000000000000000e-01 -2.065974052741905569e-10 1.201161672057300921e-10 -8.549033271374371079e-01
5.999999999999999778e-01 -2.247383216458829893e-10 1.357251742635024154e-10 -7.868004254638287787e-01
6.999999999999999556e-01 -2.347918360678165813e-10 1.417310581641076589e-10 -7.069342757608135797e-01
7.999999999999999334e-01 -2.338336549988775210e-10 1.409929575424033337e-10 -6.183291594582089878e-01
8.999999999999999112e-01 -2.224765313379154661e-10 1.339645249555335265e-10 -5.252188084352968911e-01
9.999999999999998890e-01 -2.025335857888541220e-10 1.217470359045355390e-10 -4.325259431809179711e-01
1.099999999999999867e+00 -1.767105242117193804e-10 1.060472943954690539e-10 -3.450778961462336314e-01
1.199999999999999956e+00 -1.480845497099118146e-10 8.865710315110414127e-11 -2.668054448297801917e-01
1.300000000000000044e+00 -1.194823922217283692e-10 7.136743368964554361e-11 -2.001923746674877658e-01
1.399999999999999911e+00 -9.314599410027052094e-11 5.547379380051434743e-11 -1.461218721837907186e-01
1.500000000000000000e+00 -7.044354620819614787e-11 4.180673342734705984e-11 -1.040931117426668467e-01
1.599999999999999867e+00 -5.191740237638014828e-11 3.069107804943018869e-11 -7.266086745162095295e-02
1.699999999999999956e+00 -3.747634393678191280e-11 2.205291992038621804e-11 -4.992351695723211413e-02
1.800000000000000044e+00 -2.663417225856179663e-11 1.558936147090517664e-11 -3.392518015681482424e-02
1.899999999999999911e+00 -1.873283377515603140e-11 1.089647117842676875e-11 -2.291231516253908196e-02
2.000000000000000000e+00 -1.310536461884158950e-11 7.568180884367316646e-12 -1.545340070742744903e-02
2.099999999999999645e+00 -9.162664153171267114e-12 5.247103983213417999e-12 -1.045518725494558668e-02
2.199999999999999734e+00 -6.429395052464863747e-12 3.646219563653531573e-12 -7.124634442018999876e-03
2.299999999999999822e+00 -4.544579760313554717e-12 2.548480826451746134e-12 -4.907235928999007304e-03
2.399999999999999911e+00 -3.245699140515718053e-12 1.796733323636956055e-12 -3.426200879123292731e-03
2.500000000000000000e+00 -2.348039228894373308e-12 1.280523345785017981e-12 -2.430582456420676569e-03
2.600000000000000089e+00 -1.723800289368849552e-12 9.240468008027772256e-13 -1.755015469227664280e-03
2.699999999999999734e+00 -1.285859473800215149e-12 6.758780646237466774e-13 -1.291274825399903615e-03
2.799999999999999822e+00 -9.753408233388951464e-13 5.012884682476492378e-13 -9.687343113322543142e-04
2.899999999999999911e+00 -7.524883908279320192e-13 3.770116178126769885e-13 -7.411753993645024642e-04
3.000000000000000000e+00 -5.904627985400012692e-13 2.873777003903511641e-13 -5.782204831353686836e-04
