# Phase Difference (PI rad)
-1.000000000000000000e+00
-9.666666666666666741e-01
-9.333333333333333481e-01
-9.000000000000000222e-01
-8.666666666666666963e-01
-8.333333333333333703e-01
-8.000000000000000444e-01
-7.666666666666666075e-01
-7.333333333333333925e-01
-6.999999999999999556e-01
-6.666666666666667407e-01
-6.333333333333333037e-01
-5.999999999999999778e-01
-5.666666666666666519e-01
-5.333333333333333259e-01
-5.000000000000000000e-01
-4.666666666666666741e-01
-4.333333333333333481e-01
-4.000000000000000222e-01
-3.666666666666666963e-01
-3.333333333333333703e-01
-3.000000000000000444e-01
-2.666666666666667185e-01
-2.333333333333333925e-01
-1.999999999999999556e-01
-1.666666666666666297e-01
-1.333333333333333037e-01
-9.999999999999997780e-02
-6.666666666666665186e-02
-3.333333333333332593e-02
0.000000000000000000e+00
3.333333333333321491e-02
6.666666666666665186e-02
1.000000000000000888e-01
1.333333333333333037e-01
1.666666666666667407e-01
1.999999999999999556e-01
2.333333333333333925e-01
2.666666666666666075e-01
3.000000000000000444e-01
3.333333333333332593e-01
3.666666666666666963e-01
3.999999999999999112e-01
4.333333333333333481e-01
4.666666666666665630e-01
5.000000000000000000e-01
5.333333333333332149e-01
5.666666666666666519e-01
6.000000000000000888e-01
6.333333333333333037e-01
6.666666666666667407e-01
6.999999999999999556e-01
7.333333333333333925e-01
7.666666666666666075e-01
8.000000000000000444e-01
8.333333333333332593e-01
8.666666666666666963e-01
8.999999999999999112e-01
9.333333333333333481e-01
9.666666666666665630e-01
1.000000000000000000e+00
