1.000000000000000056e-01 1.664927855407393187e-01 9.052014119726026209e-02 -9.818789051826315450e-01
2.000000000000000111e-01 3.163999928889967839e-01 1.942424463185676298e-01 -9.285261139201387293e-01
2.999999999999999889e-01 4.321710692392288777e-01 3.206034384148540584e-01 -8.428768049112255190e-01
4.000000000000000222e-01 4.953167794207833929e-01 4.716640154670992402e-01 -7.295162507640479133e-01
5.000000000000000000e-01 4.881277136857286036e-01 6.391975914651994994e-01 -5.942704195413620605e-01
5.999999999999999778e-01 3.975419088168822279e-01 8.031876252538919791e-01 -4.436772535286514496e-01
6.999999999999999556e-01 2.205999485207164046e-01 9.329543118772110066e-01 -2.844842977064750977e-01
7.999999999999999334e-01 -2.970479067739700829e-02 9.919458407541521527e-01 -1.231278364335172681e-01
8.999999999999999112e-01 -3.206619120314191940e-01 9.465583649602328231e-01 3.467818132238217194e-02
9.999999999999998890e-01 -6.008548282541081864e-01 7.778463797318001527e-01 1.841951388421231572e-01
1.099999999999999867e+00 -8.082213909578450650e-01 4.931090210021961684e-01 3.219023385110160174e-01
1.199999999999999956e+00 -8.854335151281362837e-01 1.326292928807681903e-01 4.454395431052228793e-01
1.300000000000000044e+00 -7.993968774081278150e-01 -2.333576459932524272e-01 5.536319586046769547e-01
1.399999999999999911e+00 -5.584030396191163037e-01 -5.201638989034829130e-01 6.462314494676839605e-01
1.500000000000000000e+00 -2.184521653226076943e-01 -6.545028269274839605e-01 7.238123180306795801e-01
1.599999999999999867e+00 1.278092549585691517e-01 -6.028950983389240736e-01 7.875163357635445172e-01
1.699999999999999956e+00 3.796625846226325818e-01 -3.901698430210122637e-01 8.388227047295575556e-01
1.800000000000000044e+00 4.661241035039654368e-01 -9.687334401665058381e-02 8.793995986044123025e-01
1.899999999999999911e+00 3.766958815685654827e-01 1.681942787394366257e-01 9.109394767604249710e-01
2.000000000000000000e+00 1.686879692383400076e-01 3.117982999685760537e-01 9.350540182351356755e-01
2.099999999999999645e+00 -5.667489688345724030e-02 2.969556910263819738e-01 9.532078322078210153e-01
2.199999999999999734e+00 -2.008663205642326477e-01 1.587444184412382386e-01 9.666710019201169013e-01
2.299999999999999822e+00 -2.148680450269737641e-01 -1.569811323474551434e-02 9.765168768788917708e-01
2.399999999999999911e+00 -1.199753217036385322e-01 -1.344983541238469471e-01 9.836239353462374879e-01
2.500000000000000000e+00 1.022753918347957952e-02 -1.496182327864697958e-01 9.886909155526415471e-01
2.600000000000000089e+00 9.660338632818638027e-02 -7.801599980427061098e-02 9.922606761079476589e-01
2.699999999999999734e+00 1.008796961366290046e-01 1.731260937569711195e-02 9.947479714182984045e-01
2.799999999999999822e+00 4.218928082475485730e-02 7.266270783930546540e-02 9.964638326834381887e-01
2.899999999999999911e+00 -2.509463186051016231e-02 6.397394826076685526e-02 9.976359905994007793e-01
3.000000000000000000e+00 -5.393787405214293951e-02 1.508136744224588405e-02 9.984303891368613293e-01
