1.000000000000000056e-01 -1.852076921380471988e-02 9.839839412306476685e-02 -9.949747199669625175e-01
2.000000000000000111e-01 -4.400444564362688410e-02 1.941638264477462961e-01 -9.799815930266106978e-01
2.999999999999999889e-01 -8.293261403902014994e-02 2.838916041754012687e-01 -9.552630917442210823e-01
4.000000000000000222e-01 -1.407011064116868715e-01 3.626998750832423069e-01 -9.212229739218443791e-01
5.000000000000000000e-01 -2.208477834431272491e-01 4.238318506858856916e-01 -8.784033959335914021e-01
5.999999999999999778e-01 -3.239951269588943750e-01 4.586055858434753274e-01 -8.274706853597914025e-01
6.999999999999999556e-01 -4.467144124030634211e-01 4.568950827886277821e-01 -7.692156352281818155e-01
7.999999999999999334e-01 -5.803502120207070236e-01 4.085069103481506203e-01 -7.044964992156715899e-01
8.999999999999999112e-01 -7.103383810361281192e-01 3.051920179102776132e-01 -6.342528213424700745e-01
9.999999999999998890e-01 -8.163173323434471662e-01 1.436311768741175277e-01 -5.594600144362645855e-01
1.099999999999999867e+00 -8.737554515809810018e-01 -7.133796640751283169e-02 -4.811046025112979407e-01
1.199999999999999956e+00 -8.573747805131427535e-01 -3.236755962626801097e-01 -4.001773327954668003e-01
1.300000000000000044e+00 -7.465986488547414757e-01 -5.845405302508308587e-01 -3.176510350133334715e-01
1.399999999999999911e+00 -5.324631684881478977e-01 -8.133383632280106745e-01 -2.344420422376725099e-01
1.500000000000000000e+00 -2.246513827367148108e-01 -9.626077884880621660e-01 -1.513847134340670364e-01
1.599999999999999867e+00 1.435716564505603587e-01 -9.872117763684621350e-01 -6.927696674440361746e-02
1.699999999999999956e+00 5.151927041092987380e-01 -8.570015844558069862e-01 1.113801717330590441e-02
1.800000000000000044e+00 8.165443584287649381e-01 -5.703334888905374767e-01 8.929874171718917009e-02
1.899999999999999911e+00 9.726130395454615218e-01 -1.640303738449538362e-01 1.646730417013330672e-01
2.000000000000000000e+00 9.286914154446130887e-01 2.853892439227104227e-01 2.368219220051550056e-01
2.099999999999999645e+00 6.730775075527780649e-01 6.735736485681566021e-01 3.053924088106072521e-01
2.199999999999999734e+00 2.524550461554304626e-01 8.939907460919318538e-01 3.701982538791933064e-01
2.299999999999999822e+00 -2.289730995281458736e-01 8.728218778378062925e-01 4.309906075708770379e-01
2.399999999999999911e+00 -6.323463683287769976e-01 6.018773375204082843e-01 4.877308680275463937e-01
2.500000000000000000e+00 -8.269571235576150814e-01 1.553405442129273117e-01 5.403802835870221699e-01
2.600000000000000089e+00 -7.409750536403540977e-01 -3.225896382558576803e-01 5.889749823071803725e-01
2.699999999999999734e+00 -3.996513452587140414e-01 -6.624381036127343636e-01 6.336040616776958956e-01
2.799999999999999822e+00 7.022047379968587855e-02 -7.350334888616668616e-01 6.743844345075751257e-01
2.899999999999999911e+00 4.809599936252306751e-01 -5.123005684838992657e-01 7.114953210604803013e-01
3.000000000000000000e+00 6.606285081634343248e-01 -9.178988354784198278e-02 7.450799353705664929e-01
