0.000000000000000000e+00 -7.365466274205031355e-12 1.004371669626085288e-11 -1.000000000000000000e+00
1.071428571428571369e-01 -2.047336979675541957e-01 2.561564810799726866e-01 -9.417854802132404890e-01
2.142857142857142738e-01 -4.059481374235724971e-01 4.548614145338254477e-01 -7.783671108853764675e-01
3.214285714285713969e-01 -5.929580823913289667e-01 5.541501414254733637e-01 -5.394661097205259992e-01
4.285714285714285476e-01 -7.459366262789763891e-01 5.379490229282776204e-01 -2.635383926735038740e-01
5.357142857142856984e-01 -8.406849509730119907e-01 4.185028625156750337e-01 1.294615632384221553e-02
6.428571428571427937e-01 -8.576139164213079091e-01 2.309854921012102769e-01 2.630274653128664708e-01
7.500000000000000000e-01 -7.903456058114142202e-01 2.275388358645924480e-02 4.717609014175560000e-01
8.571428571428570953e-01 -6.501472892397738290e-01 -1.593871115945765249e-01 6.348872981881500399e-01
9.642857142857141906e-01 -4.644118382997193262e-01 -2.806339130032654561e-01 7.555172937348312301e-01
1.071428571428571397e+00 -2.696733999929482040e-01 -3.258223527337062442e-01 8.406138656842867540e-01
1.178571428571428603e+00 -1.012754179780653574e-01 -3.011977048658542877e-01 8.983082617191996411e-01
1.285714285714285587e+00 1.657837745640294153e-02 -2.297961967905933212e-01 9.361698168650884888e-01
1.392857142857142794e+00 7.669519958378581692e-02 -1.418079266746737621e-01 9.604130927760310410e-01
1.500000000000000000e+00 8.819546687112203576e-02 -6.375820565351880687e-02 9.756787071338878237e-01
