0.000000000000000000e+00 8.472663313567437667e-12 9.205776212976917094e-12 -1.000000000000000000e+00
1.071428571428571369e-01 2.328814057266347937e-01 2.323261454582440377e-01 -9.416236079937626569e-01
2.142857142857142738e-01 4.564534792826336895e-01 3.992444099946755864e-01 -7.797119060852834016e-01
3.214285714285713969e-01 6.533770444485670348e-01 4.555348222296386473e-01 -5.487675669799986222e-01
4.285714285714285476e-01 7.971984997380919813e-01 3.892718475677402479e-01 -2.920419736226218532e-01
5.357142857142856984e-01 8.601098891162438642e-01 2.236650441058173899e-01 -4.802787905344035185e-02
6.428571428571427937e-01 8.251443806733340658e-01 7.877393690510353652e-03 1.582626921260794073e-01
7.500000000000000000e-01 6.960336920973336783e-01 -1.993470570497331007e-01 3.174222355325011513e-01
8.571428571428570953e-01 4.994624919892243775e-01 -3.475604182101784678e-01 4.324881529418485027e-01
9.642857142857141906e-01 2.783927709735378175e-01 -4.085029904009777058e-01 5.137052883387859259e-01
1.071428571428571397e+00 7.905723017253196705e-02 -3.820518684343441329e-01 5.733692504022243064e-01
1.178571428571428603e+00 -6.342761080814504626e-02 -2.926365351598708697e-01 6.222591147039119308e-01
1.285714285714285587e+00 -1.348346797196709468e-01 -1.776942090275489272e-01 6.677588536437530919e-01
1.392857142857142794e+00 -1.431886310176535837e-01 -7.298924920892760349e-02 7.134943877685022695e-01
1.500000000000000000e+00 -1.115761342725405669e-01 -9.411819380529262702e-04 7.599693716081689088e-01
