1.000000000000000056e-01 1.117009374415842832e-02 -9.125992663859317650e-03 -9.946897161523757802e-01
2.000000000000000111e-01 6.362503769225728942e-05 -5.077856648794950656e-05 -9.775468476762978476e-01
2.999999999999999889e-01 5.349027743098701652e-09 -4.544650482994618898e-09 -9.456085071897776251e-01
4.000000000000000222e-01 2.583738581430359676e-10 -6.782456379720525005e-11 -8.957920627560232996e-01
5.000000000000000000e-01 2.981277705543291688e-10 -8.208755329136744359e-11 -8.267719878761498054e-01
5.999999999999999778e-01 3.203239848882463532e-10 -9.331583949628471793e-11 -7.404878022232845858e-01
6.999999999999999556e-01 3.238941569419059629e-10 -1.004542844608484440e-10 -6.424888726105144610e-01
7.999999999999999334e-01 3.107547525314099735e-10 -1.031719580807247856e-10 -5.406846368337150377e-01
8.999999999999999112e-01 2.853285623085513146e-10 -1.018365522137633685e-10 -4.431037849831301889e-01
9.999999999999998890e-01 2.530102147090643599e-10 -9.737880699302334569e-11 -3.558696090315968674e-01
1.099999999999999867e+00 2.187429165936499630e-10 -9.099049148445270420e-11 -2.822522834153378124e-01
1.199999999999999956e+00 1.861125235275521490e-10 -8.377048626860208340e-11 -2.228633950666329688e-01
1.300000000000000044e+00 1.571366031696325617e-10 -7.658312621266846220e-11 -1.765026691643630519e-01
1.399999999999999911e+00 1.325604467835663430e-10 -6.994522609955440350e-11 -1.410954621560414346e-01
1.500000000000000000e+00 1.123109797038644242e-10 -6.411655177999157423e-11 -1.143871557107517117e-01
1.599999999999999867e+00 9.589422870674108849e-11 -5.917073826628491047e-11 -9.433768314552672118e-02
1.699999999999999956e+00 8.267473994325760069e-11 -5.505645843903975123e-11 -7.927624652269722738e-02
1.800000000000000044e+00 7.202092095540703792e-11 -5.167015292964190292e-11 -6.790396088020993204e-02
1.899999999999999911e+00 6.338823543735558903e-11 -4.889568374205947816e-11 -5.925723696780343941e-02
2.000000000000000000e+00 5.631654532124624238e-11 -4.660164810136322350e-11 -5.261262349404817462e-02
2.099999999999999645e+00 5.045322292432363388e-11 -4.468093415930271137e-11 -4.745294279963273298e-02
2.199999999999999734e+00 4.553986240400461718e-11 -4.305524733030378516e-11 -4.341642600640860383e-02
2.299999999999999822e+00 4.136256563623051185e-11 -4.164425264571251801e-11 -4.022194938425635580e-02
2.399999999999999911e+00 3.776588494818793834e-11 -4.039005738158617416e-11 -3.767002026045457308e-02
2.500000000000000000e+00 3.463264625428144334e-11 -3.924887163340436574e-11 -3.561255382647172257e-02
2.600000000000000089e+00 3.187341168049568596e-11 -3.818712450448814986e-11 -3.393908772618758202e-02
2.699999999999999734e+00 2.942037650284178656e-11 -3.718020860974483906e-11 -3.256692274140324250e-02
2.799999999999999822e+00 2.722205282197500285e-11 -3.621212649902851505e-11 -3.143347126108374245e-02
2.899999999999999911e+00 2.523848947180571557e-11 -3.527179032642632765e-11 -3.049069720973569125e-02
3.000000000000000000e+00 2.343782575979799199e-11 -3.435206161049779182e-11 -2.970119449686661403e-02
