1.000000000000000056e-01 -2.006667650043718679e-02 -1.112022104700106928e-02 -9.517067937896392937e-01
2.000000000000000111e-01 -1.529641740469529443e-05 -9.115764908697076145e-06 -8.201087157810127426e-01
2.999999999999999889e-01 5.547448023966518267e-11 -7.071742385070289672e-11 -6.449880338196529728e-01
4.000000000000000222e-01 1.005968098603020035e-10 -4.174703839992737702e-11 -4.757196714876624766e-01
5.000000000000000000e-01 9.036424364451211947e-11 -3.830589462570160336e-11 -3.409202814306797058e-01
5.999999999999999778e-01 7.763405077705356394e-11 -3.374168216666066608e-11 -2.433367668079324531e-01
6.999999999999999556e-01 6.552307220702130925e-11 -2.930981284162358816e-11 -1.754834772951097133e-01
7.999999999999999334e-01 5.531690169294654778e-11 -2.555415747123077220e-11 -1.292679388080011371e-01
8.999999999999999112e-01 4.732438244799078409e-11 -2.264231454434987061e-11 -9.807873445458843709e-02
9.999999999999998890e-01 4.134166537157989134e-11 -2.053661516445669395e-11 -7.699588759747144628e-02
1.099999999999999867e+00 3.698239030940611437e-11 -1.911507781858087703e-11 -6.260292213636790837e-02
1.199999999999999956e+00 3.387090072154576870e-11 -1.824998972052111558e-11 -5.263079926845389694e-02
1.300000000000000044e+00 3.168762020021109781e-11 -1.782328069421235939e-11 -4.560396818489058368e-02
1.399999999999999911e+00 3.018126538531387964e-11 -1.774127197986895949e-11 -4.056609316068334609e-02
1.500000000000000000e+00 2.916084100222827608e-11 -1.792851942263849356e-11 -3.689403598602637724e-02
1.599999999999999867e+00 2.848004655599562241e-11 -1.832573445949859358e-11 -3.417576592674030633e-02
1.699999999999999956e+00 2.802642681312878241e-11 -1.888048536970175653e-11 -3.213479728749585318e-02
1.800000000000000044e+00 2.771375247894156342e-11 -1.954979290940047438e-11 -3.058226200145025206e-02
1.899999999999999911e+00 2.747584719214686873e-11 -2.029587056040219641e-11 -2.938745015191753657e-02
2.000000000000000000e+00 2.726148624632701581e-11 -2.108466741871982688e-11 -2.845791588518497076e-02
2.099999999999999645e+00 2.703242080326283745e-11 -2.188631716741485634e-11 -2.772764093903197502e-02
2.199999999999999734e+00 2.676075478741635599e-11 -2.267357125881856868e-11 -2.714846845944874493e-02
2.299999999999999822e+00 2.642843772199727129e-11 -2.342433039564602866e-11 -2.668535341475511066e-02
2.399999999999999911e+00 2.602558993186661926e-11 -2.412055855621961701e-11 -2.631270526903470991e-02
2.500000000000000000e+00 2.554825052877998499e-11 -2.474816435863154278e-11 -2.601111403967867886e-02
2.600000000000000089e+00 2.499687034875592247e-11 -2.529627134721123527e-11 -2.576499833055972966e-02
2.699999999999999734e+00 2.437648685499818419e-11 -2.575810915128120493e-11 -2.556302786811781927e-02
2.799999999999999822e+00 2.369481193137323193e-11 -2.613060999262256783e-11 -2.539625697742773497e-02
2.899999999999999911e+00 2.296150326731901099e-11 -2.641382508238298877e-11 -2.525783472300484681e-02
3.000000000000000000e+00 2.218666642663450926e-11 -2.660955633799765119e-11 -2.514235593098172739e-02
