1.000000000000000056e-01 -1.777761463298538347e-02 -2.210166787904987301e-03 -9.583453960602990040e-01
2.000000000000000111e-01 -8.223958856623367323e-06 -1.301157904580751312e-06 -8.433471748404207657e-01
2.999999999999999889e-01 8.446714057392281195e-11 4.889112002503335360e-11 -6.857151584169852709e-01
4.000000000000000222e-01 9.531224472399990724e-11 5.026319794929508920e-11 -5.257811637962551687e-01
5.000000000000000000e-01 8.800896049662927064e-11 4.553591816932826676e-11 -3.903483744240103803e-01
5.999999999999999778e-01 7.695141340931048478e-11 3.885563204943866675e-11 -2.861646436532804261e-01
6.999999999999999556e-01 6.535302560006333198e-11 3.201398560915670972e-11 -2.099288703578949256e-01
7.999999999999999334e-01 5.492228210749803532e-11 2.594186800260536898e-11 -1.558494244414183050e-01
8.999999999999999112e-01 4.631405000406886725e-11 2.094336576841570315e-11 -1.181741084843159206e-01
9.999999999999998890e-01 3.954967799991336254e-11 1.697544258676768716e-11 -9.208625254869719223e-02
1.099999999999999867e+00 3.437516104095201908e-11 1.386510683709456949e-11 -7.396108244210868043e-02
1.199999999999999956e+00 3.046214658556639853e-11 1.140452047314579088e-11 -6.124643739731160108e-02
1.300000000000000044e+00 2.750902388526417086e-11 9.413782981005387794e-12 -5.220895169018251181e-02
1.399999999999999911e+00 2.526723122363441918e-11 7.745809862192450383e-12 -4.568963898122815198e-02
1.500000000000000000e+00 2.354129655852954144e-11 6.291781067942469053e-12 -4.091584813537679083e-02
1.599999999999999867e+00 2.218286853012168781e-11 4.973626344077984173e-12 -3.736913413894406982e-02
1.699999999999999956e+00 2.108131100325288830e-11 3.733822568365858218e-12 -3.469794419296588078e-02
1.800000000000000044e+00 2.015306286112371666e-11 2.536300180011850281e-12 -3.266052841828358255e-02
1.899999999999999911e+00 1.933695678338869687e-11 1.359146048921427225e-12 -3.108803177827714967e-02
2.000000000000000000e+00 1.858908781154132863e-11 1.898212986000703590e-13 -2.986154911597107761e-02
2.099999999999999645e+00 1.787806174275584427e-11 -9.742108375121458071e-13 -2.889536015180219422e-02
2.199999999999999734e+00 1.718231930174504437e-11 -2.128669594457426856e-12 -2.812751950188723329e-02
2.299999999999999822e+00 1.648895626601765736e-11 -3.266346496828752413e-12 -2.751178701046648467e-02
2.399999999999999911e+00 1.579186582475989614e-11 -4.377205419970478808e-12 -2.701499347546126167e-02
2.500000000000000000e+00 1.508868910624502529e-11 -5.450262202546579620e-12 -2.661109514904085732e-02
2.600000000000000089e+00 1.438090796805109115e-11 -6.474723376451197943e-12 -2.628042012710349665e-02
2.699999999999999734e+00 1.367205934056218206e-11 -7.440996228601615212e-12 -2.600800954842226453e-02
2.799999999999999822e+00 1.296726962682984279e-11 -8.341223542401505064e-12 -2.578233753232025277e-02
2.899999999999999911e+00 1.227216387226319166e-11 -9.169561409096273721e-12 -2.559438038800604387e-02
3.000000000000000000e+00 1.159248652082271895e-11 -9.922869668635875446e-12 -2.543704040390166315e-02
