1.000000000000000056e-01 -6.627111535659944118e-04 3.789055350831587246e-03 -9.948579047625784044e-01
2.000000000000000111e-01 -6.663158578511270874e-08 4.295416838890566712e-07 -9.782103716338891308e-01
2.999999999999999889e-01 8.244787201973516879e-11 6.628891783870824006e-11 -9.470504203421495903e-01
4.000000000000000222e-01 1.056244234961883295e-10 7.932991687645501424e-11 -8.981921692474073016e-01
5.000000000000000000e-01 1.209092274269130312e-10 8.910286501452630040e-11 -8.301500641110837186e-01
5.999999999999999778e-01 1.287644938254924973e-10 9.250005070344744064e-11 -7.446787170493833763e-01
6.999999999999999556e-01 1.289357236114383532e-10 8.963207704382509694e-11 -6.471752883850138138e-01
7.999999999999999334e-01 1.224309797497727282e-10 8.165884927653240493e-11 -5.454769468983677871e-01
8.999999999999999112e-01 1.111599260653422696e-10 7.041833442125900281e-11 -4.476428039955971383e-01
9.999999999999998890e-01 9.752433842431784331e-11 5.791233274623075873e-11 -3.599055033237213430e-01
1.099999999999999867e+00 8.346531298247779353e-11 4.571245208389369484e-11 -2.856651588495560667e-01
1.199999999999999956e+00 7.039481179566355173e-11 3.480739836414991913e-11 -2.256433601237414488e-01
1.300000000000000044e+00 5.903839232985534235e-11 2.560344685569165382e-11 -1.787099464765338486e-01
1.399999999999999911e+00 4.961241374685713007e-11 1.812004993250848652e-11 -1.428203260229533866e-01
1.500000000000000000e+00 4.201763999107200890e-11 1.215260715442811009e-11 -1.157248603873283627e-01
1.599999999999999867e+00 3.600620337115887386e-11 7.416583531024928222e-12 -9.537460704883056473e-02
1.699999999999999956e+00 3.129289614175131199e-11 3.633778555072667196e-12 -8.008091347711000785e-02
1.800000000000000044e+00 2.760709228988468351e-11 5.688921766202227136e-13 -6.853296325903933395e-02
1.899999999999999911e+00 2.472087161522364724e-11 -1.966311422827749338e-12 -5.974791033139192215e-02
2.000000000000000000e+00 2.244531118213588609e-11 -4.107633624264050795e-12 -5.300364889677817992e-02
2.099999999999999645e+00 2.063413485074925582e-11 -5.955142783967674637e-12 -4.777470236184326591e-02
2.199999999999999734e+00 1.917418429761574099e-11 -7.579423628304842317e-12 -4.367900900478007692e-02
2.299999999999999822e+00 1.797828327365891796e-11 -9.027126004593927105e-12 -4.043874675765705973e-02
2.399999999999999911e+00 1.698006818095410474e-11 -1.033006610660207339e-11 -3.785023827006319536e-02
2.500000000000000000e+00 1.612898284299587021e-11 -1.150802963403194792e-11 -3.576345504543806259e-02
2.600000000000000089e+00 1.538735406307793286e-11 -1.257477210545000563e-11 -3.406663925637245377e-02
2.699999999999999734e+00 1.472659155423826893e-11 -1.353892308079103208e-11 -3.267555633877065879e-02
2.799999999999999822e+00 1.412596771714264381e-11 -1.440631709534589928e-11 -3.152645843290408090e-02
2.899999999999999911e+00 1.357058898237518076e-11 -1.518160387976598414e-11 -3.057075439230949945e-02
3.000000000000000000e+00 1.305012786929026287e-11 -1.586854831202258361e-11 -2.977066294441612845e-02
