0.000000000000000000e+00 -7.752929615438205255e-12 9.893142060528193643e-12 -1.000000000000000000e+00
1.025641025641025605e-01 -2.053900257574329258e-01 2.422089270081070889e-01 -9.478852969841794485e-01
2.051282051282051211e-01 -4.064884945090865842e-01 4.342853647342302392e-01 -8.006976140682467991e-01
3.076923076923077094e-01 -5.954974012696554464e-01 5.390268229100648734e-01 -5.820790594826541486e-01
4.102564102564102422e-01 -7.578299804060560918e-01 5.391070295004192214e-01 -3.221879263103705204e-01
5.128205128205127750e-01 -8.719347333414645407e-01 4.387599468057385987e-01 -5.098112623855065306e-02
6.153846153846154188e-01 -9.149342828494739788e-01 2.627915844233011944e-01 2.059103526162905651e-01
7.179487179487179516e-01 -8.725619292191840737e-01 5.204367248303107263e-02 4.299774408958405569e-01
8.205128205128204844e-01 -7.479076174644949671e-01 -1.462889333145863946e-01 6.112527385469964658e-01
9.230769230769230171e-01 -5.636294834762856087e-01 -2.915522052145943510e-01 7.479944436920658024e-01
1.025641025641025550e+00 -3.561829928106575172e-01 -3.607362355510388419e-01 8.445584902136890060e-01
1.128205128205128194e+00 -1.646877495724544394e-01 -3.533722655125979828e-01 9.086140103460171868e-01
1.230769230769230838e+00 -1.920428993409789564e-02 -2.886922400212297846e-01 9.486328512563036996e-01
1.333333333333333259e+00 6.687161634342768390e-02 -1.964721114299730342e-01 9.722523334795676320e-01
1.435897435897435903e+00 9.768275657348389485e-02 -1.058270034623255140e-01 9.854763636488852452e-01
1.538461538461538325e+00 8.954392604482680484e-02 -3.651164550086841848e-02 9.925444879538609655e-01
1.641025641025640969e+00 6.265712101603684858e-02 4.412518620869401720e-03 9.961864804077691371e-01
1.743589743589743613e+00 3.371898922298943724e-02 2.047082503800332423e-02 9.980223610141568669e-01
1.846153846153846034e+00 1.216775726568586520e-02 2.059990988721221300e-02 9.989459978070167612e-01
1.948717948717948678e+00 3.720694767479389153e-04 1.399388041490129062e-02 9.994197400146455079e-01
2.051282051282051100e+00 -3.745326493124493707e-03 6.944577433990867937e-03 9.996716472201706560e-01
2.153846153846153744e+00 -3.664796271462175768e-03 2.199881112963037247e-03 9.998111511978526877e-01
2.256410256410256387e+00 -2.222235005876040028e-03 -1.472703910622885810e-05 9.998909255432277821e-01
2.358974358974359031e+00 -9.317363273004343254e-04 -5.881492623865589280e-04 9.999373497656940390e-01
2.461538461538461675e+00 -2.206094964783728192e-04 -4.771204690385974978e-04 9.999644330079252574e-01
2.564102564102563875e+00 3.692346139691003010e-05 -2.361861822601946939e-04 9.999801193274413524e-01
2.666666666666666519e+00 6.965486435611762599e-05 -7.691026252492788346e-05 9.999890779623888948e-01
2.769230769230769162e+00 3.953372979179974137e-05 -5.595537497091068757e-06 9.999941072147450205e-01
2.871794871794871806e+00 1.040346009723100536e-05 4.091137357623857110e-06 9.999968783107924253e-01
2.974358974358974450e+00 1.777565630953519790e-06 2.899875699362247205e-06 9.999983762838015044e-01
3.076923076923076650e+00 -6.412953809861952475e-07 2.668072476090360227e-06 9.999991706971728123e-01
3.179487179487179294e+00 -1.198834113316768762e-06 2.930918157389930639e-06 9.999995840294169103e-01
3.282051282051281937e+00 1.269654623718309064e-06 2.224640904832529193e-06 9.999997950609298414e-01
3.384615384615384581e+00 -7.849924441147255454e-07 -9.759075629336379952e-07 9.999999008126746469e-01
3.487179487179487225e+00 4.657435979230151391e-06 3.486039922248161947e-06 9.999999528160756768e-01
3.589743589743589425e+00 1.359268804847069764e-06 -1.027910250543408115e-06 9.999999779569558322e-01
3.692307692307692069e+00 2.791861378236006020e-06 -5.798127871845655677e-07 9.999999898736794401e-01
3.794871794871794712e+00 -1.577877180388039960e-06 -1.864948290854408670e-07 9.999999954310612171e-01
3.897435897435897356e+00 -9.112383905126613795e-07 3.262865438098069384e-06 9.999999979734193190e-01
4.000000000000000000e+00 2.372622736513681700e-06 2.128949969396651932e-06 9.999999991195946958e-01
