0.000000000000000000e+00 -6.405025804130157854e-12 1.044270472002593339e-11 -1.000000000000000000e+00
1.025641025641025605e-01 -1.718205465534355936e-01 2.555933589299967945e-01 -9.429648481879370214e-01
2.051282051282051211e-01 -3.402493814276223993e-01 4.568635394927923477e-01 -7.837737767416526058e-01
3.076923076923077094e-01 -4.965190292034599717e-01 5.656596699759669500e-01 -5.534788143441599084e-01
4.102564102564102422e-01 -6.255236620552033777e-01 5.693719887869191920e-01 -2.910147365114699181e-01
5.128205128205127750e-01 -7.100295384987659331e-01 4.807046712117802323e-01 -3.145620669207497416e-02
6.153846153846154188e-01 -7.370093064175703423e-01 3.298962267499227496e-01 2.011277261629283719e-01
7.179487179487179516e-01 -7.024584021522454202e-01 1.541395811036755381e-01 3.950881353948369479e-01
8.205128205128204844e-01 -6.128827877355608189e-01 -1.169649190543700645e-02 5.485900767295796010e-01
9.230769230769230171e-01 -4.837779752260879529e-01 -1.412426073819897376e-01 6.657096783575262577e-01
1.025641025641025550e+00 -3.362632111382695133e-01 -2.196058165232229464e-01 7.530111564417573122e-01
1.128205128205128194e+00 -1.928772926528622977e-01 -2.440366721775596437e-01 8.173145071347127644e-01
1.230769230769230838e+00 -7.307956894618417021e-02 -2.226586535909624298e-01 8.645845902091934265e-01
1.333333333333333259e+00 1.061865035604690755e-02 -1.713518263693696586e-01 8.995302763340666807e-01
1.435897435897435903e+00 5.500327757374443016e-02 -1.090654036306378388e-01 9.256328002214477824e-01
1.538461538461538325e+00 6.583854683345796710e-02 -5.257232918938349597e-02 9.453394065399305379e-01
1.641025641025640969e+00 5.486236971162147813e-02 -1.231401045226144381e-02 9.603138141853302390e-01
1.743589743589743613e+00 3.506878938827174413e-02 9.098138075163398480e-03 9.716807768362264452e-01
1.846153846153846034e+00 1.648149344137295885e-02 1.530030596946231961e-02 9.802237744757480442e-01
1.948717948717948678e+00 4.097724076703168627e-03 1.278353844775661705e-02 9.865274517576240187e-01
2.051282051282051100e+00 -1.670748241530728255e-03 7.509283905465761674e-03 9.910645721065735048e-01
2.153846153846153744e+00 -2.920551252873217988e-03 3.051856968212529175e-03 9.942363080552643062e-01
2.256410256410256387e+00 -2.149705606430561168e-03 5.524138819713439105e-04 9.963848915804870421e-01
2.358974358974359031e+00 -1.058095761724365657e-03 -3.468783043581985916e-04 9.977943124967753041e-01
2.461538461538461675e+00 -3.301291751214941524e-04 -4.168812645827074908e-04 9.986899384965350901e-01
2.564102564102563875e+00 -1.786460650663343973e-05 -2.424444612802946399e-04 9.992418307660400068e-01
2.666666666666666519e+00 5.366134070645207834e-05 -8.779216300663147000e-05 9.995720504078964286e-01
2.769230769230769162e+00 3.770762678697866610e-05 -1.991697177439892663e-05 9.997641763493659850e-01
2.871794871794871806e+00 1.301315659132249335e-05 5.400641875658646021e-06 9.998730202175643011e-01
2.974358974358974450e+00 4.458523192123388158e-06 4.351705962221077728e-06 9.999331378554279226e-01
3.076923076923076650e+00 3.141513642708852281e-06 -6.760538925408811523e-07 9.999655466849728391e-01
3.179487179487179294e+00 -1.065473770709832815e-06 4.981573733261425060e-06 9.999826154405561107e-01
3.282051282051281937e+00 2.118407560371430530e-06 1.229297239589620978e-06 9.999914053630930555e-01
3.384615384615384581e+00 2.946188629752729166e-07 9.047791765157358703e-07 9.999958347061536079e-01
3.487179487179487225e+00 2.881116578966139790e-06 3.803352852143201451e-06 9.999980201405045399e-01
3.589743589743589425e+00 3.497445645161918764e-07 1.524666551747137841e-07 9.999990766141887422e-01
3.692307692307692069e+00 4.386710835894031724e-07 3.523770095250083600e-06 9.999995772367350488e-01
3.794871794871794712e+00 1.817044816832148749e-06 -9.335741340582269791e-07 9.999998099207204616e-01
3.897435897435897356e+00 2.845868851971773709e-07 -3.669095920355906061e-06 9.999999160319937852e-01
4.000000000000000000e+00 1.465648341076117678e-06 -1.428176496008759183e-06 9.999999635499363659e-01
