1.000000000000000056e-01 -2.706117593745871550e-03 2.131201921839720806e-02 -9.997441119059053971e-01
4.222222222222221655e-01 -2.175471855489437625e-02 8.790990585136346236e-02 -9.954434065708060997e-01
7.444444444444443532e-01 -7.654681564934147364e-02 1.394296537110045753e-01 -9.858776794783798980e-01
1.066666666666666652e+00 -1.780966432095201779e-01 1.400231624524680696e-01 -9.711419347741290231e-01
1.388888888888888840e+00 -2.904567612950898492e-01 3.547567899865942953e-02 -9.513814625755302457e-01
1.711111111111111027e+00 -3.014616676495056047e-01 -1.909972188516052827e-01 -9.267828146914650622e-01
2.033333333333333215e+00 -7.466628211538714477e-02 -4.122434041423976292e-01 -8.975804476730933068e-01
2.355555555555555625e+00 3.388943141212640286e-01 -3.377745257407470114e-01 -8.640613839949964348e-01
2.677777777777777590e+00 5.079130455377613984e-01 1.686371740679387110e-01 -8.265192141568813433e-01
2.999999999999999556e+00 5.521732951811297863e-03 5.887421652643461956e-01 -7.852935032866524834e-01
