1.000000000000000056e-01 2.907312766188948072e-01 8.893334559964757857e-02 -9.503228316020166933e-01
4.222222222222221655e-01 7.824783990710670878e-01 5.128116605096071368e-01 -2.786856037452263846e-01
7.444444444444443532e-01 2.944300750592556692e-01 7.824522469670740499e-01 4.962878405508028834e-01
1.066666666666666652e+00 -2.542083670782762095e-01 3.676345370380523225e-01 8.758099741303183583e-01
1.388888888888888840e+00 -1.601375544891676106e-01 -4.986584068459069125e-02 9.786130098148471124e-01
1.711111111111111027e+00 1.193784348717689264e-02 -4.445881151720553620e-02 9.965100498162898779e-01
2.033333333333333215e+00 8.138613721875185766e-03 3.976940588042596376e-03 9.992467776235752774e-01
2.355555555555555625e+00 -9.239168053553121649e-04 7.995732187039766240e-04 9.998184265268067472e-01
2.677777777777777590e+00 -6.140778081849376834e-06 -1.022703233207432338e-04 9.999609086006512326e-01
2.999999999999999556e+00 4.595688939761272240e-06 1.419992044816188562e-06 9.999928626924160513e-01
