1.000000000000000056e-01 -1.812917511077863364e-01 1.348105176199987654e-01 -9.725102893300991980e-01
4.222222222222221655e-01 -7.603611726406753757e-01 2.493396523354698413e-01 -5.642706145031621823e-01
7.444444444444443532e-01 -8.868057805480213940e-01 -3.774729994140202938e-01 6.096395324936021431e-02
1.066666666666666652e+00 -4.469979936445220292e-02 -7.875069984718077176e-01 5.643720141962057513e-01
1.388888888888888840e+00 5.037888404278622057e-01 -6.744624207995897347e-02 8.381819554823461971e-01
1.711111111111111027e+00 -4.381385508052541844e-02 2.741257995544998383e-01 9.492808597638604517e-01
2.033333333333333215e+00 -9.330120168062878971e-02 -9.621368135219375561e-02 9.854938412987357399e-01
2.355555555555555625e+00 5.739820322619422488e-02 1.197423084135502275e-02 9.957798668343135207e-01
2.677777777777777590e+00 -2.360017451064328614e-02 1.724767051435774357e-03 9.986339841736722178e-01
2.999999999999999556e+00 8.952371119953495687e-03 -4.629413425661210030e-04 9.995082616224176819e-01
