1.000000000000000056e-01 9.755770449638370145e-01 0.000000000000000000e+00 2.427879881391832237e-02 1.441562222447912757e-04 0.000000000000000000e+00 0.000000000000000000e+00 1.366624764493619654e-04 1.539019821894930529e-01 0.000000000000000000e+00 0.000000000000000000e+00 0.000000000000000000e+00 0.000000000000000000e+00 -1.817514375310784946e-03 4.433750146213888193e-04 -2.820760624490590597e-03 -1.151862882524367672e-02
2.612244897959183909e-01 8.429573330486006544e-01 0.000000000000000000e+00 1.506454963864859442e-01 6.397170564913167226e-03 0.000000000000000000e+00 0.000000000000000000e+00 2.278712350452469140e-03 3.563460865823139812e-01 0.000000000000000000e+00 0.000000000000000000e+00 0.000000000000000000e+00 0.000000000000000000e+00 -3.020552681380515164e-02 7.164571467174066580e-03 -1.740441485559257248e-02 -7.134163005359800414e-02
4.224489795918368040e-01 6.326088425592575337e-01 0.000000000000000000e+00 3.274701200807749735e-01 3.992103735996885977e-02 0.000000000000000000e+00 0.000000000000000000e+00 8.470260612677991963e-03 4.550700476600400557e-01 0.000000000000000000e+00 0.000000000000000000e+00 0.000000000000000000e+00 0.000000000000000000e+00 -1.115838028234884122e-01 2.493996472016602600e-02 -3.754411187965037144e-02 -1.544177479102776807e-01
5.836734693877551061e-01 4.030419809409938048e-01 0.000000000000000000e+00 4.700455471058139212e-01 1.269124719531933287e-01 0.000000000000000000e+00 0.000000000000000000e+00 1.834002156431405531e-02 4.348697875813022362e-01 0.000000000000000000e+00 0.000000000000000000e+00 0.000000000000000000e+00 0.000000000000000000e+00 -2.394618619671537718e-01 4.809011254613108910e-02 -5.383451225626063180e-02 -2.196654259597363990e-01
7.448979591836735192e-01 2.086812401010439133e-01 0.000000000000000000e+00 5.110046081008464691e-01 2.803141517981077024e-01 0.000000000000000000e+00 0.000000000000000000e+00 2.891609869579762557e-02 3.252705561027549597e-01 0.000000000000000000e+00 0.000000000000000000e+00 0.000000000000000000e+00 0.000000000000000000e+00 -3.734311121395845201e-01 6.157132216801422531e-02 -6.032334864972949823e-02 -2.342165632498808270e-01
9.061224489795919323e-01 8.068476339698794908e-02 0.000000000000000000e+00 4.329248040096637662e-01 4.863904325933476880e-01 0.000000000000000000e+00 0.000000000000000000e+00 3.572550710094880844e-02 1.834506027408629170e-01 0.000000000000000000e+00 0.000000000000000000e+00 0.000000000000000000e+00 0.000000000000000000e+00 -4.563106232568122644e-01 4.848811774478221925e-02 -5.820203110919317663e-02 -1.893589732241724444e-01
1.067346938775510345e+00 1.997511415486594860e-02 0.000000000000000000e+00 2.763459505186299792e-01 7.036789353265040514e-01 0.000000000000000000e+00 0.000000000000000000e+00 3.466694947963230161e-02 6.571335141058505525e-02 0.000000000000000000e+00 0.000000000000000000e+00 0.000000000000000000e+00 0.000000000000000000e+00 -4.409748462256666834e-01 9.522608689638278889e-05 -5.534190148910513724e-02 -1.048491350975509495e-01
1.228571428571428870e+00 4.779742039675290849e-03 0.000000000000000000e+00 1.193663557892155336e-01 8.758539021711094774e-01 0.000000000000000000e+00 0.000000000000000000e+00 2.383417063153449311e-02 1.572486299829256367e-03 0.000000000000000000e+00 0.000000000000000000e+00 0.000000000000000000e+00 0.000000000000000000e+00 -3.139954379297806852e-01 -7.716445453652799602e-02 -6.167969844561238535e-02 -1.954406968167968564e-02
1.389795918367347172e+00 7.961564685641908667e-03 0.000000000000000000e+00 3.894685203823853442e-02 9.530915832761177597e-01 0.000000000000000000e+00 0.000000000000000000e+00 4.485753873867947064e-03 -1.702809217873621148e-02 0.000000000000000000e+00 0.000000000000000000e+00 0.000000000000000000e+00 0.000000000000000000e+00 -1.045726906384818744e-01 -1.618161574093297805e-01 -8.279251160535515408e-02 2.708321247742694754e-02
1.551020408163265474e+00 1.475100139276139255e-02 0.000000000000000000e+00 7.300240238455996122e-02 9.122465962226784519e-01 0.000000000000000000e+00 0.000000000000000000e+00 -1.924873918938467543e-02 -2.657714404609931927e-02 0.000000000000000000e+00 0.000000000000000000e+00 0.000000000000000000e+00 0.000000000000000000e+00 1.257732292315239253e-01 -2.253381635173910824e-01 -1.151992343839131905e-01 1.362670685744878270e-02
1.712244897959183998e+00 3.161865543625086428e-02 0.000000000000000000e+00 2.019485517396784890e-01 7.664327928240718402e-01 0.000000000000000000e+00 0.000000000000000000e+00 -4.178433435097496373e-02 -6.811322216011270192e-02 0.000000000000000000e+00 0.000000000000000000e+00 0.000000000000000000e+00 0.000000000000000000e+00 3.081806398086593957e-01 -2.445499664874071499e-01 -1.462462027611755588e-01 -5.334437163840177049e-02
1.873469387755102300e+00 8.173600151855239804e-02 0.000000000000000000e+00 3.587484417435448103e-01 5.595155567379003214e-01 0.000000000000000000e+00 0.000000000000000000e+00 -5.798520199172469552e-02 -1.611222497518420838e-01 0.000000000000000000e+00 0.000000000000000000e+00 0.000000000000000000e+00 0.000000000000000000e+00 3.944633289304236845e-01 -2.124241442173890326e-01 -1.591624799082451969e-01 -1.428281101070817960e-01
2.034693877551020602e+00 1.894555552301795953e-01 0.000000000000000000e+00 4.624512459005090115e-01 3.480931988693112267e-01 0.000000000000000000e+00 0.000000000000000000e+00 -6.476096259937559607e-02 -2.888251629684893129e-01 0.000000000000000000e+00 0.000000000000000000e+00 0.000000000000000000e+00 0.000000000000000000e+00 3.753005612332957486e-01 -1.418648049649260667e-01 -1.411585575901901923e-01 -2.145284397477180693e-01
2.195918367346938904e+00 3.619956956406035764e-01 0.000000000000000000e+00 4.586255353204340413e-01 1.793787690389621048e-01 0.000000000000000000e+00 0.000000000000000000e+00 -6.173097340744906902e-02 -4.027527223928486499e-01 0.000000000000000000e+00 0.000000000000000000e+00 0.000000000000000000e+00 0.000000000000000000e+00 2.804279935374782706e-01 -6.023143267809835666e-02 -9.063923238012952521e-02 -2.381572429558976856e-01
2.357142857142857650e+00 5.781600395196739850e-01 0.000000000000000000e+00 3.466788088894414144e-01 7.516115159088471165e-02 0.000000000000000000e+00 0.000000000000000000e+00 -5.079549849306227299e-02 -4.448096782469296850e-01 0.000000000000000000e+00 0.000000000000000000e+00 0.000000000000000000e+00 0.000000000000000000e+00 1.613926335444809956e-01 3.032625621582329609e-03 -1.975626424530299574e-02 -2.075207589500210892e-01
2.518367346938775952e+00 7.906302568453053015e-01 0.000000000000000000e+00 1.805445244766831769e-01 2.882521867801348531e-02 0.000000000000000000e+00 0.000000000000000000e+00 -3.494747341340524727e-02 -3.761949442464353477e-01 0.000000000000000000e+00 0.000000000000000000e+00 0.000000000000000000e+00 0.000000000000000000e+00 6.569538574874356218e-02 2.980523155086292272e-02 4.938776006583624201e-02 -1.426567213980942939e-01
2.679591836734694255e+00 9.417602174018981920e-01 0.000000000000000000e+00 4.230256328441921176e-02 1.593721931368176706e-02 0.000000000000000000e+00 0.000000000000000000e+00 -1.696615231198637594e-02 -1.988743807688391763e-01 0.000000000000000000e+00 0.000000000000000000e+00 0.000000000000000000e+00 0.000000000000000000e+00 1.502980111818646471e-02 2.117286728495368364e-02 9.351071639280129910e-02 -7.915039951095442783e-02
2.840816326530612557e+00 9.859966760516069018e-01 0.000000000000000000e+00 1.728899038854582416e-03 1.227442490953922945e-02 0.000000000000000000e+00 0.000000000000000000e+00 1.380988987456136484e-03 4.126476213527341397e-02 0.000000000000000000e+00 0.000000000000000000e+00 0.000000000000000000e+00 0.000000000000000000e+00 -1.957107533949189147e-03 -4.170246897310620621e-03 9.797080037593003388e-02 -5.004262729740226179e-02
3.002040816326530859e+00 9.087005186004547541e-01 0.000000000000000000e+00 8.164318239343751338e-02 9.656299006108049962e-03 0.000000000000000000e+00 0.000000000000000000e+00 1.932011321666979656e-02 2.716908833610041096e-01 0.000000000000000000e+00 0.000000000000000000e+00 0.000000000000000000e+00 0.000000000000000000e+00 -1.937207349791526464e-02 -2.032470752164410380e-02 6.305201545473389235e-02 -6.927572887330094020e-02
3.163265306122449605e+00 7.324988627964709176e-01 0.000000000000000000e+00 2.462080468941173772e-01 2.129309030941227421e-02 0.000000000000000000e+00 0.000000000000000000e+00 3.638006895211427089e-02 4.231118134976737943e-01 0.000000000000000000e+00 0.000000000000000000e+00 0.000000000000000000e+00 0.000000000000000000e+00 -7.192781585184679360e-02 -8.301748922629755001e-03 3.638506661793370657e-03 -1.248355822695216694e-01
3.324489795918367907e+00 5.081551009219109627e-01 0.000000000000000000e+00 4.180124933050606839e-01 7.383240577303137875e-02 0.000000000000000000e+00 0.000000000000000000e+00 5.151789978601566816e-02 4.579968224955834888e-01 0.000000000000000000e+00 0.000000000000000000e+00 0.000000000000000000e+00 0.000000000000000000e+00 -1.725071538616441691e-01 3.322873090788870665e-02 -5.766779633690156254e-02 -1.849127791550443933e-01
3.485714285714286209e+00 2.941839344423491376e-01 0.000000000000000000e+00 5.156265533221360275e-01 1.901895122355159451e-01 0.000000000000000000e+00 0.000000000000000000e+00 6.264427823875652612e-02 3.844018047786777470e-01 0.000000000000000000e+00 0.000000000000000000e+00 0.000000000000000000e+00 0.000000000000000000e+00 -3.010846987154427445e-01 8.610901626192879466e-02 -1.007738944590581970e-01 -2.139984096603738672e-01
3.646938775510204511e+00 1.346509304070270252e-01 0.000000000000000000e+00 4.932375746136952732e-01 3.721114949792780902e-01 0.000000000000000000e+00 0.000000000000000000e+00 6.691131779776386679e-02 2.488730132004903783e-01 0.000000000000000000e+00 0.000000000000000000e+00 0.000000000000000000e+00 0.000000000000000000e+00 -4.109726737723974344e-01 1.209992778494618643e-01 -1.168041186542829457e-01 -1.909501452674239041e-01
3.808163265306122813e+00 4.524107500356197575e-02 0.000000000000000000e+00 3.629264181418819790e-01 5.918325068545520207e-01 0.000000000000000000e+00 0.000000000000000000e+00 6.171214098171426410e-02 1.122977970809503623e-01 0.000000000000000000e+00 0.000000000000000000e+00 0.000000000000000000e+00 0.000000000000000000e+00 -4.497257273305467207e-01 1.119750597200981634e-01 -1.111191972982574633e-01 -1.201152270075841327e-01
3.969387755102041115e+00 1.347088729948530024e-02 0.000000000000000000e+00 1.886274850700276062e-01 7.979016276304893296e-01 0.000000000000000000e+00 0.000000000000000000e+00 4.595557883546225186e-02 2.071380097310979856e-02 0.000000000000000000e+00 0.000000000000000000e+00 0.000000000000000000e+00 0.000000000000000000e+00 -3.846744866755366643e-01 5.031651816113986986e-02 -9.924417232474511130e-02 -2.998367469249757847e-02
4.130612244897958973e+00 1.196025049011199826e-02 0.000000000000000000e+00 5.476068142757964385e-02 9.332790680823073171e-01 0.000000000000000000e+00 0.000000000000000000e+00 2.099358621179244280e-02 -1.463629459979252576e-02 0.000000000000000000e+00 0.000000000000000000e+00 0.000000000000000000e+00 0.000000000000000000e+00 -2.205984224387331771e-01 -4.943002515755897525e-02 -9.778229243939723370e-02 4.001097922383183708e-02
4.291836734693877276e+00 1.731860463517494522e-02 0.000000000000000000e+00 2.489571874867358564e-02 9.577856766161515489e-01 0.000000000000000000e+00 0.000000000000000000e+00 -9.294184154825430727e-03 -1.856819383848907698e-02 0.000000000000000000e+00 0.000000000000000000e+00 0.000000000000000000e+00 0.000000000000000000e+00 -7.090607794306962725e-04 -1.544158543506314318e-01 -1.149045448361920713e-01 5.817607842287240982e-02
4.453061224489796466e+00 2.469017303510613950e-02 0.000000000000000000e+00 1.107818672775550128e-01 8.645279596873404193e-01 0.000000000000000000e+00 0.000000000000000000e+00 -3.938065798258374994e-02 -3.441493314791652103e-02 0.000000000000000000e+00 0.000000000000000000e+00 0.000000000000000000e+00 0.000000000000000000e+00 2.098897546223977006e-01 -2.274210115891091011e-01 -1.452608635617378408e-01 1.564020352825140625e-02
4.614285714285714768e+00 5.041143393002874701e-02 0.000000000000000000e+00 2.669145586218866217e-01 6.826740074480835974e-01 0.000000000000000000e+00 0.000000000000000000e+00 -6.363006530642011105e-02 -9.698845128593856779e-02 0.000000000000000000e+00 0.000000000000000000e+00 0.000000000000000000e+00 0.000000000000000000e+00 3.507453060396529820e-01 -2.432968684386808689e-01 -1.720210757197232210e-01 -6.945010886659737370e-02
4.775510204081633070e+00 1.214400694967783384e-01 0.000000000000000000e+00 4.133142356149404062e-01 4.652456948882825460e-01 0.000000000000000000e+00 0.000000000000000000e+00 -7.788021202271949717e-02 -2.100656490358796535e-01 0.000000000000000000e+00 0.000000000000000000e+00 0.000000000000000000e+00 0.000000000000000000e+00 3.902164104521281263e-01 -2.000595730173859721e-01 -1.752075528851283481e-01 -1.606293026791000556e-01
4.936734693877551372e+00 2.570621064502568998e-01 0.000000000000000000e+00 4.752223502140158207e-01 2.677155433357283898e-01 0.000000000000000000e+00 0.000000000000000000e+00 -8.044642145393919586e-02 -3.401323391902595361e-01 0.000000000000000000e+00 0.000000000000000000e+00 0.000000000000000000e+00 0.000000000000000000e+00 3.361412744136776376e-01 -1.193041321280894490e-01 -1.422924398370661037e-01 -2.203914072693501092e-01
5.097959183673469674e+00 4.525164474165630502e-01 0.000000000000000000e+00 4.202358423187127490e-01 1.272477102647256719e-01 0.000000000000000000e+00 0.000000000000000000e+00 -7.220386691229624399e-02 -4.300584015880191679e-01 0.000000000000000000e+00 0.000000000000000000e+00 0.000000000000000000e+00 0.000000000000000000e+00 2.284710405149881218e-01 -3.570763091580656662e-02 -7.579757991799258854e-02 -2.276761119881581530e-01
5.259183673469387976e+00 6.734837183575516084e-01 0.000000000000000000e+00 2.744965354745499408e-01 5.201974616789812461e-02 0.000000000000000000e+00 0.000000000000000000e+00 -5.580943679259826179e-02 -4.263264440485645679e-01 0.000000000000000000e+00 0.000000000000000000e+00 0.000000000000000000e+00 0.000000000000000000e+00 1.179195648172024768e-01 1.934475629102445915e-02 6.069865082817279753e-03 -1.870765026419064225e-01
5.420408163265306278e+00 8.650864952799570684e-01 0.000000000000000000e+00 1.099878803037088737e-01 2.492562441633535200e-02 0.000000000000000000e+00 0.000000000000000000e+00 -3.450933955839564221e-02 -3.065258525918727606e-01 0.000000000000000000e+00 0.000000000000000000e+00 0.000000000000000000e+00 0.000000000000000000e+00 4.140366520061683486e-02 3.205081529085924974e-02 7.633195015686448925e-02 -1.254443278554068508e-01
5.581632653061224580e+00 9.720635478764362292e-01 0.000000000000000000e+00 9.119030910863582667e-03 1.881742121270076062e-02 0.000000000000000000e+00 0.000000000000000000e+00 -1.110909140533786026e-02 -9.349264524835634860e-02 0.000000000000000000e+00 0.000000000000000000e+00 0.000000000000000000e+00 0.000000000000000000e+00 6.212072392740688835e-03 1.153286346321802380e-02 1.106725598448439207e-01 -7.773873804609564286e-02
5.742857142857142883e+00 9.610177651006115429e-01 0.000000000000000000e+00 2.400080373204683398e-02 1.498143116734036023e-02 0.000000000000000000e+00 0.000000000000000000e+00 1.245956797195905096e-02 1.513603261591617566e-01 0.000000000000000000e+00 0.000000000000000000e+00 0.000000000000000000e+00 0.000000000000000000e+00 -9.627348692930685903e-03 -1.633647533797521686e-02 9.802778134454800951e-02 -6.919518438942307004e-02
5.904081632653061185e+00 8.343984916277588093e-01 0.000000000000000000e+00 1.505050365424022707e-01 1.509647182983915419e-02 0.000000000000000000e+00 0.000000000000000000e+00 3.487226429307765246e-02 3.526543791896665225e-01 0.000000000000000000e+00 0.000000000000000000e+00 0.000000000000000000e+00 0.000000000000000000e+00 -4.150624593936665108e-02 -2.343768608069205645e-02 4.530078208764718589e-02 -1.026853511955476278e-01
6.065306122448979487e+00 6.297220576455266894e-01 0.000000000000000000e+00 3.298341808116099783e-01 4.044376154286129926e-02 0.000000000000000000e+00 0.000000000000000000e+00 5.475681047838774212e-02 4.524440122928784502e-01 0.000000000000000000e+00 0.000000000000000000e+00 0.000000000000000000e+00 0.000000000000000000e+00 -1.153885247758785482e-01 5.021245851897200921e-03 -2.604378308034067252e-02 -1.574484004082671862e-01
6.226530612244898677e+00 4.042802331137771987e-01 0.000000000000000000e+00 4.769705844761771285e-01 1.187491824100451315e-01 0.000000000000000000e+00 0.000000000000000000e+00 7.012108306399754409e-02 4.334891529164330848e-01 0.000000000000000000e+00 0.000000000000000000e+00 0.000000000000000000e+00 0.000000000000000000e+00 -2.298409264090306714e-01 6.174945373162642193e-02 -8.990997293995819928e-02 -1.998101970991856269e-01
6.387755102040816979e+00 2.124784135349906122e-01 0.000000000000000000e+00 5.220512481483292611e-01 2.654703383166821529e-01 0.000000000000000000e+00 0.000000000000000000e+00 7.832039694414520692e-02 3.237137216107594528e-01 0.000000000000000000e+00 0.000000000000000000e+00 0.000000000000000000e+00 0.000000000000000000e+00 -3.524158970836424043e-01 1.199671128948293919e-01 -1.272602286673256422e-01 -2.005281439922493858e-01
6.548979591836735281e+00 8.627394708133714896e-02 0.000000000000000000e+00 4.443838789416162949e-01 4.693421739770456402e-01 0.000000000000000000e+00 0.000000000000000000e+00 7.670076934109174016e-02 1.801548361828726186e-01 0.000000000000000000e+00 0.000000000000000000e+00 0.000000000000000000e+00 0.000000000000000000e+00 -4.326365677007604216e-01 1.462656392234175096e-01 -1.339698315363669068e-01 -1.501469323221191199e-01
6.710204081632653583e+00 2.734161555574306929e-02 0.000000000000000000e+00 2.824502307003688428e-01 6.902081537438868875e-01 0.000000000000000000e+00 0.000000000000000000e+00 6.369305632268533468e-02 6.054625309356541363e-02 0.000000000000000000e+00 0.000000000000000000e+00 0.000000000000000000e+00 0.000000000000000000e+00 -4.255963919699006226e-01 1.175461949578539417e-01 -1.211701257363557993e-01 -6.472430310717651458e-02
6.871428571428571885e+00 1.391004833930239298e-02 0.000000000000000000e+00 1.149701374771636836e-01 8.711198141835329034e-01 0.000000000000000000e+00 0.000000000000000000e+00 3.984486010715556498e-02 -3.410414829994922684e-03 0.000000000000000000e+00 0.000000000000000000e+00 0.000000000000000000e+00 0.000000000000000000e+00 -3.146744518105698551e-01 3.365543194323923626e-02 -1.080575666560648213e-01 2.099812218637958985e-02
7.032653061224490187e+00 1.787764145335338228e-02 0.000000000000000000e+00 2.233177891787397132e-02 9.597905796287726776e-01 0.000000000000000000e+00 0.000000000000000000e+00 8.255135481662239857e-03 -1.819599476547962419e-02 0.000000000000000000e+00 0.000000000000000000e+00 0.000000000000000000e+00 0.000000000000000000e+00 -1.221829681756382013e-01 -8.065413568534123001e-02 -1.108833314959529887e-01 6.974026993104784355e-02
7.193877551020408490e+00 2.301576720512194668e-02 0.000000000000000000e+00 4.733334957477681321e-02 9.296508832200996997e-01 0.000000000000000000e+00 0.000000000000000000e+00 -2.588280702802695302e-02 -2.048164549535469794e-02 0.000000000000000000e+00 0.000000000000000000e+00 0.000000000000000000e+00 0.000000000000000000e+00 9.757032844490472201e-02 -1.856973375473506827e-01 -1.337061322488979631e-01 5.932345638104171565e-02
7.355102040816326792e+00 3.474688307930608872e-02 0.000000000000000000e+00 1.744778374495176143e-01 7.907752794711765398e-01 0.000000000000000000e+00 0.000000000000000000e+00 -5.653758173037365387e-02 -5.353561654470006398e-02 0.000000000000000000e+00 0.000000000000000000e+00 0.000000000000000000e+00 0.000000000000000000e+00 2.798870609044772362e-01 -2.442049101565130775e-01 -1.656241461893515898e-01 -6.746597119500016664e-03
7.516326530612245094e+00 7.646010871789148122e-02 0.000000000000000000e+00 3.379881088805611333e-01 5.855517824015474826e-01 0.000000000000000000e+00 0.000000000000000000e+00 -7.843748452850383968e-02 -1.403216361000814150e-01 0.000000000000000000e+00 0.000000000000000000e+00 0.000000000000000000e+00 0.000000000000000000e+00 3.759597588510931176e-01 -2.378314970217836888e-01 -1.859894509781764571e-01 -1.008922116323616308e-01
7.677551020408163396e+00 1.743150174800330021e-01 0.000000000000000000e+00 4.545646809643269504e-01 3.711203015556390761e-01 0.000000000000000000e+00 0.000000000000000000e+00 -8.839805638776762620e-02 -2.672511711246119970e-01 0.000000000000000000e+00 0.000000000000000000e+00 0.000000000000000000e+00 0.000000000000000000e+00 3.716221278271302220e-01 -1.749149436019101223e-01 -1.751056860959051831e-01 -1.844716154409630771e-01
7.838775510204081698e+00 3.384445682106385633e-01 0.000000000000000000e+00 4.646634148424089727e-01 1.968920169469520198e-01 0.000000000000000000e+00 0.000000000000000000e+00 -8.588573899691540059e-02 -3.871515824002318973e-01 0.000000000000000000e+00 0.000000000000000000e+00 0.000000000000000000e+00 0.000000000000000000e+00 2.900389935185770929e-01 -8.582522070682294113e-02 -1.251175617701539844e-01 -2.257932936650720868e-01
8.000000000000001776e+00 5.505810330869235214e-01 0.000000000000000000e+00 3.620873783475924701e-01 8.733158856548205173e-02 0.000000000000000000e+00 0.000000000000000000e+00 -7.268848913575315374e-02 -4.405390774600089210e-01 0.000000000000000000e+00 0.000000000000000000e+00 0.000000000000000000e+00 0.000000000000000000e+00 1.776370130033047279e-01 -8.173060877359621806e-03 -4.560417010866579107e-02 -2.144840329304099624e-01
