0.000000000000000000e+00 8.612849051969896556e-12 9.205733934185601633e-12 -1.000000000000000000e+00
1.025641025641025605e-01 2.264147321684604752e-01 2.229337989251123364e-01 -9.452436944339783764e-01
2.051282051282051211e-01 4.439867696247679074e-01 3.862672482134563712e-01 -7.927980875908073877e-01
3.076923076923077094e-01 6.369634454930612755e-01 4.476149375002809738e-01 -5.738944182671148475e-01
4.102564102564102422e-01 7.814583654460645068e-01 3.934867622669059317e-01 -3.286150939425891981e-01
5.128205128205127750e-01 8.516312551993963087e-01 2.419236019744398503e-01 -9.399277701336404556e-02
6.153846153846154188e-01 8.301445266302664994e-01 3.563546080764304347e-02 1.043901853508427402e-01
7.179487179487179516e-01 7.173024835029293556e-01 -1.716165746570407213e-01 2.553778110613061925e-01
8.205128205128204844e-01 5.341431970788683703e-01 -3.307689276092963260e-01 3.602588535913339718e-01
9.230769230769230171e-01 3.179441545485657827e-01 -4.105505512076733643e-01 4.283495891200228556e-01
1.025641025641025550e+00 1.118245018799855495e-01 -4.042613403036240394e-01 4.722363359830660801e-01
1.128205128205128194e+00 -4.762894563491040789e-02 -3.286922998333336454e-01 5.040783482171876662e-01
1.230769230769230838e+00 -1.402977101618300970e-01 -2.160467260258233657e-01 5.334006841432897827e-01
1.333333333333333259e+00 -1.663528465181825233e-01 -1.018309289071645529e-01 5.662392403321195866e-01
1.435897435897435903e+00 -1.428819920954264300e-01 -1.331259752018434939e-02 6.052211276789982719e-01
1.538461538461538325e+00 -9.510769652726089318e-02 3.723705343493946551e-02 6.502115486987180004e-01
1.641025641025640969e+00 -4.628880195621032367e-02 5.258242392279952049e-02 6.992437707691914195e-01
1.743589743589743613e+00 -1.079153847826104171e-02 4.488949087293341023e-02 7.494544071693912679e-01
1.846153846153846034e+00 7.511430692208234672e-03 2.818175217044348313e-02 7.979027577133249727e-01
1.948717948717948678e+00 1.225186412068136541e-02 1.268708425924292525e-02 8.421487107993577137e-01
2.051282051282051100e+00 9.786140576804748525e-03 2.863071610759300792e-03 8.805648730256704360e-01
2.153846153846153744e+00 5.458651708454839192e-03 -1.372048772020226671e-03 9.124021431795950043e-01
2.256410256410256387e+00 2.091085214764508600e-03 -2.106728545344656572e-03 9.376748162813038912e-01
2.358974358974359031e+00 3.340940007957785398e-04 -1.451625653690346001e-03 9.569482610971722369e-01
2.461538461538461675e+00 -2.355562268249580598e-04 -6.724033339209012578e-04 9.711057598631719356e-01
2.564102564102563875e+00 -2.559865040578528420e-04 -1.981371550107502248e-04 9.811444759919941694e-01
2.666666666666666519e+00 -1.400711406881482188e-04 -9.358787249363315183e-06 9.880284117847824010e-01
2.769230769230769162e+00 -4.762223533821306819e-05 2.975924936377997510e-05 9.926006718155302444e-01
2.871794871794871806e+00 -6.019270135861538274e-06 1.751932233782678563e-05 9.955457995504867208e-01
2.974358974358974450e+00 5.100730963092590774e-06 9.032500145866417633e-06 9.973874788376444478e-01
3.076923076923076650e+00 -8.219599117801017581e-07 1.628224031031385286e-06 9.985064759314543625e-01
3.179487179487179294e+00 4.335616334181458813e-07 2.780793377071208077e-06 9.991675495791183526e-01
3.282051282051281937e+00 1.780573318807437473e-06 1.327753049543630467e-08 9.995475088555612064e-01
3.384615384615384581e+00 -9.725312725696619989e-07 2.294921553151351640e-06 9.997600802709598611e-01
3.487179487179487225e+00 -2.827326930462001608e-07 6.462230455726242429e-07 9.998758862556909044e-01
3.589743589743589425e+00 6.490694880900274496e-07 -2.213593352937456673e-07 9.999373452502759996e-01
3.692307692307692069e+00 9.984829975291926189e-07 6.373842883562176919e-07 9.999691292042374169e-01
3.794871794871794712e+00 8.180989684867882619e-07 1.344302324242740743e-06 9.999851516140909613e-01
3.897435897435897356e+00 4.809005696508120187e-07 -1.506802350146995760e-06 9.999930269904632185e-01
4.000000000000000000e+00 1.867662991979457688e-06 -3.428527225473025816e-06 9.999968022185995453e-01
