0.000000000000000000e+00 8.104177351789481655e-12 9.344359493966263191e-12 -1.000000000000000000e+00
1.025641025641025605e-01 2.141619826339491439e-01 2.277900784615971008e-01 -9.486587053370054701e-01
2.051282051282051211e-01 4.227487879454667197e-01 4.028711916953309213e-01 -8.041993627685515289e-01
3.076923076923077094e-01 6.144197106710114209e-01 4.869067597907845713e-01 -5.917352388492839177e-01
4.102564102564102422e-01 7.704344283125600379e-01 4.651518037342855516e-01 -3.433420518162161317e-01
5.128205128205127750e-01 8.684607884798283273e-01 3.482148037217777103e-01 -8.913817600736778646e-02
6.153846153846154188e-01 8.899676085014194271e-01 1.673475197741792486e-01 1.484077487441268772e-01
7.179487179487179516e-01 8.278565603387356697e-01 -3.445211467945091810e-02 3.560124621822208235e-01
8.205128205128204844e-01 6.912089954356611665e-01 -2.131822556703630300e-01 5.282598437552351589e-01
9.230769230769230171e-01 5.050265953860457735e-01 -3.344628863978724720e-01 6.651833182494399921e-01
1.025641025641025550e+00 3.044643108811055932e-01 -3.814515248573528972e-01 7.699646998873128645e-01
1.128205128205128194e+00 1.251016025864209458e-01 -3.577174269781375759e-01 8.472884332503888283e-01
1.230769230769230838e+00 -6.970459127415187806e-03 -2.837353499602606743e-01 9.022550694977569119e-01
1.333333333333333259e+00 -8.146696270072047164e-02 -1.882763668463897644e-01 9.398179145994455252e-01
1.435897435897435903e+00 -1.041027811893203425e-01 -9.827967966091601115e-02 9.644297058608645168e-01
1.538461538461538325e+00 -9.129309815000388739e-02 -3.124686424515604743e-02 9.798541102774444012e-01
1.641025641025640969e+00 -6.238346215809860429e-02 7.354217722189214379e-03 9.890821379461492979e-01
1.743589743589743613e+00 -3.295599012617626833e-02 2.175667786170236775e-02 9.943449094157696955e-01
1.846153846153846034e+00 -1.155552598749074594e-02 2.098731946064937362e-02 9.972032009055042945e-01
1.948717948717948678e+00 -3.348402183248229413e-05 1.401278965901148546e-02 9.986803740084098102e-01
2.051282051282051100e+00 3.882686540195756826e-03 6.878721206649658290e-03 9.994063088526713434e-01
2.153846153846153744e+00 3.705618817791346727e-03 2.144285932783111283e-03 9.997455129823562547e-01
2.256410256410256387e+00 2.223872908411755975e-03 -4.547757736160940728e-05 9.998961245188476843e-01
2.358974358974359031e+00 9.266906535010261672e-04 -6.026140885671168708e-04 9.999596416670286647e-01
2.461538461538461675e+00 2.157143983594702902e-04 -4.792661770265942318e-04 9.999850791429746311e-01
2.564102564102563875e+00 -3.716425327641542349e-05 -2.364142652045648824e-04 9.999947524629626550e-01
2.666666666666666519e+00 -6.888677043792206846e-05 -7.514712677046461319e-05 9.999982451619233714e-01
2.769230769230769162e+00 -4.308815662343367590e-05 -1.092377139628095185e-05 9.999994418080666581e-01
2.871794871794871806e+00 -1.576951771978332502e-05 3.488591292037106933e-06 9.999998312523672439e-01
2.974358974358974450e+00 -3.494659574832708638e-06 7.968749236194443955e-06 9.999999514649406951e-01
3.076923076923076650e+00 -2.836432553343869428e-06 1.912894387715760208e-06 9.999999867366641260e-01
3.179487179487179294e+00 2.079065985248234747e-07 2.609260239475296047e-06 9.999999965534605018e-01
3.282051282051281937e+00 9.126685424376570379e-07 1.806871915981461196e-07 9.999999991528437659e-01
3.384615384615384581e+00 -2.899522489194285312e-06 -1.162027398251349319e-06 9.999999998015065561e-01
3.487179487179487225e+00 -1.320675921560728312e-06 5.228261698518836437e-07 9.999999999616823176e-01
3.589743589743589425e+00 -6.449428620983280405e-07 -1.243152716965243400e-06 9.999999999974841236e-01
3.692307692307692069e+00 1.492107388781446537e-06 1.179344468009043168e-06 1.000000000003489653e+00
3.794871794871794712e+00 1.139684527688355468e-06 2.206635683648591050e-06 1.000000000007620349e+00
3.897435897435897356e+00 1.901404805845273745e-06 -7.806738785479018860e-08 1.000000000009267920e+00
4.000000000000000000e+00 4.201306976824540001e-07 9.799066194255672549e-09 1.000000000011072476e+00
