1.000000000000000056e-01 9.756276112082276075e-01 6.071460574000016666e-03 1.826775841986127275e-02 3.316979790967604196e-05 -4.364470613020218076e-02 6.339261947678724585e-02 -1.545169691716723930e-03 1.334921044940085844e-01 8.742938969643784114e-03 -5.871370645348833288e-03 -4.155659139912407747e-04 1.693933099572225904e-04 -7.622281749342496972e-04 -1.579432381775883990e-04 1.218646882509128370e-03 -5.556642017678951710e-03
2.000000000000000111e-01 9.060052066881821853e-01 2.317391134369264569e-02 7.029887228641272523e-02 5.220096817136628785e-04 -8.624250945242392663e-02 1.164384554102472213e-01 -1.165282579535668883e-02 2.521018761607990433e-01 3.350899286673194449e-02 -2.249993846621361690e-02 -3.230987093163798125e-03 1.287528078861113409e-03 -5.922022562284652743e-03 -1.275280690353074566e-03 5.554981702254484233e-03 -2.102583334454471292e-02
2.999999999999999889e-01 8.007958889475146336e-01 4.825033024078390770e-02 1.483826224388950510e-01 2.571158372805752452e-03 -1.258881766477426833e-01 1.509663309108635609e-01 -3.572058895476848406e-02 3.428530786595352375e-01 7.025019973653505445e-02 -4.716375696423764918e-02 -1.040013938643272878e-02 3.987021610054832486e-03 -1.903934713515698096e-02 -4.361018491071936946e-03 1.465997337827258315e-02 -4.294249911044371870e-02
4.000000000000000222e-01 6.736349396821351698e-01 7.704674421967057374e-02 2.414972699853006333e-01 7.821046112894906865e-03 -1.595097190062031711e-01 1.626592402164828421e-01 -7.387547391380855366e-02 3.965140769754026961e-01 1.132372002948602435e-01 -7.605205362346420528e-02 -2.307753342154128876e-02 8.367412521403086792e-03 -4.217691754440116431e-02 -1.048183736287796979e-02 3.011228992950842898e-02 -6.604377278885181779e-02
5.000000000000000000e-01 5.392608185316054570e-01 1.050760880371039707e-01 3.374773573966382556e-01 1.818573603465396468e-02 -1.833365748056308142e-01 1.518259450434713276e-01 -1.207940839239110276e-01 4.091419133603740876e-01 1.562589536632428833e-01 -1.050901513796529407e-01 -4.143103436552672547e-02 1.394114037616921847e-02 -7.555521697717414165e-02 -2.070466939300988005e-02 5.214504285509263121e-02 -8.418877249247486150e-02
5.999999999999999778e-01 4.107594702149754973e-01 1.285314705379341227e-01 4.251614059515221866e-01 3.554765329556937303e-02 -1.940260410530588175e-01 1.230829563234629026e-01 -1.673622034362172994e-01 3.829216195495471209e-01 1.937965074507903840e-01 -1.307269460409040962e-01 -6.464683422044638361e-02 1.974282093842668478e-02 -1.175529177278323706e-01 -3.598335445551351097e-02 7.868239969585334725e-02 -9.170940629680927880e-02
6.999999999999999556e-01 2.976605335033782884e-01 1.448873071186723427e-01 4.959856858491729081e-01 6.146647352877760567e-02 -1.899308442013785403e-01 8.398516267664110635e-02 -2.036220876598203722e-01 3.258426142431630756e-01 2.218636753727215027e-01 -1.504610910896323206e-01 -9.111798551195030016e-02 2.456062979463471962e-02 -1.650330232685584264e-01 -5.701396546470965249e-02 1.052085771987855134e-01 -8.501351999019302053e-02
7.999999999999999334e-01 2.051700097499809528e-01 1.531124222279177660e-01 5.447867772423987676e-01 9.693079077970123691e-02 -1.719425482849037123e-01 4.300973429076178356e-02 -2.219165855291838352e-01 2.500538691120098300e-01 2.383957273114021003e-01 -1.630371130967212256e-01 -1.187506181561275298e-01 2.719556658744372996e-02 -2.138528421610684793e-01 -8.410454817560440721e-02 1.257155331831277811e-01 -6.389754267409959720e-02
8.999999999999999112e-01 1.344884451295940142e-01 1.535077141461498873e-01 5.697887825821397190e-01 1.422150581421243454e-01 -1.434882944333778776e-01 7.491538628669094056e-03 -2.190844840625730816e-01 1.692099177624549200e-01 2.431710884682443952e-01 -1.683294248833483719e-01 -1.453215773608967365e-01 2.669733399896223602e-02 -2.594785106518004425e-01 -1.170617247095679797e-01 1.345335722944960843e-01 -3.204683987979146248e-02
9.999999999999998890e-01 8.381304921801233099e-02 1.473152860510934248e-01 5.720582251705302879e-01 1.968134395603620135e-01 -1.096663034514201024e-01 -1.789539617182194300e-02 -1.970330191028995814e-01 9.551928366569184536e-02 2.374156247428052535e-01 -1.670531118874398480e-01 -1.687822857005389088e-01 2.249818099570768601e-02 -2.975247453692574373e-01 -1.551379153284500600e-01 1.283800461259188841e-01 3.754760053661991732e-03
1.099999999999999867e+00 4.964494910690060020e-02 1.362591223925194994e-01 5.546080284515090275e-01 2.594879000490679100e-01 -7.588981128568200729e-02 -3.170668285521954788e-02 -1.616640945886942127e-01 3.739261781157560138e-02 2.232465125893298152e-01 -1.604100926480781231e-01 -1.874786395362560143e-01 1.446904361249705742e-02 -3.241979863400026307e-01 -1.970018737211597926e-01 1.077834915163312784e-01 3.556659338567865619e-02
1.199999999999999956e+00 2.793967655158946517e-02 1.221368644869438441e-01 5.215231990426975051e-01 3.284002599187664795e-01 -4.655145540299564233e-02 -3.529060059713357705e-02 -1.207002723945056616e-01 -1.622882250730272886e-03 2.031535985284979584e-01 -1.497525414612931594e-01 -2.002535119649001549e-01 2.882526157017883776e-03 -3.366214400333005230e-01 -2.407371184350089455e-01 7.715785513661235773e-02 5.676321369583722798e-02
1.300000000000000044e+00 1.493685329695652007e-02 1.065503184398866321e-01 4.772180810337063317e-01 4.012947472294532969e-01 -2.419484483637479588e-02 -3.171964626369910834e-02 -8.137909143820266922e-02 -2.248510509053583753e-02 1.795675444590965064e-01 -1.363936782003779269e-01 -2.064522345668069747e-01 -1.164293360054663960e-02 -3.330266751738784614e-01 -2.838984727503431338e-01 4.341394849983004622e-02 6.410389875853426955e-02
1.399999999999999911e+00 7.581745821805149083e-03 9.075715919455774883e-02 4.259356443118964552e-01 4.757254506717457088e-01 -9.360946198644422289e-03 -2.450449759283055556e-02 -4.874458639914464042e-02 -2.921131812014033519e-02 1.545955438945553484e-01 -1.214780921198981706e-01 -2.058625141513528156e-01 -2.821552239593452804e-02 -3.128993873994399544e-01 -3.236084048164125093e-01 1.361502179655163861e-02 5.849325275527373497e-02
1.500000000000000000e+00 3.652048882434398742e-03 7.565961550412826642e-02 3.713981815538144882e-01 5.492901540596217824e-01 -1.053850709725432343e-03 -1.658921386766894560e-02 -2.504095061038952644e-02 -2.700583503875848140e-02 1.298983133178714944e-01 -1.059541022995781345e-01 -1.986633665793791914e-01 -4.573782432381139768e-02 -2.770292447890578824e-01 -3.567354227594481952e-01 -7.261377568296357304e-03 4.419623179617705039e-02
1.599999999999999867e+00 1.669128908373239233e-03 6.182622873841243233e-02 3.167308770819642350e-01 6.197737652712509426e-01 2.526357466801651061e-03 -9.839383466709093404e-03 -1.005349350036317466e-02 -2.067829654810298540e-02 1.066801756186283173e-01 -9.056277253308547825e-02 -1.853391758677168100e-01 -6.298939912614801018e-02 -2.275332250530978651e-01 -3.801711715940319647e-01 -1.759786876461623059e-02 2.692206038040486846e-02
1.699999999999999956e+00 7.231315422232279183e-04 4.957162732025327534e-02 2.643299704962082108e-01 6.853752706413123175e-01 3.271862303426933700e-03 -5.014152674916163774e-03 -2.019134955328711657e-03 -1.367729675757950805e-02 8.570185995232670884e-02 -7.588450419097630961e-02 -1.666871521056183802e-01 -7.868011683868668393e-02 -1.677329909389195239e-01 -3.911916011097644752e-01 -1.896027156474591052e-02 1.166724473804699527e-02
1.800000000000000044e+00 2.968896351133531271e-04 3.901735361324879664e-02 2.159510758364723837e-01 7.447346809151692559e-01 2.699048948231090768e-03 -2.073399013209333442e-03 1.349839626467715190e-03 -7.892501081975896240e-03 6.739065140452202285e-02 -6.232447017242611492e-02 -1.437548378232497703e-01 -9.160853111331263010e-02 -1.019617845293168401e-01 -3.878531295061799500e-01 -1.481244415732387368e-02 1.302118309255234163e-03
1.899999999999999911e+00 1.154365564099576428e-04 3.014992087748217045e-02 1.727361795137669909e-01 7.969984630523442304e-01 1.778075884077283441e-03 -5.646680844952633744e-04 2.120017013724139962e-03 -3.930089350599992939e-03 5.187910930553955857e-02 -5.016512886122414389e-02 -1.178425468316005864e-01 -1.007103506525783843e-01 -3.520469119962384152e-02 -3.693658067727876859e-01 -8.835873943484187643e-03 -3.732305887220427332e-03
2.000000000000000000e+00 4.248075111097324998e-05 2.286941870611319816e-02 1.352662042451608926e-01 8.418218962976150577e-01 9.844912755501838975e-04 4.782992502990160742e-05 1.765931497787741463e-03 -1.621018137095830893e-03 3.910029297966212403e-02 -3.955536050513770718e-02 -9.043451200910815335e-02 -1.052310621129792789e-01 2.739189347760563956e-02 -3.363327766431057908e-01 -3.672973837461521954e-03 -4.719164083622408128e-03
2.099999999999999645e+00 1.479559184399737749e-05 1.702407358748020058e-02 1.036912768876701724e-01 8.792698539330063845e-01 4.597338385131949519e-04 2.013120415084371901e-04 1.140267066975691199e-03 -4.837021452351528681e-04 2.884936691921084068e-02 -3.054442589524580115e-02 -6.311837641188913772e-02 -1.048085170389206622e-01 8.108463446312282052e-02 -2.908571744371712398e-01 -4.651310481041516596e-04 -3.576729508919308017e-03
2.199999999999999734e+00 4.871919476565091067e-06 1.243253692164321064e-02 7.779204529835291593e-02 9.097705458605248596e-01 1.742220952515532268e-04 1.738315334252589842e-04 6.147835875606610804e-04 -3.225400872668868305e-05 2.083396886534992845e-02 -2.308891970794486187e-02 -3.745891285634573437e-02 -9.953685610514695359e-02 1.220813309574852179e-01 -2.363663683557220840e-01 8.667958660558487379e-04 -1.918598566849300446e-03
2.299999999999999822e+00 1.513728785595807133e-06 8.904678681737986448e-03 5.710756813599419945e-02 9.339862394534791390e-01 4.612466269744990873e-05 1.065465622332387044e-04 2.806394420011522122e-04 8.768900574310399738e-05 1.472306074670980125e-02 -1.708086717920280148e-02 -1.485086401227696078e-02 -8.997943730908589122e-02 1.480431464272109476e-01 -1.772594412851048185e-01 9.997003971856832823e-04 -6.437705919310622148e-04
2.399999999999999911e+00 4.440252090879569313e-07 6.251438451594641676e-03 4.101163944363970387e-02 9.527364780795555266e-01 1.266974347675494708e-06 5.267191000939778345e-05 1.062079442332386167e-04 8.325259997171565536e-05 1.017826901467711390e-02 -1.236060588698097325e-02 3.616768861607154786e-03 -7.709015757032168514e-02 1.583145247192588867e-01 -1.183629848355655378e-01 6.502603817078561306e-04 1.485036853887625405e-05
2.500000000000000000e+00 1.229383829692275297e-07 4.300407158966582967e-03 2.880517696755092658e-02 9.668942929350966553e-01 -8.220699927046935121e-06 2.147540065896353290e-05 3.053015300580886991e-05 5.108578311019410569e-05 6.881242987278256631e-03 -8.747713026805874204e-03 1.727554700937531870e-02 -6.212563539144714403e-02 1.540166886993672990e-01 -6.426834929319748257e-02 2.772196847014800737e-04 2.050302867801728312e-04
2.600000000000000089e+00 3.190323027808754567e-08 2.897742588419180160e-03 1.978059956510755737e-02 9.773216259432430109e-01 -6.621672888614932759e-06 6.973635009726717710e-06 4.169770426784632406e-06 2.477674161164397008e-05 4.548911072425285487e-03 -6.051982545486402597e-03 2.594461237730586248e-02 -4.646400229513062557e-02 1.377689911361166530e-01 -1.875400421549381844e-02 5.253087425003732708e-05 1.686138525299244698e-04
2.699999999999999734e+00 7.774900269828701097e-09 1.911501279062591523e-03 1.327866886009621515e-02 9.848098220859435870e-01 -3.540241164034076806e-06 1.546294969984917825e-06 -2.132426304066692228e-06 9.956327730311734676e-06 2.938740744854111131e-03 -4.092187043400583209e-03 2.990722890562726166e-02 -3.143283062601485989e-02 1.132715010979422621e-01 1.570128850788513400e-02 -2.996272417868857564e-05 8.240938598986999330e-05
2.799999999999999822e+00 1.711777248993729211e-09 1.233975384734769870e-03 8.709993528292159226e-03 9.900560293752037611e-01 -1.459134014100594552e-06 1.248653268562320507e-08 -2.166026120314467316e-06 3.215263748850303921e-06 1.854903436028715281e-03 -2.703192655561579075e-03 2.986940976816298762e-02 -1.815277006476910190e-02 8.466563502424412357e-02 3.814592612122946064e-02 -3.513709961138606724e-05 2.176857819931785044e-05
2.899999999999999911e+00 3.772967180113544602e-10 7.795665289793789459e-04 5.580968736134645815e-03 9.936394643575952035e-01 -5.017728536720760673e-07 -2.068022216457363967e-07 -1.199041060979444475e-06 8.192593428037329810e-07 1.143782551228882073e-03 -1.744275715778405289e-03 2.682991416555026085e-02 -7.400251817891386613e-03 5.592296194808757392e-02 4.917410943960379144e-02 -1.923583788188108643e-05 -2.356831423969119818e-06
3.000000000000000000e+00 6.246835732233335658e-11 4.814684300282543578e-04 3.492053077848190305e-03 9.960264784296591900e-01 -1.424567505460619805e-07 -1.355717311453843859e-07 -5.131458492265070816e-07 1.312013340517240722e-07 6.886035334466707137e-04 -1.098698485868150132e-03 2.189433856363463826e-02 4.395124415411169041e-04 3.031066704801100090e-02 5.059091440864740830e-02 -6.355189895528658702e-06 -6.297043270843438631e-06
