# Im[hbar K(hbar Omega)] (meV)
0.000000000000000000e+00
-2.829117417987325658e-03
-5.652057199488687116e-03
-8.462655677069925650e-03
-1.125477708669186949e-02
-1.402232743270803716e-02
-1.675926824902374337e-02
-1.945963022213908697e-02
-2.211752664208708682e-02
-2.472716664763931205e-02
-2.728286823258662189e-02
-2.977907098041206874e-02
-3.221034849525730714e-02
-3.457142049774405285e-02
-3.685716455494858490e-02
-3.906262741464088667e-02
-4.118303591479109682e-02
-4.321380744031517313e-02
-4.515055990007867809e-02
-4.698912119830399997e-02
-4.872553817572897183e-02
-5.035608499714721437e-02
-5.187727096331787996e-02
-5.328584772666637021e-02
-5.457881589170554548e-02
-5.575343098268659148e-02
-5.680720876263824215e-02
-5.773792988966947731e-02
-5.854364389819121522e-02
-5.922267249455088339e-02
-5.977361215847042802e-02
-6.019533604362248963e-02
-6.048699517267088627e-02
-6.064801892413223400e-02
-6.067811481047846039e-02
-6.057726759149383716e-02
-6.034573747813046923e-02
-5.998405803712288098e-02
-5.949303301983242115e-02
-5.887373269760731026e-02
-5.812748949314645863e-02
-5.725589295812281987e-02
-5.626078411331345008e-02
-5.514424916950372985e-02
-5.390861264940603748e-02
-5.255642993274885905e-02
-5.109047924854318717e-02
-4.951375314030945912e-02
-4.782944943174221447e-02
-4.604096172189185016e-02
-4.415186944044715428e-02
-4.216592749509901622e-02
-4.008705554424891321e-02
-3.791932692948881550e-02
-3.566695730331484460e-02
-3.333429298844124700e-02
-3.092579910584735553e-02
-2.844604750931570974e-02
-2.589970456469924825e-02
-2.329151881248758479e-02
-2.062630855242439040e-02
-1.790894938895870592e-02
-1.514436177619132677e-02
-1.233749860070515979e-02
-9.493332840244634446e-03
-6.616845335637317957e-03
-3.713012712633088734e-03
-7.867954894754987253e-04
2.156873594978720061e-03
5.113100998908303059e-03
8.077043508520318632e-03
1.104391905134447308e-02
1.400901716228196425e-02
1.696770907446412679e-02
1.991545740867759623e-02
2.284782543690383125e-02
2.576048589739380126e-02
2.864922934064247431e-02
3.150997198763417356e-02
3.433876308378830400e-02
3.713179173413470174e-02
3.988539320737966715e-02
4.259605469867620842e-02
4.526042054307517076e-02
4.787529687379775412e-02
5.043765572162263455e-02
5.294463855381521117e-02
5.539355925312908907e-02
5.778190653947439664e-02
6.010734583886205573e-02
6.236772060619146657e-02
6.456105311033981387e-02
6.668554469182955136e-02
6.873957550508731640e-02
7.072170375895503458e-02
7.263066447066965359e-02
7.446536774998153974e-02
7.622489663143153238e-02
7.790850447404783219e-02
7.951561194885203854e-02
8.104580363557645217e-02
8.249882425089016813e-02
8.387457453120830686e-02
8.517310679381347172e-02
8.639462020055782565e-02
8.753945574882755765e-02
8.860809101475403127e-02
8.960113467383448715e-02
9.051932082419722470e-02
9.136350313770044695e-02
9.213464886390559938e-02
9.283383271171195827e-02
9.346223063308579937e-02
9.402111353287226359e-02
9.451184003045356996e-02
9.493585457989306420e-02
9.529467211928158155e-02
9.558988068968532481e-02
9.582313062519927371e-02
9.599612918516746418e-02
9.611063436346362066e-02
9.616844879022849735e-02
9.617141374274514043e-02
9.612140328107318665e-02
9.602031852297439329e-02
9.587008207155710282e-02
9.567263260794560409e-02
9.542991966015353100e-02
9.514389855820998276e-02
9.481652558446308776e-02
9.444975332686755820e-02
9.404552624196245436e-02
9.360577643316000951e-02
9.313241964890817126e-02
9.262735150425549513e-02
9.209244392834518844e-02
9.152954183939848720e-02
9.094046004781668191e-02
9.032698038714127853e-02
8.969084907176434751e-02
8.903377427947752054e-02
8.835742395619043676e-02
8.766342383944079886e-02
8.695335569665467446e-02
8.622875577350400111e-02
8.549111344714563354e-02
8.474187007861094800e-02
8.398241805815309657e-02
8.321410003694175439e-02
8.243820833813027271e-02
8.165598454000155826e-02
8.086861922362512112e-02
8.007725187723457871e-02
7.928297094934931566e-02
7.848681404252837168e-02
7.768976823954355793e-02
7.689277055370301317e-02
7.609670849503424872e-02
7.530242074405170405e-02
7.451069792488340671e-02
7.372228346961184897e-02
7.293787456579643724e-02
7.215812317928271824e-02
7.138363714456974485e-02
7.061498131519393373e-02
6.985267876679916721e-02
6.909721204579041820e-02
6.834902445671729720e-02
6.760852138179267168e-02
6.687607162622960510e-02
6.615200878336371937e-02
6.543663261382444418e-02
6.473021043332150004e-02
6.403297850392054846e-02
6.334514342399354125e-02
6.266688351234318832e-02
6.199835018231467793e-02
6.133966930202051915e-02
6.069094253711298376e-02
6.005224867284492118e-02
5.942364491245991087e-02
5.880516814924428848e-02
5.819683620986001310e-02
5.759864906685337183e-02
5.701059001850087432e-02
5.643262683440977701e-02
5.586471286553555682e-02
5.530678811751096879e-02
5.475878028640319278e-02
5.422060575622232592e-02
5.369217055770048042e-02
5.317337128804203172e-02
5.266409599151634230e-02
5.216422500091855846e-02
5.167363174006806004e-02
5.119218348764541932e-02
5.071974207498428089e-02
5.025616468514108870e-02
4.980130433683958163e-02
4.935501061015771379e-02
4.891713019744179519e-02
4.848750744730462997e-02
4.806598487474749576e-02
4.765240363834846726e-02
4.724660398549818119e-02
4.684842566669532304e-02
4.645770831993766004e-02
4.607429182626394254e-02
4.569801663751456300e-02
4.532872407738695875e-02
4.496625661686673436e-02
4.461045812511482689e-02
4.426117409688949678e-02
4.391825185757562006e-02
4.358154074688556229e-02
4.325089228228761601e-02
4.292616030320382109e-02
4.260720109700794761e-02
4.229387350783806593e-02
4.198603902922343201e-02
4.168356188150776354e-02
4.138630907503314943e-02
4.109415046002969779e-02
4.080695876413573120e-02
4.052460961845295168e-02
4.024698157301744017e-02
3.997395610254497744e-02
3.970541760328426956e-02
3.944125338178561258e-02
3.918135363636565671e-02
3.892561143202007135e-02
3.867392266950640117e-02
3.842618604928796366e-02
3.818230303099708761e-02
3.794217778904201976e-02
3.770571716494702796e-02
3.747283061697887635e-02
3.724343016757523245e-02
3.701743034905363022e-02
3.679474814803971455e-02
3.657530294901577966e-02
3.635901647735045178e-02
3.614581274213181372e-02
3.593561797908774447e-02
3.572836059383888846e-02
3.552397110569310845e-02
3.532238209215390196e-02
3.512352813428215592e-02
3.492734576301699534e-02
3.473377340653228951e-02
3.454275133867686087e-02
3.435422162852114908e-02
3.416812809101084369e-02
3.398441623870767508e-02
3.380303323458114240e-02
3.362392784580098964e-02
3.344705039846992967e-02
3.327235273322823317e-02
3.309978816165700527e-02
3.292931142340594503e-02
3.276087864397167482e-02
3.259444729305645272e-02
3.242997614344349938e-02
3.226742523033194338e-02
3.210675581108556054e-02
3.194793032535903771e-02
3.179091235557895967e-02
3.163566658776938156e-02
3.148215877272471375e-02
3.133035568754726635e-02
3.118022509757927690e-02
3.103173571877198417e-02
3.088485718054677018e-02
3.073955998921307914e-02
3.059581549201809830e-02
3.045359584190923674e-02
3.031287396309814350e-02
3.017362351751675872e-02
3.003581887225888897e-02
2.989943506809963208e-02
2.976444778918291637e-02
2.963083333396227328e-02
2.949856858747337135e-02
2.936763099500862978e-02
2.923799853725312856e-02
2.910964970693048076e-02
2.898256348699257759e-02
2.885671933037434536e-02
2.873209714131928078e-02
2.860867725826560237e-02
2.848644043826832964e-02
2.836536784291604149e-02
2.824544102568728871e-02
2.812664192067616115e-02
2.800895283260435714e-02
2.789235642802408502e-02
2.777683572760656500e-02
2.766237409940149744e-02
2.754895525294590031e-02
2.743656323409595157e-02
2.732518242045268650e-02
2.721479751725097360e-02
2.710539355358316041e-02
2.699695587883201020e-02
2.688947015919248076e-02
2.678292237417016081e-02
2.667729881295217639e-02
2.657258607055772853e-02
2.646877104368700745e-02
2.636584092620036790e-02
2.626378320417379134e-02
2.616258565049049342e-02
2.606223631894427628e-02
2.596272353784397080e-02
2.586403590312372214e-02
2.576616227097734690e-02
2.566909175004850746e-02
2.557281369322009570e-02
2.547731768905799402e-02
2.538259355297301997e-02
2.528863131817306667e-02
2.519542122648396609e-02
2.510295371912131535e-02
2.501121942749835042e-02
2.492020916415578838e-02
2.482991391389760202e-02
2.474032482521503276e-02
2.465143320207449640e-02
2.456323049614070331e-02
2.447570829949780383e-02
2.438885833792184613e-02
2.430267246474962159e-02
2.421714265537615665e-02
2.413226100240435310e-02
2.404801971145617209e-02
2.396441109764493177e-02
2.388142758269663421e-02
2.379906169269621966e-02
2.371730605642522957e-02
2.363615340424771866e-02
2.355559656749232553e-02
2.347562847827099758e-02
2.339624216966982445e-02
2.331743077624159194e-02
2.323918753472717022e-02
2.316150578493164636e-02
2.308437897068007713e-02
2.300780064078044099e-02
2.293176444992303317e-02
2.285626415945126583e-02
2.278129363794310566e-02
2.270684686154963300e-02
2.263291791404523079e-02
2.255950098655180175e-02
2.248659037690822413e-02
2.241418048866659213e-02
2.234226582970515185e-02
2.227084101045858147e-02
2.219990074177460859e-02
2.212943983241551227e-02
2.205945318623094703e-02
2.198993579903652310e-02
2.192088275523841612e-02
2.185228922425072259e-02
2.178415045675630851e-02
2.171646178086463277e-02
2.164921859822328126e-02
2.158241638013900371e-02
2.151605066376450701e-02
2.145011704840544750e-02
2.138461119199839416e-02
2.131952880780669732e-02
2.125486566137670119e-02
2.119061756778982397e-02
2.112678038924023852e-02
2.106335003296019512e-02
2.100032244950769678e-02
2.093769363142355261e-02
2.087545961225690042e-02
2.081361646595029230e-02
2.075216030656930680e-02
2.069108728835296340e-02
2.063039360605689251e-02
2.057007549555370587e-02
2.051012923465246954e-02
2.045055114409312716e-02
2.039133758867139185e-02
2.033248497844560715e-02
2.027398976997843091e-02
2.021584846756535256e-02
2.015805762440420895e-02
2.010061384366198037e-02
2.004351377939911708e-02
1.998675413731512696e-02
1.993033167528469873e-02
1.987424320365930100e-02
1.981848558531460955e-02
1.976305573543104752e-02
1.970795062100133901e-02
1.965316726006507975e-02
1.959870272067714206e-02
1.954455411962309486e-02
1.949071862090015136e-02
1.943719343398812513e-02
1.938397581193854885e-02
1.933106304931571373e-02
1.927845248002445916e-02
1.922614147506355314e-02
1.917412744024402094e-02
1.912240781391243497e-02
1.907098006471890164e-02
1.901984168946757245e-02
1.896899021108637215e-02
1.891842317674822735e-02
1.886813815617385814e-02
1.881813274014051962e-02
1.876840453921764171e-02
1.871895118274337008e-02
1.866977031805266279e-02
1.862085960995955511e-02
1.857221674049292989e-02
1.852383940887760913e-02
1.847572533174842574e-02
1.842787224357959538e-02
1.838027789730729833e-02
1.833294006511957536e-02
1.828585653938373870e-02
1.823902513367981273e-02
1.819244368390595182e-02
1.814611004942140449e-02
1.810002211419127136e-02
1.805417778789917063e-02
1.800857500699460864e-02
1.796321173564324400e-02
1.791808596655272354e-02
1.787319572164810730e-02
1.782853905257639898e-02
1.778411404102299073e-02
1.773991879882799369e-02
1.769595146789506440e-02
1.765221021989039560e-02
1.760869325573444916e-02
1.756539880489363728e-02
1.752232512448474722e-02
1.747947049820703855e-02
1.743683323512369709e-02
1.739441166831499908e-02
1.735220415343003558e-02
1.731020906716523866e-02
1.726842480569936236e-02
1.722684978311597032e-02
1.718548242984333299e-02
1.714432119114280006e-02
1.710336452567294899e-02
1.706261090415748388e-02
1.702205880817983866e-02
1.698170672912645285e-02
1.694155316729534927e-02
1.690159663118399186e-02
1.686183563696567328e-02
1.682226870815961214e-02
1.678289437549480845e-02
1.674371117696484002e-02
1.670471765806418735e-02
1.666591237219563690e-02
1.662729388123132535e-02
1.658886075620992495e-02
1.655061157814677678e-02
1.651254493893338296e-02
1.647465944230024765e-02
1.643695370481599097e-02
1.639942635689485909e-02
1.636207604378592945e-02
1.632490142651634932e-02
1.628790118276454355e-02
1.625107400763922683e-02
1.621441861434350443e-02
1.617793373470656493e-02
1.614161811956789372e-02
1.610547053900295705e-02
1.606948978238351144e-02
1.603367465826878793e-02
1.599802398507612841e-02
1.596253662471240620e-02
1.592721143404715947e-02
1.589204729402966462e-02
1.585704310187614416e-02
1.582219777009202105e-02
1.578751022540442195e-02
1.575297940762710944e-02
1.571860426848222664e-02
1.568438377040235962e-02
1.565031688533866094e-02
1.561640259359911402e-02
1.558263988274072483e-02
1.554902774653748980e-02
1.551556518404517693e-02
1.548225119877997234e-02
1.544908479802652515e-02
1.541606499228824652e-02
1.538319079488666662e-02
1.535046122171759148e-02
1.531787529116324792e-02
1.528543202416083116e-02
1.525313044441973381e-02
1.522096957878042028e-02
1.518894845770184243e-02
1.515706611586308677e-02
1.512532159286184182e-02
1.509371393399032424e-02
1.506224219106785944e-02
1.503090542330787552e-02
1.499970269819706631e-02
1.496863309236368643e-02
1.493769569241327685e-02
1.490688959571010927e-02
1.487621391108524468e-02
1.484566775945269333e-02
1.481525027431866356e-02
1.478496060217091880e-02
1.475479790273785327e-02
1.472476134911102422e-02
1.469485012772706392e-02
1.466506343820871659e-02
1.463540049306817810e-02
1.460586051727837814e-02
1.457644274772230096e-02
1.454714643253101833e-02
1.451797083032606815e-02
1.448891520938186232e-02
1.445997884672706874e-02
1.443116102720406677e-02
1.440246104250720444e-02
1.437387819022039465e-02
1.434541177287494175e-02
1.431706109704757382e-02
1.428882547251754398e-02
1.426070421150023651e-02
1.423269662797331525e-02
1.420480203710792165e-02
1.417701975481695104e-02
1.414934909742725060e-02
1.412178950120824075e-02
1.409434004380644492e-02
1.406700016137403531e-02
1.403976917122425581e-02
1.401264639138847558e-02
1.398563114103824889e-02
1.395872274100660136e-02
1.393192051439313961e-02
1.390522378723777625e-02
1.387863188924552682e-02
1.385214415454320835e-02
1.382575992245016136e-02
1.379947853824230186e-02
1.377329935389164615e-02
1.374722172876229401e-02
1.372124491241258001e-02
1.369536851722536266e-02
1.366959180974536975e-02
1.364391418443856169e-02
1.361833504545778561e-02
1.359285380678519617e-02
1.356746989225444087e-02
1.354218273545192315e-02
1.351699177949860012e-02
1.349189647671756795e-02
1.346689628819455406e-02
1.344199068324117285e-02
1.341717912410274154e-02
1.339246112398376036e-02
1.336783615820216764e-02
1.334330372212132361e-02
1.331886331567031304e-02
1.329451444253170779e-02
1.327025660934376405e-02
1.324608932493477609e-02
1.322201209960630931e-02
1.319802444448057131e-02
1.317412587092610041e-02
1.315031589007356790e-02
1.312659401243181090e-02
1.310295974761152733e-02
1.307941260416147292e-02
1.305595208951987503e-02
1.303257771008062456e-02
1.300928897137135741e-02
1.298608537833755884e-02
1.296296643572584714e-02
1.293993164855467524e-02
1.291698052266222925e-02
1.289411256531570842e-02
1.287132728586869168e-02
1.284862419644917410e-02
1.282600281266158861e-02
1.280346265428640440e-02
1.278100324595968923e-02
1.275862411781658427e-02
1.273632480608316055e-02
1.271410485360249636e-02
1.269196381028210585e-02
1.266990123345250289e-02
1.264791668812767327e-02
1.262600974716101068e-02
1.260417999129372600e-02
1.258242700909297657e-02
1.256075039678160137e-02
1.253914975796274409e-02
1.251762470324565245e-02
1.249617484977974882e-02
1.247479982070901459e-02
1.245349924455673059e-02
1.243227275455554767e-02
1.241111998293558359e-02
1.239004057981823829e-02
1.236903418361728034e-02
1.234810043913062150e-02
1.232723899222584220e-02
1.230644948916559053e-02
1.228573157598700921e-02
1.226508490504873462e-02
1.224450910634056200e-02
1.222400382909904354e-02
1.220356871374212414e-02
1.218320339855925340e-02
1.216290751962494782e-02
1.214268071081757439e-02
1.212252260394323759e-02
1.210243282895942171e-02
1.208241101429366124e-02
1.206245678724895617e-02
1.204256977448565046e-02
1.202274960256872159e-02
1.200299589856770183e-02
1.198330829069471290e-02
1.196368640896672102e-02
1.194412988587637003e-02
1.192463835705643432e-02
1.190521146192324506e-02
1.188584884428440895e-02
1.186655015289787493e-02
1.184731504197021612e-02
1.182814317158292425e-02
1.180903420803887209e-02
1.178998782412038308e-02
1.177100369925545252e-02
1.175208151958792233e-02
1.173322097795132662e-02
1.171442177374787917e-02
1.169568361273574768e-02
1.167700620673036219e-02
1.165838927322639280e-02
1.163983253495018237e-02
1.162133571935239883e-02
1.160289855805219685e-02
1.158452078624606571e-02
1.156620214209365047e-02
1.154794236609409282e-02
1.152974120046624737e-02
1.151159838854554605e-02
1.149351367421016894e-02
1.147548680134754043e-02
1.145751751337185410e-02
1.143960555280145418e-02
1.142175066090386250e-02
1.140395257741314353e-02
1.138621104032523819e-02
1.136852578577180611e-02
1.135089654797398658e-02
1.133332305927353158e-02
1.131580505023904552e-02
1.129834224984097545e-02
1.128093438569027773e-02
1.126358118433183446e-02
1.124628237158421286e-02
1.122903767291572041e-02
1.121184681625895553e-02
1.119470952268037528e-02
1.117762551935704528e-02
1.116059453900526514e-02
1.114361630920531789e-02
1.112669056193085412e-02
1.110981703157396666e-02
1.109299545524299567e-02
1.107622557301154477e-02
1.105950712811574685e-02
1.104283986709528147e-02
1.102622353987770323e-02
1.100965789980494491e-02
1.099314270360496164e-02
1.097667771131023706e-02
1.096026268612892290e-02
1.094389739427351765e-02
1.092758160475418641e-02
1.091131508914494966e-02
1.089509762133006668e-02
1.087892897724097689e-02
1.086280893459114737e-02
1.084673727261913946e-02
1.083071377184761756e-02
1.081473821386696663e-02
1.079881038115005146e-02
1.078293005690529952e-02
1.076709702497215954e-02
1.075131106976331269e-02
1.073557197625594692e-02
1.071987953003228182e-02
1.070423351736938741e-02
1.068863372537501820e-02
1.067307994216647876e-02
1.065757195708656908e-02
1.064210956095071325e-02
1.062669254631655978e-02
1.061132070776906258e-02
1.059599384220964724e-02
1.058071174914128852e-02
1.056547423093880285e-02
1.055028109309440534e-02
1.053513214442885516e-02
1.052002719725913388e-02
1.050496606751488357e-02
1.048994857479559027e-02
1.047497454236373526e-02
1.046004379706933114e-02
1.044515616920247726e-02
1.043031149227453130e-02
1.041550960272801495e-02
1.040075033957825121e-02
1.038603354399204697e-02
1.037135905880971418e-02
1.035672672801915897e-02
1.034213639619145989e-02
1.032758790789026389e-02
1.031308110706624301e-02
1.029861583645101490e-02
1.028419193696426641e-02
1.026980924511577270e-02
1.025546760264241415e-02
1.024116683571724487e-02
1.022690677487156016e-02
1.021268724451438771e-02
1.019850806473636927e-02
1.018436905118202257e-02
1.017027001502960985e-02
1.015621076308359690e-02
1.014219109798239829e-02
1.012821081852201613e-02
1.011426972009300124e-02
1.010036759522601156e-02
1.008650423423895943e-02
1.007267942597548337e-02
1.005889295862309740e-02
1.004514462059657304e-02
1.003143420147053697e-02
1.001776149294355926e-02
1.000412628981488944e-02
9.990528390953974311e-03
9.976967600241861203e-03
9.963443727465097488e-03
9.949956589140813643e-03
9.936506009254478591e-03
9.923091819891077109e-03
9.909713861744591165e-03
9.896371984489270648e-03
9.883066047001618989e-03
9.869795917422811982e-03
9.856561473054718456e-03
9.843362600086141834e-03
9.830199193147905190e-03
9.817071154701057650e-03
9.803978394263177312e-03
9.790920827483437505e-03
9.777898375078957621e-03
9.764910961648455220e-03
9.751958514382567597e-03
9.739040961691940515e-03
9.726158231777097887e-03
9.713310251165950190e-03
9.700496943245314613e-03
9.687718226815045588e-03
9.674974014692874769e-03
9.662264212398585100e-03
9.649588716944070693e-03
9.636947415757678159e-03
9.624340185765731248e-03
9.611766892654766831e-03
9.599227390334958906e-03
9.586721520620485396e-03
9.574249113141176937e-03
9.561809985494884589e-03
9.549403943646287557e-03
9.537030782573048190e-03
9.524690287157425161e-03
9.512382233314456079e-03
9.500106389346370597e-03
9.487862517506183424e-03
9.475650375750623716e-03
9.463469719657979437e-03
9.451320304483729062e-03
9.439201887322570816e-03
9.427114229343688465e-03
9.415057098062961510e-03
9.403030269615423459e-03
9.391033530988357469e-03
9.379066682176785685e-03
9.367129538222128404e-03
9.355221931095166615e-03
9.343343711387740863e-03
9.331494749776979292e-03
9.319674938230923522e-03
9.307884190925512155e-03
9.296122444848590669e-03
9.284389660068654779e-03
9.272685819652666181e-03
9.261010929220266780e-03
9.249365016129390202e-03
9.237748128290416971e-03
9.226160332615059370e-03
9.214601713109645334e-03
9.203072368628615121e-03
9.191572410309337138e-03
9.180101958716027979e-03
9.168661140723373751e-03
9.157250086177334825e-03
9.145868924373232178e-03
9.134517780396747208e-03
9.123196771375050723e-03
9.111906002689287506e-03
9.100645564201235299e-03
9.089415526548400362e-03
9.078215937562373813e-03
9.067046818865857546e-03
9.055908162702080641e-03
9.044799929049647177e-03
9.033722043073554378e-03
9.022674392959204731e-03
9.011656828174254702e-03
9.000669158197244571e-03
8.989711151748066426e-03
8.978782536549051105e-03
8.967882999640382560e-03
8.957012188266040217e-03
8.946169711340320324e-03
8.935355141497109896e-03
8.924568017717932067e-03
8.913807848525284044e-03
8.903074115722196119e-03
8.892366278649749614e-03
8.881683778927330214e-03
8.871026045633920859e-03
8.860392500879683136e-03
8.849782565713124396e-03
8.839195666300130733e-03
8.828631240308380812e-03
8.818088743422901332e-03
8.807567655917412919e-03
8.797067489199124346e-03
8.786587792244962558e-03
8.776128157843994179e-03
8.765688228560832365e-03
8.755267702334115082e-03
8.744866337626347463e-03
8.734483958043413182e-03
8.724120456345308902e-03
8.713775797774473211e-03
8.703450022632716609e-03
8.693143248045896720e-03
8.682855668860808493e-03
8.672587557629372196e-03
8.662339263642796633e-03
8.652111210989448659e-03
8.641903895620660359e-03
8.631717881419738100e-03
8.621553795282042160e-03
8.611412321225754909e-03
8.601294193565572205e-03
8.591200189193588105e-03
8.581131119025817502e-03
8.571087818682730786e-03
8.561071138486952767e-03
8.551081932869370600e-03
8.541121049289533002e-03
8.531189316783170662e-03
8.521287534259926882e-03
8.511416458681997713e-03
8.501576793261782922e-03
8.491769175820012769e-03
8.481994167451519309e-03
8.472252241646511389e-03
8.462543774015970563e-03
8.452869032768487584e-03
8.443228170082394887e-03
8.433621214511698855e-03
8.424048064557350737e-03
8.414508483526953950e-03
8.405002095794778319e-03
8.395528384560634397e-03
8.386086691193880838e-03
8.376676216231662350e-03
8.367296022083090326e-03
8.357945037473304278e-03
8.348622063641687394e-03
8.339325782287864558e-03
8.330054765236794001e-03
8.320807485775631035e-03
8.311582331589163763e-03
8.302377619203164111e-03
8.293191609819172694e-03
8.284022526407936599e-03
8.274868571904948206e-03
8.265727948335454059e-03
8.256598876677007440e-03
8.247479617254489109e-03
8.238368490445544673e-03
8.229263897466202599e-03
8.220164340995267035e-03
8.211068445390002843e-03
8.201974976242618759e-03
8.192882859024343267e-03
8.183791196568869844e-03
8.174699285148688196e-03
8.165606628908654921e-03
8.156512952431109117e-03
8.147418211221802223e-03
8.138322599922549055e-03
8.129226558077353240e-03
8.120130773300917801e-03
8.111036181724916652e-03
8.101943965622535396e-03
8.092855548145389682e-03
8.083772585133656291e-03
8.074696953996917184e-03
8.065630739694257950e-03
8.056576217878065604e-03
8.047535835300908061e-03
8.038512187617892837e-03
8.029507994752844297e-03
8.020526074029119684e-03
8.011569311297820489e-03
8.002640630326147281e-03
7.993742960736807679e-03
7.984879204815656037e-03
7.976052203525553150e-03
7.967264702086120087e-03
7.958519315492662213e-03
7.949818494361805821e-03
7.941164491497619202e-03
7.932559329576665055e-03
7.924004770350358273e-03
7.915502285756204764e-03
7.907053031321510314e-03
7.898657822228141376e-03
7.890317112388293974e-03
7.882030976857525364e-03
7.873799097884368048e-03
7.865620754864096828e-03
7.857494818427785202e-03
7.849419748859937443e-03
7.841393598995218331e-03
7.833414021697973628e-03
7.825478281983945170e-03
7.817583273789965870e-03
7.809725541349846895e-03
7.801901305079671570e-03
7.794106491825408822e-03
7.786336769272163803e-03
7.778587584263062411e-03
7.770854204725132462e-03
7.763131764852374515e-03
7.755415313147812247e-03
7.747699862886122182e-03
7.739980444517065988e-03
7.732252159495335564e-03
7.724510234991761697e-03
7.716750078916052163e-03
7.708967334658389271e-03
7.701157934947408697e-03
7.693318154208730192e-03
7.685444658810840560e-03
7.677534554587976852e-03
7.669585431041599580e-03
7.661595401640353131e-03
7.653563139665073289e-03
7.645487909075813181e-03
7.637369589917525174e-03
7.629208697826219722e-03
7.621006397247370029e-03
7.612764508038520270e-03
7.604485505183587041e-03
7.596172511422741823e-03
7.587829282662723884e-03
7.579460186114805528e-03
7.571070171180514265e-03
7.562664733186593227e-03
7.554249870150824518e-03
7.545832032841253735e-03
7.537418068472037658e-03
7.529015158459715848e-03
7.520630750738241908e-03
7.512272487207737222e-03
