3.000000000000000000e+00 1.881219192323204096e-06 7.270580906131931612e-06 9.998901595427373001e-01
3.010344827586207028e+00 5.155446095877143950e-06 4.843850248827494709e-06 9.998956607890224779e-01
3.020689655172413612e+00 1.318862945164202559e-06 2.821715368952097931e-06 9.999009123841440250e-01
3.031034482758620641e+00 3.402403429471046322e-06 8.997534170242247936e-06 9.999059240243260982e-01
3.041379310344827669e+00 -3.594897628930885776e-06 2.084634954844833068e-06 9.999107054805512762e-01
3.051724137931034253e+00 -8.930179791656022068e-07 2.944349992142164735e-06 9.999152658624800294e-01
3.062068965517241281e+00 -2.560340981068627642e-06 5.384442225402993530e-06 9.999196137849110100e-01
3.072413793103448310e+00 4.486191443508888195e-07 1.233900815271567918e-06 9.999237583231627147e-01
3.082758620689655338e+00 -3.400402894928198183e-07 6.884130875606541613e-07 9.999277076934575126e-01
3.093103448275861922e+00 2.659892008218249006e-06 3.880768530909808414e-06 9.999314698811274660e-01
3.103448275862068950e+00 2.236479801642357592e-06 -1.670032745332757725e-06 9.999350527076452666e-01
3.113793103448275978e+00 -9.475179828519364629e-08 4.057548182435437810e-06 9.999384638792183644e-01
3.124137931034482563e+00 1.619143432143636129e-06 2.324202175598295868e-06 9.999417104921556332e-01
3.134482758620689591e+00 -2.658892644906532847e-06 4.893792496628149831e-06 9.999447998144760374e-01
3.144827586206896619e+00 -1.980038207530804944e-06 5.621464800469268629e-06 9.999477383594937985e-01
3.155172413793103203e+00 -4.496794304045016800e-07 3.935472480739383495e-06 9.999505329005066168e-01
3.165517241379310232e+00 -3.571164499749533392e-06 3.760970921347811150e-06 9.999531896183478930e-01
3.175862068965517260e+00 -2.994854582072596234e-07 4.162441934263210429e-07 9.999557146100468419e-01
3.186206896551723844e+00 -1.758905280305441453e-07 1.176511042296382452e-06 9.999581138409308068e-01
3.196551724137930872e+00 2.112445266486833007e-06 1.988049288134416428e-06 9.999603927431102157e-01
3.206896551724137900e+00 1.105491868867817000e-06 2.217439792539670177e-06 9.999625569039770623e-01
3.217241379310344485e+00 -1.783000778011333706e-06 1.685787644122623570e-06 9.999646114787247297e-01
3.227586206896551513e+00 -6.525790947025605527e-07 2.304114404033438152e-06 9.999665614363274502e-01
3.237931034482758541e+00 -1.005579734426479736e-06 9.550171784671558411e-08 9.999684116747435958e-01
3.248275862068965569e+00 -2.152566456571437033e-06 -1.255800917972104720e-06 9.999701667282746564e-01
3.258620689655172153e+00 2.021475490147096871e-06 -3.119639460727747151e-06 9.999718310907089736e-01
3.268965517241379182e+00 4.118739571917399918e-07 2.930114824680399226e-06 9.999734090457900182e-01
3.279310344827586210e+00 -8.443144897071139565e-07 -8.550799758255852985e-07 9.999749045760970567e-01
3.289655172413792794e+00 8.613304389741163690e-07 1.091535236974187597e-06 9.999763217116138803e-01
3.299999999999999822e+00 -1.541995413460809217e-06 -7.419631895613573566e-07 9.999776641423039347e-01
