3.000000000000000000e+00 2.360772587833497463e-06 5.734058026288370535e-06 9.803688607398730603e-01
3.010344827586207028e+00 3.578581688631583753e-06 8.089966001127696423e-06 9.810420517346578606e-01
3.020689655172413612e+00 4.548708755111995394e-06 4.201574585397919308e-06 9.816970376224541939e-01
3.031034482758620641e+00 5.068837747763396376e-06 3.508942884079414533e-06 9.823340952627994671e-01
3.041379310344827669e+00 3.844104553070614665e-06 3.622140092393595217e-06 9.829534833255875181e-01
3.051724137931034253e+00 1.650349473327420690e-06 1.493897644611003756e-06 9.835555278666470169e-01
3.062068965517241281e+00 5.532849761929684916e-07 -2.271234843915798716e-06 9.841404891505310948e-01
3.072413793103448310e+00 1.401593906851434316e-06 2.958983486907832956e-06 9.847086523639386746e-01
3.082758620689655338e+00 2.118190634033135943e-06 -1.763940306497236348e-06 9.852603211265874572e-01
3.093103448275861922e+00 2.213450092256562548e-07 -2.155584433821165696e-07 9.857958061197221733e-01
3.103448275862068950e+00 3.299717075228367852e-06 -6.129928741342719197e-06 9.863154290139799496e-01
3.113793103448275978e+00 2.525567215299348417e-06 1.399884321895176305e-06 9.868194441665611993e-01
3.124137931034482563e+00 2.954688126915872772e-06 -1.667689345434302941e-06 9.873081992871217683e-01
3.134482758620689591e+00 2.065210830798998816e-06 -9.880946056319690894e-07 9.877819870064996621e-01
3.144827586206896619e+00 3.057497786823988322e-06 2.078119253184390092e-06 9.882411176686080045e-01
3.155172413793103203e+00 7.195454770954757763e-06 1.943030010152830246e-06 9.886859146509004992e-01
3.165517241379310232e+00 1.650690098879203687e-06 2.822801002743189600e-06 9.891166800334947329e-01
3.175862068965517260e+00 2.791854473032372569e-06 1.140308419893478153e-06 9.895337115941444939e-01
3.186206896551723844e+00 2.143507843237175650e-06 1.475502065046558301e-06 9.899373431401905510e-01
3.196551724137930872e+00 -1.255578228134053871e-06 3.184930907021396244e-07 9.903278653480748206e-01
3.206896551724137900e+00 -4.723881056639034363e-07 3.138646254815803029e-06 9.907055954192148794e-01
3.217241379310344485e+00 -1.437023213018332964e-06 -1.944481247506010735e-07 9.910708316729975875e-01
3.227586206896551513e+00 -1.780241302153091064e-06 -7.757487990743734425e-07 9.914238858608133143e-01
3.237931034482758541e+00 1.764510205638936293e-06 6.106113046075621798e-07 9.917650517412327504e-01
3.248275862068965569e+00 -2.800530444237336534e-06 -1.466885513598212947e-06 9.920946431691425316e-01
3.258620689655172153e+00 -1.314370846924967795e-06 2.800656449298821388e-06 9.924129384193742798e-01
3.268965517241379182e+00 -2.574883337920258860e-07 -1.420955003535363328e-06 9.927202410079326578e-01
3.279310344827586210e+00 -2.906164707737212372e-06 -1.298160917343942509e-06 9.930168362160060047e-01
3.289655172413792794e+00 1.131791372020516567e-06 2.303058562072702375e-06 9.933030267090918741e-01
3.299999999999999822e+00 2.684011910967472831e-07 -2.607931423520799697e-06 9.935790716192223204e-01
