2.299999999999999822e+00 -1.623555378238818788e-03 -2.937518484594837422e-04 9.990118676204474690e-01
2.334482758620689324e+00 -1.219510113283085858e-03 -4.742134181013238749e-04 9.991525006515284968e-01
2.368965517241379271e+00 -8.707202711720785646e-04 -5.454182858031947920e-04 9.992746924463097313e-01
2.403448275862068773e+00 -5.880010331123335099e-04 -5.477454350810701108e-04 9.993806098852495712e-01
2.437931034482758275e+00 -3.656449688730912238e-04 -5.079444711410686236e-04 9.994722071463360002e-01
2.472413793103448221e+00 -2.051525267105852525e-04 -4.404883188437819447e-04 9.995512350382715905e-01
2.506896551724137723e+00 -8.633034422553405828e-05 -3.637137876442823078e-04 9.996192578205211898e-01
2.541379310344827225e+00 -1.080727170899218573e-05 -2.857597018750791199e-04 9.996776687115129789e-01
2.575862068965517171e+00 3.427787190998860998e-05 -2.145138835187690484e-04 9.997277065808927166e-01
2.610344827586206673e+00 5.604593246075313879e-05 -1.545579385889535654e-04 9.997704704394018149e-01
2.644827586206896619e+00 6.583435189448975065e-05 -1.039572254166051352e-04 9.998069319428151136e-01
2.679310344827586121e+00 6.397623664944442404e-05 -6.815822293729245380e-05 9.998379464642259684e-01
2.713793103448275623e+00 5.280063510613326863e-05 -3.809206631741579282e-05 9.998642669955434270e-01
2.748275862068965125e+00 4.429156693701432950e-05 -1.817597670016216858e-05 9.998865511465215850e-01
2.782758620689655071e+00 3.556432458648670363e-05 -6.359110925060804635e-06 9.999053751692908998e-01
2.817241379310344573e+00 2.606699732874379158e-05 1.213848463375069011e-06 9.999212400338548523e-01
2.851724137931034520e+00 1.930600407316660307e-05 1.513516351230426540e-06 9.999345804881755173e-01
2.886206896551724022e+00 1.192943082226973243e-05 8.405303481697080209e-06 9.999457731751287826e-01
2.920689655172413524e+00 9.083893387226519705e-06 5.114619994382129193e-06 9.999551426910582297e-01
2.955172413793103026e+00 5.655624189091283977e-06 3.961827809082230270e-06 9.999629687939770584e-01
2.989655172413792972e+00 4.612046237596636420e-06 5.648431818123655805e-06 9.999694912457759433e-01
3.024137931034482474e+00 -2.401562899845370857e-07 2.117027957046265256e-06 9.999749154450378041e-01
3.058620689655172420e+00 -7.334753949874861985e-07 3.041368448239981491e-06 9.999794164749042924e-01
3.093103448275861922e+00 3.420555799643319597e-07 3.707308911172257480e-07 9.999831434604028457e-01
3.127586206896551424e+00 -6.205677177616216730e-06 6.230545145613473426e-07 9.999862228788296559e-01
3.162068965517240926e+00 -2.102878145353478325e-06 7.990189246074163578e-07 9.999887618989750093e-01
3.196551724137930872e+00 -1.844101917806851737e-06 3.014100604555248882e-06 9.999908509366969289e-01
3.231034482758620374e+00 8.197163423520338306e-07 3.835085611685820057e-06 9.999925661361368512e-01
3.265517241379310320e+00 -1.005244594206602462e-06 -4.052384534875329946e-07 9.999939714778098843e-01
3.299999999999999822e+00 6.508188217092725263e-07 4.158961715976692986e-06 9.999951205516818264e-01
