1.000000000000000056e-01 1.055729364912562085e-01 -1.867713677873848732e-01 -8.726382416199935932e-01
3.071428571428571619e-01 3.733414237525337631e-01 -4.605813791301626159e-01 -6.513808358462790382e-01
5.142857142857142350e-01 6.858061222740685636e-01 -4.238826761490924189e-01 -2.912182528082336019e-01
7.214285714285714191e-01 8.357462346234453276e-01 -4.101554712129742986e-02 8.980118148700598490e-02
9.285714285714284921e-01 5.968373988328421476e-01 4.282137509667849895e-01 4.049738814807029574e-01
1.135714285714285676e+00 6.456755393915467045e-02 5.681603060235189684e-01 6.231846784878709578e-01
1.342857142857142971e+00 -3.133074033666167213e-01 2.580116008456987409e-01 7.550165698601586373e-01
1.550000000000000044e+00 -2.394227925506896004e-01 -1.189483995014070095e-01 8.270389990190750718e-01
1.757142857142857117e+00 3.126865188583090316e-02 -1.622529373661083241e-01 8.639607717032529166e-01
1.964285714285714191e+00 9.629682014245714849e-02 6.300525657701989621e-03 8.824161091713098592e-01
2.171428571428571264e+00 -4.393053354822699930e-03 5.333868078954769054e-02 8.916625993812156148e-01
2.378571428571428559e+00 -2.752426065296038546e-02 -6.661534075859194132e-03 8.963021933953534415e-01
2.585714285714285854e+00 7.243488457812769649e-03 -1.241492595522080029e-02 8.985490002058048598e-01
2.792857142857142705e+00 4.086872394383173762e-03 5.723247251844090604e-03 8.995222855642164284e-01
3.000000000000000000e+00 -3.334109402027796501e-03 2.311835765661700640e-04 8.998354112975170960e-01
