1.000000000000000056e-01 -1.530057592446081582e-01 2.055064624055773226e-01 -8.611712403901211621e-01
3.071428571428571619e-01 -4.512080581990169925e-01 5.070003615191022162e-01 -5.600656478465741994e-01
5.142857142857142350e-01 -6.671979286953262367e-01 5.272047661034023891e-01 -1.080645989784106559e-01
7.214285714285714191e-01 -7.211359554664823479e-01 3.129432579891606725e-01 3.112551522940890658e-01
9.285714285714284921e-01 -5.961084768716082838e-01 4.294531598346290613e-02 6.021585497270953713e-01
1.135714285714285676e+00 -3.712538518552304101e-01 -1.287466523208561919e-01 7.651038960612651652e-01
1.342857142857142971e+00 -1.607784230817744520e-01 -1.636885531743506872e-01 8.430894750906081647e-01
1.550000000000000044e+00 -3.287715991469820909e-02 -1.158822986591091231e-01 8.770075301083635200e-01
1.757142857142857117e+00 1.394625116433323431e-02 -5.533340857200477053e-02 8.913238097336314558e-01
1.964285714285714191e+00 1.710240682920653038e-02 -1.737944881412160567e-02 8.973420857119734917e-01
2.171428571428571264e+00 9.043663971471167795e-03 -2.530061934489994183e-03 8.996854905786939582e-01
2.378571428571428559e+00 3.180892147633446968e-03 7.150521575590453299e-04 9.003422860367145120e-01
2.585714285714285854e+00 8.029124195577273457e-04 6.343136489788742853e-04 9.002936450896907861e-01
2.792857142857142705e+00 1.437147724977227720e-04 2.541878156695710680e-04 9.000330271830708773e-01
3.000000000000000000e+00 1.965614687262663956e-05 7.438341139519699782e-05 8.997715302302478069e-01
