1.000000000000000056e-01 -1.176735104834551737e-02 8.685045142639838400e-02 -8.962834561347015061e-01
3.071428571428571619e-01 -6.243676433345519972e-02 2.568701374830228978e-01 -8.564606155029720336e-01
5.142857142857142350e-01 -1.847125190265968275e-01 3.847682277193054112e-01 -7.792261092205901019e-01
7.214285714285714191e-01 -3.913856880437103225e-01 4.104675727687697173e-01 -6.704209242027099336e-01
9.285714285714284921e-01 -6.285722473027731683e-01 2.590319061495790498e-01 -5.377768692704766318e-01
1.135714285714285676e+00 -7.555064760603152907e-01 -9.937882529268260434e-02 -3.899165814069795455e-01
1.342857142857142971e+00 -5.924810487571799955e-01 -5.572296404760671562e-01 -2.353825688681262240e-01
1.550000000000000044e+00 -7.603132264101392090e-02 -8.323420673382105894e-01 -8.177598828204798997e-02
1.757142857142857117e+00 5.575686960517074464e-01 -6.188235515450389856e-01 6.473075037026779222e-02
1.964285714285714191e+00 8.064490776490719215e-01 6.865696296890472228e-02 1.997470627481209293e-01
2.171428571428571264e+00 3.469234667603698918e-01 6.873116812175427137e-01 3.205990813998839672e-01
2.378571428571428559e+00 -4.325271682623539338e-01 5.747713635887272687e-01 4.260454391652715445e-01
2.585714285714285854e+00 -6.363235862402345511e-01 -1.822528201646252954e-01 5.160920046358079549e-01
2.792857142857142705e+00 1.621052631859909443e-03 -6.011887413787766477e-01 5.915973508381607848e-01
3.000000000000000000e+00 5.307274283583808261e-01 -9.977316005925332409e-02 6.539115503201774482e-01
