1.000000000000000056e-01 2.241292800417354347e-01 1.624732731552738230e-01 -9.585027447258570588e-01
2.000000000000000111e-01 4.326745652486139182e-01 2.923532256124392603e-01 -8.408261396306548896e-01
2.999999999999999889e-01 6.106439230340294788e-01 3.650913733518201254e-01 -6.655336925146281279e-01
4.000000000000000222e-01 7.447385979667979772e-01 3.696500340400638573e-01 -4.580534328368518482e-01
5.000000000000000000e-01 8.250853201163982353e-01 3.099070898749831660e-01 -2.445700799497085853e-01
5.999999999999999778e-01 8.470380940804426162e-01 2.020522978153300175e-01 -4.680596910765612295e-02
6.999999999999999556e-01 8.124079131704351475e-01 6.933139373946228812e-02 1.210891154871296810e-01
7.999999999999999334e-01 7.294622182670009725e-01 -6.389479822600044323e-02 2.531495101516303969e-01
8.999999999999999112e-01 6.116138749558859278e-01 -1.771953172957434208e-01 3.503459415506307573e-01
9.999999999999998890e-01 4.751311156041224670e-01 -2.572115854803210810e-01 4.182925431172440645e-01
1.099999999999999867e+00 3.364153142309273536e-01 -2.986795148389764787e-01 4.648863814109525650e-01
1.199999999999999956e+00 2.095240649345907480e-01 -3.036547884950721032e-01 4.983034535245511321e-01
1.300000000000000044e+00 1.043978264848903215e-01 -2.794998656993097352e-01 5.256513726325435787e-01
1.399999999999999911e+00 2.607697407810480664e-02 -2.363782481766360799e-01 5.522436684739859825e-01
1.500000000000000000e+00 -2.510593749492393348e-02 -1.847557148059917886e-01 5.814057992130741148e-01
1.599999999999999867e+00 -5.249284132776817213e-02 -1.334878406712750321e-01 6.146104729404460176e-01
1.699999999999999956e+00 -6.163184449139688659e-02 -8.870143759162803232e-02 6.518410044769424871e-01
1.800000000000000044e+00 -5.871955917987495277e-02 -5.353265537111050187e-02 6.920441735220859147e-01
1.899999999999999911e+00 -4.936986827198867889e-02 -2.852657591707051868e-02 7.335971115730026693e-01
2.000000000000000000e+00 -3.787745815221799095e-02 -1.249313470692115305e-02 7.747084133487041058e-01
2.099999999999999645e+00 -2.698040019428950623e-02 -3.364029945983473130e-03 8.137391927445253303e-01
2.199999999999999734e+00 -1.803998305364252347e-02 1.063315890190473859e-03 8.494005790014664825e-01
2.299999999999999822e+00 -1.141541338306935847e-02 2.654950173249930566e-03 8.808519320866120550e-01
2.399999999999999911e+00 -6.877650097879587157e-03 2.776612130392226013e-03 9.076980027647982840e-01
2.500000000000000000e+00 -3.984016676431018783e-03 2.290238008797161346e-03 9.299305785900379151e-01
2.600000000000000089e+00 -2.230889409850366975e-03 1.672415425716119487e-03 9.478343802868502976e-01
2.699999999999999734e+00 -1.224726090735735315e-03 1.123696274207852588e-03 9.618823588357632293e-01
2.799999999999999822e+00 -6.615377891261772910e-04 7.134827966975829973e-04 9.726411994908502612e-01
2.899999999999999911e+00 -3.581831487537183640e-04 4.384644688507089165e-04 9.806961833221915503e-01
3.000000000000000000e+00 -2.009765848858278481e-04 2.587298162950903016e-04 9.866008773536834031e-01
