0.000000000000000000e+00 2.003146934399759882e-13 3.678099061325390113e-13 -1.000000000000000000e+00
1.000000000000000056e-01 4.714858110332466323e-02 8.780483844254265147e-02 -9.950212668793793069e-01
2.000000000000000111e-01 8.939660380022101949e-02 1.737916111886215198e-01 -9.807164335557394530e-01
3.000000000000000444e-01 1.223379974063079634e-01 2.560069263974654175e-01 -9.589024286981087108e-01
4.000000000000000222e-01 1.425074923760780155e-01 3.322507079220230475e-01 -9.323631703800180359e-01
5.000000000000000000e-01 1.477485987871063333e-01 4.000421946300619647e-01 -9.045090346432558270e-01
6.000000000000000888e-01 1.374571886743384264e-01 4.566561441887689865e-01 -8.789600030814945786e-01
7.000000000000000666e-01 1.126932736432839227e-01 4.992569852876692083e-01 -8.590941093018745756e-01
8.000000000000000444e-01 7.612973766316855073e-02 5.251199480537418474e-01 -8.476162473084494220e-01
9.000000000000000222e-01 3.185948125248599938e-02 5.319124429812804866e-01 -8.461998144999529625e-01
1.000000000000000000e+00 -1.493948092755682799e-02 5.180199460210784812e-01 -8.552380646555938215e-01
1.100000000000000089e+00 -5.844501427809901950e-02 4.828584126473000615e-01 -8.737459204116010403e-01
1.200000000000000178e+00 -9.271130476256672637e-02 4.271532956664112479e-01 -8.994135177231266098e-01
1.300000000000000044e+00 -1.122158638262151092e-01 3.531120287648848999e-01 -9.288269455950254327e-01
1.400000000000000133e+00 -1.123811289024512911e-01 2.644849347006595908e-01 -9.578195033351397658e-01
1.500000000000000000e+00 -9.005217742670658387e-02 1.664713954322110667e-01 -9.819255977937976221e-01
1.600000000000000089e+00 -4.384204622608971896e-02 6.546201186502638436e-02 -9.968914685992201763e-01
1.700000000000000178e+00 2.563406334140682502e-02 -3.136891685317633183e-02 -9.991791059330153990e-01
1.800000000000000044e+00 1.157262600332021052e-01 -1.165864804117890119e-01 -9.864152398556427226e-01
1.900000000000000133e+00 2.218581448920141641e-01 -1.831255168105487829e-01 -9.577285674365907386e-01
2.000000000000000000e+00 3.378255272643174156e-01 -2.249285914539988496e-01 -9.139371102066556896e-01
2.100000000000000089e+00 4.562453502993116805e-01 -2.375633765863846836e-01 -8.575568916050716473e-01
2.200000000000000178e+00 5.691165119276614393e-01 -2.187414265597425189e-01 -7.926276452304322762e-01
2.300000000000000266e+00 6.684629392967355033e-01 -1.686788817460600221e-01 -7.243650552374198970e-01
2.400000000000000355e+00 7.469978167945094949e-01 -9.024819977200518317e-02 -6.586725469031075031e-01
2.500000000000000000e+00 7.987548300521657429e-01 1.108248993866858823e-02 -6.015545689278145591e-01
2.600000000000000089e+00 8.196315339362501007e-01 1.275869078554927316e-01 -5.585031145471696101e-01
2.700000000000000178e+00 8.078003674424864000e-01 2.498157471266402863e-01 -5.339013552934761542e-01
2.800000000000000266e+00 7.639422221194596130e-01 3.673363693474324121e-01 -5.305245257120754232e-01
2.900000000000000355e+00 6.912766251639433923e-01 4.696088305880544711e-01 -5.491850078853071082e-01
3.000000000000000000e+00 5.953847319750691369e-01 5.469080382700273191e-01 -5.885648796708811137e-01
3.100000000000000089e+00 4.838262967768488521e-01 5.912254878056724117e-01 -6.452631516149182067e-01
3.200000000000000178e+00 3.655781559334836395e-01 5.970605077117522308e-01 -7.140527699895239389e-01
3.300000000000000266e+00 2.503482000281194164e-01 5.620135838296480557e-01 -7.883314712015226933e-01
3.400000000000000355e+00 1.477821563692209850e-01 4.871314346909538240e-01 -8.607342206762159664e-01
3.500000000000000000e+00 6.668336427326751470e-02 3.769503135031679886e-01 -9.238299571273775879e-01
3.600000000000000089e+00 1.425599438751167652e-02 2.392160615027485171e-01 -9.708616996502975605e-01
3.700000000000000178e+00 -4.521339977445627129e-03 8.432046213091565212e-02 -9.964284297504092391e-01
3.800000000000000266e+00 1.263390426219823670e-02 -7.554134165204670626e-02 -9.970626304568237508e-01
3.900000000000000355e+00 6.506137563864572426e-02 -2.273958285338473773e-01 -9.716265493154320199e-01
4.000000000000000000e+00 1.491463849069385450e-01 -3.586217429498851916e-01 -9.214910742388616738e-01
4.100000000000000533e+00 2.585679847537875053e-01 -4.580902951943349177e-01 -8.504680343481527682e-01
4.200000000000000178e+00 3.847655048764750951e-01 -5.171921915438073558e-01 -7.645049003288895140e-01
4.299999999999999822e+00 5.176277664067210349e-01 -5.306771696113996573e-01 -6.711506757956526847e-01
4.400000000000000355e+00 6.462967013657194837e-01 -4.972038839435888313e-01 -5.788686138129277570e-01
4.500000000000000000e+00 7.600923803199653994e-01 -4.195491177906497393e-01 -4.962238526915488945e-01
4.600000000000000533e+00 8.494149716962551278e-01 -3.044524863533207837e-01 -4.310485945467208979e-01
4.700000000000000178e+00 9.065775863487205433e-01 -1.620926055237938701e-01 -3.896704617709440543e-01
4.800000000000000711e+00 9.264998913619519882e-01 -5.241445643828362977e-03 -3.762585245871289952e-01
4.900000000000000355e+00 9.071859274527248607e-01 1.518394461287141117e-01 -3.923754147129739356e-01
5.000000000000000000e+00 8.499487060659954851e-01 2.946547629664198475e-01 -4.367674074516541549e-01
5.100000000000000533e+00 7.593497924139426258e-01 4.097820291891390854e-01 -5.054370187769929856e-01
5.200000000000000178e+00 6.428639390708976720e-01 4.861001959688146523e-01 -5.919734403971175229e-01
5.300000000000000711e+00 5.102723840155996005e-01 5.158410698800618421e-01 -6.881352218896132911e-01
5.400000000000000355e+00 3.728591293255867911e-01 4.953338434861258577e-01 -7.846148430855292011e-01
5.500000000000000000e+00 2.424532991505078949e-01 4.254046189193253502e-01 -8.719216167306848009e-01
5.600000000000000533e+00 1.304109985671287608e-01 3.113607975597301181e-01 -9.413009186477921952e-01
5.700000000000000178e+00 4.662123846718359971e-02 1.625652967750913780e-01 -9.855957475801756518e-01
5.800000000000000711e+00 -1.383364030007902404e-03 -8.359733931076206853e-03 -9.999640988378529771e-01
5.900000000000000355e+00 -9.110949285478522897e-03 -1.866502048885292642e-01 -9.823841842897430565e-01
6.000000000000000000e+00 2.445514926530666100e-02 -3.567163310367152951e-01 -9.338926014194616210e-01
6.100000000000000533e+00 9.671468201896396555e-02 -5.035557172559000927e-01 -8.585324131651331792e-01
6.200000000000000178e+00 2.016446351917460522e-01 -6.141571458699561781e-01 -7.629878268103679195e-01
6.300000000000000711e+00 3.302627666313322496e-01 -6.786635743446138846e-01 -6.560047686835838165e-01
6.400000000000000355e+00 4.714176966939945257e-01 -6.913588085505516512e-01 -5.475293054607117682e-01
6.500000000000000000e+00 6.127223298529853590e-01 -6.511889880794593521e-01 -4.477993318394045130e-01
6.600000000000000533e+00 7.416468936690544522e-01 -5.619295835795864447e-01 -3.663263667312480765e-01
6.700000000000000178e+00 8.466249182259963924e-01 -4.318708363035496101e-01 -3.109884726370143460e-01
6.800000000000000711e+00 9.181143575834783688e-01 -2.730746812178788674e-01 -2.872215843304538607e-01
6.900000000000000355e+00 9.494380689937305107e-01 -1.003376228622948618e-01 -2.974890106448094262e-01
7.000000000000000000e+00 9.374407319563475838e-01 7.020124105546327042e-02 -3.409936239867457641e-01
7.100000000000000533e+00 8.827988149241451366e-01 2.224934827940604209e-01 -4.137183592909977614e-01
7.200000000000000178e+00 7.900043330493098370e-01 3.420891328802888598e-01 -5.087908976871646782e-01
7.300000000000000711e+00 6.670057809863790821e-01 4.174819597730144993e-01 -6.170997515083508356e-01
7.400000000000000355e+00 5.245306896567027977e-01 4.411729240652798034e-01 -7.281716815165976131e-01
7.500000000000000000e+00 3.751500954917469932e-01 4.104072513327651772e-01 -8.311608021131878798e-01
7.600000000000000533e+00 2.321567979683803185e-01 3.274417036996035701e-01 -9.159067297066798563e-01
7.700000000000000178e+00 1.083966696027005017e-01 1.993803648207395918e-01 -9.739084215263998923e-01
7.800000000000000711e+00 1.507750547822079429e-02 3.752483927608570025e-02 -9.991819376593671365e-01
7.900000000000000355e+00 -3.924597618410828603e-02 -1.436339910476067960e-01 -9.888523652570188061e-01
8.000000000000000000e+00 -4.947568079181523248e-02 -3.277452717073907063e-01 -9.434697576926968088e-01
