0.000000000000000000e+00 -8.831968701251040111e-11 2.023560459162902445e-11 -1.000000000000000000e+00
1.000000000000000056e-01 3.011684935122733164e-01 -6.906644961191869825e-02 -9.510664351382270842e-01
2.000000000000000111e-01 5.727792650841342370e-01 -1.317309649373744895e-01 -8.090555397269011406e-01
3.000000000000000444e-01 7.881693581885550470e-01 -1.822047948642192827e-01 -5.878694375036755959e-01
4.000000000000000222e-01 9.261868364056005110e-01 -2.158676116719188409e-01 -3.091587266835498227e-01
5.000000000000000000e-01 9.732595863708485284e-01 -2.297079339531263864e-01 -2.062501914564795482e-04
6.000000000000000888e-01 9.247286064782341830e-01 -2.226097477630524790e-01 3.087424568050873286e-01
7.000000000000000666e-01 7.853034890868275664e-01 -1.954552234780999598e-01 5.874484537015242092e-01
8.000000000000000444e-01 5.686040713107064493e-01 -1.510353138064012835e-01 8.086270735876129878e-01
9.000000000000000222e-01 2.958270695771441638e-01 -9.377616195704356616e-02 9.506273593389285015e-01
1.000000000000000000e+00 -6.334715238698002647e-03 -2.930719647356358482e-02 9.995503788171418158e-01
1.100000000000000089e+00 -3.082967445651239036e-01 3.608281132051468360e-02 9.506056742825697015e-01
1.200000000000000178e+00 -5.804860921331769230e-01 9.605529898921881526e-02 8.085847367182840140e-01
1.300000000000000044e+00 -7.962406619430356658e-01 1.448340543510037992e-01 5.873873551056905118e-01
1.400000000000000133e+00 -9.344106758085974906e-01 1.777585529874264325e-01 3.086722952338970538e-01
1.500000000000000000e+00 -9.814469983386235885e-01 1.917334338329603760e-01 -2.828668625818218322e-04
1.600000000000000089e+00 -9.327145763236991405e-01 1.855185628471988368e-01 -3.092351560868732419e-01
1.700000000000000178e+00 -7.929595352091506344e-01 1.598439560885733524e-01 -5.879328916072821265e-01
1.800000000000000044e+00 -5.758342348123457466e-01 1.173289170010636123e-01 -8.091037382170793713e-01
1.900000000000000133e+00 -3.025722546985646355e-01 6.222187116397301376e-02 -9.510933023597397673e-01
2.000000000000000000e+00 9.047838345161176817e-05 -1.876420571091852975e-05 -9.999999958440648484e-01
2.100000000000000089e+00 3.025359462341261629e-01 -6.326097569801522602e-02 -9.510363031997682848e-01
2.200000000000000178e+00 5.751647679101485888e-01 -1.212988417244761086e-01 -8.089944875580995509e-01
2.300000000000000266e+00 7.912912581812258095e-01 -1.684568328760555622e-01 -5.877758413172625707e-01
2.400000000000000355e+00 9.297531156247810236e-01 -2.001407553823501273e-01 -3.090353085813939416e-01
2.500000000000000000e+00 9.769903006485294306e-01 -2.132837303341074409e-01 -5.640660073980267880e-05
2.600000000000000089e+00 9.283708141039128670e-01 -2.066404791322375423e-01 3.089131650533582518e-01
2.700000000000000178e+00 7.886459053982328715e-01 -1.809037466058221466e-01 5.876320871735856155e-01
2.800000000000000266e+00 5.714795081825357892e-01 -1.386304669731187322e-01 8.088218374672346833e-01
2.900000000000000355e+00 2.981306816350748901e-01 -8.399070719566482934e-02 9.508226220739048884e-01
3.000000000000000000e+00 -4.655444643440252370e-03 -2.235093503279150795e-02 9.997393472483157018e-01
3.100000000000000089e+00 -3.072345163961032188e-01 4.024692294735134762e-02 9.507823810996584024e-01
3.200000000000000178e+00 -5.799929588472183539e-01 9.768302179244814365e-02 8.087435903081851007e-01
3.300000000000000266e+00 -7.962256548197570449e-01 1.443536554611692113e-01 5.875259389485063544e-01
3.400000000000000355e+00 -9.347584055262803115e-01 1.757192359530612424e-01 3.087871018620474417e-01
3.500000000000000000e+00 -9.820257418489982681e-01 1.887469324378711066e-01 -1.947824232169946047e-04
3.600000000000000089e+00 -9.333894922667189675e-01 1.822020997311360468e-01 -3.091705836371561045e-01
3.700000000000000178e+00 -7.936046000340426509e-01 1.567677995539190627e-01 -5.878908022804314459e-01
3.800000000000000266e+00 -5.763423844047811384e-01 1.149721999894043611e-01 -8.090802490075390541e-01
3.900000000000000355e+00 -3.028654184834439489e-01 6.094056976344079668e-02 -9.510829537030567327e-01
4.000000000000000000e+00 6.782076727853686014e-05 -1.375848465034064836e-05 -9.999999979883794632e-01
4.100000000000000533e+00 3.028023680675637763e-01 -6.190694450716655722e-02 -9.510406137589472175e-01
4.200000000000000178e+00 5.757066976920145462e-01 -1.186742894603376036e-01 -8.089982764162841899e-01
4.299999999999999822e+00 7.920655395335257642e-01 -1.647620064697707387e-01 -5.877802837797001523e-01
4.400000000000000355e+00 9.307057709495708542e-01 -1.956716675723045307e-01 -3.090297125500700570e-01
4.500000000000000000e+00 9.780450844269947819e-01 -2.083934007568861990e-01 -4.774133899500483983e-05
4.600000000000000533e+00 9.294483427564358413e-01 -2.017040934088412674e-01 3.089356487780388627e-01
4.700000000000000178e+00 7.896703314697692822e-01 -1.762812396507593971e-01 5.876612059831618495e-01
4.800000000000000711e+00 5.723821610363273305e-01 -1.346331258109419726e-01 8.088588158279041984e-01
4.900000000000000355e+00 2.988551418867874121e-01 -8.085468691925924711e-02 9.508670370997019949e-01
5.000000000000000000e+00 -4.137309563448379572e-03 -2.022192747608368008e-02 9.997869560069168049e-01
5.100000000000000533e+00 -3.069379659331777921e-01 4.132548920934312614e-02 9.508318924295716679e-01
5.200000000000000178e+00 -5.799116615271663333e-01 9.776650732446075243e-02 8.087918000846402444e-01
5.300000000000000711e+00 -7.963312270414752980e-01 1.435851518402008753e-01 5.875711720829484008e-01
5.400000000000000355e+00 -9.350085923935539389e-01 1.743122019351411589e-01 3.088271064055083670e-01
5.500000000000000000e+00 -9.823672935448621857e-01 1.869611231498085613e-01 -1.662038639491591964e-04
5.600000000000000533e+00 -9.337644463521096450e-01 1.803166207191979897e-01 -3.091437699417889373e-01
5.700000000000000178e+00 -7.939536054272638976e-01 1.550537625699716093e-01 -5.878741367210267299e-01
5.800000000000000711e+00 -5.766158608457504497e-01 1.136685046135597066e-01 -8.090696019164235198e-01
5.900000000000000355e+00 -3.030173492965296811e-01 6.023096616547501253e-02 -9.510797594010600431e-01
6.000000000000000000e+00 5.305069603877419273e-05 -1.062751455682325352e-05 -9.999999944195022694e-01
6.100000000000000533e+00 3.029457035947341614e-01 -6.115276214928912213e-02 -9.510437619817267985e-01
6.200000000000000178e+00 5.760021699142490181e-01 -1.172048524103254663e-01 -8.090021712576690449e-01
6.300000000000000711e+00 7.924950833207669021e-01 -1.626828356220766936e-01 -5.877804254321573607e-01
6.400000000000000355e+00 9.312326893260549632e-01 -1.931429454660485989e-01 -3.090331506301827735e-01
6.500000000000000000e+00 9.786328971546631728e-01 -2.056152881882087613e-01 -4.436910418741750440e-05
6.600000000000000533e+00 9.300521965304487937e-01 -1.988930773802264629e-01 3.089408360815649179e-01
6.700000000000000178e+00 7.902430097174532042e-01 -1.736493263781068164e-01 5.876749904631045629e-01
6.800000000000000711e+00 5.728874352305981521e-01 -1.323692199935877778e-01 8.088747543693837194e-01
6.900000000000000355e+00 2.992578628717592615e-01 -7.910489798922357152e-02 9.508875537960433943e-01
7.000000000000000000e+00 -3.859162007572045170e-03 -1.907896610733290227e-02 9.998105271286535922e-01
7.100000000000000533e+00 -3.067958958094331168e-01 4.182995006333108806e-02 9.508556814068016561e-01
7.200000000000000178e+00 -5.798924007830443816e-01 9.765993214479316842e-02 8.088184786630209233e-01
7.300000000000000711e+00 -7.964295351418730906e-01 1.429554062786126678e-01 5.875914667669486224e-01
7.400000000000000355e+00 -9.351931702337163976e-01 1.732901104379323542e-01 3.088434248368343016e-01
7.500000000000000000e+00 -9.826045469119298881e-01 1.857102005193923266e-01 -1.454989874909275518e-04
7.600000000000000533e+00 -9.340185115795764936e-01 1.790159097371602781e-01 -3.091321767814769750e-01
7.700000000000000178e+00 -7.941883636419367898e-01 1.538795965264008192e-01 -5.878655434034323335e-01
7.800000000000000711e+00 -5.768008043534493812e-01 1.127782600649640254e-01 -8.090623556299874064e-01
7.900000000000000355e+00 -3.031264252348034871e-01 5.974802118061870587e-02 -9.510754655884274822e-01
8.000000000000000000e+00 4.819481926806108609e-05 -9.556697699787134731e-06 -9.999999898912618201e-01
