0.000000000000000000e+00 -7.799691281028951321e-12 9.846590135416164046e-12 -1.000000000000000000e+00
1.025641025641025605e-01 -2.067921406961248654e-01 2.412149239660914823e-01 -9.480899371768383155e-01
2.051282051282051211e-01 -4.101587880279176090e-01 4.331044277482107852e-01 -8.010441233272125316e-01
3.076923076923077094e-01 -6.014934369391763402e-01 5.380566088974448880e-01 -5.820185689706205423e-01
4.102564102564102422e-01 -7.646429148490150318e-01 5.381073399087702436e-01 -3.216719062121378148e-01
5.128205128205127750e-01 -8.778154008785993279e-01 4.377338753861875764e-01 -5.067206791464608923e-02
6.153846153846154188e-01 -9.195055158483882440e-01 2.620739036547987677e-01 2.055811497648755426e-01
7.179487179487179516e-01 -8.766582806568494757e-01 5.144704645721773217e-02 4.294772907382203853e-01
8.205128205128204844e-01 -7.520589859663548982e-01 -1.477054103267966823e-01 6.116146012893549644e-01
9.230769230769230171e-01 -5.672020912799041747e-01 -2.945292590147848832e-01 7.499302122578158647e-01
1.025641025641025550e+00 -3.580463914030735384e-01 -3.648896421589500338e-01 8.480123356603869178e-01
1.128205128205128194e+00 -1.643675533547893086e-01 -3.574119602387837435e-01 9.129515551926247197e-01
1.230769230769230838e+00 -1.731198123510686859e-02 -2.914178484965943561e-01 9.530723288662351633e-01
1.333333333333333259e+00 6.917711384461093516e-02 -1.975002266616598390e-01 9.762103594969705478e-01
1.435897435897435903e+00 9.946948058829140071e-02 -1.055887243435750800e-01 9.886690221894306463e-01
1.538461538461538325e+00 9.048499844393101399e-02 -3.573675161372582426e-02 9.949347727118875717e-01
1.641025641025640969e+00 6.290040918512807000e-02 5.151973642469276360e-03 9.978781100223284017e-01
1.743589743589743613e+00 3.361306422334501415e-02 2.092943304156239318e-02 9.991677703086553342e-01
1.846153846153846034e+00 1.197339730417400043e-02 2.079103768650498660e-02 9.996953427057407859e-01
1.948717948717948678e+00 2.280052863698461135e-04 1.402329418687355000e-02 9.998961263147918554e-01
2.051282051282051100e+00 -3.821891104944715248e-03 6.915796873905604228e-03 9.999670823844641898e-01
2.153846153846153744e+00 -3.688121363799094516e-03 2.168011557929575006e-03 9.999903571625925469e-01
2.256410256410256387e+00 -2.222203014177398690e-03 -3.166276963290103920e-05 9.999973969127977647e-01
2.358974358974359031e+00 -9.313815309444717708e-04 -5.985079114355663097e-04 9.999993531014871317e-01
2.461538461538461675e+00 -2.162447975347533925e-04 -4.810806107549825536e-04 9.999998527394098335e-01
2.564102564102563875e+00 3.709714417557080190e-05 -2.326698246770571570e-04 9.999999704101868447e-01
2.666666666666666519e+00 7.088535982504867315e-05 -7.444197220741785690e-05 9.999999943330417640e-01
2.769230769230769162e+00 4.389736816221425991e-05 -9.696307477239372082e-06 9.999999989172754233e-01
2.871794871794871806e+00 1.189312710547460788e-05 6.683194780538446073e-06 9.999999998980807492e-01
2.974358974358974450e+00 -2.765840844273182724e-07 6.688336859406858687e-06 9.999999999808065754e-01
3.076923076923076650e+00 5.038243205209437600e-06 1.870962417725954139e-06 9.999999999912393411e-01
3.179487179487179294e+00 4.719627052413504091e-07 1.977942066236166833e-06 1.000000000003930412e+00
3.282051282051281937e+00 1.978111077032051739e-06 -1.790984300332706596e-06 1.000000000002024381e+00
3.384615384615384581e+00 -6.978539386477230342e-07 9.245835377781021511e-08 1.000000000006587841e+00
3.487179487179487225e+00 2.726644392925378796e-07 4.960834062952558963e-06 9.999999999948419038e-01
3.589743589743589425e+00 -7.478931305718840689e-07 -1.379156684878276457e-06 1.000000000006967094e+00
3.692307692307692069e+00 -5.201125164234512368e-07 3.466105655712973487e-06 1.000000000001398881e+00
3.794871794871794712e+00 8.439699821957872656e-07 -2.390454510242343084e-06 1.000000000006662670e+00
3.897435897435897356e+00 1.433084209565936051e-06 9.997101109983276149e-07 1.000000000009273471e+00
4.000000000000000000e+00 -6.263959654691805740e-08 -2.421881483103286256e-06 1.000000000009320100e+00
