0.000000000000000000e+00 -7.598303028515199510e-12 9.984857993554224544e-12 -1.000000000000000000e+00
1.025641025641025605e-01 -2.017726145535529980e-01 2.445597634496216866e-01 -9.473584008538361578e-01
2.051282051282051211e-01 -4.002487429599542734e-01 4.388763943487334340e-01 -7.985445478424665344e-01
3.076923076923077094e-01 -5.865677493574172896e-01 5.449648846829531212e-01 -5.779087024404214734e-01
4.102564102564102422e-01 -7.442494502212797514e-01 5.455540778849877759e-01 -3.176513145635966318e-01
5.128205128205127750e-01 -8.520007610036300916e-01 4.467517367344727153e-01 -4.954473468814293846e-02
6.153846153846154188e-01 -8.901755992317967880e-01 2.751155959543531981e-01 2.011286717872115826e-01
7.179487179487179516e-01 -8.481680547406013071e-01 7.060979191569327629e-02 4.182424784741369250e-01
8.205128205128204844e-01 -7.299659833633755923e-01 -1.228677395729528554e-01 5.944586451156198548e-01
9.230769230769230171e-01 -5.555914385599797223e-01 -2.676902257968015175e-01 7.293821852142917672e-01
1.025641025641025550e+00 -3.573046148679565048e-01 -3.413210176116354688e-01 8.271770083880216617e-01
1.128205128205128194e+00 -1.711499386601805228e-01 -3.411534628693443927e-01 8.944010955080651248e-01
1.230769230769230838e+00 -2.666141205469084105e-02 -2.834046865883685373e-01 9.382410712333636438e-01
1.333333333333333259e+00 6.124462061040566313e-02 -1.958020149235579210e-01 9.653892040935220242e-01
1.435897435897435903e+00 9.464320719849728114e-02 -1.071175481583994116e-01 9.813755835441754227e-01
1.538461538461538325e+00 8.848298025779052778e-02 -3.795985536736876803e-02 9.903476695290487353e-01
1.641025641025640969e+00 6.257905499086130474e-02 3.510364196533860559e-03 9.951649302057451463e-01
1.743589743589743613e+00 3.391399795805322137e-02 2.009489281679624137e-02 9.976496482869040561e-01
1.846153846153846034e+00 1.231614093178886975e-02 2.050931171608422546e-02 9.988878854954763575e-01
1.948717948717948678e+00 4.336040705664560846e-04 1.399851425918676763e-02 9.994863689877344637e-01
2.051282051282051100e+00 -3.737140021437466292e-03 6.958735819062914461e-03 9.997682857515841626e-01
2.153846153846153744e+00 -3.664200566391661706e-03 2.202695108017130570e-03 9.998980049943463344e-01
2.256410256410256387e+00 -2.223472115557316529e-03 -1.476973629499782510e-05 9.999562390566494319e-01
2.358974358974359031e+00 -9.338400209383246591e-04 -5.956643719601078775e-04 9.999817492645809436e-01
2.461538461538461675e+00 -2.200968237607574436e-04 -4.790738932177230377e-04 9.999926202925842889e-01
2.564102564102563875e+00 3.736971570462670872e-05 -2.362126668001900088e-04 9.999971135426913849e-01
2.666666666666666519e+00 6.932416372489928172e-05 -7.361755886638826315e-05 9.999989100853867718e-01
2.769230769230769162e+00 4.270069933552868996e-05 -1.313705841063139327e-05 9.999996028590780739e-01
2.871794871794871806e+00 1.098563825791364582e-05 6.430050738091265563e-06 9.999998607099706005e-01
2.974358974358974450e+00 -8.398048711311236419e-08 7.295912640458234663e-06 9.999999528846638119e-01
3.076923076923076650e+00 2.111927906290519873e-06 2.150245605173022487e-06 9.999999846605365228e-01
3.179487179487179294e+00 7.115220593867399567e-07 1.586396368571673678e-06 9.999999951917372121e-01
3.282051282051281937e+00 -4.162748294136930110e-07 2.255323499562420601e-06 9.999999985482435072e-01
3.384615384615384581e+00 -3.151558376614458687e-06 -1.719610603236324781e-06 9.999999995769601746e-01
3.487179487179487225e+00 1.336037344843662118e-06 -3.324491636391757441e-07 9.999999998876649698e-01
3.589743589743589425e+00 -1.600894071429958564e-06 -1.112696842046059253e-06 9.999999999738597989e-01
3.692307692307692069e+00 1.988570724726885140e-06 2.920199742839502110e-06 9.999999999928931294e-01
3.794871794871794712e+00 -2.385506346305012552e-07 -1.891065837547278197e-06 1.000000000005849765e+00
3.897435897435897356e+00 3.088809637570827033e-07 -2.436204417880674871e-06 1.000000000007002399e+00
4.000000000000000000e+00 -4.303781853176112563e-07 1.573482270466717702e-07 1.000000000011132428e+00
