0.000000000000000000e+00 -7.903577807081871752e-12 9.686507566891164918e-12 -1.000000000000000000e+00
1.025641025641025605e-01 -2.094944770994248973e-01 2.373824925276079301e-01 -9.486194640117072696e-01
2.051282051282051211e-01 -4.161770225113728960e-01 4.266926448696203855e-01 -8.026306792585889971e-01
3.076923076923077094e-01 -6.122736456140890349e-01 5.306998913983965727e-01 -5.836963861049239144e-01
4.102564102564102422e-01 -7.814092248672808161e-01 5.301967419057699304e-01 -3.209602972361441653e-01
5.128205128205127750e-01 -8.994246837112631621e-01 4.277941718271950355e-01 -4.517807813825695795e-02
6.153846153846154188e-01 -9.417071664594413027e-01 2.484817093983866243e-01 2.162220021568304340e-01
7.179487179487179516e-01 -8.942087435583803146e-01 3.477150885949820136e-02 4.432448990394580179e-01
8.205128205128204844e-01 -7.619149076891702510e-01 -1.645065390470666078e-01 6.254736741732741523e-01
9.230769230769230171e-01 -5.698651675351438239e-01 -3.081047601785634193e-01 7.615138517828380360e-01
1.025641025641025550e+00 -3.563718624265687085e-01 -3.735699759954020927e-01 8.563446060935172577e-01
1.128205128205128194e+00 -1.614038974601353094e-01 -3.616241103975961213e-01 9.182318025512100634e-01
1.230769230769230838e+00 -1.489099884594471263e-02 -2.927589323025396872e-01 9.560676239771935814e-01
1.333333333333333259e+00 7.055436052996302831e-02 -1.975440539224833369e-01 9.777512917238072587e-01
1.435897435897435903e+00 1.000381953767693344e-01 -1.053042795676757543e-01 9.893953905767857160e-01
1.538461538461538325e+00 9.063623147186496143e-02 -3.551238642344183710e-02 9.952506802899778737e-01
1.641025641025640969e+00 6.291255686698958571e-02 5.260109057805266441e-03 9.980051768909977694e-01
1.743589743589743613e+00 3.359453441670404855e-02 2.096439999417130939e-02 9.992156416299566857e-01
1.846153846153846034e+00 1.196073661019647627e-02 2.079927895756646106e-02 9.997121234429354741e-01
1.948717948717948678e+00 2.207679010043650525e-04 1.402549329980838991e-02 9.999016133863668498e-01
2.051282051282051100e+00 -3.822433036393188890e-03 6.917095515303293800e-03 9.999687708575629719e-01
2.153846153846153744e+00 -3.688923494399365399e-03 2.167629986939213858e-03 9.999908465430255022e-01
2.256410256410256387e+00 -2.225288629943289985e-03 -3.225029816923468892e-05 9.999975235199793921e-01
2.358974358974359031e+00 -9.311385184159394913e-04 -5.988770672066374371e-04 9.999993871670697088e-01
2.461538461538461675e+00 -2.166456213620858722e-04 -4.798363745360836570e-04 9.999998614165198640e-01
2.564102564102563875e+00 3.825752428538212700e-05 -2.356142393269800115e-04 9.999999715167208203e-01
2.666666666666666519e+00 7.040208645062857840e-05 -7.385008149428357689e-05 9.999999948014278717e-01
2.769230769230769162e+00 4.318700556072967048e-05 -9.704861670001044510e-06 9.999999990263424010e-01
2.871794871794871806e+00 9.595739264788771063e-06 4.651401356001524973e-06 9.999999999499645797e-01
2.974358974358974450e+00 9.548803339365402704e-07 2.360426244208800611e-06 1.000000000003169243e+00
3.076923076923076650e+00 3.357588773262923348e-06 3.543228951723823857e-06 9.999999999942110751e-01
3.179487179487179294e+00 1.614525146430756395e-07 2.354353591969575916e-06 1.000000000004092282e+00
3.282051282051281937e+00 1.402704029039824350e-06 -6.658667817437876140e-08 1.000000000005057066e+00
3.384615384615384581e+00 -1.171263039664183502e-06 -5.792783342690134038e-07 1.000000000005572653e+00
3.487179487179487225e+00 3.105298588527866386e-06 2.239089906881920432e-06 9.999999999999035216e-01
3.589743589743589425e+00 -8.327192792250287415e-07 -1.668824226452415134e-06 1.000000000005426992e+00
3.692307692307692069e+00 1.112656507428976071e-06 2.163993686988194079e-06 1.000000000005039080e+00
3.794871794871794712e+00 1.309271878677051388e-06 7.550683587428789937e-07 1.000000000008524070e+00
3.897435897435897356e+00 -2.066836555361902444e-07 2.030144488883846555e-06 1.000000000009740431e+00
4.000000000000000000e+00 -6.263959654691805740e-08 -2.421881483103286256e-06 1.000000000009320100e+00
