0.000000000000000000e+00 9.417325779418742090e-12 8.800023191069606371e-12 -1.000000000000000000e+00
2.105263157894736725e-01 4.839985723208086732e-01 3.516371944589538612e-01 -7.691240487857652353e-01
4.210526315789473450e-01 7.837638780956788231e-01 2.470763534691031160e-01 -3.079700691020293979e-01
6.315789473684210176e-01 7.014235414015260739e-01 -1.803433141796639272e-01 2.512032293441303354e-02
8.421052631578946901e-01 2.898902679387785342e-01 -4.663232642627748170e-01 1.376701418061171134e-01
1.052631578947368363e+00 -1.229615889128696793e-01 -3.830522137720626108e-01 1.402291402917805740e-01
1.263157894736842035e+00 -2.586114796605381572e-01 -9.920717968464670689e-02 1.544284691268514587e-01
1.473684210526315708e+00 -1.436331882600290211e-01 8.811210149113167522e-02 2.386657159625761582e-01
1.684210526315789380e+00 -5.678569840439212646e-03 8.673928488215676413e-02 3.914531526988323518e-01
1.894736842105263053e+00 2.991548726624023574e-02 2.189334471236072804e-02 5.740116084599352630e-01
2.105263157894736725e+00 1.172271378599444927e-02 -5.325135380911401317e-03 7.399247423516195354e-01
2.315789473684210620e+00 1.078606127121934689e-04 -3.615943672529820831e-03 8.610614247841117397e-01
2.526315789473684070e+00 -7.413237885513019503e-04 -3.422586397281611394e-04 9.345529670193185590e-01
2.736842105263157521e+00 -1.011068565222248404e-04 1.030904367546860509e-04 9.725838782378708469e-01
2.947368421052631415e+00 9.936500047956888385e-06 2.108718742295224608e-05 9.897131731307857727e-01
3.157894736842105310e+00 3.604076144898600530e-06 -2.161386603378310291e-07 9.965250097492357462e-01
3.368421052631578760e+00 5.525135659477838937e-07 -4.557143460507210588e-06 9.989394367525287199e-01
3.578947368421052211e+00 2.689925400108219566e-06 -6.482137193629327563e-07 9.997068566942378665e-01
3.789473684210526105e+00 1.072504953855848835e-06 3.358873788880571782e-07 9.999264844782903561e-01
4.000000000000000000e+00 -8.038683547341169132e-07 -2.414709714141529699e-06 9.999832459754514069e-01
