0.000000000000000000e+00 -7.510897862183198926e-12 9.880681296422094686e-12 -1.000000000000000000e+00
2.068965517241379282e-01 -3.984607584865718088e-01 4.365675354509152561e-01 -7.919957202320639933e-01
4.137931034482758563e-01 -7.359368732003213065e-01 5.356483947575224613e-01 -2.999048247483629970e-01
6.206896551724138122e-01 -8.678198886926867806e-01 2.609483589860452368e-01 2.210968752176381558e-01
8.275862068965517127e-01 -6.958948745558993787e-01 -1.262363963439192827e-01 6.053858960549338697e-01
1.034482758620689724e+00 -3.286322010800274973e-01 -3.256013881381855102e-01 8.253569856623534928e-01
1.241379310344827624e+00 -1.822018957845761289e-02 -2.598330895718217737e-01 9.265748249273887405e-01
1.448275862068965525e+00 8.699212962559034479e-02 -9.317761894342259377e-02 9.647060363883691592e-01
1.655172413793103425e+00 5.420829598942920879e-02 4.443640830890542570e-03 9.777564258548302467e-01
1.862068965517241326e+00 1.014389365918164435e-02 1.749779691236410389e-02 9.836819452450545898e-01
2.068965517241379448e+00 -3.060949991394083455e-03 5.759663307282633302e-03 9.882091189988617685e-01
2.275862068965517349e+00 -1.804728716879878611e-03 4.206581204012089376e-05 9.921983257485010865e-01
2.482758620689655249e+00 -1.997267945269740031e-04 -3.720037248292450550e-04 9.953777780032601052e-01
2.689655172413793149e+00 5.245299537387322826e-05 -6.373047460456975728e-05 9.975663568960019267e-01
2.896551724137931050e+00 1.223472521623805007e-05 8.780519925690846218e-07 9.988635228305300373e-01
3.103448275862068950e+00 1.808585585404602277e-06 1.930042584578465104e-06 9.995282183387907970e-01
3.310344827586206851e+00 -8.028817208269736644e-07 -1.712084406908236223e-06 9.998249524016021850e-01
3.517241379310344751e+00 4.639584872307718370e-06 -2.622837042103819997e-07 9.999415456425108095e-01
3.724137931034482651e+00 8.374355451952676693e-08 4.918841651549941037e-06 9.999823095445243837e-01
3.931034482758620552e+00 1.063364306532728842e-06 -2.235861700344269379e-06 9.999951179354904518e-01
4.137931034482758896e+00 2.884588402496841096e-06 -2.098097546897447573e-06 9.999987648968610143e-01
4.344827586206896797e+00 -5.632582365896462778e-06 -2.155047646033468761e-06 9.999997122298203145e-01
4.551724137931034697e+00 2.124753171584740334e-06 -3.574254436149210060e-06 9.999999380030084595e-01
4.758620689655172598e+00 -1.107340260307792190e-06 3.419893046040779175e-06 9.999999876044750602e-01
4.965517241379310498e+00 -5.915617552424869068e-06 -1.544419192736816744e-06 9.999999976831026594e-01
5.172413793103448398e+00 -5.223550501336966822e-06 -7.629400352710979728e-07 9.999999996009447667e-01
5.379310344827586299e+00 1.376615583535537924e-07 6.980628121301298057e-07 9.999999999585695853e-01
5.586206896551724199e+00 -8.656172487868700112e-09 1.119737473511446049e-06 1.000000000011699086e+00
5.793103448275862100e+00 2.123303190748456939e-06 -2.037410480680085796e-06 1.000000000018890001e+00
6.000000000000000000e+00 -1.031996669313529156e-06 -2.241094505841934969e-06 1.000000000027849945e+00
