1.000000000000000056e-01 9.755302754268716514e-01 1.223371373548997991e-02 1.223601083763980850e-02 0.000000000000000000e+00 -5.765075405861524310e-02 9.279411990797058196e-02 7.900369722705246256e-06 -1.092547434361691161e-01 -1.039296624395356916e-02 6.455858308853112439e-03 0.000000000000000000e+00 0.000000000000000000e+00 0.000000000000000000e+00 0.000000000000000000e+00 0.000000000000000000e+00 0.000000000000000000e+00
2.000000000000000111e-01 9.045175672650794807e-01 4.773670390811851627e-02 4.774572882680439695e-02 0.000000000000000000e+00 -1.097236949132216477e-01 1.764635885515350444e-01 6.237851835104015548e-05 -2.078144523759105355e-01 -4.055037705131166181e-02 2.519703635112776480e-02 0.000000000000000000e+00 0.000000000000000000e+00 0.000000000000000000e+00 0.000000000000000000e+00 0.000000000000000000e+00 0.000000000000000000e+00
2.999999999999999889e-01 7.939112540906427817e-01 1.030345200163087782e-01 1.030542258930472882e-01 0.000000000000000000e+00 -1.511846477457557958e-01 2.427827574256488929e-01 2.059760282653128548e-04 -2.860347309478428746e-01 -8.751033662807239377e-02 5.440665109875944538e-02 0.000000000000000000e+00 0.000000000000000000e+00 0.000000000000000000e+00 0.000000000000000000e+00 0.000000000000000000e+00 0.000000000000000000e+00
4.000000000000000222e-01 6.545386302165410175e-01 1.727138942847764036e-01 1.727474754986815242e-01 0.000000000000000000e+00 -1.780278363784953688e-01 2.852262352534768453e-01 4.734959260127581649e-04 -3.362583408717942923e-01 -1.466590230851481380e-01 9.125250774060383874e-02 0.000000000000000000e+00 0.000000000000000000e+00 0.000000000000000000e+00 0.000000000000000000e+00 0.000000000000000000e+00 0.000000000000000000e+00
5.000000000000000000e-01 5.000425740253554574e-01 2.499538795861929175e-01 2.500035463884533460e-01 0.000000000000000000e+00 -1.876670757122921307e-01 2.996141685969995749e-01 8.889679521618266533e-04 -3.535698326810651770e-01 -2.121846558501986058e-01 1.321628849255125637e-01 0.000000000000000000e+00 0.000000000000000000e+00 0.000000000000000000e+00 0.000000000000000000e+00 0.000000000000000000e+00 0.000000000000000000e+00
5.999999999999999778e-01 3.455457283707660254e-01 3.271937251867363949e-01 3.272605464424975241e-01 0.000000000000000000e+00 -1.791856697503003693e-01 2.845222132326492570e-01 1.463510762784011199e-03 -3.362756934457696301e-01 -2.776481861944272711e-01 1.731735603379021549e-01 0.000000000000000000e+00 0.000000000000000000e+00 0.000000000000000000e+00 0.000000000000000000e+00 0.000000000000000000e+00 0.000000000000000000e+00
6.999999999999999556e-01 2.061694692114485750e-01 3.968733518826897400e-01 3.969571789058619071e-01 0.000000000000000000e+00 -1.534238226283859696e-01 2.414214135040449183e-01 2.194293337476642056e-03 -2.860692851353373589e-01 -3.366158353117432722e-01 2.103128754109692411e-01 0.000000000000000000e+00 0.000000000000000000e+00 0.000000000000000000e+00 0.000000000000000000e+00 0.000000000000000000e+00 0.000000000000000000e+00
7.999999999999999334e-01 9.555617173859837221e-02 4.521721762682731072e-01 4.522716519931297974e-01 0.000000000000000000e+00 -1.128956335572681990e-01 1.745348620947850260e-01 3.064659427752089351e-03 -2.078652340936777143e-01 -3.832899114831817555e-01 2.399864598292404394e-01 0.000000000000000000e+00 0.000000000000000000e+00 0.000000000000000000e+00 0.000000000000000000e+00 0.000000000000000000e+00 0.000000000000000000e+00
8.999999999999999112e-01 2.453397202331945165e-02 4.876766918830163222e-01 4.877893360936639278e-01 0.000000000000000000e+00 -6.154440852711445115e-02 9.042639012943984311e-02 4.045318460373872708e-03 -1.093208363547121115e-01 -4.130784600349600155e-01 2.593254241625387313e-01 0.000000000000000000e+00 0.000000000000000000e+00 0.000000000000000000e+00 0.000000000000000000e+00 0.000000000000000000e+00 0.000000000000000000e+00
9.999999999999998890e-01 5.196329082164977912e-05 4.999128290595059587e-01 5.000352076496724640e-01 0.000000000000000000e+00 -4.354711508857969475e-03 -2.648326083878820448e-03 5.096773224989665542e-03 -8.003311086437014488e-05 -4.230486461837521528e-01 2.664654916636648996e-01 0.000000000000000000e+00 0.000000000000000000e+00 0.000000000000000000e+00 0.000000000000000000e+00 0.000000000000000000e+00 0.000000000000000000e+00
1.099999999999999867e+00 2.450612900493397486e-02 4.876829640900994245e-01 4.878109069049654800e-01 0.000000000000000000e+00 5.312886647889208946e-02 -9.554342021414458097e-02 6.172241352682777266e-03 1.091616252142477150e-01 -4.122132413404534512e-01 2.607245915873789288e-01 0.000000000000000000e+00 0.000000000000000000e+00 0.000000000000000000e+00 0.000000000000000000e+00 0.000000000000000000e+00 0.000000000000000000e+00
1.199999999999999956e+00 9.550099546668500139e-02 4.521850673767338069e-01 4.523139371565808586e-01 0.000000000000000000e+00 1.053456052308051755e-01 -1.791268479346227460e-01 7.221436960749585271e-03 2.077120175458085638e-01 -3.816300767609696054e-01 2.426686890802433605e-01 0.000000000000000000e+00 0.000000000000000000e+00 0.000000000000000000e+00 0.000000000000000000e+00 0.000000000000000000e+00 0.000000000000000000e+00
1.300000000000000044e+00 2.060884714099227299e-01 3.968932745988073552e-01 3.970182539912688324e-01 0.000000000000000000e+00 1.472579270242050098e-01 -2.451738795935280990e-01 8.194404838279385761e-03 2.859261038236525221e-01 -3.342977925214990487e-01 2.140534064602749864e-01 0.000000000000000000e+00 0.000000000000000000e+00 0.000000000000000000e+00 0.000000000000000000e+00 0.000000000000000000e+00 0.000000000000000000e+00
1.399999999999999911e+00 3.454390623807148120e-01 3.272222804884785674e-01 3.273386571308054549e-01 0.000000000000000000e+00 1.748381683732973813e-01 -2.871706335096138041e-01 9.045101311796590118e-03 3.361454224750792807e-01 -2.748666124563053925e-01 1.776537284582742626e-01 0.000000000000000000e+00 0.000000000000000000e+00 0.000000000000000000e+00 0.000000000000000000e+00 0.000000000000000000e+00 0.000000000000000000e+00
1.500000000000000000e+00 4.999107734029955563e-01 2.499928934224836530e-01 2.500963331745205687e-01 0.000000000000000000e+00 1.854630914859552449e-01 -3.009610981381802830e-01 9.734996145398472009e-03 3.534559115258524842e-01 -2.091793219729893294e-01 1.369902084951871157e-01 0.000000000000000000e+00 0.000000000000000000e+00 0.000000000000000000e+00 0.000000000000000000e+00 0.000000000000000000e+00 0.000000000000000000e+00
1.599999999999999867e+00 6.543872718720545878e-01 1.727629761435231226e-01 1.728497519844219288e-01 0.000000000000000000e+00 1.781640579452734019e-01 -2.851516458234844564e-01 1.023558797527593725e-02 3.361635173603054194e-01 -1.436977312648001770e-01 9.598437168508902606e-02 0.000000000000000000e+00 0.000000000000000000e+00 0.000000000000000000e+00 0.000000000000000000e+00 0.000000000000000000e+00 0.000000000000000000e+00
1.699999999999999956e+00 7.937402711714044434e-01 1.030962779091815912e-01 1.031634509194133409e-01 0.000000000000000000e+00 1.537190647503818564e-01 -2.412511484394282424e-01 1.053005158039726705e-02 2.859617167180658059e-01 -8.487653381992943391e-02 5.858107042925159158e-02 0.000000000000000000e+00 0.000000000000000000e+00 0.000000000000000000e+00 0.000000000000000000e+00 0.000000000000000000e+00 0.000000000000000000e+00
1.800000000000000044e+00 9.043301662019918030e-01 4.781214724704547364e-02 4.785768655096243884e-02 0.000000000000000000e+00 1.145736816498618277e-01 -1.735247491312708890e-01 1.061414033171692931e-02 2.077654679668117788e-01 -3.852171569651392791e-02 2.835941071303548985e-02 0.000000000000000000e+00 0.000000000000000000e+00 0.000000000000000000e+00 0.000000000000000000e+00 0.000000000000000000e+00 0.000000000000000000e+00
1.899999999999999911e+00 9.753309864491674919e-01 1.232308988124579049e-02 1.234592366958480944e-02 0.000000000000000000e+00 6.459933899240971611e-02 -8.857774470148492563e-02 1.049571267851226279e-02 1.092300415247794143e-01 -9.224903874416679264e-03 8.187861475577632234e-03 0.000000000000000000e+00 0.000000000000000000e+00 0.000000000000000000e+00 0.000000000000000000e+00 0.000000000000000000e+00 0.000000000000000000e+00
2.000000000000000000e+00 9.997921490365559993e-01 1.039208309036397372e-04 1.039301325405467372e-04 0.000000000000000000e+00 8.713765726340978734e-03 5.288622873366079745e-03 1.019355353707190708e-02 3.344895672606433151e-06 8.886040544909043883e-05 -5.389192893208786373e-05 0.000000000000000000e+00 0.000000000000000000e+00 0.000000000000000000e+00 0.000000000000000000e+00 0.000000000000000000e+00 0.000000000000000000e+00
2.099999999999999645e+00 9.753188250396628289e-01 1.235161326156821240e-02 1.232956169876840008e-02 0.000000000000000000e+00 -4.760510244578097794e-02 9.889648700483177901e-02 9.735258155496577526e-03 -1.092267291702709170e-01 -1.155067193332088953e-02 4.344186425945279796e-03 0.000000000000000000e+00 0.000000000000000000e+00 0.000000000000000000e+00 0.000000000000000000e+00 0.000000000000000000e+00 0.000000000000000000e+00
2.199999999999999734e+00 9.043069487320695155e-01 4.786781530766646975e-02 4.782523596026402174e-02 0.000000000000000000e+00 -9.884660419882462801e-02 1.830752489595486865e-01 9.154339198111387590e-03 -2.077616211373075339e-01 -4.306157988847487267e-02 2.085641147493198788e-02 0.000000000000000000e+00 0.000000000000000000e+00 0.000000000000000000e+00 0.000000000000000000e+00 0.000000000000000000e+00 0.000000000000000000e+00
2.299999999999999822e+00 7.937116776549603125e-01 1.031746380687750958e-01 1.031136842762627598e-01 0.000000000000000000e+00 -1.400137886842467705e-01 2.495737447090174976e-01 8.487466099855397322e-03 -2.859554130491471224e-01 -9.141269756428875570e-02 4.777484462747056543e-02 0.000000000000000000e+00 0.000000000000000000e+00 0.000000000000000000e+00 0.000000000000000000e+00 0.000000000000000000e+00 0.000000000000000000e+00
2.399999999999999911e+00 6.543500613417272405e-01 1.728633311378364179e-01 1.727866075204352592e-01 0.000000000000000000e+00 -1.671109408159499599e-01 2.918682318387341157e-01 7.771154621934995427e-03 -3.361584988501632454e-01 -1.519257619781909097e-01 8.238344129359563561e-02 0.000000000000000000e+00 0.000000000000000000e+00 0.000000000000000000e+00 0.000000000000000000e+00 0.000000000000000000e+00 0.000000000000000000e+00
2.500000000000000000e+00 4.998696005888943472e-01 2.501100031849997074e-01 2.500203962261052792e-01 0.000000000000000000e+00 -1.775247126973364675e-01 3.057897374706906590e-01 7.039050665085512526e-03 -3.534516192236445420e-01 -2.187200089314806639e-01 1.212194695154661661e-01 0.000000000000000000e+00 0.000000000000000000e+00 0.000000000000000000e+00 0.000000000000000000e+00 0.000000000000000000e+00 0.000000000000000000e+00
2.600000000000000089e+00 3.453981149992008115e-01 3.273506832793839916e-01 3.272512017214149194e-01 0.000000000000000000e+00 -1.702855532392882065e-01 2.899467867396386955e-01 6.319498921221670777e-03 -3.361428445966390677e-01 -2.852929790596291926e-01 1.604176442502222577e-01 0.000000000000000000e+00 0.000000000000000000e+00 0.000000000000000000e+00 0.000000000000000000e+00 0.000000000000000000e+00 0.000000000000000000e+00
2.699999999999999734e+00 2.060472564402121287e-01 3.970295546767519390e-01 3.969231888830365707e-01 0.000000000000000000e+00 -1.461560820684990325e-01 2.458561572115140759e-01 5.633979724023179848e-03 -2.859251514941777428e-01 -3.451630500612660746e-01 1.960936148773188836e-01 0.000000000000000000e+00 0.000000000000000000e+00 0.000000000000000000e+00 0.000000000000000000e+00 0.000000000000000000e+00 0.000000000000000000e+00
2.799999999999999822e+00 9.546436843042289955e-02 4.523230068149097782e-01 4.522126247546667810e-01 0.000000000000000000e+00 -1.075553690404346258e-01 1.777992470291972771e-01 4.996184742925979284e-03 -2.077142995512753776e-01 -3.924900318119022846e-01 2.247170422491151509e-01 0.000000000000000000e+00 0.000000000000000000e+00 0.000000000000000000e+00 0.000000000000000000e+00 0.000000000000000000e+00 0.000000000000000000e+00
2.899999999999999911e+00 2.447576980027160384e-02 4.878179774668946478e-01 4.877062527328327457e-01 0.000000000000000000e+00 -5.831983864343895374e-02 9.240409590133430440e-02 4.412084822370875535e-03 -1.091673920054611335e-01 -4.226558070574137904e-01 2.434624130476757409e-01 0.000000000000000000e+00 0.000000000000000000e+00 0.000000000000000000e+00 0.000000000000000000e+00 0.000000000000000000e+00 0.000000000000000000e+00
3.000000000000000000e+00 3.013250308982990891e-05 5.000402455111981892e-01 4.999296219857112256e-01 0.000000000000000000e+00 -3.325281261137832955e-03 -2.002618281500837677e-03 3.880736793367006287e-03 6.725950320675258066e-05 -4.327152664505519719e-01 2.504843889282704628e-01 0.000000000000000000e+00 0.000000000000000000e+00 0.000000000000000000e+00 0.000000000000000000e+00 0.000000000000000000e+00 0.000000000000000000e+00
