1.000000000000000056e-01 -3.874242128532712215e-03 2.956791704611862540e-02 -9.946437229447289141e-01
2.000000000000000111e-01 -2.399171246839715624e-04 1.623432840050860210e-03 -9.782005354209930559e-01
2.999999999999999889e-01 -1.017135940759508507e-06 6.098505887278429896e-06 -9.497405656725611545e-01
4.000000000000000222e-01 -2.372591861756170601e-10 1.898985956430124294e-09 -9.082686468507350508e-01
5.000000000000000000e-01 1.262933299969336744e-10 9.338385725997117147e-11 -8.532953692322098327e-01
5.999999999999999778e-01 1.388307310837610478e-10 1.050337759649642289e-10 -7.852979594332480939e-01
6.999999999999999556e-01 1.449400466685073958e-10 1.085170246242124799e-10 -7.059723737154663947e-01
7.999999999999999334e-01 1.443577296168492176e-10 1.067162092475750248e-10 -6.182792265850005631e-01
8.999999999999999112e-01 1.373321696881900074e-10 1.001236421599159404e-10 -5.262579382497445390e-01
9.999999999999998890e-01 1.251950183023947925e-10 8.975159611147331897e-11 -4.345786788779094079e-01
1.099999999999999867e+00 1.094119572292343390e-10 7.695076994751326572e-11 -3.478555548862750091e-01
1.199999999999999956e+00 9.185083484709294511e-11 6.320857565814331279e-11 -2.699186740039781207e-01
1.300000000000000044e+00 7.427360432075288453e-11 4.983386839452998494e-11 -2.032711438690043559e-01
1.399999999999999911e+00 5.803173996525371783e-11 3.782263334599158764e-11 -1.488964818672550705e-01
1.500000000000000000e+00 4.398655245248993644e-11 2.773283608429205642e-11 -1.064186492812204399e-01
1.599999999999999867e+00 3.249014511655546303e-11 1.972163803582470404e-11 -7.450123207010110604e-02
1.699999999999999956e+00 2.350402582177938478e-11 1.365860585771813889e-11 -5.131558802403397151e-02
1.800000000000000044e+00 1.673981829210143679e-11 9.253637350299266336e-12 -3.494177242148834017e-02
1.899999999999999911e+00 1.180166126272332699e-11 6.157741788484450139e-12 -2.363560170940303545e-02
2.000000000000000000e+00 8.277426841080198435e-12 4.040415727847329970e-12 -1.595858600545390846e-02
2.099999999999999645e+00 5.803755709241480960e-12 2.621925338983705192e-12 -1.080400397142703035e-02
2.199999999999999734e+00 4.085989850639020403e-12 1.685737510310135478e-12 -7.364078729454329002e-03
2.299999999999999822e+00 2.899428184755924909e-12 1.074378039105745977e-12 -5.071589135740212952e-03
2.399999999999999911e+00 2.080251755182482374e-12 6.775259838598801864e-13 -3.539373808975958876e-03
2.500000000000000000e+00 1.513019555267692625e-12 4.208426364734720505e-13 -2.509098476926313083e-03
2.600000000000000089e+00 1.117760675468008189e-12 2.548180210317087907e-13 -1.810011457706531355e-03
2.699999999999999734e+00 8.398357861896165372e-13 1.472204222848306774e-13 -1.330274624884437810e-03
2.799999999999999822e+00 6.422934488228809473e-13 7.727452490516495431e-14 -9.967532274726307543e-04
2.899999999999999911e+00 5.001617047480450224e-13 3.161676321877049485e-14 -7.616051874533046658e-04
3.000000000000000000e+00 3.965693813578579519e-13 1.688049363657715702e-15 -5.933325217975158033e-04
