1.000000000000000056e-01 6.593739336153195060e-03 -2.194003374884985827e-02 -9.989962740580068390e-01
2.000000000000000111e-01 1.997366317541430202e-03 -6.415076105540652197e-03 -9.956141549413730640e-01
2.999999999999999889e-01 1.249177663094592713e-04 -3.908160145218595653e-04 -9.887741222786482487e-01
4.000000000000000222e-01 1.827307903267031199e-06 -5.891609758982849263e-06 -9.767981714078901589e-01
5.000000000000000000e-01 6.433044046505660284e-09 -2.328456533532469359e-08 -9.576002895740587384e-01
5.999999999999999778e-01 4.093063963860091257e-10 -9.127854353128293329e-11 -9.289795519986380201e-01
6.999999999999999556e-01 4.526732040100871708e-10 -7.920508479530763374e-11 -8.890103875187723714e-01
7.999999999999999334e-01 4.865832804560824918e-10 -9.075692776199049089e-11 -8.364984572404216001e-01
8.999999999999999112e-01 5.045240195619112410e-10 -1.007106149613106625e-10 -7.714144310679048600e-01
9.999999999999998890e-01 5.046584315936755626e-10 -1.081712924315581385e-10 -6.951794989497672717e-01
1.099999999999999867e+00 4.869242776531848420e-10 -1.122561069907286918e-10 -6.106839110309610907e-01
1.199999999999999956e+00 4.530563655833981034e-10 -1.125269757721793476e-10 -5.219648139308961099e-01
1.300000000000000044e+00 4.065579121997787740e-10 -1.088942490401955383e-10 -4.336035463050198491e-01
1.399999999999999911e+00 3.520935188735330717e-10 -1.017143365982839292e-10 -3.499907147602595026e-01
1.500000000000000000e+00 2.946497405876780047e-10 -9.180004751875873788e-11 -2.746614807772660427e-01
1.599999999999999867e+00 2.387610601871396640e-10 -8.019257055372526825e-11 -2.098698993982420768e-01
1.699999999999999956e+00 1.878156543895021760e-10 -6.796078200205941101e-11 -1.564908979755845475e-01
1.800000000000000044e+00 1.438887684414660537e-10 -5.604808246630444661e-11 -1.142054781468109376e-01
1.899999999999999911e+00 1.077671009096020774e-10 -4.513834473193299370e-11 -8.185722636601958091e-02
2.000000000000000000e+00 7.922411939425593377e-11 -3.564480142161688396e-11 -5.784856626229904764e-02
2.099999999999999645e+00 5.741120292453653414e-11 -2.771498597796152684e-11 -4.047459211784782546e-02
2.199999999999999734e+00 4.118870387005345125e-11 -2.130768041629854118e-11 -2.815434020417627303e-02
2.299999999999999822e+00 2.938002981584457744e-11 -1.626694922528484561e-11 -1.955212994294867890e-02
2.399999999999999911e+00 2.092093489141089316e-11 -1.238159853527697556e-11 -1.360960162732439797e-02
2.500000000000000000e+00 1.492684783654299759e-11 -9.430798246488163070e-12 -9.529705493217481907e-03
2.600000000000000089e+00 1.070800482081311584e-11 -7.212910870682813025e-12 -6.735210466165099732e-03
2.699999999999999734e+00 7.745895502774025885e-12 -5.555662076083309904e-12 -4.818103144159287601e-03
2.799999999999999822e+00 5.661636929133194873e-12 -4.318231865217969417e-12 -3.495420235875611095e-03
2.899999999999999911e+00 4.190210216506286422e-12 -3.394234363583428344e-12 -2.576807747510042115e-03
3.000000000000000000e+00 3.144409737885337098e-12 -2.701610516526595395e-12 -1.932670303441881262e-03
