1.000000000000000056e-01 5.524671612273777954e-02 2.660362578466295147e-02 -9.810210891127019162e-01
2.000000000000000111e-01 3.746389146589082161e-03 1.982215392809860872e-03 -9.253614358439767873e-01
2.999999999999999889e-01 1.999036628834250515e-05 1.207335950934626778e-05 -8.375145055347588130e-01
4.000000000000000222e-01 1.019916498941432207e-08 6.870520662713469233e-09 -7.261776058442550585e-01
5.000000000000000000e-01 1.712728579555953701e-10 -3.803951345624511721e-11 -6.035653778081950804e-01
5.999999999999999778e-01 1.709252586019552945e-10 -3.387602049958535347e-11 -4.824231867553017139e-01
6.999999999999999556e-01 1.542463022197934773e-10 -3.074380956090495363e-11 -3.725359440759457019e-01
7.999999999999999334e-01 1.321573629366179531e-10 -2.649339802098647751e-11 -2.791295263864962961e-01
8.999999999999999112e-01 1.084679765743567060e-10 -2.188372460767336782e-11 -2.035410442364835037e-01
9.999999999999998890e-01 8.574416845520078185e-11 -1.743041151381408092e-11 -1.447588526831828371e-01
1.099999999999999867e+00 6.559369561535732274e-11 -1.344094166129331759e-11 -1.006314450811039152e-01
1.199999999999999956e+00 4.876497237112641671e-11 -1.008279721312266285e-11 -6.857415132230304522e-02
1.300000000000000044e+00 3.541610248614354975e-11 -7.394086668660239944e-12 -4.597549961372052185e-02
1.399999999999999911e+00 2.526010693699892498e-11 -5.329257279434853220e-12 -3.046174970643146865e-02
1.500000000000000000e+00 1.779445044214382571e-11 -3.796035950208191963e-12 -2.004410310385092847e-02
1.599999999999999867e+00 1.245269329644835323e-11 -2.689123931189101052e-12 -1.316662899859071499e-02
1.699999999999999956e+00 8.705474947899470247e-12 -1.904377534201179687e-12 -8.678235771135446586e-03
1.800000000000000044e+00 6.110716070367909126e-12 -1.355312316459784405e-12 -5.766627863335322367e-03
1.899999999999999911e+00 4.326431540235629924e-12 -9.738179134575029495e-13 -3.879563462336763861e-03
2.000000000000000000e+00 3.101276702080786970e-12 -7.091322387709052617e-13 -2.651871709341150143e-03
2.099999999999999645e+00 2.257548946212789116e-12 -5.249514642419636464e-13 -1.846959670502661870e-03
2.199999999999999734e+00 1.672487811251461767e-12 -3.959111068296677247e-13 -1.313346138944863385e-03
2.299999999999999822e+00 1.262818342494403563e-12 -3.046633162248698069e-13 -9.547431500413401141e-04
2.399999999999999911e+00 9.725231031838486238e-13 -2.393987244360756666e-13 -7.100143464826215878e-04
2.500000000000000000e+00 7.640174298399738534e-13 -1.921438434226143684e-13 -5.402014626423524068e-04
2.600000000000000089e+00 6.120912987442533086e-13 -1.574757089495682968e-13 -4.203308492235723862e-04
2.699999999999999734e+00 4.997361838133135344e-13 -1.316910619298020983e-13 -3.342304814991745466e-04
2.799999999999999822e+00 4.153876443622496787e-13 -1.122710266707521858e-13 -2.713198720936527272e-04
2.899999999999999911e+00 3.511202904073823704e-13 -9.746124820039735054e-14 -2.245816081776703173e-04
3.000000000000000000e+00 3.014101509245303506e-13 -8.603962993447209724e-14 -1.892930784997137197e-04
