1.000000000000000056e-01 9.992043726860405650e-01 0.000000000000000000e+00 7.956273139529285729e-04 0.000000000000000000e+00 0.000000000000000000e+00 0.000000000000000000e+00 -1.778908359798346203e-02 2.187560439295312131e-02 0.000000000000000000e+00 0.000000000000000000e+00 0.000000000000000000e+00 0.000000000000000000e+00 0.000000000000000000e+00 0.000000000000000000e+00 0.000000000000000000e+00 0.000000000000000000e+00
2.000000000000000111e-01 9.968224055656913496e-01 0.000000000000000000e+00 3.177594434302622676e-03 0.000000000000000000e+00 0.000000000000000000e+00 0.000000000000000000e+00 -3.673632615058681355e-02 4.263729230288235833e-02 0.000000000000000000e+00 0.000000000000000000e+00 0.000000000000000000e+00 0.000000000000000000e+00 0.000000000000000000e+00 0.000000000000000000e+00 0.000000000000000000e+00 0.000000000000000000e+00
2.999999999999999889e-01 9.928666622069728387e-01 0.000000000000000000e+00 7.133337793026978298e-03 0.000000000000000000e+00 0.000000000000000000e+00 0.000000000000000000e+00 -5.788212524353010535e-02 6.109102043156118544e-02 0.000000000000000000e+00 0.000000000000000000e+00 0.000000000000000000e+00 0.000000000000000000e+00 0.000000000000000000e+00 0.000000000000000000e+00 0.000000000000000000e+00 0.000000000000000000e+00
4.000000000000000222e-01 9.873565689365434439e-01 0.000000000000000000e+00 1.264343106345599578e-02 0.000000000000000000e+00 0.000000000000000000e+00 0.000000000000000000e+00 -8.202807960205193982e-02 7.586150177779432680e-02 0.000000000000000000e+00 0.000000000000000000e+00 0.000000000000000000e+00 0.000000000000000000e+00 0.000000000000000000e+00 0.000000000000000000e+00 0.000000000000000000e+00 0.000000000000000000e+00
5.000000000000000000e-01 9.803219178707189840e-01 0.000000000000000000e+00 1.967808212928099168e-02 0.000000000000000000e+00 0.000000000000000000e+00 0.000000000000000000e+00 -1.095940466288693599e-01 8.532289894897446270e-02 0.000000000000000000e+00 0.000000000000000000e+00 0.000000000000000000e+00 0.000000000000000000e+00 0.000000000000000000e+00 0.000000000000000000e+00 0.000000000000000000e+00 0.000000000000000000e+00
5.999999999999999778e-01 9.717977001704616313e-01 0.000000000000000000e+00 2.820229982954086667e-02 0.000000000000000000e+00 0.000000000000000000e+00 0.000000000000000000e+00 -1.404557428060174418e-01 8.763051228044196894e-02 0.000000000000000000e+00 0.000000000000000000e+00 0.000000000000000000e+00 0.000000000000000000e+00 0.000000000000000000e+00 0.000000000000000000e+00 0.000000000000000000e+00 0.000000000000000000e+00
6.999999999999999556e-01 9.618275177771780093e-01 0.000000000000000000e+00 3.817248222281955511e-02 0.000000000000000000e+00 0.000000000000000000e+00 0.000000000000000000e+00 -1.737424033203636420e-01 8.080170204326217465e-02 0.000000000000000000e+00 0.000000000000000000e+00 0.000000000000000000e+00 0.000000000000000000e+00 0.000000000000000000e+00 0.000000000000000000e+00 0.000000000000000000e+00 0.000000000000000000e+00
7.999999999999999334e-01 9.504664897893229103e-01 0.000000000000000000e+00 4.953351021067692317e-02 0.000000000000000000e+00 0.000000000000000000e+00 0.000000000000000000e+00 -2.076659576459871093e-01 6.288711837926733161e-02 0.000000000000000000e+00 0.000000000000000000e+00 0.000000000000000000e+00 0.000000000000000000e+00 0.000000000000000000e+00 0.000000000000000000e+00 0.000000000000000000e+00 0.000000000000000000e+00
8.999999999999999112e-01 9.377647375950355357e-01 0.000000000000000000e+00 6.223526240496621981e-02 0.000000000000000000e+00 0.000000000000000000e+00 0.000000000000000000e+00 -2.394164700776172106e-01 3.227672492381954139e-02 0.000000000000000000e+00 0.000000000000000000e+00 0.000000000000000000e+00 0.000000000000000000e+00 0.000000000000000000e+00 0.000000000000000000e+00 0.000000000000000000e+00 0.000000000000000000e+00
9.999999999999998890e-01 9.237869002610410440e-01 0.000000000000000000e+00 7.621309973896117640e-02 0.000000000000000000e+00 0.000000000000000000e+00 0.000000000000000000e+00 -2.650732175638915167e-01 -1.186773187910304672e-02 0.000000000000000000e+00 0.000000000000000000e+00 0.000000000000000000e+00 0.000000000000000000e+00 0.000000000000000000e+00 0.000000000000000000e+00 0.000000000000000000e+00 0.000000000000000000e+00
1.099999999999999867e+00 9.086056127525696802e-01 0.000000000000000000e+00 9.139438724742467157e-02 0.000000000000000000e+00 0.000000000000000000e+00 0.000000000000000000e+00 -2.797592735389011764e-01 -6.911002692492783372e-02 0.000000000000000000e+00 0.000000000000000000e+00 0.000000000000000000e+00 0.000000000000000000e+00 0.000000000000000000e+00 0.000000000000000000e+00 0.000000000000000000e+00 0.000000000000000000e+00
1.199999999999999956e+00 8.922901276638086632e-01 0.000000000000000000e+00 1.077098723361924193e-01 0.000000000000000000e+00 0.000000000000000000e+00 0.000000000000000000e+00 -2.780252426116593401e-01 -1.371510333764960343e-01 0.000000000000000000e+00 0.000000000000000000e+00 0.000000000000000000e+00 0.000000000000000000e+00 0.000000000000000000e+00 0.000000000000000000e+00 0.000000000000000000e+00 0.000000000000000000e+00
1.300000000000000044e+00 8.749294382620713684e-01 0.000000000000000000e+00 1.250705617379277990e-01 0.000000000000000000e+00 0.000000000000000000e+00 0.000000000000000000e+00 -2.545038148286887791e-01 -2.113190220487259352e-01 0.000000000000000000e+00 0.000000000000000000e+00 0.000000000000000000e+00 0.000000000000000000e+00 0.000000000000000000e+00 0.000000000000000000e+00 0.000000000000000000e+00 0.000000000000000000e+00
1.399999999999999911e+00 8.565738231007120618e-01 0.000000000000000000e+00 1.434261768992888819e-01 0.000000000000000000e+00 0.000000000000000000e+00 0.000000000000000000e+00 -2.049529976329453884e-01 -2.843402185087600120e-01 0.000000000000000000e+00 0.000000000000000000e+00 0.000000000000000000e+00 0.000000000000000000e+00 0.000000000000000000e+00 0.000000000000000000e+00 0.000000000000000000e+00 0.000000000000000000e+00
1.500000000000000000e+00 8.373384894721349614e-01 0.000000000000000000e+00 1.626615105278690077e-01 0.000000000000000000e+00 0.000000000000000000e+00 0.000000000000000000e+00 -1.274995337263719608e-01 -3.463330757035298357e-01 0.000000000000000000e+00 0.000000000000000000e+00 0.000000000000000000e+00 0.000000000000000000e+00 0.000000000000000000e+00 0.000000000000000000e+00 0.000000000000000000e+00 0.000000000000000000e+00
1.599999999999999867e+00 8.172991625964373119e-01 0.000000000000000000e+00 1.827008374035600513e-01 0.000000000000000000e+00 0.000000000000000000e+00 0.000000000000000000e+00 -2.413396100933175303e-02 -3.856666667339664900e-01 0.000000000000000000e+00 0.000000000000000000e+00 0.000000000000000000e+00 0.000000000000000000e+00 0.000000000000000000e+00 0.000000000000000000e+00 0.000000000000000000e+00 0.000000000000000000e+00
1.699999999999999956e+00 7.965508197792598999e-01 0.000000000000000000e+00 2.034491802207464561e-01 0.000000000000000000e+00 0.000000000000000000e+00 0.000000000000000000e+00 9.809705889794682887e-02 -3.904287030725478447e-01 0.000000000000000000e+00 0.000000000000000000e+00 0.000000000000000000e+00 0.000000000000000000e+00 0.000000000000000000e+00 0.000000000000000000e+00 0.000000000000000000e+00 0.000000000000000000e+00
1.800000000000000044e+00 7.751693369289220925e-01 0.000000000000000000e+00 2.248306630710786291e-01 0.000000000000000000e+00 0.000000000000000000e+00 0.000000000000000000e+00 2.264033527641148846e-01 -3.507468419330013742e-01 0.000000000000000000e+00 0.000000000000000000e+00 0.000000000000000000e+00 0.000000000000000000e+00 0.000000000000000000e+00 0.000000000000000000e+00 0.000000000000000000e+00 0.000000000000000000e+00
1.899999999999999911e+00 7.532393745167111909e-01 0.000000000000000000e+00 2.467606254832896973e-01 0.000000000000000000e+00 0.000000000000000000e+00 0.000000000000000000e+00 3.426171000584939952e-01 -2.616932027259221694e-01 0.000000000000000000e+00 0.000000000000000000e+00 0.000000000000000000e+00 0.000000000000000000e+00 0.000000000000000000e+00 0.000000000000000000e+00 0.000000000000000000e+00 0.000000000000000000e+00
2.000000000000000000e+00 7.308691237752470427e-01 0.000000000000000000e+00 2.691308762247548447e-01 0.000000000000000000e+00 0.000000000000000000e+00 0.000000000000000000e+00 4.251511408779449219e-01 -1.262772347832919473e-01 0.000000000000000000e+00 0.000000000000000000e+00 0.000000000000000000e+00 0.000000000000000000e+00 0.000000000000000000e+00 0.000000000000000000e+00 0.000000000000000000e+00 0.000000000000000000e+00
2.099999999999999645e+00 7.081386414946255758e-01 0.000000000000000000e+00 2.918613585053770887e-01 0.000000000000000000e+00 0.000000000000000000e+00 0.000000000000000000e+00 4.526546631254892983e-01 4.221443366329388769e-02 0.000000000000000000e+00 0.000000000000000000e+00 0.000000000000000000e+00 0.000000000000000000e+00 0.000000000000000000e+00 0.000000000000000000e+00 0.000000000000000000e+00 0.000000000000000000e+00
2.199999999999999734e+00 6.851267024990791432e-01 0.000000000000000000e+00 3.148732975009194690e-01 0.000000000000000000e+00 0.000000000000000000e+00 0.000000000000000000e+00 4.091955161508977201e-01 2.197433197406136185e-01 0.000000000000000000e+00 0.000000000000000000e+00 0.000000000000000000e+00 0.000000000000000000e+00 0.000000000000000000e+00 0.000000000000000000e+00 0.000000000000000000e+00 0.000000000000000000e+00
2.299999999999999822e+00 6.619334927403544011e-01 0.000000000000000000e+00 3.380665072596413800e-01 0.000000000000000000e+00 0.000000000000000000e+00 0.000000000000000000e+00 2.900790617058890963e-01 3.736732139476519055e-01 0.000000000000000000e+00 0.000000000000000000e+00 0.000000000000000000e+00 0.000000000000000000e+00 0.000000000000000000e+00 0.000000000000000000e+00 0.000000000000000000e+00 0.000000000000000000e+00
2.399999999999999911e+00 6.386224948460094142e-01 0.000000000000000000e+00 3.613775051539907524e-01 0.000000000000000000e+00 0.000000000000000000e+00 0.000000000000000000e+00 1.068595687677607597e-01 4.683639901965264696e-01 0.000000000000000000e+00 0.000000000000000000e+00 0.000000000000000000e+00 0.000000000000000000e+00 0.000000000000000000e+00 0.000000000000000000e+00 0.000000000000000000e+00 0.000000000000000000e+00
2.500000000000000000e+00 6.152758793604932164e-01 0.000000000000000000e+00 3.847241206395058399e-01 0.000000000000000000e+00 0.000000000000000000e+00 0.000000000000000000e+00 -1.106144378279423912e-01 4.737888786371700078e-01 0.000000000000000000e+00 0.000000000000000000e+00 0.000000000000000000e+00 0.000000000000000000e+00 0.000000000000000000e+00 0.000000000000000000e+00 0.000000000000000000e+00 0.000000000000000000e+00
2.600000000000000089e+00 5.919603276531674174e-01 0.000000000000000000e+00 4.080396723468302511e-01 0.000000000000000000e+00 0.000000000000000000e+00 0.000000000000000000e+00 -3.169344775815176596e-01 3.756272278202469894e-01 0.000000000000000000e+00 0.000000000000000000e+00 0.000000000000000000e+00 0.000000000000000000e+00 0.000000000000000000e+00 0.000000000000000000e+00 0.000000000000000000e+00 0.000000000000000000e+00
2.699999999999999734e+00 5.687560692132412887e-01 0.000000000000000000e+00 4.312439307867567684e-01 0.000000000000000000e+00 0.000000000000000000e+00 0.000000000000000000e+00 -4.597795995989146789e-01 1.840524535657518668e-01 0.000000000000000000e+00 0.000000000000000000e+00 0.000000000000000000e+00 0.000000000000000000e+00 0.000000000000000000e+00 0.000000000000000000e+00 0.000000000000000000e+00 0.000000000000000000e+00
2.799999999999999822e+00 5.457234988963870492e-01 0.000000000000000000e+00 4.542765011036222211e-01 0.000000000000000000e+00 0.000000000000000000e+00 0.000000000000000000e+00 -4.939556037407280553e-01 -6.258764718288864493e-02 0.000000000000000000e+00 0.000000000000000000e+00 0.000000000000000000e+00 0.000000000000000000e+00 0.000000000000000000e+00 0.000000000000000000e+00 0.000000000000000000e+00 0.000000000000000000e+00
2.899999999999999911e+00 5.229010543249296150e-01 0.000000000000000000e+00 4.770989456750775459e-01 0.000000000000000000e+00 0.000000000000000000e+00 0.000000000000000000e+00 -3.975118316688134312e-01 -3.024233254245519142e-01 0.000000000000000000e+00 0.000000000000000000e+00 0.000000000000000000e+00 0.000000000000000000e+00 0.000000000000000000e+00 0.000000000000000000e+00 0.000000000000000000e+00 0.000000000000000000e+00
3.000000000000000000e+00 5.003902168892546687e-01 0.000000000000000000e+00 4.996097831107468856e-01 0.000000000000000000e+00 0.000000000000000000e+00 0.000000000000000000e+00 -1.848328815077268372e-01 -4.645822132797257642e-01 0.000000000000000000e+00 0.000000000000000000e+00 0.000000000000000000e+00 0.000000000000000000e+00 0.000000000000000000e+00 0.000000000000000000e+00 0.000000000000000000e+00 0.000000000000000000e+00
