1.000000000000000056e-01 9.776791945548600760e-01 0.000000000000000000e+00 2.232080544513757522e-02 0.000000000000000000e+00 0.000000000000000000e+00 0.000000000000000000e+00 -1.333261832669741520e-01 -6.361380243145463298e-02 0.000000000000000000e+00 0.000000000000000000e+00 0.000000000000000000e+00 0.000000000000000000e+00 0.000000000000000000e+00 0.000000000000000000e+00 0.000000000000000000e+00 0.000000000000000000e+00
2.000000000000000111e-01 9.136480631589309898e-01 0.000000000000000000e+00 8.635193684106988454e-02 0.000000000000000000e+00 0.000000000000000000e+00 0.000000000000000000e+00 -2.456062853293770609e-01 -1.362821793875236276e-01 0.000000000000000000e+00 0.000000000000000000e+00 0.000000000000000000e+00 0.000000000000000000e+00 0.000000000000000000e+00 0.000000000000000000e+00 0.000000000000000000e+00 0.000000000000000000e+00
2.999999999999999889e-01 8.160728703722608390e-01 0.000000000000000000e+00 1.839271296277443790e-01 0.000000000000000000e+00 0.000000000000000000e+00 0.000000000000000000e+00 -3.177799636966175956e-01 -2.216164146951499492e-01 0.000000000000000000e+00 0.000000000000000000e+00 0.000000000000000000e+00 0.000000000000000000e+00 0.000000000000000000e+00 0.000000000000000000e+00 0.000000000000000000e+00 0.000000000000000000e+00
4.000000000000000222e-01 6.966471096180215650e-01 0.000000000000000000e+00 3.033528903819823763e-01 0.000000000000000000e+00 0.000000000000000000e+00 0.000000000000000000e+00 -3.355998763194489309e-01 -3.141697587848680251e-01 0.000000000000000000e+00 0.000000000000000000e+00 0.000000000000000000e+00 0.000000000000000000e+00 0.000000000000000000e+00 0.000000000000000000e+00 0.000000000000000000e+00 0.000000000000000000e+00
5.000000000000000000e-01 5.683175849860599982e-01 0.000000000000000000e+00 4.316824150139292882e-01 0.000000000000000000e+00 0.000000000000000000e+00 0.000000000000000000e+00 -2.933343417651702589e-01 -3.991085962371485607e-01 0.000000000000000000e+00 0.000000000000000000e+00 0.000000000000000000e+00 0.000000000000000000e+00 0.000000000000000000e+00 0.000000000000000000e+00 0.000000000000000000e+00 0.000000000000000000e+00
5.999999999999999778e-01 4.429839931810017339e-01 0.000000000000000000e+00 5.570160068189955460e-01 0.000000000000000000e+00 0.000000000000000000e+00 0.000000000000000000e+00 -1.971652772962512179e-01 -4.559331402561411783e-01 0.000000000000000000e+00 0.000000000000000000e+00 0.000000000000000000e+00 0.000000000000000000e+00 0.000000000000000000e+00 0.000000000000000000e+00 0.000000000000000000e+00 0.000000000000000000e+00
6.999999999999999556e-01 3.298757439986904072e-01 0.000000000000000000e+00 6.701242560013080940e-01 0.000000000000000000e+00 0.000000000000000000e+00 0.000000000000000000e+00 -6.632271431213086765e-02 -4.654664704079381488e-01 0.000000000000000000e+00 0.000000000000000000e+00 0.000000000000000000e+00 0.000000000000000000e+00 0.000000000000000000e+00 0.000000000000000000e+00 0.000000000000000000e+00 0.000000000000000000e+00
7.999999999999999334e-01 2.346211184227894875e-01 0.000000000000000000e+00 7.653788815772128995e-01 0.000000000000000000e+00 0.000000000000000000e+00 0.000000000000000000e+00 6.991619671086882204e-02 -4.179542733794821552e-01 0.000000000000000000e+00 0.000000000000000000e+00 0.000000000000000000e+00 0.000000000000000000e+00 0.000000000000000000e+00 0.000000000000000000e+00 0.000000000000000000e+00 0.000000000000000000e+00
8.999999999999999112e-01 1.593562424448922432e-01 0.000000000000000000e+00 8.406437575551168884e-01 0.000000000000000000e+00 0.000000000000000000e+00 0.000000000000000000e+00 1.796915911116281350e-01 -3.188616666015054446e-01 0.000000000000000000e+00 0.000000000000000000e+00 0.000000000000000000e+00 0.000000000000000000e+00 0.000000000000000000e+00 0.000000000000000000e+00 0.000000000000000000e+00 0.000000000000000000e+00
9.999999999999998890e-01 1.033272205907725394e-01 0.000000000000000000e+00 8.966727794092317350e-01 0.000000000000000000e+00 0.000000000000000000e+00 0.000000000000000000e+00 2.384280666081477484e-01 -1.892161808620350938e-01 0.000000000000000000e+00 0.000000000000000000e+00 0.000000000000000000e+00 0.000000000000000000e+00 0.000000000000000000e+00 0.000000000000000000e+00 0.000000000000000000e+00 0.000000000000000000e+00
1.099999999999999867e+00 6.394564580956779709e-02 0.000000000000000000e+00 9.360543541904338127e-01 0.000000000000000000e+00 0.000000000000000000e+00 0.000000000000000000e+00 2.373113513388612483e-01 -5.949724890580684183e-02 0.000000000000000000e+00 0.000000000000000000e+00 0.000000000000000000e+00 0.000000000000000000e+00 0.000000000000000000e+00 0.000000000000000000e+00 0.000000000000000000e+00 0.000000000000000000e+00
1.199999999999999956e+00 3.775908506202842185e-02 0.000000000000000000e+00 9.622409149379719251e-01 0.000000000000000000e+00 0.000000000000000000e+00 0.000000000000000000e+00 1.861593019076951405e-01 4.096401692392855065e-02 0.000000000000000000e+00 0.000000000000000000e+00 0.000000000000000000e+00 0.000000000000000000e+00 0.000000000000000000e+00 0.000000000000000000e+00 0.000000000000000000e+00 0.000000000000000000e+00
1.300000000000000044e+00 2.126458757897370377e-02 0.000000000000000000e+00 9.787354124210253525e-01 0.000000000000000000e+00 0.000000000000000000e+00 0.000000000000000000e+00 1.089714816525304969e-01 9.453899140222175868e-02 0.000000000000000000e+00 0.000000000000000000e+00 0.000000000000000000e+00 0.000000000000000000e+00 0.000000000000000000e+00 0.000000000000000000e+00 0.000000000000000000e+00 0.000000000000000000e+00
1.399999999999999911e+00 1.141821432107571754e-02 0.000000000000000000e+00 9.885817856789311797e-01 0.000000000000000000e+00 0.000000000000000000e+00 0.000000000000000000e+00 3.380947002393826922e-02 1.007211907065582862e-01 0.000000000000000000e+00 0.000000000000000000e+00 0.000000000000000000e+00 0.000000000000000000e+00 0.000000000000000000e+00 0.000000000000000000e+00 0.000000000000000000e+00 0.000000000000000000e+00
1.500000000000000000e+00 5.844543319059403684e-03 0.000000000000000000e+00 9.941554566809386317e-01 0.000000000000000000e+00 0.000000000000000000e+00 0.000000000000000000e+00 -1.821497631276851326e-02 7.401755934669000669e-02 0.000000000000000000e+00 0.000000000000000000e+00 0.000000000000000000e+00 0.000000000000000000e+00 0.000000000000000000e+00 0.000000000000000000e+00 0.000000000000000000e+00 0.000000000000000000e+00
1.599999999999999867e+00 2.849834725097223891e-03 0.000000000000000000e+00 9.971501652749046318e-01 0.000000000000000000e+00 0.000000000000000000e+00 0.000000000000000000e+00 -3.963322898074605333e-02 3.564996694578700942e-02 0.000000000000000000e+00 0.000000000000000000e+00 0.000000000000000000e+00 0.000000000000000000e+00 0.000000000000000000e+00 0.000000000000000000e+00 0.000000000000000000e+00 0.000000000000000000e+00
1.699999999999999956e+00 1.322729914334594501e-03 0.000000000000000000e+00 9.986772700856662022e-01 0.000000000000000000e+00 0.000000000000000000e+00 0.000000000000000000e+00 -3.614499528314017718e-02 3.810443164499155346e-03 0.000000000000000000e+00 0.000000000000000000e+00 0.000000000000000000e+00 0.000000000000000000e+00 0.000000000000000000e+00 0.000000000000000000e+00 0.000000000000000000e+00 0.000000000000000000e+00
1.800000000000000044e+00 5.842954192412300315e-04 0.000000000000000000e+00 9.994157045807677830e-01 0.000000000000000000e+00 0.000000000000000000e+00 0.000000000000000000e+00 -2.057535543198642930e-02 -1.267314309787863531e-02 0.000000000000000000e+00 0.000000000000000000e+00 0.000000000000000000e+00 0.000000000000000000e+00 0.000000000000000000e+00 0.000000000000000000e+00 0.000000000000000000e+00 0.000000000000000000e+00
1.899999999999999911e+00 2.453685399657503752e-04 0.000000000000000000e+00 9.997546314600266326e-01 0.000000000000000000e+00 0.000000000000000000e+00 0.000000000000000000e+00 -5.112142154035940328e-03 -1.480453196072595637e-02 0.000000000000000000e+00 0.000000000000000000e+00 0.000000000000000000e+00 0.000000000000000000e+00 0.000000000000000000e+00 0.000000000000000000e+00 0.000000000000000000e+00 0.000000000000000000e+00
2.000000000000000000e+00 9.789257813464041183e-05 0.000000000000000000e+00 9.999021074218641392e-01 0.000000000000000000e+00 0.000000000000000000e+00 0.000000000000000000e+00 3.698265308185018363e-03 -9.176365285184758316e-03 0.000000000000000000e+00 0.000000000000000000e+00 0.000000000000000000e+00 0.000000000000000000e+00 0.000000000000000000e+00 0.000000000000000000e+00 0.000000000000000000e+00 0.000000000000000000e+00
2.099999999999999645e+00 3.717524284461148096e-05 0.000000000000000000e+00 9.999628247571555884e-01 0.000000000000000000e+00 0.000000000000000000e+00 0.000000000000000000e+00 5.505949014947436951e-03 -2.618816753898306135e-03 0.000000000000000000e+00 0.000000000000000000e+00 0.000000000000000000e+00 0.000000000000000000e+00 0.000000000000000000e+00 0.000000000000000000e+00 0.000000000000000000e+00 0.000000000000000000e+00
2.199999999999999734e+00 1.343688162038725910e-05 0.000000000000000000e+00 9.999865631183808556e-01 0.000000000000000000e+00 0.000000000000000000e+00 0.000000000000000000e+00 3.467706102043119701e-03 1.188063438178435212e-03 0.000000000000000000e+00 0.000000000000000000e+00 0.000000000000000000e+00 0.000000000000000000e+00 0.000000000000000000e+00 0.000000000000000000e+00 0.000000000000000000e+00 0.000000000000000000e+00
2.299999999999999822e+00 4.629488562477130387e-06 0.000000000000000000e+00 9.999953705114346114e-01 0.000000000000000000e+00 0.000000000000000000e+00 0.000000000000000000e+00 9.141698806492380442e-04 1.947715652760849533e-03 0.000000000000000000e+00 0.000000000000000000e+00 0.000000000000000000e+00 0.000000000000000000e+00 0.000000000000000000e+00 0.000000000000000000e+00 0.000000000000000000e+00 0.000000000000000000e+00
2.399999999999999911e+00 1.541507163190852004e-06 0.000000000000000000e+00 9.999984584928365283e-01 0.000000000000000000e+00 0.000000000000000000e+00 0.000000000000000000e+00 -4.737294276656405217e-04 1.147558169181092007e-03 0.000000000000000000e+00 0.000000000000000000e+00 0.000000000000000000e+00 0.000000000000000000e+00 0.000000000000000000e+00 0.000000000000000000e+00 0.000000000000000000e+00 0.000000000000000000e+00
2.500000000000000000e+00 4.972682844400912416e-07 0.000000000000000000e+00 9.999995027317174490e-01 0.000000000000000000e+00 0.000000000000000000e+00 0.000000000000000000e+00 -6.681780975951378751e-04 2.249893809425921785e-04 0.000000000000000000e+00 0.000000000000000000e+00 0.000000000000000000e+00 0.000000000000000000e+00 0.000000000000000000e+00 0.000000000000000000e+00 0.000000000000000000e+00 0.000000000000000000e+00
2.600000000000000089e+00 1.491813828066439549e-07 0.000000000000000000e+00 9.999998508186167534e-01 0.000000000000000000e+00 0.000000000000000000e+00 0.000000000000000000e+00 -3.290950889336413275e-04 -2.016712687479716587e-04 0.000000000000000000e+00 0.000000000000000000e+00 0.000000000000000000e+00 0.000000000000000000e+00 0.000000000000000000e+00 0.000000000000000000e+00 0.000000000000000000e+00 0.000000000000000000e+00
2.699999999999999734e+00 4.177438973925064736e-08 0.000000000000000000e+00 9.999999582256061670e-01 0.000000000000000000e+00 0.000000000000000000e+00 0.000000000000000000e+00 -2.263801314581511724e-05 -2.026865627234808941e-04 0.000000000000000000e+00 0.000000000000000000e+00 0.000000000000000000e+00 0.000000000000000000e+00 0.000000000000000000e+00 0.000000000000000000e+00 0.000000000000000000e+00 0.000000000000000000e+00
2.799999999999999822e+00 1.100886368361304657e-08 0.000000000000000000e+00 9.999999889911324047e-01 0.000000000000000000e+00 0.000000000000000000e+00 0.000000000000000000e+00 9.007564588388259903e-05 -5.184561056321177424e-05 0.000000000000000000e+00 0.000000000000000000e+00 0.000000000000000000e+00 0.000000000000000000e+00 0.000000000000000000e+00 0.000000000000000000e+00 0.000000000000000000e+00 0.000000000000000000e+00
2.899999999999999911e+00 3.981408768377694822e-09 0.000000000000000000e+00 9.999999960185869119e-01 0.000000000000000000e+00 0.000000000000000000e+00 0.000000000000000000e+00 4.122970897632635809e-05 4.540250676901246550e-05 0.000000000000000000e+00 0.000000000000000000e+00 0.000000000000000000e+00 0.000000000000000000e+00 0.000000000000000000e+00 0.000000000000000000e+00 0.000000000000000000e+00 0.000000000000000000e+00
3.000000000000000000e+00 2.828107723225935573e-09 0.000000000000000000e+00 9.999999971718932512e-01 0.000000000000000000e+00 0.000000000000000000e+00 0.000000000000000000e+00 -2.754063463322403509e-05 4.298860797774929041e-05 0.000000000000000000e+00 0.000000000000000000e+00 0.000000000000000000e+00 0.000000000000000000e+00 0.000000000000000000e+00 0.000000000000000000e+00 0.000000000000000000e+00 0.000000000000000000e+00
