1.000000000000000056e-01 9.937660434323242198e-01 0.000000000000000000e+00 6.233956567680261004e-03 0.000000000000000000e+00 0.000000000000000000e+00 0.000000000000000000e+00 -7.857626584106564005e-02 -4.567698908807763664e-03 0.000000000000000000e+00 0.000000000000000000e+00 0.000000000000000000e+00 0.000000000000000000e+00 0.000000000000000000e+00 0.000000000000000000e+00 0.000000000000000000e+00 0.000000000000000000e+00
2.000000000000000111e-01 9.753060775123946202e-01 0.000000000000000000e+00 2.469392248760512304e-02 0.000000000000000000e+00 0.000000000000000000e+00 0.000000000000000000e+00 -1.543102893388618169e-01 -1.650656730140611858e-02 0.000000000000000000e+00 0.000000000000000000e+00 0.000000000000000000e+00 0.000000000000000000e+00 0.000000000000000000e+00 0.000000000000000000e+00 0.000000000000000000e+00 0.000000000000000000e+00
2.999999999999999889e-01 9.453238513055389758e-01 0.000000000000000000e+00 5.467614869446044829e-02 0.000000000000000000e+00 0.000000000000000000e+00 0.000000000000000000e+00 -2.233696998132904954e-01 -4.233966935958567018e-02 0.000000000000000000e+00 0.000000000000000000e+00 0.000000000000000000e+00 0.000000000000000000e+00 0.000000000000000000e+00 0.000000000000000000e+00 0.000000000000000000e+00 0.000000000000000000e+00
4.000000000000000222e-01 9.049420210104250906e-01 0.000000000000000000e+00 9.505797898957450698e-02 0.000000000000000000e+00 0.000000000000000000e+00 0.000000000000000000e+00 -2.801633373153595286e-01 -8.677827049846140173e-02 0.000000000000000000e+00 0.000000000000000000e+00 0.000000000000000000e+00 0.000000000000000000e+00 0.000000000000000000e+00 0.000000000000000000e+00 0.000000000000000000e+00 0.000000000000000000e+00
5.000000000000000000e-01 8.556271569614192218e-01 0.000000000000000000e+00 1.443728430385776418e-01 0.000000000000000000e+00 0.000000000000000000e+00 0.000000000000000000e+00 -3.171416556253867647e-01 -1.514942145746987212e-01 0.000000000000000000e+00 0.000000000000000000e+00 0.000000000000000000e+00 0.000000000000000000e+00 0.000000000000000000e+00 0.000000000000000000e+00 0.000000000000000000e+00 0.000000000000000000e+00
5.999999999999999778e-01 7.990998250196517105e-01 0.000000000000000000e+00 2.009001749803452364e-01 0.000000000000000000e+00 0.000000000000000000e+00 0.000000000000000000e+00 -3.253838710783802934e-01 -2.338046849425873264e-01 0.000000000000000000e+00 0.000000000000000000e+00 0.000000000000000000e+00 0.000000000000000000e+00 0.000000000000000000e+00 0.000000000000000000e+00 0.000000000000000000e+00 0.000000000000000000e+00
6.999999999999999556e-01 7.372537689435010311e-01 0.000000000000000000e+00 2.627462310564986914e-01 0.000000000000000000e+00 0.000000000000000000e+00 0.000000000000000000e+00 -2.961836868418165070e-01 -3.255547190133579738e-01 0.000000000000000000e+00 0.000000000000000000e+00 0.000000000000000000e+00 0.000000000000000000e+00 0.000000000000000000e+00 0.000000000000000000e+00 0.000000000000000000e+00 0.000000000000000000e+00
7.999999999999999334e-01 6.719983521591693654e-01 0.000000000000000000e+00 3.280016478408386282e-01 0.000000000000000000e+00 0.000000000000000000e+00 0.000000000000000000e+00 -2.237071714249883880e-01 -4.127610274408023416e-01 0.000000000000000000e+00 0.000000000000000000e+00 0.000000000000000000e+00 0.000000000000000000e+00 0.000000000000000000e+00 0.000000000000000000e+00 0.000000000000000000e+00 0.000000000000000000e+00
8.999999999999999112e-01 6.052182962640019204e-01 0.000000000000000000e+00 3.947817037359994119e-01 0.000000000000000000e+00 0.000000000000000000e+00 0.000000000000000000e+00 -1.082120494800620780e-01 -4.766752174509962803e-01 0.000000000000000000e+00 0.000000000000000000e+00 0.000000000000000000e+00 0.000000000000000000e+00 0.000000000000000000e+00 0.000000000000000000e+00 0.000000000000000000e+00 0.000000000000000000e+00
9.999999999999998890e-01 5.386443933554800889e-01 0.000000000000000000e+00 4.613556066445196335e-01 0.000000000000000000e+00 0.000000000000000000e+00 0.000000000000000000e+00 4.082361489057863280e-02 -4.968299918119669090e-01 0.000000000000000000e+00 0.000000000000000000e+00 0.000000000000000000e+00 0.000000000000000000e+00 0.000000000000000000e+00 0.000000000000000000e+00 0.000000000000000000e+00 0.000000000000000000e+00
1.099999999999999867e+00 4.738115678803612729e-01 0.000000000000000000e+00 5.261884321196474978e-01 0.000000000000000000e+00 0.000000000000000000e+00 0.000000000000000000e+00 2.030646112724366348e-01 -4.561566904360918606e-01 0.000000000000000000e+00 0.000000000000000000e+00 0.000000000000000000e+00 0.000000000000000000e+00 0.000000000000000000e+00 0.000000000000000000e+00 0.000000000000000000e+00 0.000000000000000000e+00
1.199999999999999956e+00 4.119857692526896487e-01 0.000000000000000000e+00 5.880142307473128493e-01 0.000000000000000000e+00 0.000000000000000000e+00 0.000000000000000000e+00 3.486298436505411158e-01 -3.474344913052419548e-01 0.000000000000000000e+00 0.000000000000000000e+00 0.000000000000000000e+00 0.000000000000000000e+00 0.000000000000000000e+00 0.000000000000000000e+00 0.000000000000000000e+00 0.000000000000000000e+00
1.300000000000000044e+00 3.541736603610393663e-01 0.000000000000000000e+00 6.458263396389578581e-01 0.000000000000000000e+00 0.000000000000000000e+00 0.000000000000000000e+00 4.434127161947892803e-01 -1.792200807169365417e-01 0.000000000000000000e+00 0.000000000000000000e+00 0.000000000000000000e+00 0.000000000000000000e+00 0.000000000000000000e+00 0.000000000000000000e+00 0.000000000000000000e+00 0.000000000000000000e+00
1.399999999999999911e+00 3.010932387273725364e-01 0.000000000000000000e+00 6.989067612726261869e-01 0.000000000000000000e+00 0.000000000000000000e+00 0.000000000000000000e+00 4.582375211960911798e-01 2.131826573881683007e-02 0.000000000000000000e+00 0.000000000000000000e+00 0.000000000000000000e+00 0.000000000000000000e+00 0.000000000000000000e+00 0.000000000000000000e+00 0.000000000000000000e+00 0.000000000000000000e+00
1.500000000000000000e+00 2.531526240791807103e-01 0.000000000000000000e+00 7.468473759208161811e-01 0.000000000000000000e+00 0.000000000000000000e+00 0.000000000000000000e+00 3.799316254556986960e-01 2.114670969157122216e-01 0.000000000000000000e+00 0.000000000000000000e+00 0.000000000000000000e+00 0.000000000000000000e+00 0.000000000000000000e+00 0.000000000000000000e+00 0.000000000000000000e+00 0.000000000000000000e+00
1.599999999999999867e+00 2.105715134560771917e-01 0.000000000000000000e+00 7.894284865439215038e-01 0.000000000000000000e+00 0.000000000000000000e+00 0.000000000000000000e+00 2.203481216493924366e-01 3.430420591901810479e-01 0.000000000000000000e+00 0.000000000000000000e+00 0.000000000000000000e+00 0.000000000000000000e+00 0.000000000000000000e+00 0.000000000000000000e+00 0.000000000000000000e+00 0.000000000000000000e+00
1.699999999999999956e+00 1.733115438608903991e-01 0.000000000000000000e+00 8.266884561391155684e-01 0.000000000000000000e+00 0.000000000000000000e+00 0.000000000000000000e+00 1.847018664007742117e-02 3.780654762785131684e-01 0.000000000000000000e+00 0.000000000000000000e+00 0.000000000000000000e+00 0.000000000000000000e+00 0.000000000000000000e+00 0.000000000000000000e+00 0.000000000000000000e+00 0.000000000000000000e+00
1.800000000000000044e+00 1.411853259767768543e-01 0.000000000000000000e+00 8.588146740232229792e-01 0.000000000000000000e+00 0.000000000000000000e+00 0.000000000000000000e+00 -1.679283504279354688e-01 3.050444200668046557e-01 0.000000000000000000e+00 0.000000000000000000e+00 0.000000000000000000e+00 0.000000000000000000e+00 0.000000000000000000e+00 0.000000000000000000e+00 0.000000000000000000e+00 0.000000000000000000e+00
1.899999999999999911e+00 1.138644660889377019e-01 0.000000000000000000e+00 8.861355339110619234e-01 0.000000000000000000e+00 0.000000000000000000e+00 0.000000000000000000e+00 -2.808732951582237902e-01 1.483561288074892459e-01 0.000000000000000000e+00 0.000000000000000000e+00 0.000000000000000000e+00 0.000000000000000000e+00 0.000000000000000000e+00 0.000000000000000000e+00 0.000000000000000000e+00 0.000000000000000000e+00
2.000000000000000000e+00 9.092861391145011518e-02 0.000000000000000000e+00 9.090713860885604181e-01 0.000000000000000000e+00 0.000000000000000000e+00 0.000000000000000000e+00 -2.852712693712003422e-01 -3.578974511477281406e-02 0.000000000000000000e+00 0.000000000000000000e+00 0.000000000000000000e+00 0.000000000000000000e+00 0.000000000000000000e+00 0.000000000000000000e+00 0.000000000000000000e+00 0.000000000000000000e+00
2.099999999999999645e+00 7.192850377250747940e-02 0.000000000000000000e+00 9.280714962274996260e-01 0.000000000000000000e+00 0.000000000000000000e+00 0.000000000000000000e+00 -1.864977380119756944e-01 -1.788110401453686937e-01 0.000000000000000000e+00 0.000000000000000000e+00 0.000000000000000000e+00 0.000000000000000000e+00 0.000000000000000000e+00 0.000000000000000000e+00 0.000000000000000000e+00 0.000000000000000000e+00
2.199999999999999734e+00 5.637032872967864816e-02 0.000000000000000000e+00 9.436296712703200473e-01 0.000000000000000000e+00 0.000000000000000000e+00 0.000000000000000000e+00 -3.185706230518350890e-02 -2.284246974058390112e-01 0.000000000000000000e+00 0.000000000000000000e+00 0.000000000000000000e+00 0.000000000000000000e+00 0.000000000000000000e+00 0.000000000000000000e+00 0.000000000000000000e+00 0.000000000000000000e+00
2.299999999999999822e+00 4.377598195426007227e-02 0.000000000000000000e+00 9.562240180457357575e-01 0.000000000000000000e+00 0.000000000000000000e+00 0.000000000000000000e+00 1.082031068951841146e-01 -1.736425465348376551e-01 0.000000000000000000e+00 0.000000000000000000e+00 0.000000000000000000e+00 0.000000000000000000e+00 0.000000000000000000e+00 0.000000000000000000e+00 0.000000000000000000e+00 0.000000000000000000e+00
2.399999999999999911e+00 3.369953486902034501e-02 0.000000000000000000e+00 9.663004651309818893e-01 0.000000000000000000e+00 0.000000000000000000e+00 0.000000000000000000e+00 1.729109916529393554e-01 -5.163010096016071304e-02 0.000000000000000000e+00 0.000000000000000000e+00 0.000000000000000000e+00 0.000000000000000000e+00 0.000000000000000000e+00 0.000000000000000000e+00 0.000000000000000000e+00 0.000000000000000000e+00
2.500000000000000000e+00 2.572339020642688476e-02 0.000000000000000000e+00 9.742766097935734448e-01 0.000000000000000000e+00 0.000000000000000000e+00 0.000000000000000000e+00 1.418304114788915826e-01 7.032661253164199100e-02 0.000000000000000000e+00 0.000000000000000000e+00 0.000000000000000000e+00 0.000000000000000000e+00 0.000000000000000000e+00 0.000000000000000000e+00 0.000000000000000000e+00 0.000000000000000000e+00
2.600000000000000089e+00 1.947560134922984160e-02 0.000000000000000000e+00 9.805243986507684584e-01 0.000000000000000000e+00 0.000000000000000000e+00 0.000000000000000000e+00 4.520603431575341558e-02 1.305860548229761664e-01 0.000000000000000000e+00 0.000000000000000000e+00 0.000000000000000000e+00 0.000000000000000000e+00 0.000000000000000000e+00 0.000000000000000000e+00 0.000000000000000000e+00 0.000000000000000000e+00
2.699999999999999734e+00 1.463156260467926920e-02 0.000000000000000000e+00 9.853684373953176534e-01 0.000000000000000000e+00 0.000000000000000000e+00 0.000000000000000000e+00 -5.440838331782682502e-02 1.070383534402957193e-01 0.000000000000000000e+00 0.000000000000000000e+00 0.000000000000000000e+00 0.000000000000000000e+00 0.000000000000000000e+00 0.000000000000000000e+00 0.000000000000000000e+00 0.000000000000000000e+00
2.799999999999999822e+00 1.091395003593526036e-02 0.000000000000000000e+00 9.890860499640657943e-01 0.000000000000000000e+00 0.000000000000000000e+00 0.000000000000000000e+00 -1.000970883356177427e-01 2.784616311438480735e-02 0.000000000000000000e+00 0.000000000000000000e+00 0.000000000000000000e+00 0.000000000000000000e+00 0.000000000000000000e+00 0.000000000000000000e+00 0.000000000000000000e+00 0.000000000000000000e+00
2.899999999999999911e+00 8.083559328710476083e-03 0.000000000000000000e+00 9.919164406712897009e-01 0.000000000000000000e+00 0.000000000000000000e+00 0.000000000000000000e+00 -7.474361437362221638e-02 -4.931133197007330632e-02 0.000000000000000000e+00 0.000000000000000000e+00 0.000000000000000000e+00 0.000000000000000000e+00 0.000000000000000000e+00 0.000000000000000000e+00 0.000000000000000000e+00 0.000000000000000000e+00
3.000000000000000000e+00 5.944543572270666668e-03 0.000000000000000000e+00 9.940554564277340743e-01 0.000000000000000000e+00 0.000000000000000000e+00 0.000000000000000000e+00 -8.306642282890689538e-03 -7.642123864861670446e-02 0.000000000000000000e+00 0.000000000000000000e+00 0.000000000000000000e+00 0.000000000000000000e+00 0.000000000000000000e+00 0.000000000000000000e+00 0.000000000000000000e+00 0.000000000000000000e+00
