1.000000000000000056e-01 9.840841258764811972e-01 0.000000000000000000e+00 1.591587412352235900e-02 0.000000000000000000e+00 0.000000000000000000e+00 0.000000000000000000e+00 1.119824566985357372e-01 -5.587923094806410140e-02 0.000000000000000000e+00 0.000000000000000000e+00 0.000000000000000000e+00 0.000000000000000000e+00 0.000000000000000000e+00 0.000000000000000000e+00 0.000000000000000000e+00 0.000000000000000000e+00
2.000000000000000111e-01 9.378494332657162369e-01 0.000000000000000000e+00 6.215056673428433903e-02 0.000000000000000000e+00 0.000000000000000000e+00 0.000000000000000000e+00 2.182177695186565680e-01 -1.032902632926636088e-01 0.000000000000000000e+00 0.000000000000000000e+00 0.000000000000000000e+00 0.000000000000000000e+00 0.000000000000000000e+00 0.000000000000000000e+00 0.000000000000000000e+00 0.000000000000000000e+00
2.999999999999999889e-01 8.655930942150166230e-01 0.000000000000000000e+00 1.344069057849887616e-01 0.000000000000000000e+00 0.000000000000000000e+00 0.000000000000000000e+00 3.131581568380906178e-01 -1.351800949898074311e-01 0.000000000000000000e+00 0.000000000000000000e+00 0.000000000000000000e+00 0.000000000000000000e+00 0.000000000000000000e+00 0.000000000000000000e+00 0.000000000000000000e+00 0.000000000000000000e+00
4.000000000000000222e-01 7.737335487742890150e-01 0.000000000000000000e+00 2.262664512257104577e-01 0.000000000000000000e+00 0.000000000000000000e+00 0.000000000000000000e+00 3.917152229182637169e-01 -1.470684466855407269e-01 0.000000000000000000e+00 0.000000000000000000e+00 0.000000000000000000e+00 0.000000000000000000e+00 0.000000000000000000e+00 0.000000000000000000e+00 0.000000000000000000e+00 0.000000000000000000e+00
5.000000000000000000e-01 6.698785869184062935e-01 0.000000000000000000e+00 3.301214130815905978e-01 0.000000000000000000e+00 0.000000000000000000e+00 0.000000000000000000e+00 4.496443145502810323e-01 -1.376998757898355297e-01 0.000000000000000000e+00 0.000000000000000000e+00 0.000000000000000000e+00 0.000000000000000000e+00 0.000000000000000000e+00 0.000000000000000000e+00 0.000000000000000000e+00 0.000000000000000000e+00
5.999999999999999778e-01 5.617773403860619741e-01 0.000000000000000000e+00 4.382226596139376373e-01 0.000000000000000000e+00 0.000000000000000000e+00 0.000000000000000000e+00 4.840237861219730542e-01 -1.091079042804547067e-01 0.000000000000000000e+00 0.000000000000000000e+00 0.000000000000000000e+00 0.000000000000000000e+00 0.000000000000000000e+00 0.000000000000000000e+00 0.000000000000000000e+00 0.000000000000000000e+00
6.999999999999999556e-01 4.563792606868526947e-01 0.000000000000000000e+00 5.436207393131496923e-01 0.000000000000000000e+00 0.000000000000000000e+00 0.000000000000000000e+00 4.936945455751335921e-01 -6.605245446933499798e-02 0.000000000000000000e+00 0.000000000000000000e+00 0.000000000000000000e+00 0.000000000000000000e+00 0.000000000000000000e+00 0.000000000000000000e+00 0.000000000000000000e+00 0.000000000000000000e+00
7.999999999999999334e-01 3.592025285053827566e-01 0.000000000000000000e+00 6.407974714946180761e-01 0.000000000000000000e+00 0.000000000000000000e+00 0.000000000000000000e+00 4.795303506140948246e-01 -1.505706402415579043e-02 0.000000000000000000e+00 0.000000000000000000e+00 0.000000000000000000e+00 0.000000000000000000e+00 0.000000000000000000e+00 0.000000000000000000e+00 0.000000000000000000e+00 0.000000000000000000e+00
8.999999999999999112e-01 2.739507402279810488e-01 0.000000000000000000e+00 7.260492597720212826e-01 0.000000000000000000e+00 0.000000000000000000e+00 0.000000000000000000e+00 4.444617370815787116e-01 3.681707078082288587e-02 0.000000000000000000e+00 0.000000000000000000e+00 0.000000000000000000e+00 0.000000000000000000e+00 0.000000000000000000e+00 0.000000000000000000e+00 0.000000000000000000e+00 0.000000000000000000e+00
9.999999999999998890e-01 2.024883491991007478e-01 0.000000000000000000e+00 7.975116508009021388e-01 0.000000000000000000e+00 0.000000000000000000e+00 0.000000000000000000e+00 3.931490132185785358e-01 8.319057234993923466e-02 0.000000000000000000e+00 0.000000000000000000e+00 0.000000000000000000e+00 0.000000000000000000e+00 0.000000000000000000e+00 0.000000000000000000e+00 0.000000000000000000e+00 0.000000000000000000e+00
1.099999999999999867e+00 1.450729910318003801e-01 0.000000000000000000e+00 8.549270089681975104e-01 0.000000000000000000e+00 0.000000000000000000e+00 0.000000000000000000e+00 3.313652826680986152e-01 1.192638564180239502e-01 0.000000000000000000e+00 0.000000000000000000e+00 0.000000000000000000e+00 0.000000000000000000e+00 0.000000000000000000e+00 0.000000000000000000e+00 0.000000000000000000e+00 0.000000000000000000e+00
1.199999999999999956e+00 1.007730129005113828e-01 0.000000000000000000e+00 8.992269870994995529e-01 0.000000000000000000e+00 0.000000000000000000e+00 0.000000000000000000e+00 2.652424613872052528e-01 1.423525531032609759e-01 0.000000000000000000e+00 0.000000000000000000e+00 0.000000000000000000e+00 0.000000000000000000e+00 0.000000000000000000e+00 0.000000000000000000e+00 0.000000000000000000e+00 0.000000000000000000e+00
1.300000000000000044e+00 6.788128446762092816e-02 0.000000000000000000e+00 9.321187155323835682e-01 0.000000000000000000e+00 0.000000000000000000e+00 0.000000000000000000e+00 2.004417689891534737e-01 1.519753689138417796e-01 0.000000000000000000e+00 0.000000000000000000e+00 0.000000000000000000e+00 0.000000000000000000e+00 0.000000000000000000e+00 0.000000000000000000e+00 0.000000000000000000e+00 0.000000000000000000e+00
1.399999999999999911e+00 4.435536968509602024e-02 0.000000000000000000e+00 9.556446303149090937e-01 0.000000000000000000e+00 0.000000000000000000e+00 0.000000000000000000e+00 1.415403878396794823e-01 1.495135086271896230e-01 0.000000000000000000e+00 0.000000000000000000e+00 0.000000000000000000e+00 0.000000000000000000e+00 0.000000000000000000e+00 0.000000000000000000e+00 0.000000000000000000e+00 0.000000000000000000e+00
1.500000000000000000e+00 2.812359027403098580e-02 0.000000000000000000e+00 9.718764097259653401e-01 0.000000000000000000e+00 0.000000000000000000e+00 0.000000000000000000e+00 9.161500611228202973e-02 1.376202914842735714e-01 0.000000000000000000e+00 0.000000000000000000e+00 0.000000000000000000e+00 0.000000000000000000e+00 0.000000000000000000e+00 0.000000000000000000e+00 0.000000000000000000e+00 0.000000000000000000e+00
1.599999999999999867e+00 1.730958356178103827e-02 0.000000000000000000e+00 9.826904164382257445e-01 0.000000000000000000e+00 0.000000000000000000e+00 0.000000000000000000e+00 5.216506985000065461e-02 1.195356310678832856e-01 0.000000000000000000e+00 0.000000000000000000e+00 0.000000000000000000e+00 0.000000000000000000e+00 0.000000000000000000e+00 0.000000000000000000e+00 0.000000000000000000e+00 0.000000000000000000e+00
1.699999999999999956e+00 1.034395494757344401e-02 0.000000000000000000e+00 9.896560450524222174e-01 0.000000000000000000e+00 0.000000000000000000e+00 0.000000000000000000e+00 2.323271912710338574e-02 9.847435314778649196e-02 0.000000000000000000e+00 0.000000000000000000e+00 0.000000000000000000e+00 0.000000000000000000e+00 0.000000000000000000e+00 0.000000000000000000e+00 0.000000000000000000e+00 0.000000000000000000e+00
1.800000000000000044e+00 6.006407313134557412e-03 0.000000000000000000e+00 9.939935926868608274e-01 0.000000000000000000e+00 0.000000000000000000e+00 0.000000000000000000e+00 3.801391262393081973e-03 7.717434592951727401e-02 0.000000000000000000e+00 0.000000000000000000e+00 0.000000000000000000e+00 0.000000000000000000e+00 0.000000000000000000e+00 0.000000000000000000e+00 0.000000000000000000e+00 0.000000000000000000e+00
1.899999999999999911e+00 3.390204827945601795e-03 0.000000000000000000e+00 9.966097951720603865e-01 0.000000000000000000e+00 0.000000000000000000e+00 0.000000000000000000e+00 -7.807561492258060024e-03 5.759994109223163378e-02 0.000000000000000000e+00 0.000000000000000000e+00 0.000000000000000000e+00 0.000000000000000000e+00 0.000000000000000000e+00 0.000000000000000000e+00 0.000000000000000000e+00 0.000000000000000000e+00
2.000000000000000000e+00 1.859754419312952987e-03 0.000000000000000000e+00 9.981402455806875906e-01 0.000000000000000000e+00 0.000000000000000000e+00 0.000000000000000000e+00 -1.350122187450592676e-02 4.091469934508955297e-02 0.000000000000000000e+00 0.000000000000000000e+00 0.000000000000000000e+00 0.000000000000000000e+00 0.000000000000000000e+00 0.000000000000000000e+00 0.000000000000000000e+00 0.000000000000000000e+00
2.099999999999999645e+00 9.927114536730907018e-04 0.000000000000000000e+00 9.990072885463329166e-01 0.000000000000000000e+00 0.000000000000000000e+00 0.000000000000000000e+00 -1.514683861484416791e-02 2.760976562079761609e-02 0.000000000000000000e+00 0.000000000000000000e+00 0.000000000000000000e+00 0.000000000000000000e+00 0.000000000000000000e+00 0.000000000000000000e+00 0.000000000000000000e+00 0.000000000000000000e+00
2.199999999999999734e+00 5.153302485800851599e-04 0.000000000000000000e+00 9.994846697514206957e-01 0.000000000000000000e+00 0.000000000000000000e+00 0.000000000000000000e+00 -1.431923391689138118e-02 1.760750318528815986e-02 0.000000000000000000e+00 0.000000000000000000e+00 0.000000000000000000e+00 0.000000000000000000e+00 0.000000000000000000e+00 0.000000000000000000e+00 0.000000000000000000e+00 0.000000000000000000e+00
2.299999999999999822e+00 2.604765026511846634e-04 0.000000000000000000e+00 9.997395234973424083e-01 0.000000000000000000e+00 0.000000000000000000e+00 0.000000000000000000e+00 -1.223291721515636782e-02 1.052446186632146306e-02 0.000000000000000000e+00 0.000000000000000000e+00 0.000000000000000000e+00 0.000000000000000000e+00 0.000000000000000000e+00 0.000000000000000000e+00 0.000000000000000000e+00 0.000000000000000000e+00
2.399999999999999911e+00 1.285733015439231494e-04 0.000000000000000000e+00 9.998714266984506382e-01 0.000000000000000000e+00 0.000000000000000000e+00 0.000000000000000000e+00 -9.742689401577657102e-03 5.799713603128284906e-03 0.000000000000000000e+00 0.000000000000000000e+00 0.000000000000000000e+00 0.000000000000000000e+00 0.000000000000000000e+00 0.000000000000000000e+00 0.000000000000000000e+00 0.000000000000000000e+00
2.500000000000000000e+00 6.205787404652967102e-05 0.000000000000000000e+00 9.999379421259497747e-01 0.000000000000000000e+00 0.000000000000000000e+00 0.000000000000000000e+00 -7.350257152898216455e-03 2.833314898125271607e-03 0.000000000000000000e+00 0.000000000000000000e+00 0.000000000000000000e+00 0.000000000000000000e+00 0.000000000000000000e+00 0.000000000000000000e+00 0.000000000000000000e+00 0.000000000000000000e+00
2.600000000000000089e+00 2.923758256596684278e-05 0.000000000000000000e+00 9.999707624174347664e-01 0.000000000000000000e+00 0.000000000000000000e+00 0.000000000000000000e+00 -5.295627472294285078e-03 1.092225659574819294e-03 0.000000000000000000e+00 0.000000000000000000e+00 0.000000000000000000e+00 0.000000000000000000e+00 0.000000000000000000e+00 0.000000000000000000e+00 0.000000000000000000e+00 0.000000000000000000e+00
2.699999999999999734e+00 1.344049891793209082e-05 0.000000000000000000e+00 9.999865595010875019e-01 0.000000000000000000e+00 0.000000000000000000e+00 0.000000000000000000e+00 -3.663001752072209127e-03 1.506744413407240047e-04 0.000000000000000000e+00 0.000000000000000000e+00 0.000000000000000000e+00 0.000000000000000000e+00 0.000000000000000000e+00 0.000000000000000000e+00 0.000000000000000000e+00 0.000000000000000000e+00
2.799999999999999822e+00 6.035638712840373680e-06 0.000000000000000000e+00 9.999939643612859586e-01 0.000000000000000000e+00 0.000000000000000000e+00 0.000000000000000000e+00 -2.440777065967591510e-03 -2.795735801732647649e-04 0.000000000000000000e+00 0.000000000000000000e+00 0.000000000000000000e+00 0.000000000000000000e+00 0.000000000000000000e+00 0.000000000000000000e+00 0.000000000000000000e+00 0.000000000000000000e+00
2.899999999999999911e+00 2.597777017172286810e-06 0.000000000000000000e+00 9.999974022229900505e-01 0.000000000000000000e+00 0.000000000000000000e+00 0.000000000000000000e+00 -1.557505136315179674e-03 -4.146174166144069723e-04 0.000000000000000000e+00 0.000000000000000000e+00 0.000000000000000000e+00 0.000000000000000000e+00 0.000000000000000000e+00 0.000000000000000000e+00 0.000000000000000000e+00 0.000000000000000000e+00
3.000000000000000000e+00 1.121690547266121983e-06 0.000000000000000000e+00 9.999988783094552192e-01 0.000000000000000000e+00 0.000000000000000000e+00 0.000000000000000000e+00 -9.818893753992974805e-04 -3.969402201857651601e-04 0.000000000000000000e+00 0.000000000000000000e+00 0.000000000000000000e+00 0.000000000000000000e+00 0.000000000000000000e+00 0.000000000000000000e+00 0.000000000000000000e+00 0.000000000000000000e+00
