1.000000000000000056e-01 9.525091622358597670e-04 1.596127352073503734e-03 -8.627303672271398050e-01
2.000000000000000111e-01 1.862768389400267129e-03 3.023768929278512676e-03 -7.514776108943396205e-01
2.999999999999999889e-01 2.690771842228419173e-03 4.131397760405064630e-03 -5.782876649443570161e-01
4.000000000000000222e-01 3.400886761049027283e-03 4.799709377333044244e-03 -3.602395343296518337e-01
5.000000000000000000e-01 3.963776178602559409e-03 4.953708552292527059e-03 -1.188347092877051620e-01
5.999999999999999778e-01 4.358016759823846349e-03 4.570374737811297612e-03 1.221234122299370700e-01
6.999999999999999556e-01 4.571311257618149680e-03 3.681183272844920466e-03 3.388780340792967860e-01
7.999999999999999334e-01 4.601239816304148432e-03 2.369158530000001466e-03 5.100699842230230763e-01
8.999999999999999112e-01 4.455459916865735399e-03 7.608502711201669882e-04 6.188399688118713105e-01
9.999999999999998890e-01 4.151353029001167774e-03 -9.861140285111725471e-04 6.545027174941866477e-01
1.099999999999999867e+00 3.715094655239280317e-03 -2.698546207027202257e-03 6.136051915883395935e-01
1.199999999999999956e+00 3.180171557506213369e-03 -4.204890754865897411e-03 5.002759527095571590e-01
1.300000000000000044e+00 2.585410655936907012e-03 -5.352289871524397447e-03 3.258228929700804910e-01
1.399999999999999911e+00 1.972630285027470332e-03 -6.021843790132408100e-03 1.076303905375933373e-01
1.500000000000000000e+00 1.384007593668580257e-03 -6.140653105987891464e-03 -1.325513489979165405e-01
1.599999999999999867e+00 8.593674180285950162e-04 -5.689316610574757238e-03 -3.707488981182842647e-01
1.699999999999999956e+00 4.335291489666851135e-04 -4.704185521046943923e-03 -5.831276868404666747e-01
1.800000000000000044e+00 1.339372833877065458e-04 -3.274189920204565157e-03 -7.483372717552013720e-01
1.899999999999999911e+00 -2.130562389050455279e-05 -1.532379172141733539e-03 -8.496334807663366018e-01
2.000000000000000000e+00 -2.475894429737910345e-05 3.567852767422491594e-04 -8.765306958207756960e-01
2.099999999999999645e+00 1.197493046791112131e-04 2.213445780333049128e-03 -8.258544211222658138e-01
2.199999999999999734e+00 3.973036477137653275e-04 3.859765016658026331e-03 -7.020678124483973326e-01
2.299999999999999822e+00 7.829376406364217753e-04 5.137359814593547326e-03 -5.168503335011360722e-01
2.399999999999999911e+00 1.243439618982100864e-03 5.922815271236698577e-03 -2.879664410714358191e-01
2.500000000000000000e+00 1.739827911399330568e-03 6.139880532300081087e-03 -3.753469802323580740e-02
2.600000000000000089e+00 2.230350529751090518e-03 5.767086645558820203e-03 2.101454097082249839e-01
2.699999999999999734e+00 2.673726737276234389e-03 4.840050471734681954e-03 4.309565245747273288e-01
2.799999999999999822e+00 3.032499215705018649e-03 3.448174298975388748e-03 6.033539291140173066e-01
2.899999999999999911e+00 3.276056502242279730e-03 1.726176972233143441e-03 7.104693826101200482e-01
3.000000000000000000e+00 3.383230646167611697e-03 -1.589739392317856864e-04 7.417875162675257039e-01
