1.000000000000000056e-01 -3.353302209996162340e-05 -3.983418838334794126e-04 -8.991374597729339113e-01
2.000000000000000111e-01 -7.713133613804307675e-05 -7.800291852092714308e-04 -8.935835275677943557e-01
2.999999999999999889e-01 -1.391674618312207178e-04 -1.128877368713156496e-03 -8.851562667982459942e-01
4.000000000000000222e-01 -2.247827526867524745e-04 -1.429657705030273505e-03 -8.749855753246531531e-01
5.000000000000000000e-01 -3.347453579237402417e-04 -1.668705739388792091e-03 -8.644385020060354474e-01
5.999999999999999778e-01 -4.647741129566625704e-04 -1.834559922174549326e-03 -8.549374281265404996e-01
6.999999999999999556e-01 -6.054635920779961010e-04 -1.918739989592412824e-03 -8.477644565800561693e-01
7.999999999999999334e-01 -7.427860389041833142e-04 -1.916509333579094086e-03 -8.438800658544597377e-01
8.999999999999999112e-01 -8.592156999210130534e-04 -1.827581711108113797e-03 -8.437771651896375236e-01
9.999999999999998890e-01 -9.353037981319709546e-04 -1.656761781692565579e-03 -8.473869545974714867e-01
1.099999999999999867e+00 -9.516177857105585520e-04 -1.414215153062682671e-03 -8.540577047325834670e-01
1.199999999999999956e+00 -8.908766204872109549e-04 -1.115512632396995158e-03 -8.626005168556162284e-01
1.300000000000000044e+00 -7.400021809498101696e-04 -7.811867956803004130e-04 -8.714089448886668254e-01
1.399999999999999911e+00 -4.919321314943098447e-04 -4.358273771745257291e-04 -8.786362430080086883e-01
1.500000000000000000e+00 -1.470355938246211531e-04 -1.067263599847701231e-04 -8.824113286173477233e-01
1.599999999999999867e+00 2.861086070667376779e-04 1.779724900973130572e-04 -8.810721917668016268e-01
1.699999999999999956e+00 7.906772909937519276e-04 3.913226935274110013e-04 -8.733875271391342565e-01
1.800000000000000044e+00 1.342265732360853857e-03 5.098650613136980134e-04 -8.587422635586392516e-01
1.899999999999999911e+00 1.910361087665358006e-03 5.159037291753681542e-04 -8.372621367662911318e-01
2.000000000000000000e+00 2.460473987069642949e-03 3.994550429616120814e-04 -8.098600248495861909e-01
2.099999999999999645e+00 2.956708935899636601e-03 1.598169026598495520e-04 -7.781978694748938885e-01
2.199999999999999734e+00 3.364709574744874972e-03 -1.935665750652618448e-04 -7.445602519027143540e-01
2.299999999999999822e+00 3.654654897091800820e-03 -6.410595565657452354e-04 -7.116485755467857333e-01
2.399999999999999911e+00 3.804003534954094289e-03 -1.153607940027445494e-03 -6.823204320252498345e-01
2.500000000000000000e+00 3.799794641835971525e-03 -1.694467553888318523e-03 -6.592966427341029334e-01
2.600000000000000089e+00 3.640266512103933986e-03 -2.221790755515316938e-03 -6.448619650968744343e-01
2.699999999999999734e+00 3.335634500934492319e-03 -2.691716155909533361e-03 -6.405992020098852935e-01
2.799999999999999822e+00 2.907838293571288202e-03 -3.062075026642416611e-03 -6.471790645062578395e-01
2.899999999999999911e+00 2.389337675030970849e-03 -3.296043525616410442e-03 -6.642383550001897952e-01
3.000000000000000000e+00 1.820911981191773374e-03 -3.365639134826005959e-03 -6.903616522092337338e-01
