1.000000000000000056e-01 1.272049772940980674e-03 8.134696862744862818e-04 -9.999988600775668868e-01
2.000000000000000111e-01 2.549900511308809438e-03 1.640479991191990707e-03 -9.999954034057136898e-01
2.999999999999999889e-01 3.838821537856261339e-03 2.495332370372259183e-03 -9.999895183276906740e-01
4.000000000000000222e-01 5.143218559509292812e-03 3.392146402270433507e-03 -9.999810201425305412e-01
5.000000000000000000e-01 6.466038913578569906e-03 4.345588636755950106e-03 -9.999696526394894480e-01
5.999999999999999778e-01 7.808383503735602180e-03 5.371206310446379438e-03 -9.999550886357585489e-01
6.999999999999999556e-01 9.168685062254428378e-03 6.484357639606070853e-03 -9.999369421715280648e-01
7.999999999999999334e-01 1.054253579463764953e-02 7.701723818585562778e-03 -9.999147655624071040e-01
8.999999999999999112e-01 1.192210063384275230e-02 9.039246036200692530e-03 -9.998880715100137984e-01
9.999999999999998890e-01 1.329541793837818106e-02 1.051324031355947708e-02 -9.998563414985373043e-01
1.099999999999999867e+00 1.464560970458575646e-02 1.213887195353241695e-02 -9.998190605801006159e-01
1.199999999999999956e+00 1.595109587090508610e-02 1.392972575250509860e-02 -9.997757374902797034e-01
1.300000000000000044e+00 1.718504426945419161e-02 1.589653445053534550e-02 -9.997259496702587400e-01
1.399999999999999911e+00 1.831506400611825416e-02 1.804687310736427866e-02 -9.996693797420683758e-01
1.500000000000000000e+00 1.930311254248984199e-02 2.038271473598148031e-02 -9.996058897271166144e-01
1.599999999999999867e+00 2.010616404773279617e-02 2.289944228913017368e-02 -9.995355710090171319e-01
1.699999999999999956e+00 2.067745993874196483e-02 2.558365277388006259e-02 -9.994588132412122183e-01
1.800000000000000044e+00 2.096670830825879059e-02 2.841258906898830316e-02 -9.993763664974941729e-01
1.899999999999999911e+00 2.092173490497767005e-02 3.135069081622147980e-02 -9.992894551605889797e-01
2.000000000000000000e+00 2.049220060483138497e-02 3.434951990892388951e-02 -9.991997699153835066e-01
2.099999999999999645e+00 1.963158904912353647e-02 3.734585720347390753e-02 -9.991095473716584685e-01
2.199999999999999734e+00 1.830014866830702303e-02 4.026110013459092973e-02 -9.990215955394393665e-01
2.299999999999999822e+00 1.647122874877590681e-02 4.300113155358309402e-02 -9.989392379401577093e-01
2.399999999999999911e+00 1.413109465071404718e-02 4.545533310128516136e-02 -9.988664198534865646e-01
2.500000000000000000e+00 1.129238923241957480e-02 4.750329463781072931e-02 -9.988072480893556149e-01
