1.000000000000000056e-01 -5.867766970494252624e-03 -5.989517596798624383e-04 -9.999765037062723350e-01
2.000000000000000111e-01 -1.203960847974760301e-02 -1.338086758453957891e-03 -9.999022363515385203e-01
2.999999999999999889e-01 -1.882777454583121554e-02 -2.337922230225925654e-03 -9.997651911139435743e-01
4.000000000000000222e-01 -2.655914055643425822e-02 -3.678865406710165459e-03 -9.995431663138781841e-01
5.000000000000000000e-01 -3.557790030415427379e-02 -5.380489426462445671e-03 -9.992006593130623449e-01
5.999999999999999778e-01 -4.624232918748713561e-02 -7.378351605616051238e-03 -9.986849352563107463e-01
6.999999999999999556e-01 -5.891416461953794675e-02 -9.500836764896960357e-03 -9.979217365792695249e-01
7.999999999999999334e-01 -7.393787647293867393e-02 -1.144891654207110324e-02 -9.968113563417723144e-01
8.999999999999999112e-01 -9.160894342508302257e-02 -1.277449060111673571e-02 -9.952261046606684092e-01
9.999999999999998890e-01 -1.121288074120031231e-01 -1.287331480958829252e-02 -9.930104532629098202e-01
1.099999999999999867e+00 -1.355489007411171398e-01 -1.098181623850035850e-02 -9.899854428486317692e-01
1.199999999999999956e+00 -1.617037530608954055e-01 -6.198091390294816622e-03 -9.859590874813256578e-01
1.300000000000000044e+00 -1.901399209200860252e-01 2.474013811753291055e-03 -9.807443278700881395e-01
1.399999999999999911e+00 -2.200461866112956577e-01 1.605254397134533648e-02 -9.741861980917035924e-01
1.500000000000000000e+00 -2.502018330582696515e-01 3.546857125585448772e-02 -9.661975439850843950e-01
1.599999999999999867e+00 -2.789530336325254378e-01 6.142022902158738445e-02 -9.568030549289894271e-01
1.699999999999999956e+00 -3.042406472202409118e-01 9.419928302977002843e-02 -9.461869334205308402e-01
1.800000000000000044e+00 -3.236962603139008077e-01 1.334978994550134190e-01 -9.347381454420805591e-01
1.899999999999999911e+00 -3.348240318316442754e-01 1.782191140614849678e-01 -9.230836198499917655e-01
2.000000000000000000e+00 -3.352777271468443954e-01 2.263314849011874574e-01 -9.120954008980894923e-01
2.099999999999999645e+00 -3.232284839086243533e-01 2.747958388371802285e-01 -9.028596757322199240e-01
2.199999999999999734e+00 -2.977990341331936963e-01 3.196300540066239759e-01 -8.965910646241442850e-01
2.299999999999999822e+00 -2.595152210786191294e-01 3.561425004121450133e-01 -8.944858727333295789e-01
2.399999999999999911e+00 -2.107006709175526515e-01 3.793767691016505239e-01 -8.975114354281138462e-01
2.500000000000000000e+00 -1.557102736197503445e-01 3.847691906553060703e-01 -9.061479767412889963e-01
