1.000000000000000056e-01 1.200932466909964726e-03 2.592939781166605628e-03 -9.999959172039564193e-01
2.000000000000000111e-01 2.445466338730435066e-03 5.164910743884549432e-03 -9.999836715625463057e-01
2.999999999999999889e-01 3.776574127297167155e-03 7.693676343333228154e-03 -9.999632717417256123e-01
4.000000000000000222e-01 5.236306248600396812e-03 1.015430157291037465e-02 -9.999347334990238423e-01
5.000000000000000000e-01 6.864477648282324429e-03 1.251821688365822860e-02 -9.998980814036100284e-01
5.999999999999999778e-01 8.698359784644079870e-03 1.475213200563663812e-02 -9.998533458169649446e-01
6.999999999999999556e-01 1.077149871344264612e-02 1.681717268469431342e-02 -9.998005588729100834e-01
7.999999999999999334e-01 1.311210534932867947e-02 1.866712234478283897e-02 -9.997397717598632827e-01
8.999999999999999112e-01 1.574226170623115734e-02 2.024826451269624850e-02 -9.996710403865649575e-01
9.999999999999998890e-01 1.867501140277696980e-02 2.150052659560418994e-02 -9.995944034026764680e-01
1.099999999999999867e+00 2.191318171205980381e-02 2.235477735294474910e-02 -9.995099181131836819e-01
1.199999999999999956e+00 2.544636407905509143e-02 2.273547200570397858e-02 -9.994176208513548820e-01
1.300000000000000044e+00 2.924918497200736794e-02 2.256000803227821080e-02 -9.993175327289454124e-01
1.399999999999999911e+00 3.327737625843173175e-02 2.174203778499468609e-02 -9.992096376803446534e-01
1.500000000000000000e+00 3.746612977004096234e-02 2.019378764072401328e-02 -9.990938394719062199e-01
1.599999999999999867e+00 4.172655059889752299e-02 1.782937859179379095e-02 -9.989699736386816742e-01
1.699999999999999956e+00 4.594461155136116831e-02 1.456683391245159991e-02 -9.988377746334176077e-01
1.800000000000000044e+00 4.997861900804859842e-02 1.033991651500518541e-02 -9.986967626700977707e-01
1.899999999999999911e+00 5.365790946215615725e-02 5.097140863897145664e-03 -9.985463674270195211e-01
2.000000000000000000e+00 5.678501229125021421e-02 -1.185666744293602378e-03 -9.983857253535777243e-01
2.099999999999999645e+00 5.913778310197261023e-02 -8.497877451664548679e-03 -9.982136588466726801e-01
2.199999999999999734e+00 6.047258882880389430e-02 -1.678488135080823118e-02 -9.980287239154652656e-01
2.299999999999999822e+00 6.053082165328227404e-02 -2.594251420406016792e-02 -9.978291464675287381e-01
2.399999999999999911e+00 5.905193798908873332e-02 -3.580118707754866014e-02 -9.976127222010976459e-01
2.500000000000000000e+00 5.578058557395496053e-02 -4.612621487890402466e-02 -9.973770092028744205e-01
