1.000000000000000056e-01 4.632992227030293710e-03 2.674840755048666502e-02 -9.996063733930091733e-01
2.000000000000000111e-01 1.005463294494965409e-02 5.345487274606926242e-02 -9.984193079587423414e-01
2.999999999999999889e-01 1.704880711572001259e-02 8.001817207879076410e-02 -9.964218856579581951e-01
4.000000000000000222e-01 2.638382585610900971e-02 1.062195382270607891e-01 -9.935914448042399982e-01
5.000000000000000000e-01 3.878963904518965139e-02 1.316661286070124337e-01 -9.899082472801611354e-01
5.999999999999999778e-01 5.491774796190212332e-02 1.557422033021983732e-01 -9.853677806011448270e-01
6.999999999999999556e-01 7.527910560751907565e-02 1.775712972399842438e-01 -9.799968285601919904e-01
7.999999999999999334e-01 1.001581657994046609e-01 1.959976389097770055e-01 -9.738729104098257094e-01
8.999999999999999112e-01 1.295030777583542070e-01 2.095979207042178161e-01 -9.671458462628331754e-01
9.999999999999998890e-01 1.627965203887760393e-01 2.167409952991782573e-01 -9.600580927550133037e-01
1.099999999999999867e+00 1.989243835491262269e-01 2.156998977089223390e-01 -9.529608895974510663e-01
1.199999999999999956e+00 2.360526819735699333e-01 2.048363536213542446e-01 -9.463201421283193859e-01
1.300000000000000044e+00 2.715521091467504866e-01 1.828635465704579466e-01 -9.407031297095780342e-01
1.399999999999999911e+00 3.019992246922538204e-01 1.491757866491250362e-01 -9.367411357312388498e-01
1.500000000000000000e+00 3.233054003100118146e-01 1.042267746617362850e-01 -9.350576234519940577e-01
1.599999999999999867e+00 3.310063729864372029e-01 4.991625852202347113e-02 -9.361595468754542182e-01
1.699999999999999956e+00 3.207491446415222658e-01 -1.009136033672961875e-02 -9.402934935989586407e-01
1.800000000000000044e+00 2.889790597188220400e-01 -7.020471607755215948e-02 -9.472784611351834361e-01
1.899999999999999911e+00 2.337929637953521933e-01 -1.230117670408994446e-01 -9.563403660512986848e-01
2.000000000000000000e+00 1.558692684480031398e-01 -1.597633822620184163e-01 -9.659870396760318334e-01
2.099999999999999645e+00 5.931067907528857208e-02 -1.713139970953443392e-01 -9.739767554896265889e-01
2.199999999999999734e+00 -4.780525933027374164e-02 -1.495241371352768467e-01 -9.774351439709261236e-01
2.299999999999999822e+00 -1.534299370188938194e-01 -8.903965116018729142e-02 -9.731714049589662574e-01
2.399999999999999911e+00 -2.423571997406903378e-01 1.079313986830862486e-02 -9.582147593524662499e-01
2.500000000000000000e+00 -2.979925597277722771e-01 1.442536314566938982e-01 -9.305434384221656918e-01
