1.000000000000000056e-01 3.898993002409381192e-03 -5.147328070082494555e-04 -9.999919142795482552e-01
2.000000000000000111e-01 7.801745830314446226e-03 -1.014652176618360997e-03 -9.999676423659252800e-01
2.999999999999999889e-01 1.171141157422456516e-02 -1.485487569721396540e-03 -9.999271450928365335e-01
4.000000000000000222e-01 1.562993714739802434e-02 -1.911964099338697145e-03 -9.998703784946262330e-01
5.000000000000000000e-01 1.955744403901312281e-02 -2.279175875152710321e-03 -9.997973228644734256e-01
5.999999999999999778e-01 2.349163809268321051e-02 -2.572012446824895916e-03 -9.997080254582159098e-01
6.999999999999999556e-01 2.742721856356519425e-02 -2.775821880544850073e-03 -9.996026528049200000e-01
7.999999999999999334e-01 3.135534047359361809e-02 -2.876145512323193508e-03 -9.994815553359012172e-01
8.999999999999999112e-01 3.526311958718873069e-02 -2.860043675906134494e-03 -9.993453365923939957e-01
9.999999999999998890e-01 3.913343008259043132e-02 -2.716492558232552670e-03 -9.991949231585531832e-01
1.099999999999999867e+00 4.294445733310562480e-02 -2.437774265503855637e-03 -9.990316456195990069e-01
1.199999999999999956e+00 4.667016649000477191e-02 -2.020007589005256773e-03 -9.988572889783180475e-01
1.300000000000000044e+00 5.028054159349414770e-02 -1.465907528096068845e-03 -9.986741387333366582e-01
1.399999999999999911e+00 5.374235890029208096e-02 -7.843968176457385803e-04 -9.984850024778832989e-01
1.500000000000000000e+00 5.702076849419071558e-02 7.145482390285763815e-06 -9.982931633599049226e-01
1.599999999999999867e+00 6.008129868573445359e-02 8.796603798215122316e-04 -9.981022819655612777e-01
1.699999999999999956e+00 6.289187914408755908e-02 1.795086404943548302e-03 -9.979162634090468220e-01
1.800000000000000044e+00 6.542659918111898287e-02 2.703443517046121448e-03 -9.977389684809364612e-01
1.899999999999999911e+00 6.766857549097791968e-02 3.543477070430236901e-03 -9.975739235858791520e-01
2.000000000000000000e+00 6.961441055571523928e-02 4.244909492646720128e-03 -9.974238620027632285e-01
2.099999999999999645e+00 7.127744038553249228e-02 4.730287087185734880e-03 -9.972902818079267817e-01
2.199999999999999734e+00 7.269118555665636527e-02 4.920052549229127735e-03 -9.971729253333172505e-01
2.299999999999999822e+00 7.391393731499691644e-02 4.735191390399495423e-03 -9.970691406442863114e-01
2.399999999999999911e+00 7.502503039820336561e-02 4.109031129675251408e-03 -9.969737920121627406e-01
2.500000000000000000e+00 7.613162762058264810e-02 2.991517602183164405e-03 -9.968784429656432078e-01
