1.000000000000000056e-01 9.755734435389366022e-01 0.000000000000000000e+00 2.442655646106561829e-02 0.000000000000000000e+00 0.000000000000000000e+00 0.000000000000000000e+00 -7.072014423006618830e-04 1.543677416861188034e-01 0.000000000000000000e+00 0.000000000000000000e+00 0.000000000000000000e+00 0.000000000000000000e+00 0.000000000000000000e+00 0.000000000000000000e+00 0.000000000000000000e+00 0.000000000000000000e+00
2.000000000000000111e-01 9.051941059662917954e-01 0.000000000000000000e+00 9.480589403370924539e-02 0.000000000000000000e+00 0.000000000000000000e+00 0.000000000000000000e+00 -5.385793961844601192e-03 2.928971316337529718e-01 0.000000000000000000e+00 0.000000000000000000e+00 0.000000000000000000e+00 0.000000000000000000e+00 0.000000000000000000e+00 0.000000000000000000e+00 0.000000000000000000e+00 0.000000000000000000e+00
2.999999999999999889e-01 7.970953121238291139e-01 0.000000000000000000e+00 2.029046878761707751e-01 0.000000000000000000e+00 0.000000000000000000e+00 0.000000000000000000e+00 -1.674136314397915021e-02 4.018135167609529490e-01 0.000000000000000000e+00 0.000000000000000000e+00 0.000000000000000000e+00 0.000000000000000000e+00 0.000000000000000000e+00 0.000000000000000000e+00 0.000000000000000000e+00 0.000000000000000000e+00
4.000000000000000222e-01 6.635265356465648301e-01 0.000000000000000000e+00 3.364734643534328939e-01 0.000000000000000000e+00 0.000000000000000000e+00 0.000000000000000000e+00 -3.526674740481239301e-02 4.711850259369607108e-01 0.000000000000000000e+00 0.000000000000000000e+00 0.000000000000000000e+00 0.000000000000000000e+00 0.000000000000000000e+00 0.000000000000000000e+00 0.000000000000000000e+00 0.000000000000000000e+00
5.000000000000000000e-01 5.188326074398924570e-01 0.000000000000000000e+00 4.811673925601086532e-01 0.000000000000000000e+00 0.000000000000000000e+00 0.000000000000000000e+00 -5.886546297529644811e-02 4.961654865972988104e-01 0.000000000000000000e+00 0.000000000000000000e+00 0.000000000000000000e+00 0.000000000000000000e+00 0.000000000000000000e+00 0.000000000000000000e+00 0.000000000000000000e+00 0.000000000000000000e+00
5.999999999999999778e-01 3.772755157232069445e-01 0.000000000000000000e+00 6.227244842767960531e-01 0.000000000000000000e+00 0.000000000000000000e+00 0.000000000000000000e+00 -8.316743481268668026e-02 4.775163648627144819e-01 0.000000000000000000e+00 0.000000000000000000e+00 0.000000000000000000e+00 0.000000000000000000e+00 0.000000000000000000e+00 0.000000000000000000e+00 0.000000000000000000e+00 0.000000000000000000e+00
6.999999999999999556e-01 2.510381203533343375e-01 0.000000000000000000e+00 7.489618796466651629e-01 0.000000000000000000e+00 0.000000000000000000e+00 0.000000000000000000e+00 -1.024399157296863039e-01 4.213360251187864836e-01 0.000000000000000000e+00 0.000000000000000000e+00 0.000000000000000000e+00 0.000000000000000000e+00 0.000000000000000000e+00 0.000000000000000000e+00 0.000000000000000000e+00 0.000000000000000000e+00
7.999999999999999334e-01 1.486805934660992423e-01 0.000000000000000000e+00 8.513194065338987038e-01 0.000000000000000000e+00 0.000000000000000000e+00 0.000000000000000000e+00 -1.109494457013352753e-01 3.380309084167907319e-01 0.000000000000000000e+00 0.000000000000000000e+00 0.000000000000000000e+00 0.000000000000000000e+00 0.000000000000000000e+00 0.000000000000000000e+00 0.000000000000000000e+00 0.000000000000000000e+00
8.999999999999999112e-01 7.435354151265710643e-02 0.000000000000000000e+00 9.256464584873446144e-01 0.000000000000000000e+00 0.000000000000000000e+00 0.000000000000000000e+00 -1.043828089751845517e-01 2.406851087335121764e-01 0.000000000000000000e+00 0.000000000000000000e+00 0.000000000000000000e+00 0.000000000000000000e+00 0.000000000000000000e+00 0.000000000000000000e+00 0.000000000000000000e+00 0.000000000000000000e+00
9.999999999999998890e-01 2.780728774722781085e-02 0.000000000000000000e+00 9.721927122527720400e-01 0.000000000000000000e+00 0.000000000000000000e+00 0.000000000000000000e+00 -8.104691521361644113e-02 1.430574709818191459e-01 0.000000000000000000e+00 0.000000000000000000e+00 0.000000000000000000e+00 0.000000000000000000e+00 0.000000000000000000e+00 0.000000000000000000e+00 0.000000000000000000e+00 0.000000000000000000e+00
1.099999999999999867e+00 5.144528186780732149e-03 0.000000000000000000e+00 9.948554718132182062e-01 0.000000000000000000e+00 0.000000000000000000e+00 0.000000000000000000e+00 -4.251332177443977595e-02 5.753850395131641232e-02 0.000000000000000000e+00 0.000000000000000000e+00 0.000000000000000000e+00 0.000000000000000000e+00 0.000000000000000000e+00 0.000000000000000000e+00 0.000000000000000000e+00 0.000000000000000000e+00
1.199999999999999956e+00 8.560211652114079720e-05 0.000000000000000000e+00 9.999143978834812430e-01 0.000000000000000000e+00 0.000000000000000000e+00 0.000000000000000000e+00 6.453449016078210802e-03 -6.629310313847152497e-03 0.000000000000000000e+00 0.000000000000000000e+00 0.000000000000000000e+00 0.000000000000000000e+00 0.000000000000000000e+00 0.000000000000000000e+00 0.000000000000000000e+00 0.000000000000000000e+00
1.300000000000000044e+00 5.462347872765360192e-03 0.000000000000000000e+00 9.945376521272351056e-01 0.000000000000000000e+00 0.000000000000000000e+00 0.000000000000000000e+00 5.870782018866149005e-02 -4.456346521025785629e-02 0.000000000000000000e+00 0.000000000000000000e+00 0.000000000000000000e+00 0.000000000000000000e+00 0.000000000000000000e+00 0.000000000000000000e+00 0.000000000000000000e+00 0.000000000000000000e+00
1.399999999999999911e+00 1.462874245906292149e-02 0.000000000000000000e+00 9.853712575409362406e-01 0.000000000000000000e+00 0.000000000000000000e+00 0.000000000000000000e+00 1.060986767784730250e-01 -5.619442243119400493e-02 0.000000000000000000e+00 0.000000000000000000e+00 0.000000000000000000e+00 0.000000000000000000e+00 0.000000000000000000e+00 0.000000000000000000e+00 0.000000000000000000e+00 0.000000000000000000e+00
1.500000000000000000e+00 2.252408707637992835e-02 0.000000000000000000e+00 9.774759129236185728e-01 0.000000000000000000e+00 0.000000000000000000e+00 0.000000000000000000e+00 1.411034684996064770e-01 -4.589731754794824925e-02 0.000000000000000000e+00 0.000000000000000000e+00 0.000000000000000000e+00 0.000000000000000000e+00 0.000000000000000000e+00 0.000000000000000000e+00 0.000000000000000000e+00 0.000000000000000000e+00
1.599999999999999867e+00 2.623938536144496125e-02 0.000000000000000000e+00 9.737606146385566763e-01 0.000000000000000000e+00 0.000000000000000000e+00 0.000000000000000000e+00 1.584123020066922349e-01 -2.136404845248897691e-02 0.000000000000000000e+00 0.000000000000000000e+00 0.000000000000000000e+00 0.000000000000000000e+00 0.000000000000000000e+00 0.000000000000000000e+00 0.000000000000000000e+00 0.000000000000000000e+00
1.699999999999999956e+00 2.503532922241967495e-02 0.000000000000000000e+00 9.749646707775784238e-01 0.000000000000000000e+00 0.000000000000000000e+00 0.000000000000000000e+00 1.560235880785925677e-01 8.074739369952961543e-03 0.000000000000000000e+00 0.000000000000000000e+00 0.000000000000000000e+00 0.000000000000000000e+00 0.000000000000000000e+00 0.000000000000000000e+00 0.000000000000000000e+00 0.000000000000000000e+00
1.800000000000000044e+00 1.991477044602546140e-02 0.000000000000000000e+00 9.800852295539717041e-01 0.000000000000000000e+00 0.000000000000000000e+00 0.000000000000000000e+00 1.356797575661667921e-01 3.330429081786168144e-02 0.000000000000000000e+00 0.000000000000000000e+00 0.000000000000000000e+00 0.000000000000000000e+00 0.000000000000000000e+00 0.000000000000000000e+00 0.000000000000000000e+00 0.000000000000000000e+00
1.899999999999999911e+00 1.289334556625835841e-02 0.000000000000000000e+00 9.871066544337432358e-01 0.000000000000000000e+00 0.000000000000000000e+00 0.000000000000000000e+00 1.024655061236490750e-01 4.720092464945157412e-02 0.000000000000000000e+00 0.000000000000000000e+00 0.000000000000000000e+00 0.000000000000000000e+00 0.000000000000000000e+00 0.000000000000000000e+00 0.000000000000000000e+00 0.000000000000000000e+00
2.000000000000000000e+00 6.206321467074727739e-03 0.000000000000000000e+00 9.937936785329223310e-01 0.000000000000000000e+00 0.000000000000000000e+00 0.000000000000000000e+00 6.372377055860022066e-02 4.590298550403645872e-02 0.000000000000000000e+00 0.000000000000000000e+00 0.000000000000000000e+00 0.000000000000000000e+00 0.000000000000000000e+00 0.000000000000000000e+00 0.000000000000000000e+00 0.000000000000000000e+00
2.099999999999999645e+00 1.617217643996265173e-03 0.000000000000000000e+00 9.983827823560035286e-01 0.000000000000000000e+00 0.000000000000000000e+00 0.000000000000000000e+00 2.745731288197884173e-02 2.933765944319366090e-02 0.000000000000000000e+00 0.000000000000000000e+00 0.000000000000000000e+00 0.000000000000000000e+00 0.000000000000000000e+00 0.000000000000000000e+00 0.000000000000000000e+00 0.000000000000000000e+00
2.199999999999999734e+00 1.453305042764873924e-06 0.000000000000000000e+00 9.999985466949585788e-01 0.000000000000000000e+00 0.000000000000000000e+00 0.000000000000000000e+00 6.351272039874407416e-04 1.024616682277353650e-03 0.000000000000000000e+00 0.000000000000000000e+00 0.000000000000000000e+00 0.000000000000000000e+00 0.000000000000000000e+00 0.000000000000000000e+00 0.000000000000000000e+00 0.000000000000000000e+00
2.299999999999999822e+00 1.236905575273610381e-03 0.000000000000000000e+00 9.987630944247287701e-01 0.000000000000000000e+00 0.000000000000000000e+00 0.000000000000000000e+00 -1.226768875129969662e-02 -3.293750589602250506e-02 0.000000000000000000e+00 0.000000000000000000e+00 0.000000000000000000e+00 0.000000000000000000e+00 0.000000000000000000e+00 0.000000000000000000e+00 0.000000000000000000e+00 0.000000000000000000e+00
2.399999999999999911e+00 4.392058786730341363e-03 0.000000000000000000e+00 9.956079412132672335e-01 0.000000000000000000e+00 0.000000000000000000e+00 0.000000000000000000e+00 -1.013904473549983275e-02 -6.534499493694036210e-02 0.000000000000000000e+00 0.000000000000000000e+00 0.000000000000000000e+00 0.000000000000000000e+00 0.000000000000000000e+00 0.000000000000000000e+00 0.000000000000000000e+00 0.000000000000000000e+00
2.500000000000000000e+00 8.110184627790509998e-03 0.000000000000000000e+00 9.918898153722091049e-01 0.000000000000000000e+00 0.000000000000000000e+00 0.000000000000000000e+00 4.662306559902297011e-03 -8.956937161587538720e-02 0.000000000000000000e+00 0.000000000000000000e+00 0.000000000000000000e+00 0.000000000000000000e+00 0.000000000000000000e+00 0.000000000000000000e+00 0.000000000000000000e+00 0.000000000000000000e+00
2.600000000000000089e+00 1.105653271559739990e-02 0.000000000000000000e+00 9.889434672844040763e-01 0.000000000000000000e+00 0.000000000000000000e+00 0.000000000000000000e+00 2.698740829417116752e-02 -1.010245789110064130e-01 0.000000000000000000e+00 0.000000000000000000e+00 0.000000000000000000e+00 0.000000000000000000e+00 0.000000000000000000e+00 0.000000000000000000e+00 0.000000000000000000e+00 0.000000000000000000e+00
2.699999999999999734e+00 1.230055078928815084e-02 0.000000000000000000e+00 9.876994492107126211e-01 0.000000000000000000e+00 0.000000000000000000e+00 0.000000000000000000e+00 5.017240037787660395e-02 -9.814263770128575648e-02 0.000000000000000000e+00 0.000000000000000000e+00 0.000000000000000000e+00 0.000000000000000000e+00 0.000000000000000000e+00 0.000000000000000000e+00 0.000000000000000000e+00 0.000000000000000000e+00
2.799999999999999822e+00 1.154300712499148687e-02 0.000000000000000000e+00 9.884569928750089884e-01 0.000000000000000000e+00 0.000000000000000000e+00 0.000000000000000000e+00 6.765451487240480011e-02 -8.265974017405462726e-02 0.000000000000000000e+00 0.000000000000000000e+00 0.000000000000000000e+00 0.000000000000000000e+00 0.000000000000000000e+00 0.000000000000000000e+00 0.000000000000000000e+00 0.000000000000000000e+00
2.899999999999999911e+00 9.119912406606778613e-03 0.000000000000000000e+00 9.908800875933939656e-01 0.000000000000000000e+00 0.000000000000000000e+00 0.000000000000000000e+00 7.448788830794433879e-02 -5.906178138634516489e-02 0.000000000000000000e+00 0.000000000000000000e+00 0.000000000000000000e+00 0.000000000000000000e+00 0.000000000000000000e+00 0.000000000000000000e+00 0.000000000000000000e+00 0.000000000000000000e+00
3.000000000000000000e+00 5.844310305375423863e-03 0.000000000000000000e+00 9.941556896946257549e-01 0.000000000000000000e+00 0.000000000000000000e+00 0.000000000000000000e+00 6.846274153639421434e-02 -3.351130361168724869e-02 0.000000000000000000e+00 0.000000000000000000e+00 0.000000000000000000e+00 0.000000000000000000e+00 0.000000000000000000e+00 0.000000000000000000e+00 0.000000000000000000e+00 0.000000000000000000e+00
