1.000000000000000056e-01 9.972730886592166000e-01 0.000000000000000000e+00 2.726911340784106061e-03 0.000000000000000000e+00 0.000000000000000000e+00 0.000000000000000000e+00 2.180037397989451758e-02 -4.737318888495556379e-02 0.000000000000000000e+00 0.000000000000000000e+00 0.000000000000000000e+00 0.000000000000000000e+00 0.000000000000000000e+00 0.000000000000000000e+00 0.000000000000000000e+00 0.000000000000000000e+00
2.000000000000000111e-01 9.892258141295582341e-01 0.000000000000000000e+00 1.077418587044168090e-02 0.000000000000000000e+00 0.000000000000000000e+00 0.000000000000000000e+00 4.294005384557340876e-02 -9.388426126608917510e-02 0.000000000000000000e+00 0.000000000000000000e+00 0.000000000000000000e+00 0.000000000000000000e+00 0.000000000000000000e+00 0.000000000000000000e+00 0.000000000000000000e+00 0.000000000000000000e+00
2.999999999999999889e-01 9.762428641721417888e-01 0.000000000000000000e+00 2.375713582785837774e-02 0.000000000000000000e+00 0.000000000000000000e+00 0.000000000000000000e+00 6.281948490014299669e-02 -1.387315620085647905e-01 0.000000000000000000e+00 0.000000000000000000e+00 0.000000000000000000e+00 0.000000000000000000e+00 0.000000000000000000e+00 0.000000000000000000e+00 0.000000000000000000e+00 0.000000000000000000e+00
4.000000000000000222e-01 9.589179743409711465e-01 0.000000000000000000e+00 4.108202565902750042e-02 0.000000000000000000e+00 0.000000000000000000e+00 0.000000000000000000e+00 8.095023571860132661e-02 -1.812218305731292112e-01 0.000000000000000000e+00 0.000000000000000000e+00 0.000000000000000000e+00 0.000000000000000000e+00 0.000000000000000000e+00 0.000000000000000000e+00 0.000000000000000000e+00 0.000000000000000000e+00
5.000000000000000000e-01 9.379810236890828712e-01 0.000000000000000000e+00 6.201897631091787821e-02 0.000000000000000000e+00 0.000000000000000000e+00 0.000000000000000000e+00 9.699774907879288310e-02 -2.208258582376641521e-01 0.000000000000000000e+00 0.000000000000000000e+00 0.000000000000000000e+00 0.000000000000000000e+00 0.000000000000000000e+00 0.000000000000000000e+00 0.000000000000000000e+00 0.000000000000000000e+00
5.999999999999999778e-01 9.142323991290447482e-01 0.000000000000000000e+00 8.576760087095353091e-02 0.000000000000000000e+00 0.000000000000000000e+00 0.000000000000000000e+00 1.107777449243576018e-01 -2.571766134828443739e-01 0.000000000000000000e+00 0.000000000000000000e+00 0.000000000000000000e+00 0.000000000000000000e+00 0.000000000000000000e+00 0.000000000000000000e+00 0.000000000000000000e+00 0.000000000000000000e+00
6.999999999999999556e-01 8.884603199850588107e-01 0.000000000000000000e+00 1.115396800149429379e-01 0.000000000000000000e+00 0.000000000000000000e+00 0.000000000000000000e+00 1.222550107262163205e-01 -2.900901460404152754e-01 0.000000000000000000e+00 0.000000000000000000e+00 0.000000000000000000e+00 0.000000000000000000e+00 0.000000000000000000e+00 0.000000000000000000e+00 0.000000000000000000e+00 0.000000000000000000e+00
7.999999999999999334e-01 8.613921389474965551e-01 0.000000000000000000e+00 1.386078610525022792e-01 0.000000000000000000e+00 0.000000000000000000e+00 0.000000000000000000e+00 1.315103052604101874e-01 -3.195320985870231945e-01 0.000000000000000000e+00 0.000000000000000000e+00 0.000000000000000000e+00 0.000000000000000000e+00 0.000000000000000000e+00 0.000000000000000000e+00 0.000000000000000000e+00 0.000000000000000000e+00
8.999999999999999112e-01 8.336473911003633441e-01 0.000000000000000000e+00 1.663526088996377383e-01 0.000000000000000000e+00 0.000000000000000000e+00 0.000000000000000000e+00 1.387028640984822592e-01 -3.456022764096993161e-01 0.000000000000000000e+00 0.000000000000000000e+00 0.000000000000000000e+00 0.000000000000000000e+00 0.000000000000000000e+00 0.000000000000000000e+00 0.000000000000000000e+00 0.000000000000000000e+00
9.999999999999998890e-01 8.057287172339745451e-01 0.000000000000000000e+00 1.942712827660283970e-01 0.000000000000000000e+00 0.000000000000000000e+00 0.000000000000000000e+00 1.440354884348577780e-01 -3.684884399812051736e-01 0.000000000000000000e+00 0.000000000000000000e+00 0.000000000000000000e+00 0.000000000000000000e+00 0.000000000000000000e+00 0.000000000000000000e+00 0.000000000000000000e+00 0.000000000000000000e+00
1.099999999999999867e+00 7.780214984062365779e-01 0.000000000000000000e+00 2.219785015937662809e-01 0.000000000000000000e+00 0.000000000000000000e+00 0.000000000000000000e+00 1.477137877591809534e-01 -3.884387767347211584e-01 0.000000000000000000e+00 0.000000000000000000e+00 0.000000000000000000e+00 0.000000000000000000e+00 0.000000000000000000e+00 0.000000000000000000e+00 0.000000000000000000e+00 0.000000000000000000e+00
1.199999999999999956e+00 7.508091044556278737e-01 0.000000000000000000e+00 2.491908955443712381e-01 0.000000000000000000e+00 0.000000000000000000e+00 0.000000000000000000e+00 1.499357070659422808e-01 -4.057266025662966125e-01 0.000000000000000000e+00 0.000000000000000000e+00 0.000000000000000000e+00 0.000000000000000000e+00 0.000000000000000000e+00 0.000000000000000000e+00 0.000000000000000000e+00 0.000000000000000000e+00
1.300000000000000044e+00 7.243082106122191721e-01 0.000000000000000000e+00 2.756917893877841585e-01 0.000000000000000000e+00 0.000000000000000000e+00 0.000000000000000000e+00 1.508689907397783858e-01 -4.206237920899024152e-01 0.000000000000000000e+00 0.000000000000000000e+00 0.000000000000000000e+00 0.000000000000000000e+00 0.000000000000000000e+00 0.000000000000000000e+00 0.000000000000000000e+00 0.000000000000000000e+00
1.399999999999999911e+00 6.986679000986163457e-01 0.000000000000000000e+00 3.013320999013825996e-01 0.000000000000000000e+00 0.000000000000000000e+00 0.000000000000000000e+00 1.506665728754268685e-01 -4.333943350427509333e-01 0.000000000000000000e+00 0.000000000000000000e+00 0.000000000000000000e+00 0.000000000000000000e+00 0.000000000000000000e+00 0.000000000000000000e+00 0.000000000000000000e+00 0.000000000000000000e+00
1.500000000000000000e+00 6.740103198286470088e-01 0.000000000000000000e+00 3.259896801713523251e-01 0.000000000000000000e+00 0.000000000000000000e+00 0.000000000000000000e+00 1.494735682603103855e-01 -4.442725080494691614e-01 0.000000000000000000e+00 0.000000000000000000e+00 0.000000000000000000e+00 0.000000000000000000e+00 0.000000000000000000e+00 0.000000000000000000e+00 0.000000000000000000e+00 0.000000000000000000e+00
1.599999999999999867e+00 6.504165652009573639e-01 0.000000000000000000e+00 3.495834347990420254e-01 0.000000000000000000e+00 0.000000000000000000e+00 0.000000000000000000e+00 1.474235771994454880e-01 -4.534767305156387485e-01 0.000000000000000000e+00 0.000000000000000000e+00 0.000000000000000000e+00 0.000000000000000000e+00 0.000000000000000000e+00 0.000000000000000000e+00 0.000000000000000000e+00 0.000000000000000000e+00
1.699999999999999956e+00 6.279444742369466592e-01 0.000000000000000000e+00 3.720555257630503432e-01 0.000000000000000000e+00 0.000000000000000000e+00 0.000000000000000000e+00 1.446533203404328227e-01 -4.612002035574936931e-01 0.000000000000000000e+00 0.000000000000000000e+00 0.000000000000000000e+00 0.000000000000000000e+00 0.000000000000000000e+00 0.000000000000000000e+00 0.000000000000000000e+00 0.000000000000000000e+00
1.800000000000000044e+00 6.066137736982268880e-01 0.000000000000000000e+00 3.933862263017750549e-01 0.000000000000000000e+00 0.000000000000000000e+00 0.000000000000000000e+00 1.413114842477663502e-01 -4.676158327506984569e-01 0.000000000000000000e+00 0.000000000000000000e+00 0.000000000000000000e+00 0.000000000000000000e+00 0.000000000000000000e+00 0.000000000000000000e+00 0.000000000000000000e+00 0.000000000000000000e+00
1.899999999999999911e+00 5.864084319401999812e-01 0.000000000000000000e+00 4.135915680598001853e-01 0.000000000000000000e+00 0.000000000000000000e+00 0.000000000000000000e+00 1.375255786090700538e-01 -4.728850791816722743e-01 0.000000000000000000e+00 0.000000000000000000e+00 0.000000000000000000e+00 0.000000000000000000e+00 0.000000000000000000e+00 0.000000000000000000e+00 0.000000000000000000e+00 0.000000000000000000e+00
2.000000000000000000e+00 5.672824877952599154e-01 0.000000000000000000e+00 4.327175122047365319e-01 0.000000000000000000e+00 0.000000000000000000e+00 0.000000000000000000e+00 1.334152834575551561e-01 -4.771513684478524975e-01 0.000000000000000000e+00 0.000000000000000000e+00 0.000000000000000000e+00 0.000000000000000000e+00 0.000000000000000000e+00 0.000000000000000000e+00 0.000000000000000000e+00 0.000000000000000000e+00
2.099999999999999645e+00 5.491620157455771034e-01 0.000000000000000000e+00 4.508379842544240068e-01 0.000000000000000000e+00 0.000000000000000000e+00 0.000000000000000000e+00 1.290687796571587387e-01 -4.805458836616087748e-01 0.000000000000000000e+00 0.000000000000000000e+00 0.000000000000000000e+00 0.000000000000000000e+00 0.000000000000000000e+00 0.000000000000000000e+00 0.000000000000000000e+00 0.000000000000000000e+00
2.199999999999999734e+00 5.319629552412550311e-01 0.000000000000000000e+00 4.680370447587444693e-01 0.000000000000000000e+00 0.000000000000000000e+00 0.000000000000000000e+00 1.245492764804494029e-01 -4.831830367459166165e-01 0.000000000000000000e+00 0.000000000000000000e+00 0.000000000000000000e+00 0.000000000000000000e+00 0.000000000000000000e+00 0.000000000000000000e+00 0.000000000000000000e+00 0.000000000000000000e+00
2.299999999999999822e+00 5.156087527372762436e-01 0.000000000000000000e+00 4.843912472627229238e-01 0.000000000000000000e+00 0.000000000000000000e+00 0.000000000000000000e+00 1.198860877763528732e-01 -4.851635730262823798e-01 0.000000000000000000e+00 0.000000000000000000e+00 0.000000000000000000e+00 0.000000000000000000e+00 0.000000000000000000e+00 0.000000000000000000e+00 0.000000000000000000e+00 0.000000000000000000e+00
2.399999999999999911e+00 5.000378976503399020e-01 0.000000000000000000e+00 4.999621023496587102e-01 0.000000000000000000e+00 0.000000000000000000e+00 0.000000000000000000e+00 1.150752537919108309e-01 -4.865775211361453301e-01 0.000000000000000000e+00 0.000000000000000000e+00 0.000000000000000000e+00 0.000000000000000000e+00 0.000000000000000000e+00 0.000000000000000000e+00 0.000000000000000000e+00 0.000000000000000000e+00
2.500000000000000000e+00 4.852072592402780216e-01 0.000000000000000000e+00 5.147927407597231442e-01 0.000000000000000000e+00 0.000000000000000000e+00 0.000000000000000000e+00 1.101194576884503840e-01 -4.874985941671525214e-01 0.000000000000000000e+00 0.000000000000000000e+00 0.000000000000000000e+00 0.000000000000000000e+00 0.000000000000000000e+00 0.000000000000000000e+00 0.000000000000000000e+00 0.000000000000000000e+00
2.600000000000000089e+00 4.711044283712037539e-01 0.000000000000000000e+00 5.288955716287891962e-01 0.000000000000000000e+00 0.000000000000000000e+00 0.000000000000000000e+00 1.050183039140194924e-01 -4.879920091151082051e-01 0.000000000000000000e+00 0.000000000000000000e+00 0.000000000000000000e+00 0.000000000000000000e+00 0.000000000000000000e+00 0.000000000000000000e+00 0.000000000000000000e+00 0.000000000000000000e+00
2.699999999999999734e+00 4.577335335332025079e-01 0.000000000000000000e+00 5.422664664667966594e-01 0.000000000000000000e+00 0.000000000000000000e+00 0.000000000000000000e+00 9.978607003630367289e-02 -4.881150331298572675e-01 0.000000000000000000e+00 0.000000000000000000e+00 0.000000000000000000e+00 0.000000000000000000e+00 0.000000000000000000e+00 0.000000000000000000e+00 0.000000000000000000e+00 0.000000000000000000e+00
2.799999999999999822e+00 4.450887061453537297e-01 0.000000000000000000e+00 5.549112938546493234e-01 0.000000000000000000e+00 0.000000000000000000e+00 0.000000000000000000e+00 9.445763102521449739e-02 -4.879164936475919312e-01 0.000000000000000000e+00 0.000000000000000000e+00 0.000000000000000000e+00 0.000000000000000000e+00 0.000000000000000000e+00 0.000000000000000000e+00 0.000000000000000000e+00 0.000000000000000000e+00
2.899999999999999911e+00 4.331651291316538921e-01 0.000000000000000000e+00 5.668348708683442760e-01 0.000000000000000000e+00 0.000000000000000000e+00 0.000000000000000000e+00 8.909490813009651733e-02 -4.874373765140255776e-01 0.000000000000000000e+00 0.000000000000000000e+00 0.000000000000000000e+00 0.000000000000000000e+00 0.000000000000000000e+00 0.000000000000000000e+00 0.000000000000000000e+00 0.000000000000000000e+00
3.000000000000000000e+00 4.219240214867063243e-01 0.000000000000000000e+00 5.780759785132929540e-01 0.000000000000000000e+00 0.000000000000000000e+00 0.000000000000000000e+00 8.375973083146939779e-02 -4.867118731738456217e-01 0.000000000000000000e+00 0.000000000000000000e+00 0.000000000000000000e+00 0.000000000000000000e+00 0.000000000000000000e+00 0.000000000000000000e+00 0.000000000000000000e+00 0.000000000000000000e+00
