1.000000000000000056e-01 9.827259932917660201e-01 0.000000000000000000e+00 1.727400670823660278e-02 0.000000000000000000e+00 0.000000000000000000e+00 0.000000000000000000e+00 3.656758231461253172e-02 1.250536978856779669e-01 0.000000000000000000e+00 0.000000000000000000e+00 0.000000000000000000e+00 0.000000000000000000e+00 0.000000000000000000e+00 0.000000000000000000e+00 0.000000000000000000e+00 0.000000000000000000e+00
2.000000000000000111e-01 9.327584123965870777e-01 0.000000000000000000e+00 6.724158760341104879e-02 0.000000000000000000e+00 0.000000000000000000e+00 0.000000000000000000e+00 6.191976119710181081e-02 2.426645826035997155e-01 0.000000000000000000e+00 0.000000000000000000e+00 0.000000000000000000e+00 0.000000000000000000e+00 0.000000000000000000e+00 0.000000000000000000e+00 0.000000000000000000e+00 0.000000000000000000e+00
2.999999999999999889e-01 8.553736943083602995e-01 0.000000000000000000e+00 1.446263056916410050e-01 0.000000000000000000e+00 0.000000000000000000e+00 0.000000000000000000e+00 6.678152337925349902e-02 3.453255934225632484e-01 0.000000000000000000e+00 0.000000000000000000e+00 0.000000000000000000e+00 0.000000000000000000e+00 0.000000000000000000e+00 0.000000000000000000e+00 0.000000000000000000e+00 0.000000000000000000e+00
4.000000000000000222e-01 7.584439341647188915e-01 0.000000000000000000e+00 2.415560658352812751e-01 0.000000000000000000e+00 0.000000000000000000e+00 0.000000000000000000e+00 4.547152389786834892e-02 4.256043623814371180e-01 0.000000000000000000e+00 0.000000000000000000e+00 0.000000000000000000e+00 0.000000000000000000e+00 0.000000000000000000e+00 0.000000000000000000e+00 0.000000000000000000e+00 0.000000000000000000e+00
5.000000000000000000e-01 6.512452481509525271e-01 0.000000000000000000e+00 3.487547518490513587e-01 0.000000000000000000e+00 0.000000000000000000e+00 0.000000000000000000e+00 -2.970090450322572517e-03 4.765669452764428327e-01 0.000000000000000000e+00 0.000000000000000000e+00 0.000000000000000000e+00 0.000000000000000000e+00 0.000000000000000000e+00 0.000000000000000000e+00 0.000000000000000000e+00 0.000000000000000000e+00
5.999999999999999778e-01 5.431098104553814254e-01 0.000000000000000000e+00 4.568901895446157435e-01 0.000000000000000000e+00 0.000000000000000000e+00 0.000000000000000000e+00 -7.439907134380030485e-02 4.925508323044041625e-01 0.000000000000000000e+00 0.000000000000000000e+00 0.000000000000000000e+00 0.000000000000000000e+00 0.000000000000000000e+00 0.000000000000000000e+00 0.000000000000000000e+00 0.000000000000000000e+00
6.999999999999999556e-01 4.421562425299890298e-01 0.000000000000000000e+00 5.578437574700111368e-01 0.000000000000000000e+00 0.000000000000000000e+00 0.000000000000000000e+00 -1.599835698988925081e-01 4.701694983859205923e-01 0.000000000000000000e+00 0.000000000000000000e+00 0.000000000000000000e+00 0.000000000000000000e+00 0.000000000000000000e+00 0.000000000000000000e+00 0.000000000000000000e+00 0.000000000000000000e+00
7.999999999999999334e-01 3.543483517521924253e-01 0.000000000000000000e+00 6.456516482478046326e-01 0.000000000000000000e+00 0.000000000000000000e+00 0.000000000000000000e+00 -2.474288102394421041e-01 4.093465293155351126e-01 0.000000000000000000e+00 0.000000000000000000e+00 0.000000000000000000e+00 0.000000000000000000e+00 0.000000000000000000e+00 0.000000000000000000e+00 0.000000000000000000e+00 0.000000000000000000e+00
8.999999999999999112e-01 2.829787966890207063e-01 0.000000000000000000e+00 7.170212033109811811e-01 0.000000000000000000e+00 0.000000000000000000e+00 0.000000000000000000e+00 -3.228482271907253121e-01 3.141191164672897940e-01 0.000000000000000000e+00 0.000000000000000000e+00 0.000000000000000000e+00 0.000000000000000000e+00 0.000000000000000000e+00 0.000000000000000000e+00 0.000000000000000000e+00 0.000000000000000000e+00
9.999999999999998890e-01 2.286434558721451571e-01 0.000000000000000000e+00 7.713565441278539270e-01 0.000000000000000000e+00 0.000000000000000000e+00 0.000000000000000000e+00 -3.730239481074791863e-01 1.929216421073675636e-01 0.000000000000000000e+00 0.000000000000000000e+00 0.000000000000000000e+00 0.000000000000000000e+00 0.000000000000000000e+00 0.000000000000000000e+00 0.000000000000000000e+00 0.000000000000000000e+00
1.099999999999999867e+00 1.896886208057501910e-01 0.000000000000000000e+00 8.103113791942457844e-01 0.000000000000000000e+00 0.000000000000000000e+00 0.000000000000000000e+00 -3.877156430639301377e-01 5.816724419601931179e-02 0.000000000000000000e+00 0.000000000000000000e+00 0.000000000000000000e+00 0.000000000000000000e+00 0.000000000000000000e+00 0.000000000000000000e+00 0.000000000000000000e+00 0.000000000000000000e+00
1.199999999999999956e+00 1.629523484620569451e-01 0.000000000000000000e+00 8.370476515379421389e-01 0.000000000000000000e+00 0.000000000000000000e+00 0.000000000000000000e+00 -3.616301880273711244e-01 -7.498324837195857739e-02 0.000000000000000000e+00 0.000000000000000000e+00 0.000000000000000000e+00 0.000000000000000000e+00 0.000000000000000000e+00 0.000000000000000000e+00 0.000000000000000000e+00 0.000000000000000000e+00
1.300000000000000044e+00 1.446262706535677844e-01 0.000000000000000000e+00 8.553737293464314106e-01 0.000000000000000000e+00 0.000000000000000000e+00 0.000000000000000000e+00 -2.956569652920192359e-01 -1.905163282303794225e-01 0.000000000000000000e+00 0.000000000000000000e+00 0.000000000000000000e+00 0.000000000000000000e+00 0.000000000000000000e+00 0.000000000000000000e+00 0.000000000000000000e+00 0.000000000000000000e+00
1.399999999999999911e+00 1.311036175038154394e-01 0.000000000000000000e+00 8.688963824961866145e-01 0.000000000000000000e+00 0.000000000000000000e+00 0.000000000000000000e+00 -1.971588553731208615e-01 -2.739413158813816529e-01 0.000000000000000000e+00 0.000000000000000000e+00 0.000000000000000000e+00 0.000000000000000000e+00 0.000000000000000000e+00 0.000000000000000000e+00 0.000000000000000000e+00 0.000000000000000000e+00
1.500000000000000000e+00 1.195736704971409464e-01 0.000000000000000000e+00 8.804263295028581515e-01 0.000000000000000000e+00 0.000000000000000000e+00 0.000000000000000000e+00 -7.910935866298103580e-02 -3.146704899779749764e-01 0.000000000000000000e+00 0.000000000000000000e+00 0.000000000000000000e+00 0.000000000000000000e+00 0.000000000000000000e+00 0.000000000000000000e+00 0.000000000000000000e+00 0.000000000000000000e+00
1.599999999999999867e+00 1.083597929469528459e-01 0.000000000000000000e+00 8.916402070530434765e-01 0.000000000000000000e+00 0.000000000000000000e+00 0.000000000000000000e+00 4.178339198461339388e-02 -3.080131425962506220e-01 0.000000000000000000e+00 0.000000000000000000e+00 0.000000000000000000e+00 0.000000000000000000e+00 0.000000000000000000e+00 0.000000000000000000e+00 0.000000000000000000e+00 0.000000000000000000e+00
1.699999999999999956e+00 9.690946962432619993e-02 0.000000000000000000e+00 9.030905303756721070e-01 0.000000000000000000e+00 0.000000000000000000e+00 0.000000000000000000e+00 1.477587892687444726e-01 -2.562915615796588775e-01 0.000000000000000000e+00 0.000000000000000000e+00 0.000000000000000000e+00 0.000000000000000000e+00 0.000000000000000000e+00 0.000000000000000000e+00 0.000000000000000000e+00 0.000000000000000000e+00
1.800000000000000044e+00 8.555466448315976469e-02 0.000000000000000000e+00 9.144453355168384867e-01 0.000000000000000000e+00 0.000000000000000000e+00 0.000000000000000000e+00 2.230005345893525670e-01 -1.688366823220406321e-01 0.000000000000000000e+00 0.000000000000000000e+00 0.000000000000000000e+00 0.000000000000000000e+00 0.000000000000000000e+00 0.000000000000000000e+00 0.000000000000000000e+00 0.000000000000000000e+00
1.899999999999999911e+00 7.510035193705240364e-02 0.000000000000000000e+00 9.248996480629472217e-01 0.000000000000000000e+00 0.000000000000000000e+00 0.000000000000000000e+00 2.564648019558107839e-01 -6.071321230855210305e-02 0.000000000000000000e+00 0.000000000000000000e+00 0.000000000000000000e+00 0.000000000000000000e+00 0.000000000000000000e+00 0.000000000000000000e+00 0.000000000000000000e+00 0.000000000000000000e+00
2.000000000000000000e+00 6.639637974963212563e-02 0.000000000000000000e+00 9.336036202503665837e-01 0.000000000000000000e+00 0.000000000000000000e+00 0.000000000000000000e+00 2.439728781533058166e-01 4.965012765878827616e-02 0.000000000000000000e+00 0.000000000000000000e+00 0.000000000000000000e+00 0.000000000000000000e+00 0.000000000000000000e+00 0.000000000000000000e+00 0.000000000000000000e+00 0.000000000000000000e+00
2.099999999999999645e+00 5.999054113388382209e-02 0.000000000000000000e+00 9.400094588661132011e-01 0.000000000000000000e+00 0.000000000000000000e+00 0.000000000000000000e+00 1.891417045019407328e-01 1.435865294261219061e-01 0.000000000000000000e+00 0.000000000000000000e+00 0.000000000000000000e+00 0.000000000000000000e+00 0.000000000000000000e+00 0.000000000000000000e+00 0.000000000000000000e+00 0.000000000000000000e+00
2.199999999999999734e+00 5.593316425722323626e-02 0.000000000000000000e+00 9.440668357427799418e-01 0.000000000000000000e+00 0.000000000000000000e+00 0.000000000000000000e+00 1.028905014228679304e-01 2.054706543926476670e-01 0.000000000000000000e+00 0.000000000000000000e+00 0.000000000000000000e+00 0.000000000000000000e+00 0.000000000000000000e+00 0.000000000000000000e+00 0.000000000000000000e+00 0.000000000000000000e+00
2.299999999999999822e+00 5.378039824748132719e-02 0.000000000000000000e+00 9.462196017525189573e-01 0.000000000000000000e+00 0.000000000000000000e+00 0.000000000000000000e+00 1.591311234840010053e-03 2.255782224118813850e-01 0.000000000000000000e+00 0.000000000000000000e+00 0.000000000000000000e+00 0.000000000000000000e+00 0.000000000000000000e+00 0.000000000000000000e+00 0.000000000000000000e+00 0.000000000000000000e+00
2.399999999999999911e+00 5.273703485551397424e-02 0.000000000000000000e+00 9.472629651444877119e-01 0.000000000000000000e+00 0.000000000000000000e+00 0.000000000000000000e+00 -9.587166049104851873e-02 2.019021157971923885e-01 0.000000000000000000e+00 0.000000000000000000e+00 0.000000000000000000e+00 0.000000000000000000e+00 0.000000000000000000e+00 0.000000000000000000e+00 0.000000000000000000e+00 0.000000000000000000e+00
2.500000000000000000e+00 5.190363027937756890e-02 0.000000000000000000e+00 9.480963697206218344e-01 0.000000000000000000e+00 0.000000000000000000e+00 0.000000000000000000e+00 -1.716106408114438653e-01 1.405682429585682625e-01 0.000000000000000000e+00 0.000000000000000000e+00 0.000000000000000000e+00 0.000000000000000000e+00 0.000000000000000000e+00 0.000000000000000000e+00 0.000000000000000000e+00 0.000000000000000000e+00
2.600000000000000089e+00 5.052945092362208512e-02 0.000000000000000000e+00 9.494705490763785116e-01 0.000000000000000000e+00 0.000000000000000000e+00 0.000000000000000000e+00 -2.120960633422011299e-01 5.469447203238769067e-02 0.000000000000000000e+00 0.000000000000000000e+00 0.000000000000000000e+00 0.000000000000000000e+00 0.000000000000000000e+00 0.000000000000000000e+00 0.000000000000000000e+00 0.000000000000000000e+00
2.699999999999999734e+00 4.820235844363555261e-02 0.000000000000000000e+00 9.517976415563633719e-01 0.000000000000000000e+00 0.000000000000000000e+00 0.000000000000000000e+00 -2.107687661098451848e-01 -3.814994386510339730e-02 0.000000000000000000e+00 0.000000000000000000e+00 0.000000000000000000e+00 0.000000000000000000e+00 0.000000000000000000e+00 0.000000000000000000e+00 0.000000000000000000e+00 0.000000000000000000e+00
2.799999999999999822e+00 4.492178296329533971e-02 0.000000000000000000e+00 9.550782170367076995e-01 0.000000000000000000e+00 0.000000000000000000e+00 0.000000000000000000e+00 -1.692762244066885469e-01 -1.193707502682834487e-01 0.000000000000000000e+00 0.000000000000000000e+00 0.000000000000000000e+00 0.000000000000000000e+00 0.000000000000000000e+00 0.000000000000000000e+00 0.000000000000000000e+00 0.000000000000000000e+00
2.899999999999999911e+00 4.105291294833837701e-02 0.000000000000000000e+00 9.589470870516595413e-01 0.000000000000000000e+00 0.000000000000000000e+00 0.000000000000000000e+00 -9.713136909334485480e-02 -1.730117573467725711e-01 0.000000000000000000e+00 0.000000000000000000e+00 0.000000000000000000e+00 0.000000000000000000e+00 0.000000000000000000e+00 0.000000000000000000e+00 0.000000000000000000e+00 0.000000000000000000e+00
3.000000000000000000e+00 3.718137410371000207e-02 0.000000000000000000e+00 9.628186258962906363e-01 0.000000000000000000e+00 0.000000000000000000e+00 0.000000000000000000e+00 -9.766442348462182899e-03 -1.889537931834001649e-01 0.000000000000000000e+00 0.000000000000000000e+00 0.000000000000000000e+00 0.000000000000000000e+00 0.000000000000000000e+00 0.000000000000000000e+00 0.000000000000000000e+00 0.000000000000000000e+00
