1.000000000000000056e-01 -7.696603831805877427e-02 -1.731769194898663544e-01 -9.818787985850033762e-01
2.000000000000000111e-01 -1.533760811342203545e-01 -3.381058423700822879e-01 -9.285258113360328469e-01
2.999999999999999889e-01 -2.285176701913171349e-01 -4.871730506842598118e-01 -8.428772343857161564e-01
4.000000000000000222e-01 -3.014114810888550711e-01 -6.139661530002954448e-01 -7.295180540565531224e-01
5.000000000000000000e-01 -3.707492580764044088e-01 -7.137147543907661484e-01 -5.942693961587749429e-01
5.999999999999999778e-01 -4.349270008268969478e-01 -7.835739274977814306e-01 -4.436781031934685093e-01
6.999999999999999556e-01 -4.921588123091015787e-01 -8.227082469241718821e-01 -2.844832121946763714e-01
7.999999999999999334e-01 -5.406421755996518863e-01 -8.321938154807142496e-01 -1.231232253465438797e-01
8.999999999999999112e-01 -5.787539135379057287e-01 -8.147645548873703181e-01 3.467656121296925492e-02
9.999999999999998890e-01 -6.052419511301385668e-01 -7.744369960248406182e-01 1.841992377091878075e-01
1.099999999999999867e+00 -6.193743349814593291e-01 -7.160676931267672130e-01 3.219042362988179251e-01
1.199999999999999956e+00 -6.210542162942140898e-01 -6.448794095328449494e-01 4.454459143219592909e-01
1.300000000000000044e+00 -6.108079135387814995e-01 -5.660425845034602332e-01 5.536328712034104260e-01
1.399999999999999911e+00 -5.897591309509790936e-01 -4.843226920725385298e-01 6.462318206811519250e-01
1.500000000000000000e+00 -5.594942856508843265e-01 -4.037934441030912591e-01 7.238210477534726683e-01
1.599999999999999867e+00 -5.219496331910684628e-01 -3.276916021248267308e-01 7.875193494488867962e-01
1.699999999999999956e+00 -4.791931037535837046e-01 -2.583609122760623933e-01 8.388227132650685203e-01
1.800000000000000044e+00 -4.333010122717172452e-01 -1.972580130014297273e-01 8.793972108720577996e-01
1.899999999999999911e+00 -3.861957193308666048e-01 -1.450726794958480670e-01 9.109372891493997537e-01
2.000000000000000000e+00 -3.395598578446144544e-01 -1.018485121041184660e-01 9.350539852839357957e-01
2.099999999999999645e+00 -2.947761410324368780e-01 -6.712601399474238395e-02 9.532056994304399788e-01
2.199999999999999734e+00 -2.528618963199893432e-01 -4.011734995451599062e-02 9.666702851641713057e-01
2.299999999999999822e+00 -2.145228532431996404e-01 -1.983438248406060866e-02 9.765175519729999420e-01
2.399999999999999911e+00 -1.801561806692694168e-01 -5.207530099441887161e-03 9.836242294867938440e-01
2.500000000000000000e+00 -1.498917659736786201e-01 4.815710690835556251e-03 9.886906797726077167e-01
2.600000000000000089e+00 -1.236656398450512589e-01 1.122511258437451642e-02 9.922604514964774580e-01
2.699999999999999734e+00 -1.012675441733855569e-01 1.488784593590306710e-02 9.947478239174177839e-01
2.799999999999999822e+00 -8.238220692579945048e-02 1.653735959353215546e-02 9.964635902581980842e-01
2.899999999999999911e+00 -6.663331025676610953e-02 1.678630841826643516e-02 9.976363166525435977e-01
3.000000000000000000e+00 -5.364074390856538033e-02 1.610686579868756893e-02 9.984303872499942223e-01
