1.000000000000000056e-01 9.225381983741456904e-02 3.891489941896059124e-02 -9.949748049543930550e-01
2.000000000000000111e-01 1.835382497523676548e-01 7.713827360509495357e-02 -9.799813236189456322e-01
2.999999999999999889e-01 2.729065198542750537e-01 1.139937592475003814e-01 -9.552630249776674631e-01
4.000000000000000222e-01 3.594341768599221831e-01 1.488483512069374293e-01 -9.212226810244734665e-01
5.000000000000000000e-01 4.422701600488023743e-01 1.811253964314092635e-01 -8.784023438217789526e-01
5.999999999999999778e-01 5.206268410584143913e-01 2.103247158900692915e-01 -8.274727703552107183e-01
6.999999999999999556e-01 5.938033911983486846e-01 2.360148425192832300e-01 -7.692168085193331617e-01
7.999999999999999334e-01 6.611959104190190395e-01 2.578813431290133962e-01 -7.044977928681360746e-01
8.999999999999999112e-01 7.222990478199109443e-01 2.756913732187898369e-01 -6.342541348688729430e-01
9.999999999999998890e-01 7.767259163958789570e-01 2.893129944327537673e-01 -5.594593696591342313e-01
1.099999999999999867e+00 8.241963260867758434e-01 2.987224376340260057e-01 -4.811083649831408571e-01
1.199999999999999956e+00 8.645478075746408919e-01 3.039890029409820227e-01 -4.001845975961766944e-01
1.300000000000000044e+00 8.977239353457454607e-01 3.052635615118033940e-01 -3.176567857780300264e-01
1.399999999999999911e+00 9.237783118143717553e-01 3.027774248216944519e-01 -2.344342036589767975e-01
1.500000000000000000e+00 9.428551443091275353e-01 2.968258690390589427e-01 -1.513886062859773340e-01
1.599999999999999867e+00 9.551944949691123510e-01 2.877535988769438502e-01 -6.929120698934808364e-02
1.699999999999999956e+00 9.611076610912507867e-01 2.759489184696668485e-01 1.114384969030343848e-02
1.800000000000000044e+00 9.609755632079994836e-01 2.618217331538713610e-01 8.930439722022409654e-02
1.899999999999999911e+00 9.552318571409400549e-01 2.457957124326305420e-01 1.646708834017080736e-01
2.000000000000000000e+00 9.443518509516732884e-01 2.282950653923310202e-01 2.368140264991767940e-01
2.099999999999999645e+00 9.288415430151184538e-01 2.097241477059501591e-01 3.053999037257355553e-01
2.199999999999999734e+00 9.092224476693756552e-01 1.904797501041374796e-01 3.701782602578526093e-01
2.299999999999999822e+00 8.860223347082598622e-01 1.709310605334758426e-01 4.309836907267679540e-01
2.399999999999999911e+00 8.597673386933984974e-01 1.513990166509369684e-01 4.877277974467963406e-01
2.500000000000000000e+00 8.309742534843769235e-01 1.321850762919016264e-01 5.403784217011807778e-01
2.600000000000000089e+00 8.001355547712932781e-01 1.135440062005092510e-01 5.889743619360591209e-01
2.699999999999999734e+00 7.677204259100069983e-01 9.568695282400430102e-02 6.336002813391601318e-01
2.799999999999999822e+00 7.341639305504317203e-01 7.877221591017102842e-02 6.743872989159628295e-01
2.899999999999999911e+00 6.998748343208505140e-01 6.295249916269135548e-02 7.114858785384002848e-01
3.000000000000000000e+00 6.652189322823662820e-01 4.830916700680237819e-02 7.450838580732236371e-01
