1.000000000000000056e-01 -3.170454731808824977e-02 5.427474888136710890e-02 -9.980225677937455409e-01
2.000000000000000111e-01 -6.004290511725542123e-02 1.101165322557714349e-01 -9.921033893072628285e-01
2.999999999999999889e-01 -8.152970430202863272e-02 1.687462237245385688e-01 -9.822817981479072813e-01
4.000000000000000222e-01 -9.249749569856256792e-02 2.306776322478039376e-01 -9.686237124573161550e-01
5.000000000000000000e-01 -8.910666206059392191e-02 2.953675401451580917e-01 -9.512191636888158719e-01
5.999999999999999778e-01 -6.755409469230447272e-02 3.608270873857682415e-01 -9.301828279663706400e-01
6.999999999999999556e-01 -2.441505030635118811e-02 4.233163344944553819e-01 -9.056527829805128826e-01
7.999999999999999334e-01 4.275320498168375116e-02 4.771396527072270244e-01 -8.777868506677390936e-01
8.999999999999999112e-01 1.345940067801893181e-01 5.146623594222059506e-01 -8.467627231616353667e-01
9.999999999999998890e-01 2.490146442978322383e-01 5.266955329715682366e-01 -8.127627038790068426e-01
1.099999999999999867e+00 3.801178005286636741e-01 5.033010741792239839e-01 -7.760142652009972553e-01
1.199999999999999956e+00 5.174191715103932943e-01 4.353295112846709558e-01 -7.367260427510657905e-01
1.300000000000000044e+00 6.455178564500315685e-01 3.163892003511326045e-01 -6.951290575829751628e-01
1.399999999999999911e+00 7.446131233121435766e-01 1.453859380457578343e-01 -6.514705693825634247e-01
1.500000000000000000e+00 7.923240731375315038e-01 -7.082696376805852623e-02 -6.059750467976217081e-01
1.599999999999999867e+00 7.669080802563330579e-01 -3.153605495175244022e-01 -5.589272574285036876e-01
1.699999999999999956e+00 6.520717285537347419e-01 -5.605096673076479519e-01 -5.105202117271520068e-01
1.800000000000000044e+00 4.425051878736074307e-01 -7.691777616002424267e-01 -4.610360038012448758e-01
1.899999999999999911e+00 1.494018285384817180e-01 -8.994412653262182644e-01 -4.107116222286549823e-01
2.000000000000000000e+00 -1.958354043346468565e-01 -9.122516689749662344e-01 -3.597844940004300551e-01
2.099999999999999645e+00 -5.418626697456441210e-01 -7.818158772873959883e-01 -3.084610562355661889e-01
2.199999999999999734e+00 -8.230242849534025185e-01 -5.065536001774578745e-01 -2.569703003382864948e-01
2.299999999999999822e+00 -9.715677234139239449e-01 -1.175594517872353695e-01 -2.055113787674291426e-01
2.399999999999999911e+00 -9.350072476103918895e-01 3.192928244203503962e-01 -1.543135953760738921e-01
2.500000000000000000e+00 -6.953684436406543101e-01 7.111537329080221959e-01 -1.035488512617503826e-01
2.600000000000000089e+00 -2.843010121113146438e-01 9.572500687731342328e-01 -5.333328003696145847e-02
2.699999999999999734e+00 2.129526001432645033e-01 9.770542835264136583e-01 -3.930479813695727728e-03
2.799999999999999822e+00 6.703362532984790123e-01 7.407126734353060016e-01 4.464689465273631586e-02
2.899999999999999911e+00 9.522288730805934520e-01 2.911457567709578864e-01 9.216000772907714800e-02
3.000000000000000000e+00 9.572729289114246809e-01 -2.538140093759270188e-01 1.385862932951609505e-01
