1.000000000000000056e-01 -1.929723292812311752e-02 -1.606726245734355907e-01 -9.868190614517140524e-01
2.000000000000000111e-01 -5.320603830591794092e-02 -3.143372349680056410e-01 -9.478191091016900938e-01
2.999999999999999889e-01 -1.144252716729573238e-01 -4.521129463816357941e-01 -8.845905797815792893e-01
4.000000000000000222e-01 -2.115942965295337930e-01 -5.619373782412122598e-01 -7.996586088257888747e-01
5.000000000000000000e-01 -3.468298543865482308e-01 -6.283761805585645899e-01 -6.963131799423961654e-01
5.999999999999999778e-01 -5.132327788575564709e-01 -6.340910597903806067e-01 -5.783771801039098159e-01
6.999999999999999556e-01 -6.930354185475626760e-01 -5.632198607464151685e-01 -4.499830221151225329e-01
7.999999999999999334e-01 -8.574538227190241502e-01 -4.066266916365809947e-01 -3.153204816560981061e-01
8.999999999999999112e-01 -9.694972411534867884e-01 -1.680649851762066604e-01 -1.784057238129355960e-01
9.999999999999998890e-01 -9.905302628416130517e-01 1.304228549558322792e-01 -4.288378294138553426e-02
1.099999999999999867e+00 -8.904862348547806228e-01 4.464044766029236500e-01 8.807159694324134813e-02
1.199999999999999956e+00 -6.599373156229213500e-01 7.208075927591156562e-01 2.119398415105186728e-01
1.300000000000000044e+00 -3.203756027578034682e-01 8.891425278538835908e-01 3.267786858091960012e-01
1.399999999999999911e+00 7.222122158969546124e-02 8.993055405511781730e-01 4.313155469952469345e-01
1.500000000000000000e+00 4.349023171119922315e-01 7.317093759489816662e-01 5.248436840035156647e-01
1.599999999999999867e+00 6.779589465992255093e-01 4.143401561077263429e-01 6.072012997478358765e-01
1.699999999999999956e+00 7.341075758699895371e-01 2.437141840560400063e-02 6.785953808435519763e-01
1.800000000000000044e+00 5.869589210822439007e-01 -3.292981831428584694e-01 7.396225560211340255e-01
1.899999999999999911e+00 2.859686766721848961e-01 -5.407512214312956145e-01 7.910813370608422712e-01
2.000000000000000000e+00 -6.322445594486106324e-02 -5.482625277128345687e-01 8.339128071126966635e-01
2.099999999999999645e+00 -3.348812183119566077e-01 -3.639680609556829038e-01 8.691269164628590005e-01
2.199999999999999734e+00 -4.341022487459942347e-01 -7.486662917995656752e-02 8.977471848079403571e-01
2.299999999999999822e+00 -3.400880696236754375e-01 1.912030335715125817e-01 9.207504071630761011e-01
2.399999999999999911e+00 -1.176927668843417152e-01 3.230043072256927328e-01 9.390508515792506117e-01
2.500000000000000000e+00 1.133854775257314013e-01 2.793696326697372445e-01 9.534653718537090539e-01
2.600000000000000089e+00 2.398665306002220055e-01 1.085823010459691096e-01 9.647143603342537288e-01
2.699999999999999734e+00 2.143614551085418207e-01 -8.065376849411881599e-02 9.734187475216827812e-01
2.799999999999999822e+00 7.762340682377705248e-02 -1.827161825389533589e-01 9.800965939927842596e-01
2.899999999999999911e+00 -7.168898054470976278e-02 -1.558171066531417459e-01 9.851810226023499650e-01
3.000000000000000000e+00 -1.418529991649079280e-01 -4.130131764894034996e-02 9.890257162218289988e-01
