1.000000000000000056e-01 9.974376718131309216e-01 0.000000000000000000e+00 2.562328186872492742e-03 0.000000000000000000e+00 0.000000000000000000e+00 0.000000000000000000e+00 1.875294373882040525e-02 -4.679564847392492233e-02 0.000000000000000000e+00 0.000000000000000000e+00 0.000000000000000000e+00 0.000000000000000000e+00 0.000000000000000000e+00 0.000000000000000000e+00 0.000000000000000000e+00 0.000000000000000000e+00
2.000000000000000111e-01 9.897996969327014227e-01 0.000000000000000000e+00 1.020030306729782961e-02 0.000000000000000000e+00 0.000000000000000000e+00 0.000000000000000000e+00 4.022625483275757419e-02 -9.085770755835252677e-02 0.000000000000000000e+00 0.000000000000000000e+00 0.000000000000000000e+00 0.000000000000000000e+00 0.000000000000000000e+00 0.000000000000000000e+00 0.000000000000000000e+00 0.000000000000000000e+00
2.999999999999999889e-01 9.772316319066454149e-01 0.000000000000000000e+00 2.276836809335655229e-02 0.000000000000000000e+00 0.000000000000000000e+00 0.000000000000000000e+00 6.667145698833941425e-02 -1.292857038272260117e-01 0.000000000000000000e+00 0.000000000000000000e+00 0.000000000000000000e+00 0.000000000000000000e+00 0.000000000000000000e+00 0.000000000000000000e+00 0.000000000000000000e+00 0.000000000000000000e+00
4.000000000000000222e-01 9.599699021400790455e-01 0.000000000000000000e+00 4.003009785992109326e-02 0.000000000000000000e+00 0.000000000000000000e+00 0.000000000000000000e+00 9.942990286595163041e-02 -1.589160500157938416e-01 0.000000000000000000e+00 0.000000000000000000e+00 0.000000000000000000e+00 0.000000000000000000e+00 0.000000000000000000e+00 0.000000000000000000e+00 0.000000000000000000e+00 0.000000000000000000e+00
5.000000000000000000e-01 9.383359803790952691e-01 0.000000000000000000e+00 6.166401962090364841e-02 0.000000000000000000e+00 0.000000000000000000e+00 0.000000000000000000e+00 1.385226809854031016e-01 -1.764420325952662794e-01 0.000000000000000000e+00 0.000000000000000000e+00 0.000000000000000000e+00 0.000000000000000000e+00 0.000000000000000000e+00 0.000000000000000000e+00 0.000000000000000000e+00 0.000000000000000000e+00
5.999999999999999778e-01 9.127186248309132610e-01 0.000000000000000000e+00 8.728137516909098559e-02 0.000000000000000000e+00 0.000000000000000000e+00 0.000000000000000000e+00 1.823442253794890222e-01 -1.786994619235229287e-01 0.000000000000000000e+00 0.000000000000000000e+00 0.000000000000000000e+00 0.000000000000000000e+00 0.000000000000000000e+00 0.000000000000000000e+00 0.000000000000000000e+00 0.000000000000000000e+00
6.999999999999999556e-01 8.835706533840547161e-01 0.000000000000000000e+00 1.164293466159467688e-01 0.000000000000000000e+00 0.000000000000000000e+00 0.000000000000000000e+00 2.274028032161261037e-01 -1.630816284144835648e-01 0.000000000000000000e+00 0.000000000000000000e+00 0.000000000000000000e+00 0.000000000000000000e+00 0.000000000000000000e+00 0.000000000000000000e+00 0.000000000000000000e+00 0.000000000000000000e+00
7.999999999999999334e-01 8.513870128128063763e-01 0.000000000000000000e+00 1.486129871871952335e-01 0.000000000000000000e+00 0.000000000000000000e+00 0.000000000000000000e+00 2.685835071335362922e-01 -1.283875360135051658e-01 0.000000000000000000e+00 0.000000000000000000e+00 0.000000000000000000e+00 0.000000000000000000e+00 0.000000000000000000e+00 0.000000000000000000e+00 0.000000000000000000e+00 0.000000000000000000e+00
8.999999999999999112e-01 8.166886162869828603e-01 0.000000000000000000e+00 1.833113837130190826e-01 0.000000000000000000e+00 0.000000000000000000e+00 0.000000000000000000e+00 2.994410013459499753e-01 -7.544084850812812770e-02 0.000000000000000000e+00 0.000000000000000000e+00 0.000000000000000000e+00 0.000000000000000000e+00 0.000000000000000000e+00 0.000000000000000000e+00 0.000000000000000000e+00 0.000000000000000000e+00
9.999999999999998890e-01 7.800194941440605767e-01 0.000000000000000000e+00 2.199805058559437254e-01 0.000000000000000000e+00 0.000000000000000000e+00 0.000000000000000000e+00 3.135413549557585222e-01 -7.861643088340877772e-03 0.000000000000000000e+00 0.000000000000000000e+00 0.000000000000000000e+00 0.000000000000000000e+00 0.000000000000000000e+00 0.000000000000000000e+00 0.000000000000000000e+00 0.000000000000000000e+00
1.099999999999999867e+00 7.419164359088205041e-01 0.000000000000000000e+00 2.580835640911818274e-01 0.000000000000000000e+00 0.000000000000000000e+00 0.000000000000000000e+00 3.053231168459608069e-01 6.796886426877747633e-02 0.000000000000000000e+00 0.000000000000000000e+00 0.000000000000000000e+00 0.000000000000000000e+00 0.000000000000000000e+00 0.000000000000000000e+00 0.000000000000000000e+00 0.000000000000000000e+00
1.199999999999999956e+00 7.029122787690810226e-01 0.000000000000000000e+00 2.970877212309173676e-01 0.000000000000000000e+00 0.000000000000000000e+00 0.000000000000000000e+00 2.710031967172538137e-01 1.428993683607044929e-01 0.000000000000000000e+00 0.000000000000000000e+00 0.000000000000000000e+00 0.000000000000000000e+00 0.000000000000000000e+00 0.000000000000000000e+00 0.000000000000000000e+00 0.000000000000000000e+00
1.300000000000000044e+00 6.635024921666117237e-01 0.000000000000000000e+00 3.364975078333827252e-01 0.000000000000000000e+00 0.000000000000000000e+00 0.000000000000000000e+00 2.115883000861089047e-01 2.065197949981134873e-01 0.000000000000000000e+00 0.000000000000000000e+00 0.000000000000000000e+00 0.000000000000000000e+00 0.000000000000000000e+00 0.000000000000000000e+00 0.000000000000000000e+00 0.000000000000000000e+00
1.399999999999999911e+00 6.241653888768921021e-01 0.000000000000000000e+00 3.758346111231052333e-01 0.000000000000000000e+00 0.000000000000000000e+00 0.000000000000000000e+00 1.319061223053057674e-01 2.484895929830024941e-01 0.000000000000000000e+00 0.000000000000000000e+00 0.000000000000000000e+00 0.000000000000000000e+00 0.000000000000000000e+00 0.000000000000000000e+00 0.000000000000000000e+00 0.000000000000000000e+00
1.500000000000000000e+00 5.853185547654357057e-01 0.000000000000000000e+00 4.146814452345652380e-01 0.000000000000000000e+00 0.000000000000000000e+00 0.000000000000000000e+00 4.139618439559723806e-02 2.609301993427970423e-01 0.000000000000000000e+00 0.000000000000000000e+00 0.000000000000000000e+00 0.000000000000000000e+00 0.000000000000000000e+00 0.000000000000000000e+00 0.000000000000000000e+00 0.000000000000000000e+00
1.599999999999999867e+00 5.473479535649676819e-01 0.000000000000000000e+00 4.526520464350321515e-01 0.000000000000000000e+00 0.000000000000000000e+00 0.000000000000000000e+00 -4.727934752688424391e-02 2.404711726330773791e-01 0.000000000000000000e+00 0.000000000000000000e+00 0.000000000000000000e+00 0.000000000000000000e+00 0.000000000000000000e+00 0.000000000000000000e+00 0.000000000000000000e+00 0.000000000000000000e+00
1.699999999999999956e+00 5.105824457384220416e-01 0.000000000000000000e+00 4.894175542615818442e-01 0.000000000000000000e+00 0.000000000000000000e+00 0.000000000000000000e+00 -1.205245403353835676e-01 1.896812149363489575e-01 0.000000000000000000e+00 0.000000000000000000e+00 0.000000000000000000e+00 0.000000000000000000e+00 0.000000000000000000e+00 0.000000000000000000e+00 0.000000000000000000e+00 0.000000000000000000e+00
1.800000000000000044e+00 4.752996323655097055e-01 0.000000000000000000e+00 5.247003676344890177e-01 0.000000000000000000e+00 0.000000000000000000e+00 0.000000000000000000e+00 -1.670178995575187231e-01 1.174240061799465551e-01 0.000000000000000000e+00 0.000000000000000000e+00 0.000000000000000000e+00 0.000000000000000000e+00 0.000000000000000000e+00 0.000000000000000000e+00 0.000000000000000000e+00 0.000000000000000000e+00
1.899999999999999911e+00 4.417420986707826791e-01 0.000000000000000000e+00 5.582579013292153780e-01 0.000000000000000000e+00 0.000000000000000000e+00 0.000000000000000000e+00 -1.796290178488131606e-01 3.662582199790646170e-02 0.000000000000000000e+00 0.000000000000000000e+00 0.000000000000000000e+00 0.000000000000000000e+00 0.000000000000000000e+00 0.000000000000000000e+00 0.000000000000000000e+00 0.000000000000000000e+00
2.000000000000000000e+00 4.100821591491489171e-01 0.000000000000000000e+00 5.899178408508499727e-01 0.000000000000000000e+00 0.000000000000000000e+00 0.000000000000000000e+00 -1.587239551490330913e-01 -3.712644907684863743e-02 0.000000000000000000e+00 0.000000000000000000e+00 0.000000000000000000e+00 0.000000000000000000e+00 0.000000000000000000e+00 0.000000000000000000e+00 0.000000000000000000e+00 0.000000000000000000e+00
2.099999999999999645e+00 3.804611107757391864e-01 0.000000000000000000e+00 6.195388892242605916e-01 0.000000000000000000e+00 0.000000000000000000e+00 0.000000000000000000e+00 -1.116973581731196263e-01 -9.024300559345699302e-02 0.000000000000000000e+00 0.000000000000000000e+00 0.000000000000000000e+00 0.000000000000000000e+00 0.000000000000000000e+00 0.000000000000000000e+00 0.000000000000000000e+00 0.000000000000000000e+00
2.199999999999999734e+00 3.529620047763459834e-01 0.000000000000000000e+00 6.470379952236561261e-01 0.000000000000000000e+00 0.000000000000000000e+00 0.000000000000000000e+00 -5.146893984338398592e-02 -1.143222190456938819e-01 0.000000000000000000e+00 0.000000000000000000e+00 0.000000000000000000e+00 0.000000000000000000e+00 0.000000000000000000e+00 0.000000000000000000e+00 0.000000000000000000e+00 0.000000000000000000e+00
2.299999999999999822e+00 3.276592074592507009e-01 0.000000000000000000e+00 6.723407925407476338e-01 0.000000000000000000e+00 0.000000000000000000e+00 0.000000000000000000e+00 6.857938554120857760e-03 -1.083170951654793823e-01 0.000000000000000000e+00 0.000000000000000000e+00 0.000000000000000000e+00 0.000000000000000000e+00 0.000000000000000000e+00 0.000000000000000000e+00 0.000000000000000000e+00 0.000000000000000000e+00
2.399999999999999911e+00 3.045547381459366432e-01 0.000000000000000000e+00 6.954452618540614139e-01 0.000000000000000000e+00 0.000000000000000000e+00 0.000000000000000000e+00 5.006013560295614895e-02 -7.860115731738899492e-02 0.000000000000000000e+00 0.000000000000000000e+00 0.000000000000000000e+00 0.000000000000000000e+00 0.000000000000000000e+00 0.000000000000000000e+00 0.000000000000000000e+00 0.000000000000000000e+00
2.500000000000000000e+00 2.836469098196062744e-01 0.000000000000000000e+00 7.163530901803981665e-01 0.000000000000000000e+00 0.000000000000000000e+00 0.000000000000000000e+00 7.031735322002365118e-02 -3.684441780962519064e-02 0.000000000000000000e+00 0.000000000000000000e+00 0.000000000000000000e+00 0.000000000000000000e+00 0.000000000000000000e+00 0.000000000000000000e+00 0.000000000000000000e+00 0.000000000000000000e+00
2.600000000000000089e+00 2.649418537090412196e-01 0.000000000000000000e+00 7.350581462909546726e-01 0.000000000000000000e+00 0.000000000000000000e+00 0.000000000000000000e+00 6.679859730807598261e-02 3.691140462038179290e-03 0.000000000000000000e+00 0.000000000000000000e+00 0.000000000000000000e+00 0.000000000000000000e+00 0.000000000000000000e+00 0.000000000000000000e+00 0.000000000000000000e+00 0.000000000000000000e+00
2.699999999999999734e+00 2.483142529211329053e-01 0.000000000000000000e+00 7.516857470788671503e-01 0.000000000000000000e+00 0.000000000000000000e+00 0.000000000000000000e+00 4.602897949156160851e-02 3.212892850505523479e-02 0.000000000000000000e+00 0.000000000000000000e+00 0.000000000000000000e+00 0.000000000000000000e+00 0.000000000000000000e+00 0.000000000000000000e+00 0.000000000000000000e+00 0.000000000000000000e+00
2.799999999999999822e+00 2.337306113619491144e-01 0.000000000000000000e+00 7.662693886380512742e-01 0.000000000000000000e+00 0.000000000000000000e+00 0.000000000000000000e+00 1.783549904514681109e-02 4.323175348336224383e-02 0.000000000000000000e+00 0.000000000000000000e+00 0.000000000000000000e+00 0.000000000000000000e+00 0.000000000000000000e+00 0.000000000000000000e+00 0.000000000000000000e+00 0.000000000000000000e+00
2.899999999999999911e+00 2.211028371101317613e-01 0.000000000000000000e+00 7.788971628898662125e-01 0.000000000000000000e+00 0.000000000000000000e+00 0.000000000000000000e+00 -7.473610522899819253e-03 3.796691899936564807e-02 0.000000000000000000e+00 0.000000000000000000e+00 0.000000000000000000e+00 0.000000000000000000e+00 0.000000000000000000e+00 0.000000000000000000e+00 0.000000000000000000e+00 0.000000000000000000e+00
3.000000000000000000e+00 2.103405755295650881e-01 0.000000000000000000e+00 7.896594244704386867e-01 0.000000000000000000e+00 0.000000000000000000e+00 0.000000000000000000e+00 -2.270636396648641891e-02 2.227019621930993037e-02 0.000000000000000000e+00 0.000000000000000000e+00 0.000000000000000000e+00 0.000000000000000000e+00 0.000000000000000000e+00 0.000000000000000000e+00 0.000000000000000000e+00 0.000000000000000000e+00
