1.000000000000000056e-01 9.781999155852876271e-01 0.000000000000000000e+00 2.180008441471110656e-02 0.000000000000000000e+00 0.000000000000000000e+00 0.000000000000000000e+00 9.194185059640527791e-02 -1.129793840759525519e-01 0.000000000000000000e+00 0.000000000000000000e+00 0.000000000000000000e+00 0.000000000000000000e+00 0.000000000000000000e+00 0.000000000000000000e+00 0.000000000000000000e+00 0.000000000000000000e+00
2.000000000000000111e-01 9.155627666052901237e-01 0.000000000000000000e+00 8.443723339470697586e-02 0.000000000000000000e+00 0.000000000000000000e+00 0.000000000000000000e+00 1.780922754381374928e-01 -2.098749099361902626e-01 0.000000000000000000e+00 0.000000000000000000e+00 0.000000000000000000e+00 0.000000000000000000e+00 0.000000000000000000e+00 0.000000000000000000e+00 0.000000000000000000e+00 0.000000000000000000e+00
2.999999999999999889e-01 8.198155845425822985e-01 0.000000000000000000e+00 1.801844154574206713e-01 0.000000000000000000e+00 0.000000000000000000e+00 0.000000000000000000e+00 2.527526933569490541e-01 -2.779889589760939361e-01 0.000000000000000000e+00 0.000000000000000000e+00 0.000000000000000000e+00 0.000000000000000000e+00 0.000000000000000000e+00 0.000000000000000000e+00 0.000000000000000000e+00 0.000000000000000000e+00
4.000000000000000222e-01 7.021326038102431166e-01 0.000000000000000000e+00 2.978673961897556621e-01 0.000000000000000000e+00 0.000000000000000000e+00 0.000000000000000000e+00 3.106654529094520778e-01 -3.105205091099053072e-01 0.000000000000000000e+00 0.000000000000000000e+00 0.000000000000000000e+00 0.000000000000000000e+00 0.000000000000000000e+00 0.000000000000000000e+00 0.000000000000000000e+00 0.000000000000000000e+00
5.000000000000000000e-01 5.750051060109993006e-01 0.000000000000000000e+00 4.249948939889984789e-01 0.000000000000000000e+00 0.000000000000000000e+00 0.000000000000000000e+00 3.476550958696668636e-01 -3.074474259198998749e-01 0.000000000000000000e+00 0.000000000000000000e+00 0.000000000000000000e+00 0.000000000000000000e+00 0.000000000000000000e+00 0.000000000000000000e+00 0.000000000000000000e+00 0.000000000000000000e+00
5.999999999999999778e-01 4.501709825622684513e-01 0.000000000000000000e+00 5.498290174377352679e-01 0.000000000000000000e+00 0.000000000000000000e+00 0.000000000000000000e+00 3.614539713635020468e-01 -2.748399162693024866e-01 0.000000000000000000e+00 0.000000000000000000e+00 0.000000000000000000e+00 0.000000000000000000e+00 0.000000000000000000e+00 0.000000000000000000e+00 0.000000000000000000e+00 0.000000000000000000e+00
6.999999999999999556e-01 3.369102810180727992e-01 0.000000000000000000e+00 6.630897189819285886e-01 0.000000000000000000e+00 0.000000000000000000e+00 0.000000000000000000e+00 3.525630619966063639e-01 -2.228944331827444336e-01 0.000000000000000000e+00 0.000000000000000000e+00 0.000000000000000000e+00 0.000000000000000000e+00 0.000000000000000000e+00 0.000000000000000000e+00 0.000000000000000000e+00 0.000000000000000000e+00
7.999999999999999334e-01 2.411568432251941507e-01 0.000000000000000000e+00 7.588431567748082918e-01 0.000000000000000000e+00 0.000000000000000000e+00 0.000000000000000000e+00 3.241985572254281189e-01 -1.630472953488081855e-01 0.000000000000000000e+00 0.000000000000000000e+00 0.000000000000000000e+00 0.000000000000000000e+00 0.000000000000000000e+00 0.000000000000000000e+00 0.000000000000000000e+00 0.000000000000000000e+00
8.999999999999999112e-01 1.654060128006345498e-01 0.000000000000000000e+00 8.345939871993626191e-01 0.000000000000000000e+00 0.000000000000000000e+00 0.000000000000000000e+00 2.814985333614191121e-01 -1.053232103691555538e-01 0.000000000000000000e+00 0.000000000000000000e+00 0.000000000000000000e+00 0.000000000000000000e+00 0.000000000000000000e+00 0.000000000000000000e+00 0.000000000000000000e+00 0.000000000000000000e+00
9.999999999999998890e-01 1.092344708280165999e-01 0.000000000000000000e+00 8.907655291719860369e-01 0.000000000000000000e+00 0.000000000000000000e+00 0.000000000000000000e+00 2.313173896722997835e-01 -5.700274058258913978e-02 0.000000000000000000e+00 0.000000000000000000e+00 0.000000000000000000e+00 0.000000000000000000e+00 0.000000000000000000e+00 0.000000000000000000e+00 0.000000000000000000e+00 0.000000000000000000e+00
1.099999999999999867e+00 7.025905178405776608e-02 0.000000000000000000e+00 9.297409482159463279e-01 0.000000000000000000e+00 0.000000000000000000e+00 0.000000000000000000e+00 1.800271641016794044e-01 -2.152478742655714039e-02 0.000000000000000000e+00 0.000000000000000000e+00 0.000000000000000000e+00 0.000000000000000000e+00 0.000000000000000000e+00 0.000000000000000000e+00 0.000000000000000000e+00 0.000000000000000000e+00
1.199999999999999956e+00 4.509653962881784300e-02 0.000000000000000000e+00 9.549034603711813451e-01 0.000000000000000000e+00 0.000000000000000000e+00 0.000000000000000000e+00 1.328404645186757049e-01 9.420556089490264226e-04 0.000000000000000000e+00 0.000000000000000000e+00 0.000000000000000000e+00 0.000000000000000000e+00 0.000000000000000000e+00 0.000000000000000000e+00 0.000000000000000000e+00 0.000000000000000000e+00
1.300000000000000044e+00 3.021527660341823476e-02 0.000000000000000000e+00 9.697847233965770641e-01 0.000000000000000000e+00 0.000000000000000000e+00 0.000000000000000000e+00 9.308202714435347136e-02 1.248718223884854109e-02 0.000000000000000000e+00 0.000000000000000000e+00 0.000000000000000000e+00 0.000000000000000000e+00 0.000000000000000000e+00 0.000000000000000000e+00 0.000000000000000000e+00 0.000000000000000000e+00
1.399999999999999911e+00 2.247764116749351171e-02 0.000000000000000000e+00 9.775223588325016033e-01 0.000000000000000000e+00 0.000000000000000000e+00 0.000000000000000000e+00 6.208969463440858205e-02 1.625235186999029677e-02 0.000000000000000000e+00 0.000000000000000000e+00 0.000000000000000000e+00 0.000000000000000000e+00 0.000000000000000000e+00 0.000000000000000000e+00 0.000000000000000000e+00 0.000000000000000000e+00
1.500000000000000000e+00 1.940908793490310480e-02 0.000000000000000000e+00 9.805909120650995181e-01 0.000000000000000000e+00 0.000000000000000000e+00 0.000000000000000000e+00 3.957659243560367190e-02 1.539031396607651314e-02 0.000000000000000000e+00 0.000000000000000000e+00 0.000000000000000000e+00 0.000000000000000000e+00 0.000000000000000000e+00 0.000000000000000000e+00 0.000000000000000000e+00 0.000000000000000000e+00
1.599999999999999867e+00 1.921634223735523700e-02 0.000000000000000000e+00 9.807836577626480867e-01 0.000000000000000000e+00 0.000000000000000000e+00 0.000000000000000000e+00 2.427357511166253201e-02 1.244034687508132654e-02 0.000000000000000000e+00 0.000000000000000000e+00 0.000000000000000000e+00 0.000000000000000000e+00 0.000000000000000000e+00 0.000000000000000000e+00 0.000000000000000000e+00 0.000000000000000000e+00
1.699999999999999956e+00 2.079401213674349561e-02 0.000000000000000000e+00 9.792059878632616288e-01 0.000000000000000000e+00 0.000000000000000000e+00 0.000000000000000000e+00 1.441714593295663829e-02 9.024508240928097447e-03 0.000000000000000000e+00 0.000000000000000000e+00 0.000000000000000000e+00 0.000000000000000000e+00 0.000000000000000000e+00 0.000000000000000000e+00 0.000000000000000000e+00 0.000000000000000000e+00
1.800000000000000044e+00 2.341995224851764132e-02 0.000000000000000000e+00 9.765800477514812172e-01 0.000000000000000000e+00 0.000000000000000000e+00 0.000000000000000000e+00 8.389620292779498972e-03 6.031054957388024863e-03 0.000000000000000000e+00 0.000000000000000000e+00 0.000000000000000000e+00 0.000000000000000000e+00 0.000000000000000000e+00 0.000000000000000000e+00 0.000000000000000000e+00 0.000000000000000000e+00
1.899999999999999911e+00 2.674883006386571602e-02 0.000000000000000000e+00 9.732511699361360291e-01 0.000000000000000000e+00 0.000000000000000000e+00 0.000000000000000000e+00 4.837161898483232671e-03 3.764101543439120259e-03 0.000000000000000000e+00 0.000000000000000000e+00 0.000000000000000000e+00 0.000000000000000000e+00 0.000000000000000000e+00 0.000000000000000000e+00 0.000000000000000000e+00 0.000000000000000000e+00
2.000000000000000000e+00 3.049464683585951380e-02 0.000000000000000000e+00 9.695053531641387723e-01 0.000000000000000000e+00 0.000000000000000000e+00 0.000000000000000000e+00 2.806488862015517338e-03 2.221248116975984340e-03 0.000000000000000000e+00 0.000000000000000000e+00 0.000000000000000000e+00 0.000000000000000000e+00 0.000000000000000000e+00 0.000000000000000000e+00 0.000000000000000000e+00 0.000000000000000000e+00
2.099999999999999645e+00 3.459707078448807926e-02 0.000000000000000000e+00 9.654029292155127395e-01 0.000000000000000000e+00 0.000000000000000000e+00 0.000000000000000000e+00 1.649383284503942683e-03 1.242050018024835065e-03 0.000000000000000000e+00 0.000000000000000000e+00 0.000000000000000000e+00 0.000000000000000000e+00 0.000000000000000000e+00 0.000000000000000000e+00 0.000000000000000000e+00 0.000000000000000000e+00
2.199999999999999734e+00 3.901042429151994201e-02 0.000000000000000000e+00 9.609895757084864210e-01 0.000000000000000000e+00 0.000000000000000000e+00 0.000000000000000000e+00 9.849354726911953642e-04 6.582148500857164025e-04 0.000000000000000000e+00 0.000000000000000000e+00 0.000000000000000000e+00 0.000000000000000000e+00 0.000000000000000000e+00 0.000000000000000000e+00 0.000000000000000000e+00 0.000000000000000000e+00
2.299999999999999822e+00 4.371361133852087744e-02 0.000000000000000000e+00 9.562863886614829667e-01 0.000000000000000000e+00 0.000000000000000000e+00 0.000000000000000000e+00 5.972526953632201771e-04 3.271824415040040096e-04 0.000000000000000000e+00 0.000000000000000000e+00 0.000000000000000000e+00 0.000000000000000000e+00 0.000000000000000000e+00 0.000000000000000000e+00 0.000000000000000000e+00 0.000000000000000000e+00
2.399999999999999911e+00 4.869579072982565399e-02 0.000000000000000000e+00 9.513042092701734509e-01 0.000000000000000000e+00 0.000000000000000000e+00 0.000000000000000000e+00 3.649512353141169565e-04 1.478923756637324344e-04 0.000000000000000000e+00 0.000000000000000000e+00 0.000000000000000000e+00 0.000000000000000000e+00 0.000000000000000000e+00 0.000000000000000000e+00 0.000000000000000000e+00 0.000000000000000000e+00
2.500000000000000000e+00 5.394993490283825355e-02 0.000000000000000000e+00 9.460500650971638281e-01 0.000000000000000000e+00 0.000000000000000000e+00 0.000000000000000000e+00 2.222250661538762893e-04 5.562805627897918811e-05 0.000000000000000000e+00 0.000000000000000000e+00 0.000000000000000000e+00 0.000000000000000000e+00 0.000000000000000000e+00 0.000000000000000000e+00 0.000000000000000000e+00 0.000000000000000000e+00
2.600000000000000089e+00 5.937353959880463383e-02 0.000000000000000000e+00 9.406264604011954633e-01 0.000000000000000000e+00 0.000000000000000000e+00 0.000000000000000000e+00 1.346167657478684616e-04 1.149878043063012504e-05 0.000000000000000000e+00 0.000000000000000000e+00 0.000000000000000000e+00 0.000000000000000000e+00 0.000000000000000000e+00 0.000000000000000000e+00 0.000000000000000000e+00 0.000000000000000000e+00
2.699999999999999734e+00 6.514418845724327667e-02 0.000000000000000000e+00 9.348558115427568760e-01 0.000000000000000000e+00 0.000000000000000000e+00 0.000000000000000000e+00 8.072842882651074946e-05 -7.516903009840183191e-06 0.000000000000000000e+00 0.000000000000000000e+00 0.000000000000000000e+00 0.000000000000000000e+00 0.000000000000000000e+00 0.000000000000000000e+00 0.000000000000000000e+00 0.000000000000000000e+00
2.799999999999999822e+00 7.116680990695167797e-02 0.000000000000000000e+00 9.288331900930535401e-01 0.000000000000000000e+00 0.000000000000000000e+00 0.000000000000000000e+00 4.685715741815202925e-05 -1.277685711294886227e-05 0.000000000000000000e+00 0.000000000000000000e+00 0.000000000000000000e+00 0.000000000000000000e+00 0.000000000000000000e+00 0.000000000000000000e+00 0.000000000000000000e+00 0.000000000000000000e+00
2.899999999999999911e+00 7.743346793917788018e-02 0.000000000000000000e+00 9.225665320608186226e-01 0.000000000000000000e+00 0.000000000000000000e+00 0.000000000000000000e+00 2.635279711011642237e-05 -1.319631328437569605e-05 0.000000000000000000e+00 0.000000000000000000e+00 0.000000000000000000e+00 0.000000000000000000e+00 0.000000000000000000e+00 0.000000000000000000e+00 0.000000000000000000e+00 0.000000000000000000e+00
3.000000000000000000e+00 8.393543933399347234e-02 0.000000000000000000e+00 9.160645606660087203e-01 0.000000000000000000e+00 0.000000000000000000e+00 0.000000000000000000e+00 1.413071592750723291e-05 -1.161074192232092119e-05 0.000000000000000000e+00 0.000000000000000000e+00 0.000000000000000000e+00 0.000000000000000000e+00 0.000000000000000000e+00 0.000000000000000000e+00 0.000000000000000000e+00 0.000000000000000000e+00
