1.000000000000000056e-01 9.906437498421167831e-01 0.000000000000000000e+00 9.356250157883716501e-03 0.000000000000000000e+00 0.000000000000000000e+00 0.000000000000000000e+00 -9.549117549914915015e-02 1.025923769189565973e-02 0.000000000000000000e+00 0.000000000000000000e+00 0.000000000000000000e+00 0.000000000000000000e+00 0.000000000000000000e+00 0.000000000000000000e+00 0.000000000000000000e+00 0.000000000000000000e+00
2.000000000000000111e-01 9.631457689298001945e-01 0.000000000000000000e+00 3.685423107020353167e-02 0.000000000000000000e+00 0.000000000000000000e+00 0.000000000000000000e+00 -1.855721497482719917e-01 1.936231124145491173e-02 0.000000000000000000e+00 0.000000000000000000e+00 0.000000000000000000e+00 0.000000000000000000e+00 0.000000000000000000e+00 0.000000000000000000e+00 0.000000000000000000e+00 0.000000000000000000e+00
2.999999999999999889e-01 9.191558326817228508e-01 0.000000000000000000e+00 8.084416731827803737e-02 0.000000000000000000e+00 0.000000000000000000e+00 0.000000000000000000e+00 -2.653970106251887229e-01 2.633307912505553766e-02 0.000000000000000000e+00 0.000000000000000000e+00 0.000000000000000000e+00 0.000000000000000000e+00 0.000000000000000000e+00 0.000000000000000000e+00 0.000000000000000000e+00 0.000000000000000000e+00
4.000000000000000222e-01 8.612295454989326027e-01 0.000000000000000000e+00 1.387704545010667589e-01 0.000000000000000000e+00 0.000000000000000000e+00 0.000000000000000000e+00 -3.310927615326258455e-01 3.051661701789677023e-02 0.000000000000000000e+00 0.000000000000000000e+00 0.000000000000000000e+00 0.000000000000000000e+00 0.000000000000000000e+00 0.000000000000000000e+00 0.000000000000000000e+00 0.000000000000000000e+00
5.000000000000000000e-01 7.925713693408806826e-01 0.000000000000000000e+00 2.074286306591176521e-01 0.000000000000000000e+00 0.000000000000000000e+00 0.000000000000000000e+00 -3.801786052703753360e-01 3.167047372383230419e-02 0.000000000000000000e+00 0.000000000000000000e+00 0.000000000000000000e+00 0.000000000000000000e+00 0.000000000000000000e+00 0.000000000000000000e+00 0.000000000000000000e+00 0.000000000000000000e+00
5.999999999999999778e-01 7.167281706892308923e-01 0.000000000000000000e+00 2.832718293107717722e-01 0.000000000000000000e+00 0.000000000000000000e+00 0.000000000000000000e+00 -4.115998377969517508e-01 2.995571007267468222e-02 0.000000000000000000e+00 0.000000000000000000e+00 0.000000000000000000e+00 0.000000000000000000e+00 0.000000000000000000e+00 0.000000000000000000e+00 0.000000000000000000e+00 0.000000000000000000e+00
6.999999999999999556e-01 6.372835844042621378e-01 0.000000000000000000e+00 3.627164155957357528e-01 0.000000000000000000e+00 0.000000000000000000e+00 0.000000000000000000e+00 -4.257216331574264490e-01 2.587434907982587295e-02 0.000000000000000000e+00 0.000000000000000000e+00 0.000000000000000000e+00 0.000000000000000000e+00 0.000000000000000000e+00 0.000000000000000000e+00 0.000000000000000000e+00 0.000000000000000000e+00
7.999999999999999334e-01 5.575590848647796749e-01 0.000000000000000000e+00 4.424409151352223790e-01 0.000000000000000000e+00 0.000000000000000000e+00 0.000000000000000000e+00 -4.242261887446693858e-01 2.016375898289320817e-02 0.000000000000000000e+00 0.000000000000000000e+00 0.000000000000000000e+00 0.000000000000000000e+00 0.000000000000000000e+00 0.000000000000000000e+00 0.000000000000000000e+00 0.000000000000000000e+00
8.999999999999999112e-01 4.804345283510622622e-01 0.000000000000000000e+00 5.195654716489361835e-01 0.000000000000000000e+00 0.000000000000000000e+00 0.000000000000000000e+00 -4.093484092167908317e-01 1.361995867492267476e-02 0.000000000000000000e+00 0.000000000000000000e+00 0.000000000000000000e+00 0.000000000000000000e+00 0.000000000000000000e+00 0.000000000000000000e+00 0.000000000000000000e+00 0.000000000000000000e+00
9.999999999999998890e-01 4.081869850307168757e-01 0.000000000000000000e+00 5.918130149692812925e-01 0.000000000000000000e+00 0.000000000000000000e+00 0.000000000000000000e+00 -3.841257311372906491e-01 7.029796348841099718e-03 0.000000000000000000e+00 0.000000000000000000e+00 0.000000000000000000e+00 0.000000000000000000e+00 0.000000000000000000e+00 0.000000000000000000e+00 0.000000000000000000e+00 0.000000000000000000e+00
1.099999999999999867e+00 3.424231412322365498e-01 0.000000000000000000e+00 6.575768587677676136e-01 0.000000000000000000e+00 0.000000000000000000e+00 0.000000000000000000e+00 -3.516582826474557444e-01 1.021374516181242087e-03 0.000000000000000000e+00 0.000000000000000000e+00 0.000000000000000000e+00 0.000000000000000000e+00 0.000000000000000000e+00 0.000000000000000000e+00 0.000000000000000000e+00 0.000000000000000000e+00
1.199999999999999956e+00 2.841376307294866121e-01 0.000000000000000000e+00 7.158623692705161634e-01 0.000000000000000000e+00 0.000000000000000000e+00 0.000000000000000000e+00 -3.149027313818288376e-01 -3.954658039372102585e-03 0.000000000000000000e+00 0.000000000000000000e+00 0.000000000000000000e+00 0.000000000000000000e+00 0.000000000000000000e+00 0.000000000000000000e+00 0.000000000000000000e+00 0.000000000000000000e+00
1.300000000000000044e+00 2.337351346604446545e-01 0.000000000000000000e+00 7.662648653395558451e-01 0.000000000000000000e+00 0.000000000000000000e+00 0.000000000000000000e+00 -2.764468330138125096e-01 -7.666406612629059203e-03 0.000000000000000000e+00 0.000000000000000000e+00 0.000000000000000000e+00 0.000000000000000000e+00 0.000000000000000000e+00 0.000000000000000000e+00 0.000000000000000000e+00 0.000000000000000000e+00
1.399999999999999911e+00 1.911653253410918740e-01 0.000000000000000000e+00 8.088346746589132330e-01 0.000000000000000000e+00 0.000000000000000000e+00 0.000000000000000000e+00 -2.383874749330032738e-01 -1.007425195935138240e-02 0.000000000000000000e+00 0.000000000000000000e+00 0.000000000000000000e+00 0.000000000000000000e+00 0.000000000000000000e+00 0.000000000000000000e+00 0.000000000000000000e+00 0.000000000000000000e+00
1.500000000000000000e+00 1.560413213065282301e-01 0.000000000000000000e+00 8.439586786934725193e-01 0.000000000000000000e+00 0.000000000000000000e+00 0.000000000000000000e+00 -2.020864472103687248e-01 -1.126864943358259902e-02 0.000000000000000000e+00 0.000000000000000000e+00 0.000000000000000000e+00 0.000000000000000000e+00 0.000000000000000000e+00 0.000000000000000000e+00 0.000000000000000000e+00 0.000000000000000000e+00
1.599999999999999867e+00 1.277105788017997845e-01 0.000000000000000000e+00 8.722894211982007429e-01 0.000000000000000000e+00 0.000000000000000000e+00 0.000000000000000000e+00 -1.689872142304193747e-01 -1.146546172541020731e-02 0.000000000000000000e+00 0.000000000000000000e+00 0.000000000000000000e+00 0.000000000000000000e+00 0.000000000000000000e+00 0.000000000000000000e+00 0.000000000000000000e+00 0.000000000000000000e+00
1.699999999999999956e+00 1.054221703070273852e-01 0.000000000000000000e+00 8.945778296929741691e-01 0.000000000000000000e+00 0.000000000000000000e+00 0.000000000000000000e+00 -1.394745986406601135e-01 -1.090073733473771733e-02 0.000000000000000000e+00 0.000000000000000000e+00 0.000000000000000000e+00 0.000000000000000000e+00 0.000000000000000000e+00 0.000000000000000000e+00 0.000000000000000000e+00 0.000000000000000000e+00
1.800000000000000044e+00 8.834534003767406662e-02 0.000000000000000000e+00 9.116546599623266411e-01 0.000000000000000000e+00 0.000000000000000000e+00 0.000000000000000000e+00 -1.139319315166935909e-01 -9.836257228502695224e-03 0.000000000000000000e+00 0.000000000000000000e+00 0.000000000000000000e+00 0.000000000000000000e+00 0.000000000000000000e+00 0.000000000000000000e+00 0.000000000000000000e+00 0.000000000000000000e+00
1.899999999999999911e+00 7.574571687415422583e-02 0.000000000000000000e+00 9.242542831258448999e-01 0.000000000000000000e+00 0.000000000000000000e+00 0.000000000000000000e+00 -9.197628432586513192e-02 -8.472242689639877811e-03 0.000000000000000000e+00 0.000000000000000000e+00 0.000000000000000000e+00 0.000000000000000000e+00 0.000000000000000000e+00 0.000000000000000000e+00 0.000000000000000000e+00 0.000000000000000000e+00
2.000000000000000000e+00 6.686518036248143004e-02 0.000000000000000000e+00 9.331348196375166548e-01 0.000000000000000000e+00 0.000000000000000000e+00 0.000000000000000000e+00 -7.354824042672415685e-02 -6.998545898552374980e-03 0.000000000000000000e+00 0.000000000000000000e+00 0.000000000000000000e+00 0.000000000000000000e+00 0.000000000000000000e+00 0.000000000000000000e+00 0.000000000000000000e+00 0.000000000000000000e+00
2.099999999999999645e+00 6.110375014580673309e-02 0.000000000000000000e+00 9.388962498541922885e-01 0.000000000000000000e+00 0.000000000000000000e+00 0.000000000000000000e+00 -5.819742947108973163e-02 -5.547780366599268723e-03 0.000000000000000000e+00 0.000000000000000000e+00 0.000000000000000000e+00 0.000000000000000000e+00 0.000000000000000000e+00 0.000000000000000000e+00 0.000000000000000000e+00 0.000000000000000000e+00
2.199999999999999734e+00 5.781529564221631057e-02 0.000000000000000000e+00 9.421847043577818992e-01 0.000000000000000000e+00 0.000000000000000000e+00 0.000000000000000000e+00 -4.577421395905703627e-02 -4.228510057814942498e-03 0.000000000000000000e+00 0.000000000000000000e+00 0.000000000000000000e+00 0.000000000000000000e+00 0.000000000000000000e+00 0.000000000000000000e+00 0.000000000000000000e+00 0.000000000000000000e+00
2.299999999999999822e+00 5.656619447687571273e-02 0.000000000000000000e+00 9.434338055231232811e-01 0.000000000000000000e+00 0.000000000000000000e+00 0.000000000000000000e+00 -3.574596644285995412e-02 -3.083253750880786577e-03 0.000000000000000000e+00 0.000000000000000000e+00 0.000000000000000000e+00 0.000000000000000000e+00 0.000000000000000000e+00 0.000000000000000000e+00 0.000000000000000000e+00 0.000000000000000000e+00
2.399999999999999911e+00 5.697160950461862411e-02 0.000000000000000000e+00 9.430283904953861152e-01 0.000000000000000000e+00 0.000000000000000000e+00 0.000000000000000000e+00 -2.773225817827912332e-02 -2.129601342751175595e-03 0.000000000000000000e+00 0.000000000000000000e+00 0.000000000000000000e+00 0.000000000000000000e+00 0.000000000000000000e+00 0.000000000000000000e+00 0.000000000000000000e+00 0.000000000000000000e+00
2.500000000000000000e+00 5.871626007767181271e-02 0.000000000000000000e+00 9.412837399223297208e-01 0.000000000000000000e+00 0.000000000000000000e+00 0.000000000000000000e+00 -2.138186996717907420e-02 -1.370096748812393937e-03 0.000000000000000000e+00 0.000000000000000000e+00 0.000000000000000000e+00 0.000000000000000000e+00 0.000000000000000000e+00 0.000000000000000000e+00 0.000000000000000000e+00 0.000000000000000000e+00
2.600000000000000089e+00 6.146541562187462365e-02 0.000000000000000000e+00 9.385345843781233155e-01 0.000000000000000000e+00 0.000000000000000000e+00 0.000000000000000000e+00 -1.643922822402739056e-02 -7.897180958714319042e-04 0.000000000000000000e+00 0.000000000000000000e+00 0.000000000000000000e+00 0.000000000000000000e+00 0.000000000000000000e+00 0.000000000000000000e+00 0.000000000000000000e+00 0.000000000000000000e+00
2.699999999999999734e+00 6.518463675210922625e-02 0.000000000000000000e+00 9.348153632478922725e-01 0.000000000000000000e+00 0.000000000000000000e+00 0.000000000000000000e+00 -1.253433001888092611e-02 -3.612671937923239533e-04 0.000000000000000000e+00 0.000000000000000000e+00 0.000000000000000000e+00 0.000000000000000000e+00 0.000000000000000000e+00 0.000000000000000000e+00 0.000000000000000000e+00 0.000000000000000000e+00
2.799999999999999822e+00 6.964028472320579755e-02 0.000000000000000000e+00 9.303597152767918432e-01 0.000000000000000000e+00 0.000000000000000000e+00 0.000000000000000000e+00 -9.505353115731323202e-03 -6.208908647582040904e-05 0.000000000000000000e+00 0.000000000000000000e+00 0.000000000000000000e+00 0.000000000000000000e+00 0.000000000000000000e+00 0.000000000000000000e+00 0.000000000000000000e+00 0.000000000000000000e+00
2.899999999999999911e+00 7.470930907622826134e-02 0.000000000000000000e+00 9.252906909237742505e-01 0.000000000000000000e+00 0.000000000000000000e+00 0.000000000000000000e+00 -7.168968979703167071e-03 1.351518226460114453e-04 0.000000000000000000e+00 0.000000000000000000e+00 0.000000000000000000e+00 0.000000000000000000e+00 0.000000000000000000e+00 0.000000000000000000e+00 0.000000000000000000e+00 0.000000000000000000e+00
3.000000000000000000e+00 8.029698032067775215e-02 0.000000000000000000e+00 9.197030196793180012e-01 0.000000000000000000e+00 0.000000000000000000e+00 0.000000000000000000e+00 -5.377833087068248710e-03 2.537686391236412993e-04 0.000000000000000000e+00 0.000000000000000000e+00 0.000000000000000000e+00 0.000000000000000000e+00 0.000000000000000000e+00 0.000000000000000000e+00 0.000000000000000000e+00 0.000000000000000000e+00
