1.000000000000000056e-01 1.776415653283872076e-01 2.431349415296163441e-01 -9.519057255825864594e-01
2.000000000000000111e-01 3.518806944360483024e-01 4.375144085375259895e-01 -8.170428275327894507e-01
2.999999999999999889e-01 5.152979555036056869e-01 5.495645467099478099e-01 -6.192718070443521405e-01
4.000000000000000222e-01 6.555837645745041797e-01 5.681281235753401493e-01 -3.871529857590891854e-01
5.000000000000000000e-01 7.581042336102161716e-01 5.024011276905764323e-01 -1.453838851972249491e-01
5.999999999999999778e-01 8.098402020757544673e-01 3.748118859408592907e-01 8.849885216261868526e-02
6.999999999999999556e-01 8.029909234383680872e-01 2.139746987701658387e-01 3.031679593556937946e-01
7.999999999999999334e-01 7.376550723464765369e-01 4.945927322733900677e-02 4.911074082138111030e-01
8.999999999999999112e-01 6.231726730804826309e-01 -9.228763156470248807e-02 6.473712066528840570e-01
9.999999999999998890e-01 4.774362456069020655e-01 -1.918839837349401445e-01 7.696593910336327893e-01
1.099999999999999867e+00 3.234790361938914005e-01 -2.403909258867607535e-01 8.589370951613485294e-01
1.199999999999999956e+00 1.839349485624346969e-01 -2.406278983718480591e-01 9.193361165436332305e-01
1.300000000000000044e+00 7.533751438794052124e-02 -2.051486622851650954e-01 9.570558295178054342e-01
1.399999999999999911e+00 4.652304377224091708e-03 -1.514047388170792485e-01 9.787606490270811532e-01
1.500000000000000000e+00 -3.070103107057720049e-02 -9.604618352859492503e-02 9.902590936198721883e-01
1.599999999999999867e+00 -3.980863221943100466e-02 -5.060890468556080574e-02 9.958651734962993274e-01
1.699999999999999956e+00 -3.391609029831575695e-02 -1.996486580263780869e-02 9.983786852964501302e-01
1.800000000000000044e+00 -2.269556490485290928e-02 -3.346615102831086361e-03 9.994140767192024599e-01
1.899999999999999911e+00 -1.228756183696487828e-02 3.156258611568266842e-03 9.998052791661892202e-01
2.000000000000000000e+00 -5.221564199593159428e-03 4.054031329626919984e-03 9.999405635634857070e-01
2.099999999999999645e+00 -1.519044863823265515e-03 2.831217322939164147e-03 9.999833341584148938e-01
2.199999999999999734e+00 -9.352241353190789835e-05 1.436884167302014941e-03 9.999956846029105506e-01
2.299999999999999822e+00 2.106621556597091044e-04 5.378024971292865060e-04 9.999989624136710331e-01
2.399999999999999911e+00 1.507914463318671904e-04 1.417092405047506445e-04 9.999997629331865978e-01
2.500000000000000000e+00 5.238224133290958305e-05 1.561644088061356966e-05 9.999999487000678089e-01
2.600000000000000089e+00 6.689293045693563840e-06 -2.581582429125801846e-06 9.999999892504488619e-01
2.699999999999999734e+00 -2.118550978887731374e-06 -4.243603803150916753e-07 9.999999978498452791e-01
2.799999999999999822e+00 9.038195321660299447e-07 -1.748288139187968594e-06 9.999999996045603190e-01
2.899999999999999911e+00 -9.073458549062819263e-07 -1.811317418688309773e-06 9.999999999405039253e-01
3.000000000000000000e+00 -1.063585254762534369e-06 4.480308472379164913e-07 1.000000000006246337e+00
