1.000000000000000056e-01 9.999999999999977796e-01 0.000000000000000000e+00 -9.791832894994290258e-19 0.000000000000000000e+00 0.000000000000000000e+00 0.000000000000000000e+00 2.169023577089162277e-10 -1.383488176125420307e-10 0.000000000000000000e+00 0.000000000000000000e+00 0.000000000000000000e+00 0.000000000000000000e+00 0.000000000000000000e+00 0.000000000000000000e+00 0.000000000000000000e+00 0.000000000000000000e+00
2.000000000000000111e-01 1.000000000000000000e+00 0.000000000000000000e+00 -3.152523939747446369e-18 0.000000000000000000e+00 0.000000000000000000e+00 0.000000000000000000e+00 4.664961742002929639e-10 -3.271971972633022090e-10 0.000000000000000000e+00 0.000000000000000000e+00 0.000000000000000000e+00 0.000000000000000000e+00 0.000000000000000000e+00 0.000000000000000000e+00 0.000000000000000000e+00 0.000000000000000000e+00
2.999999999999999889e-01 9.999999999999988898e-01 0.000000000000000000e+00 -9.693341198642419631e-18 0.000000000000000000e+00 0.000000000000000000e+00 0.000000000000000000e+00 7.148017821970487012e-10 -5.171576222573660141e-10 0.000000000000000000e+00 0.000000000000000000e+00 0.000000000000000000e+00 0.000000000000000000e+00 0.000000000000000000e+00 0.000000000000000000e+00 0.000000000000000000e+00 0.000000000000000000e+00
4.000000000000000222e-01 9.999999999999994449e-01 0.000000000000000000e+00 -1.237022469120373819e-17 0.000000000000000000e+00 0.000000000000000000e+00 0.000000000000000000e+00 9.543351832727296181e-10 -7.213423761651016204e-10 0.000000000000000000e+00 0.000000000000000000e+00 0.000000000000000000e+00 0.000000000000000000e+00 0.000000000000000000e+00 0.000000000000000000e+00 0.000000000000000000e+00 0.000000000000000000e+00
5.000000000000000000e-01 9.999999999999996669e-01 0.000000000000000000e+00 -2.184700889843533673e-17 0.000000000000000000e+00 0.000000000000000000e+00 0.000000000000000000e+00 1.178467412157251889e-09 -9.764824826275512175e-10 0.000000000000000000e+00 0.000000000000000000e+00 0.000000000000000000e+00 0.000000000000000000e+00 0.000000000000000000e+00 0.000000000000000000e+00 0.000000000000000000e+00 0.000000000000000000e+00
5.999999999999999778e-01 1.000000000000000444e+00 0.000000000000000000e+00 -3.435243354432560170e-17 0.000000000000000000e+00 0.000000000000000000e+00 0.000000000000000000e+00 1.377396450397289188e-09 -1.337774713483449171e-09 0.000000000000000000e+00 0.000000000000000000e+00 0.000000000000000000e+00 0.000000000000000000e+00 0.000000000000000000e+00 0.000000000000000000e+00 0.000000000000000000e+00 0.000000000000000000e+00
6.999999999999999556e-01 1.000000000000000000e+00 0.000000000000000000e+00 -4.398489351139789082e-17 0.000000000000000000e+00 0.000000000000000000e+00 0.000000000000000000e+00 1.540038911150659199e-09 -1.875659166544454168e-09 0.000000000000000000e+00 0.000000000000000000e+00 0.000000000000000000e+00 0.000000000000000000e+00 0.000000000000000000e+00 0.000000000000000000e+00 0.000000000000000000e+00 0.000000000000000000e+00
7.999999999999999334e-01 1.000000000000000000e+00 0.000000000000000000e+00 -4.328318750053573217e-17 0.000000000000000000e+00 0.000000000000000000e+00 0.000000000000000000e+00 1.658567619643934665e-09 -2.668060547269730077e-09 0.000000000000000000e+00 0.000000000000000000e+00 0.000000000000000000e+00 0.000000000000000000e+00 0.000000000000000000e+00 0.000000000000000000e+00 0.000000000000000000e+00 0.000000000000000000e+00
8.999999999999999112e-01 9.999999999999992228e-01 0.000000000000000000e+00 -6.480700051851664326e-17 0.000000000000000000e+00 0.000000000000000000e+00 0.000000000000000000e+00 1.731529866979238307e-09 -3.787890329906139669e-09 0.000000000000000000e+00 0.000000000000000000e+00 0.000000000000000000e+00 0.000000000000000000e+00 0.000000000000000000e+00 0.000000000000000000e+00 0.000000000000000000e+00 0.000000000000000000e+00
9.999999999999998890e-01 9.999999999999994449e-01 0.000000000000000000e+00 -7.169919708396788134e-17 0.000000000000000000e+00 0.000000000000000000e+00 0.000000000000000000e+00 1.769051243680774175e-09 -5.290658133871634317e-09 0.000000000000000000e+00 0.000000000000000000e+00 0.000000000000000000e+00 0.000000000000000000e+00 0.000000000000000000e+00 0.000000000000000000e+00 0.000000000000000000e+00 0.000000000000000000e+00
1.099999999999999867e+00 9.999999999999978906e-01 0.000000000000000000e+00 -5.651828393998201792e-17 0.000000000000000000e+00 0.000000000000000000e+00 0.000000000000000000e+00 1.793671698103671276e-09 -7.192601759318551800e-09 0.000000000000000000e+00 0.000000000000000000e+00 0.000000000000000000e+00 0.000000000000000000e+00 0.000000000000000000e+00 0.000000000000000000e+00 0.000000000000000000e+00 0.000000000000000000e+00
1.199999999999999956e+00 1.000000000000000000e+00 0.000000000000000000e+00 -4.335154262461013034e-17 0.000000000000000000e+00 0.000000000000000000e+00 0.000000000000000000e+00 1.845426598815166609e-09 -9.452512982153856826e-09 0.000000000000000000e+00 0.000000000000000000e+00 0.000000000000000000e+00 0.000000000000000000e+00 0.000000000000000000e+00 0.000000000000000000e+00 0.000000000000000000e+00 0.000000000000000000e+00
1.300000000000000044e+00 1.000000000000000000e+00 0.000000000000000000e+00 -1.284991962526734329e-17 0.000000000000000000e+00 0.000000000000000000e+00 0.000000000000000000e+00 1.976820007052541286e-09 -1.194715099763720444e-08 0.000000000000000000e+00 0.000000000000000000e+00 0.000000000000000000e+00 0.000000000000000000e+00 0.000000000000000000e+00 0.000000000000000000e+00 0.000000000000000000e+00 0.000000000000000000e+00
1.399999999999999911e+00 9.999999999999987788e-01 0.000000000000000000e+00 1.578636720936320676e-17 0.000000000000000000e+00 0.000000000000000000e+00 0.000000000000000000e+00 2.248063086265416539e-09 -1.445338514406165546e-08 0.000000000000000000e+00 0.000000000000000000e+00 0.000000000000000000e+00 0.000000000000000000e+00 0.000000000000000000e+00 0.000000000000000000e+00 0.000000000000000000e+00 0.000000000000000000e+00
1.500000000000000000e+00 9.999999999999977796e-01 0.000000000000000000e+00 1.321914034220811620e-17 0.000000000000000000e+00 0.000000000000000000e+00 0.000000000000000000e+00 2.717521723066615939e-09 -1.662949515807468342e-08 0.000000000000000000e+00 0.000000000000000000e+00 0.000000000000000000e+00 0.000000000000000000e+00 0.000000000000000000e+00 0.000000000000000000e+00 0.000000000000000000e+00 0.000000000000000000e+00
1.599999999999999867e+00 1.000000000000000000e+00 0.000000000000000000e+00 8.182514860036521622e-17 0.000000000000000000e+00 0.000000000000000000e+00 0.000000000000000000e+00 3.426645795578904352e-09 -1.800479537550894136e-08 0.000000000000000000e+00 0.000000000000000000e+00 0.000000000000000000e+00 0.000000000000000000e+00 0.000000000000000000e+00 0.000000000000000000e+00 0.000000000000000000e+00 0.000000000000000000e+00
1.699999999999999956e+00 1.000000000000002220e+00 0.000000000000000000e+00 5.264561877405794285e-17 0.000000000000000000e+00 0.000000000000000000e+00 0.000000000000000000e+00 4.379248945879950501e-09 -1.797573832721824166e-08 0.000000000000000000e+00 0.000000000000000000e+00 0.000000000000000000e+00 0.000000000000000000e+00 0.000000000000000000e+00 0.000000000000000000e+00 0.000000000000000000e+00 0.000000000000000000e+00
1.800000000000000044e+00 9.999999999999998890e-01 0.000000000000000000e+00 -6.981189262731784721e-17 0.000000000000000000e+00 0.000000000000000000e+00 0.000000000000000000e+00 5.520629765700546994e-09 -1.581540862777139881e-08 0.000000000000000000e+00 0.000000000000000000e+00 0.000000000000000000e+00 0.000000000000000000e+00 0.000000000000000000e+00 0.000000000000000000e+00 0.000000000000000000e+00 0.000000000000000000e+00
1.899999999999999911e+00 9.999999999999991118e-01 0.000000000000000000e+00 -2.014551231554834730e-16 0.000000000000000000e+00 0.000000000000000000e+00 0.000000000000000000e+00 6.710447772082865925e-09 -1.069216294036385264e-08 0.000000000000000000e+00 0.000000000000000000e+00 0.000000000000000000e+00 0.000000000000000000e+00 0.000000000000000000e+00 0.000000000000000000e+00 0.000000000000000000e+00 0.000000000000000000e+00
2.000000000000000000e+00 1.000000000000000000e+00 0.000000000000000000e+00 -3.818453581034296635e-16 0.000000000000000000e+00 0.000000000000000000e+00 0.000000000000000000e+00 7.700298371664430443e-09 -1.706207058665637915e-09 0.000000000000000000e+00 0.000000000000000000e+00 0.000000000000000000e+00 0.000000000000000000e+00 0.000000000000000000e+00 0.000000000000000000e+00 0.000000000000000000e+00 0.000000000000000000e+00
2.099999999999999645e+00 9.999999999999992228e-01 0.000000000000000000e+00 -1.953400039924813314e-16 0.000000000000000000e+00 0.000000000000000000e+00 0.000000000000000000e+00 8.112361347274580824e-09 1.206245499603399176e-08 0.000000000000000000e+00 0.000000000000000000e+00 0.000000000000000000e+00 0.000000000000000000e+00 0.000000000000000000e+00 0.000000000000000000e+00 0.000000000000000000e+00 0.000000000000000000e+00
2.199999999999999734e+00 1.000000000000000000e+00 0.000000000000000000e+00 5.525090285967766434e-16 0.000000000000000000e+00 0.000000000000000000e+00 0.000000000000000000e+00 7.425607118795506695e-09 3.148825116790672015e-08 0.000000000000000000e+00 0.000000000000000000e+00 0.000000000000000000e+00 0.000000000000000000e+00 0.000000000000000000e+00 0.000000000000000000e+00 0.000000000000000000e+00 0.000000000000000000e+00
2.299999999999999822e+00 9.999999999999982236e-01 0.000000000000000000e+00 2.751087496966657017e-15 0.000000000000000000e+00 0.000000000000000000e+00 0.000000000000000000e+00 4.973089661873894518e-09 5.732480745388250568e-08 0.000000000000000000e+00 0.000000000000000000e+00 0.000000000000000000e+00 0.000000000000000000e+00 0.000000000000000000e+00 0.000000000000000000e+00 0.000000000000000000e+00 0.000000000000000000e+00
2.399999999999999911e+00 9.999999999999936717e-01 0.000000000000000000e+00 7.504385939134059881e-15 0.000000000000000000e+00 0.000000000000000000e+00 0.000000000000000000e+00 -4.462559879100266370e-11 9.011604299254419916e-08 0.000000000000000000e+00 0.000000000000000000e+00 0.000000000000000000e+00 0.000000000000000000e+00 0.000000000000000000e+00 0.000000000000000000e+00 0.000000000000000000e+00 0.000000000000000000e+00
2.500000000000000000e+00 9.999999999999853451e-01 0.000000000000000000e+00 1.643007534761152461e-14 0.000000000000000000e+00 0.000000000000000000e+00 0.000000000000000000e+00 -8.529005932713075857e-09 1.301041814389122831e-07 0.000000000000000000e+00 0.000000000000000000e+00 0.000000000000000000e+00 0.000000000000000000e+00 0.000000000000000000e+00 0.000000000000000000e+00 0.000000000000000000e+00 0.000000000000000000e+00
2.600000000000000089e+00 9.999999999999672484e-01 0.000000000000000000e+00 3.107105029631267227e-14 0.000000000000000000e+00 0.000000000000000000e+00 0.000000000000000000e+00 -2.143005011948658033e-08 1.771370448675645567e-07 0.000000000000000000e+00 0.000000000000000000e+00 0.000000000000000000e+00 0.000000000000000000e+00 0.000000000000000000e+00 0.000000000000000000e+00 0.000000000000000000e+00 0.000000000000000000e+00
2.699999999999999734e+00 9.999999999999470424e-01 0.000000000000000000e+00 5.400314981038856404e-14 0.000000000000000000e+00 0.000000000000000000e+00 0.000000000000000000e+00 -3.967084045797172280e-08 2.305818980863821606e-07 0.000000000000000000e+00 0.000000000000000000e+00 0.000000000000000000e+00 0.000000000000000000e+00 0.000000000000000000e+00 0.000000000000000000e+00 0.000000000000000000e+00 0.000000000000000000e+00
2.799999999999999822e+00 9.999999999999101830e-01 0.000000000000000000e+00 8.699788434291516994e-14 0.000000000000000000e+00 0.000000000000000000e+00 0.000000000000000000e+00 -6.404807924983279219e-08 2.892560238310327168e-07 0.000000000000000000e+00 0.000000000000000000e+00 0.000000000000000000e+00 0.000000000000000000e+00 0.000000000000000000e+00 0.000000000000000000e+00 0.000000000000000000e+00 0.000000000000000000e+00
2.899999999999999911e+00 9.999999999998696598e-01 0.000000000000000000e+00 1.315057734570922209e-13 0.000000000000000000e+00 0.000000000000000000e+00 0.000000000000000000e+00 -9.510875808597006274e-08 3.513780108255368340e-07 0.000000000000000000e+00 0.000000000000000000e+00 0.000000000000000000e+00 0.000000000000000000e+00 0.000000000000000000e+00 0.000000000000000000e+00 0.000000000000000000e+00 0.000000000000000000e+00
3.000000000000000000e+00 9.999999999998087086e-01 0.000000000000000000e+00 1.885570739315851512e-13 0.000000000000000000e+00 0.000000000000000000e+00 0.000000000000000000e+00 -1.330142901313778762e-07 4.145552759827145365e-07 0.000000000000000000e+00 0.000000000000000000e+00 0.000000000000000000e+00 0.000000000000000000e+00 0.000000000000000000e+00 0.000000000000000000e+00 0.000000000000000000e+00 0.000000000000000000e+00
