1.000000000000000056e-01 1.000000000000000000e+00 0.000000000000000000e+00 -2.185057228852807827e-19 0.000000000000000000e+00 0.000000000000000000e+00 0.000000000000000000e+00 -1.677941555974048544e-10 1.086684611509404622e-10 0.000000000000000000e+00 0.000000000000000000e+00 0.000000000000000000e+00 0.000000000000000000e+00 0.000000000000000000e+00 0.000000000000000000e+00 0.000000000000000000e+00 0.000000000000000000e+00
2.000000000000000111e-01 1.000000000000000000e+00 0.000000000000000000e+00 -1.190351569803404929e-18 0.000000000000000000e+00 0.000000000000000000e+00 0.000000000000000000e+00 -3.306104577110786871e-10 2.143859619680533067e-10 0.000000000000000000e+00 0.000000000000000000e+00 0.000000000000000000e+00 0.000000000000000000e+00 0.000000000000000000e+00 0.000000000000000000e+00 0.000000000000000000e+00 0.000000000000000000e+00
2.999999999999999889e-01 9.999999999999997780e-01 0.000000000000000000e+00 -2.484855775665028912e-18 0.000000000000000000e+00 0.000000000000000000e+00 0.000000000000000000e+00 -4.673165074391593135e-10 3.101084525797880430e-10 0.000000000000000000e+00 0.000000000000000000e+00 0.000000000000000000e+00 0.000000000000000000e+00 0.000000000000000000e+00 0.000000000000000000e+00 0.000000000000000000e+00 0.000000000000000000e+00
4.000000000000000222e-01 1.000000000000000000e+00 0.000000000000000000e+00 -3.703128391629627549e-18 0.000000000000000000e+00 0.000000000000000000e+00 0.000000000000000000e+00 -6.064973936170208120e-10 4.046404028684953089e-10 0.000000000000000000e+00 0.000000000000000000e+00 0.000000000000000000e+00 0.000000000000000000e+00 0.000000000000000000e+00 0.000000000000000000e+00 0.000000000000000000e+00 0.000000000000000000e+00
5.000000000000000000e-01 9.999999999999984457e-01 0.000000000000000000e+00 -6.520139733034362098e-18 0.000000000000000000e+00 0.000000000000000000e+00 0.000000000000000000e+00 -7.523466201925794652e-10 4.998353549876134776e-10 0.000000000000000000e+00 0.000000000000000000e+00 0.000000000000000000e+00 0.000000000000000000e+00 0.000000000000000000e+00 0.000000000000000000e+00 0.000000000000000000e+00 0.000000000000000000e+00
5.999999999999999778e-01 1.000000000000000000e+00 0.000000000000000000e+00 -7.340896871552503506e-18 0.000000000000000000e+00 0.000000000000000000e+00 0.000000000000000000e+00 -9.049514308455248145e-10 5.943567024993738722e-10 0.000000000000000000e+00 0.000000000000000000e+00 0.000000000000000000e+00 0.000000000000000000e+00 0.000000000000000000e+00 0.000000000000000000e+00 0.000000000000000000e+00 0.000000000000000000e+00
6.999999999999999556e-01 1.000000000000000000e+00 0.000000000000000000e+00 -1.298237982766128827e-17 0.000000000000000000e+00 0.000000000000000000e+00 0.000000000000000000e+00 -1.064011339466494254e-09 6.876705069230717157e-10 0.000000000000000000e+00 0.000000000000000000e+00 0.000000000000000000e+00 0.000000000000000000e+00 0.000000000000000000e+00 0.000000000000000000e+00 0.000000000000000000e+00 0.000000000000000000e+00
7.999999999999999334e-01 1.000000000000001776e+00 0.000000000000000000e+00 -1.267438485958982371e-17 0.000000000000000000e+00 0.000000000000000000e+00 0.000000000000000000e+00 -1.227897960985779550e-09 7.788366163081983265e-10 0.000000000000000000e+00 0.000000000000000000e+00 0.000000000000000000e+00 0.000000000000000000e+00 0.000000000000000000e+00 0.000000000000000000e+00 0.000000000000000000e+00 0.000000000000000000e+00
8.999999999999999112e-01 1.000000000000000666e+00 0.000000000000000000e+00 -2.241772607455916395e-17 0.000000000000000000e+00 0.000000000000000000e+00 0.000000000000000000e+00 -1.396543756169346660e-09 8.669194785399863078e-10 0.000000000000000000e+00 0.000000000000000000e+00 0.000000000000000000e+00 0.000000000000000000e+00 0.000000000000000000e+00 0.000000000000000000e+00 0.000000000000000000e+00 0.000000000000000000e+00
9.999999999999998890e-01 1.000000000000000000e+00 0.000000000000000000e+00 -2.435427082194285878e-17 0.000000000000000000e+00 0.000000000000000000e+00 0.000000000000000000e+00 -1.569696936663077602e-09 9.512160610085124317e-10 0.000000000000000000e+00 0.000000000000000000e+00 0.000000000000000000e+00 0.000000000000000000e+00 0.000000000000000000e+00 0.000000000000000000e+00 0.000000000000000000e+00 0.000000000000000000e+00
1.099999999999999867e+00 9.999999999999964473e-01 0.000000000000000000e+00 -3.221929764757625217e-17 0.000000000000000000e+00 0.000000000000000000e+00 0.000000000000000000e+00 -1.747486143725030563e-09 1.030498826417314160e-09 0.000000000000000000e+00 0.000000000000000000e+00 0.000000000000000000e+00 0.000000000000000000e+00 0.000000000000000000e+00 0.000000000000000000e+00 0.000000000000000000e+00 0.000000000000000000e+00
1.199999999999999956e+00 1.000000000000001554e+00 0.000000000000000000e+00 -3.137249691797221696e-17 0.000000000000000000e+00 0.000000000000000000e+00 0.000000000000000000e+00 -1.929148979929833689e-09 1.104521832810714755e-09 0.000000000000000000e+00 0.000000000000000000e+00 0.000000000000000000e+00 0.000000000000000000e+00 0.000000000000000000e+00 0.000000000000000000e+00 0.000000000000000000e+00 0.000000000000000000e+00
1.300000000000000044e+00 9.999999999999986677e-01 0.000000000000000000e+00 -5.018775492126185094e-17 0.000000000000000000e+00 0.000000000000000000e+00 0.000000000000000000e+00 -2.115628107745952394e-09 1.172292045244250100e-09 0.000000000000000000e+00 0.000000000000000000e+00 0.000000000000000000e+00 0.000000000000000000e+00 0.000000000000000000e+00 0.000000000000000000e+00 0.000000000000000000e+00 0.000000000000000000e+00
1.399999999999999911e+00 1.000000000000000000e+00 0.000000000000000000e+00 -6.135681146509486458e-17 0.000000000000000000e+00 0.000000000000000000e+00 0.000000000000000000e+00 -2.306105164417933145e-09 1.232770980796471218e-09 0.000000000000000000e+00 0.000000000000000000e+00 0.000000000000000000e+00 0.000000000000000000e+00 0.000000000000000000e+00 0.000000000000000000e+00 0.000000000000000000e+00 0.000000000000000000e+00
1.500000000000000000e+00 1.000000000000003109e+00 0.000000000000000000e+00 -4.757822573598724435e-17 0.000000000000000000e+00 0.000000000000000000e+00 0.000000000000000000e+00 -2.501260464741338563e-09 1.285418404595736281e-09 0.000000000000000000e+00 0.000000000000000000e+00 0.000000000000000000e+00 0.000000000000000000e+00 0.000000000000000000e+00 0.000000000000000000e+00 0.000000000000000000e+00 0.000000000000000000e+00
1.599999999999999867e+00 9.999999999999993339e-01 0.000000000000000000e+00 -7.972672599407742573e-17 0.000000000000000000e+00 0.000000000000000000e+00 0.000000000000000000e+00 -2.700756088184534848e-09 1.328958392081659975e-09 0.000000000000000000e+00 0.000000000000000000e+00 0.000000000000000000e+00 0.000000000000000000e+00 0.000000000000000000e+00 0.000000000000000000e+00 0.000000000000000000e+00 0.000000000000000000e+00
1.699999999999999956e+00 1.000000000000000000e+00 0.000000000000000000e+00 -5.260106932426387991e-17 0.000000000000000000e+00 0.000000000000000000e+00 0.000000000000000000e+00 -2.904286927007745148e-09 1.363068165789598616e-09 0.000000000000000000e+00 0.000000000000000000e+00 0.000000000000000000e+00 0.000000000000000000e+00 0.000000000000000000e+00 0.000000000000000000e+00 0.000000000000000000e+00 0.000000000000000000e+00
1.800000000000000044e+00 9.999999999999994449e-01 0.000000000000000000e+00 -8.430813956048231125e-17 0.000000000000000000e+00 0.000000000000000000e+00 0.000000000000000000e+00 -3.111963331285045576e-09 1.386915225278398525e-09 0.000000000000000000e+00 0.000000000000000000e+00 0.000000000000000000e+00 0.000000000000000000e+00 0.000000000000000000e+00 0.000000000000000000e+00 0.000000000000000000e+00 0.000000000000000000e+00
1.899999999999999911e+00 9.999999999999987788e-01 0.000000000000000000e+00 -1.168259343917899277e-16 0.000000000000000000e+00 0.000000000000000000e+00 0.000000000000000000e+00 -3.323804313657394390e-09 1.400188750008440050e-09 0.000000000000000000e+00 0.000000000000000000e+00 0.000000000000000000e+00 0.000000000000000000e+00 0.000000000000000000e+00 0.000000000000000000e+00 0.000000000000000000e+00 0.000000000000000000e+00
2.000000000000000000e+00 9.999999999999994449e-01 0.000000000000000000e+00 -1.464987008480763561e-16 0.000000000000000000e+00 0.000000000000000000e+00 0.000000000000000000e+00 -3.539415645905395609e-09 1.402250305432129291e-09 0.000000000000000000e+00 0.000000000000000000e+00 0.000000000000000000e+00 0.000000000000000000e+00 0.000000000000000000e+00 0.000000000000000000e+00 0.000000000000000000e+00 0.000000000000000000e+00
2.099999999999999645e+00 9.999999999999976685e-01 0.000000000000000000e+00 -1.436997903759294076e-16 0.000000000000000000e+00 0.000000000000000000e+00 0.000000000000000000e+00 -3.758015871684728909e-09 1.393452253530511570e-09 0.000000000000000000e+00 0.000000000000000000e+00 0.000000000000000000e+00 0.000000000000000000e+00 0.000000000000000000e+00 0.000000000000000000e+00 0.000000000000000000e+00 0.000000000000000000e+00
2.199999999999999734e+00 9.999999999999971134e-01 0.000000000000000000e+00 -1.219664503469228193e-16 0.000000000000000000e+00 0.000000000000000000e+00 0.000000000000000000e+00 -3.979571655343722258e-09 1.374034966933763553e-09 0.000000000000000000e+00 0.000000000000000000e+00 0.000000000000000000e+00 0.000000000000000000e+00 0.000000000000000000e+00 0.000000000000000000e+00 0.000000000000000000e+00 0.000000000000000000e+00
2.299999999999999822e+00 9.999999999999997780e-01 0.000000000000000000e+00 -1.400371624062272875e-16 0.000000000000000000e+00 0.000000000000000000e+00 0.000000000000000000e+00 -4.204140809431056914e-09 1.345566602860113545e-09 0.000000000000000000e+00 0.000000000000000000e+00 0.000000000000000000e+00 0.000000000000000000e+00 0.000000000000000000e+00 0.000000000000000000e+00 0.000000000000000000e+00 0.000000000000000000e+00
2.399999999999999911e+00 9.999999999999990008e-01 0.000000000000000000e+00 -1.855907306741436095e-16 0.000000000000000000e+00 0.000000000000000000e+00 0.000000000000000000e+00 -4.430946627307953071e-09 1.308284075502208658e-09 0.000000000000000000e+00 0.000000000000000000e+00 0.000000000000000000e+00 0.000000000000000000e+00 0.000000000000000000e+00 0.000000000000000000e+00 0.000000000000000000e+00 0.000000000000000000e+00
2.500000000000000000e+00 1.000000000000002665e+00 0.000000000000000000e+00 -1.544320154795789982e-16 0.000000000000000000e+00 0.000000000000000000e+00 0.000000000000000000e+00 -4.660517559737230609e-09 1.263691745325415567e-09 0.000000000000000000e+00 0.000000000000000000e+00 0.000000000000000000e+00 0.000000000000000000e+00 0.000000000000000000e+00 0.000000000000000000e+00 0.000000000000000000e+00 0.000000000000000000e+00
2.600000000000000089e+00 9.999999999999988898e-01 0.000000000000000000e+00 -2.058898129015306081e-16 0.000000000000000000e+00 0.000000000000000000e+00 0.000000000000000000e+00 -4.892392156255780196e-09 1.213818443899259853e-09 0.000000000000000000e+00 0.000000000000000000e+00 0.000000000000000000e+00 0.000000000000000000e+00 0.000000000000000000e+00 0.000000000000000000e+00 0.000000000000000000e+00 0.000000000000000000e+00
2.699999999999999734e+00 1.000000000000000000e+00 0.000000000000000000e+00 -2.085456143847212635e-16 0.000000000000000000e+00 0.000000000000000000e+00 0.000000000000000000e+00 -5.127392688442428628e-09 1.161662714082249826e-09 0.000000000000000000e+00 0.000000000000000000e+00 0.000000000000000000e+00 0.000000000000000000e+00 0.000000000000000000e+00 0.000000000000000000e+00 0.000000000000000000e+00 0.000000000000000000e+00
2.799999999999999822e+00 1.000000000000001776e+00 0.000000000000000000e+00 -2.458936610934647228e-16 0.000000000000000000e+00 0.000000000000000000e+00 0.000000000000000000e+00 -5.366358443102500683e-09 1.109293547592732050e-09 0.000000000000000000e+00 0.000000000000000000e+00 0.000000000000000000e+00 0.000000000000000000e+00 0.000000000000000000e+00 0.000000000000000000e+00 0.000000000000000000e+00 0.000000000000000000e+00
2.899999999999999911e+00 9.999999999999974465e-01 0.000000000000000000e+00 -2.361914078177024796e-16 0.000000000000000000e+00 0.000000000000000000e+00 0.000000000000000000e+00 -5.610245152158380408e-09 1.057993228039407102e-09 0.000000000000000000e+00 0.000000000000000000e+00 0.000000000000000000e+00 0.000000000000000000e+00 0.000000000000000000e+00 0.000000000000000000e+00 0.000000000000000000e+00 0.000000000000000000e+00
3.000000000000000000e+00 9.999999999999996669e-01 0.000000000000000000e+00 -2.625378393358957871e-16 0.000000000000000000e+00 0.000000000000000000e+00 0.000000000000000000e+00 -5.860595420108229216e-09 1.011388808906911253e-09 0.000000000000000000e+00 0.000000000000000000e+00 0.000000000000000000e+00 0.000000000000000000e+00 0.000000000000000000e+00 0.000000000000000000e+00 0.000000000000000000e+00 0.000000000000000000e+00
