1.000000000000000056e-01 9.999999999999966693e-01 0.000000000000000000e+00 -1.028249042688217963e-18 0.000000000000000000e+00 0.000000000000000000e+00 0.000000000000000000e+00 -1.799972939679484838e-10 -2.371997161246745068e-10 0.000000000000000000e+00 0.000000000000000000e+00 0.000000000000000000e+00 0.000000000000000000e+00 0.000000000000000000e+00 0.000000000000000000e+00 0.000000000000000000e+00 0.000000000000000000e+00
2.000000000000000111e-01 1.000000000000000000e+00 0.000000000000000000e+00 -4.080734620260368476e-18 0.000000000000000000e+00 0.000000000000000000e+00 0.000000000000000000e+00 -3.085010091102339935e-10 -4.738214623060454553e-10 0.000000000000000000e+00 0.000000000000000000e+00 0.000000000000000000e+00 0.000000000000000000e+00 0.000000000000000000e+00 0.000000000000000000e+00 0.000000000000000000e+00 0.000000000000000000e+00
2.999999999999999889e-01 9.999999999999994449e-01 0.000000000000000000e+00 -7.704803495817186618e-18 0.000000000000000000e+00 0.000000000000000000e+00 0.000000000000000000e+00 -4.309908508237880240e-10 -7.138428549483813326e-10 0.000000000000000000e+00 0.000000000000000000e+00 0.000000000000000000e+00 0.000000000000000000e+00 0.000000000000000000e+00 0.000000000000000000e+00 0.000000000000000000e+00 0.000000000000000000e+00
4.000000000000000222e-01 9.999999999999997780e-01 0.000000000000000000e+00 -1.508998073549548761e-17 0.000000000000000000e+00 0.000000000000000000e+00 0.000000000000000000e+00 -5.452979895939222609e-10 -9.720238243605210396e-10 0.000000000000000000e+00 0.000000000000000000e+00 0.000000000000000000e+00 0.000000000000000000e+00 0.000000000000000000e+00 0.000000000000000000e+00 0.000000000000000000e+00 0.000000000000000000e+00
5.000000000000000000e-01 1.000000000000000000e+00 0.000000000000000000e+00 -2.599483006214221018e-17 0.000000000000000000e+00 0.000000000000000000e+00 0.000000000000000000e+00 -6.248514701158516093e-10 -1.278798964243950106e-09 0.000000000000000000e+00 0.000000000000000000e+00 0.000000000000000000e+00 0.000000000000000000e+00 0.000000000000000000e+00 0.000000000000000000e+00 0.000000000000000000e+00 0.000000000000000000e+00
5.999999999999999778e-01 1.000000000000000000e+00 0.000000000000000000e+00 -3.078146626250039986e-17 0.000000000000000000e+00 0.000000000000000000e+00 0.000000000000000000e+00 -6.297220749931178703e-10 -1.679909772685384630e-09 0.000000000000000000e+00 0.000000000000000000e+00 0.000000000000000000e+00 0.000000000000000000e+00 0.000000000000000000e+00 0.000000000000000000e+00 0.000000000000000000e+00 0.000000000000000000e+00
6.999999999999999556e-01 9.999999999999990008e-01 0.000000000000000000e+00 -4.979483339306282695e-17 0.000000000000000000e+00 0.000000000000000000e+00 0.000000000000000000e+00 -5.106673123969137814e-10 -2.234505483290581652e-09 0.000000000000000000e+00 0.000000000000000000e+00 0.000000000000000000e+00 0.000000000000000000e+00 0.000000000000000000e+00 0.000000000000000000e+00 0.000000000000000000e+00 0.000000000000000000e+00
7.999999999999999334e-01 9.999999999999991118e-01 0.000000000000000000e+00 -5.646863873295402939e-17 0.000000000000000000e+00 0.000000000000000000e+00 0.000000000000000000e+00 -2.166776664678004457e-10 -3.012334201597098172e-09 0.000000000000000000e+00 0.000000000000000000e+00 0.000000000000000000e+00 0.000000000000000000e+00 0.000000000000000000e+00 0.000000000000000000e+00 0.000000000000000000e+00 0.000000000000000000e+00
8.999999999999999112e-01 1.000000000000000666e+00 0.000000000000000000e+00 -6.681929649542605141e-17 0.000000000000000000e+00 0.000000000000000000e+00 0.000000000000000000e+00 2.967487075590639170e-10 -4.080999425463153824e-09 0.000000000000000000e+00 0.000000000000000000e+00 0.000000000000000000e+00 0.000000000000000000e+00 0.000000000000000000e+00 0.000000000000000000e+00 0.000000000000000000e+00 0.000000000000000000e+00
9.999999999999998890e-01 1.000000000000000000e+00 0.000000000000000000e+00 -7.200777548734011544e-17 0.000000000000000000e+00 0.000000000000000000e+00 0.000000000000000000e+00 1.054891163898548199e-09 -5.497067745501951918e-09 0.000000000000000000e+00 0.000000000000000000e+00 0.000000000000000000e+00 0.000000000000000000e+00 0.000000000000000000e+00 0.000000000000000000e+00 0.000000000000000000e+00 0.000000000000000000e+00
1.099999999999999867e+00 1.000000000000000000e+00 0.000000000000000000e+00 -7.005969549137870098e-17 0.000000000000000000e+00 0.000000000000000000e+00 0.000000000000000000e+00 2.055343922410602152e-09 -7.285502189137656925e-09 0.000000000000000000e+00 0.000000000000000000e+00 0.000000000000000000e+00 0.000000000000000000e+00 0.000000000000000000e+00 0.000000000000000000e+00 0.000000000000000000e+00 0.000000000000000000e+00
1.199999999999999956e+00 9.999999999999980016e-01 0.000000000000000000e+00 -6.966653174230599241e-17 0.000000000000000000e+00 0.000000000000000000e+00 0.000000000000000000e+00 3.251363830829753692e-09 -9.424675955081319341e-09 0.000000000000000000e+00 0.000000000000000000e+00 0.000000000000000000e+00 0.000000000000000000e+00 0.000000000000000000e+00 0.000000000000000000e+00 0.000000000000000000e+00 0.000000000000000000e+00
1.300000000000000044e+00 9.999999999999975575e-01 0.000000000000000000e+00 -3.208025708981336833e-17 0.000000000000000000e+00 0.000000000000000000e+00 0.000000000000000000e+00 4.547623378282788579e-09 -1.182132954421040120e-08 0.000000000000000000e+00 0.000000000000000000e+00 0.000000000000000000e+00 0.000000000000000000e+00 0.000000000000000000e+00 0.000000000000000000e+00 0.000000000000000000e+00 0.000000000000000000e+00
1.399999999999999911e+00 9.999999999999995559e-01 0.000000000000000000e+00 2.664657192338159744e-17 0.000000000000000000e+00 0.000000000000000000e+00 0.000000000000000000e+00 5.791724226494597944e-09 -1.429021904295474433e-08 0.000000000000000000e+00 0.000000000000000000e+00 0.000000000000000000e+00 0.000000000000000000e+00 0.000000000000000000e+00 0.000000000000000000e+00 0.000000000000000000e+00 0.000000000000000000e+00
1.500000000000000000e+00 1.000000000000000000e+00 0.000000000000000000e+00 5.067948961786814554e-17 0.000000000000000000e+00 0.000000000000000000e+00 0.000000000000000000e+00 6.777184627237899703e-09 -1.653328941128468526e-08 0.000000000000000000e+00 0.000000000000000000e+00 0.000000000000000000e+00 0.000000000000000000e+00 0.000000000000000000e+00 0.000000000000000000e+00 0.000000000000000000e+00 0.000000000000000000e+00
1.599999999999999867e+00 9.999999999999985567e-01 0.000000000000000000e+00 9.327271956070169141e-17 0.000000000000000000e+00 0.000000000000000000e+00 0.000000000000000000e+00 7.251003133347460526e-09 -1.812099204932751760e-08 0.000000000000000000e+00 0.000000000000000000e+00 0.000000000000000000e+00 0.000000000000000000e+00 0.000000000000000000e+00 0.000000000000000000e+00 0.000000000000000000e+00 0.000000000000000000e+00
1.699999999999999956e+00 1.000000000000000000e+00 0.000000000000000000e+00 9.975241567244593088e-17 0.000000000000000000e+00 0.000000000000000000e+00 0.000000000000000000e+00 6.929345442722841813e-09 -1.847927419425928478e-08 0.000000000000000000e+00 0.000000000000000000e+00 0.000000000000000000e+00 0.000000000000000000e+00 0.000000000000000000e+00 0.000000000000000000e+00 0.000000000000000000e+00 0.000000000000000000e+00
1.800000000000000044e+00 1.000000000000000000e+00 0.000000000000000000e+00 4.568425790263374743e-18 0.000000000000000000e+00 0.000000000000000000e+00 0.000000000000000000e+00 5.520764401771083468e-09 -1.689014956743028524e-08 0.000000000000000000e+00 0.000000000000000000e+00 0.000000000000000000e+00 0.000000000000000000e+00 0.000000000000000000e+00 0.000000000000000000e+00 0.000000000000000000e+00 0.000000000000000000e+00
1.899999999999999911e+00 1.000000000000002220e+00 0.000000000000000000e+00 -2.167615333106585285e-16 0.000000000000000000e+00 0.000000000000000000e+00 0.000000000000000000e+00 2.759765387232358115e-09 -1.249454397440403310e-08 0.000000000000000000e+00 0.000000000000000000e+00 0.000000000000000000e+00 0.000000000000000000e+00 0.000000000000000000e+00 0.000000000000000000e+00 0.000000000000000000e+00 0.000000000000000000e+00
2.000000000000000000e+00 1.000000000000002887e+00 0.000000000000000000e+00 -3.697579715194729009e-16 0.000000000000000000e+00 0.000000000000000000e+00 0.000000000000000000e+00 -1.555566904579223357e-09 -4.316469012309546193e-09 0.000000000000000000e+00 0.000000000000000000e+00 0.000000000000000000e+00 0.000000000000000000e+00 0.000000000000000000e+00 0.000000000000000000e+00 0.000000000000000000e+00 0.000000000000000000e+00
2.099999999999999645e+00 1.000000000000000000e+00 0.000000000000000000e+00 -3.486206287379322209e-16 0.000000000000000000e+00 0.000000000000000000e+00 0.000000000000000000e+00 -7.521228807262953613e-09 8.702239882220667076e-09 0.000000000000000000e+00 0.000000000000000000e+00 0.000000000000000000e+00 0.000000000000000000e+00 0.000000000000000000e+00 0.000000000000000000e+00 0.000000000000000000e+00 0.000000000000000000e+00
2.199999999999999734e+00 9.999999999999975575e-01 0.000000000000000000e+00 4.861282934179919968e-16 0.000000000000000000e+00 0.000000000000000000e+00 0.000000000000000000e+00 -1.508776913533805577e-08 2.764551368089786222e-08 0.000000000000000000e+00 0.000000000000000000e+00 0.000000000000000000e+00 0.000000000000000000e+00 0.000000000000000000e+00 0.000000000000000000e+00 0.000000000000000000e+00 0.000000000000000000e+00
2.299999999999999822e+00 9.999999999999983347e-01 0.000000000000000000e+00 2.918467304370520910e-15 0.000000000000000000e+00 0.000000000000000000e+00 0.000000000000000000e+00 -2.402022574464764614e-08 5.355515685476139718e-08 0.000000000000000000e+00 0.000000000000000000e+00 0.000000000000000000e+00 0.000000000000000000e+00 0.000000000000000000e+00 0.000000000000000000e+00 0.000000000000000000e+00 0.000000000000000000e+00
2.399999999999999911e+00 9.999999999999928946e-01 0.000000000000000000e+00 8.185396578619258207e-15 0.000000000000000000e+00 0.000000000000000000e+00 0.000000000000000000e+00 -3.386994793099453016e-08 8.734105704790986037e-08 0.000000000000000000e+00 0.000000000000000000e+00 0.000000000000000000e+00 0.000000000000000000e+00 0.000000000000000000e+00 0.000000000000000000e+00 0.000000000000000000e+00 0.000000000000000000e+00
2.500000000000000000e+00 9.999999999999837907e-01 0.000000000000000000e+00 1.817253609445409087e-14 0.000000000000000000e+00 0.000000000000000000e+00 0.000000000000000000e+00 -4.396287569568514443e-08 1.296801974119187732e-07 0.000000000000000000e+00 0.000000000000000000e+00 0.000000000000000000e+00 0.000000000000000000e+00 0.000000000000000000e+00 0.000000000000000000e+00 0.000000000000000000e+00 0.000000000000000000e+00
2.600000000000000089e+00 9.999999999999650280e-01 0.000000000000000000e+00 3.487813832364858216e-14 0.000000000000000000e+00 0.000000000000000000e+00 0.000000000000000000e+00 -5.340215652767365423e-08 1.809064512312790510e-07 0.000000000000000000e+00 0.000000000000000000e+00 0.000000000000000000e+00 0.000000000000000000e+00 0.000000000000000000e+00 0.000000000000000000e+00 0.000000000000000000e+00 0.000000000000000000e+00
2.699999999999999734e+00 9.999999999999404920e-01 0.000000000000000000e+00 6.106090823879082884e-14 0.000000000000000000e+00 0.000000000000000000e+00 0.000000000000000000e+00 -6.110236286229366497e-08 2.408948764781336223e-07 0.000000000000000000e+00 0.000000000000000000e+00 0.000000000000000000e+00 0.000000000000000000e+00 0.000000000000000000e+00 0.000000000000000000e+00 0.000000000000000000e+00 0.000000000000000000e+00
2.799999999999999822e+00 9.999999999999003020e-01 0.000000000000000000e+00 9.900779209363917066e-14 0.000000000000000000e+00 0.000000000000000000e+00 0.000000000000000000e+00 -6.584755683980113794e-08 3.089477932995282259e-07 0.000000000000000000e+00 0.000000000000000000e+00 0.000000000000000000e+00 0.000000000000000000e+00 0.000000000000000000e+00 0.000000000000000000e+00 0.000000000000000000e+00 0.000000000000000000e+00
2.899999999999999911e+00 9.999999999998490097e-01 0.000000000000000000e+00 1.507412402783333522e-13 0.000000000000000000e+00 0.000000000000000000e+00 0.000000000000000000e+00 -6.638110063578930553e-08 3.836974704399833323e-07 0.000000000000000000e+00 0.000000000000000000e+00 0.000000000000000000e+00 0.000000000000000000e+00 0.000000000000000000e+00 0.000000000000000000e+00 0.000000000000000000e+00 0.000000000000000000e+00
3.000000000000000000e+00 9.999999999997819522e-01 0.000000000000000000e+00 2.172733585306111001e-13 0.000000000000000000e+00 0.000000000000000000e+00 0.000000000000000000e+00 -6.152811700048153263e-08 4.630266382867865273e-07 0.000000000000000000e+00 0.000000000000000000e+00 0.000000000000000000e+00 0.000000000000000000e+00 0.000000000000000000e+00 0.000000000000000000e+00 0.000000000000000000e+00 0.000000000000000000e+00
