1.000000000000000056e-01 -1.068465860101847908e-01 -2.917381579464644603e-01 -9.504935271813077513e-01
2.000000000000000111e-01 -1.812121882077659674e-01 -5.564473252198653963e-01 -8.098029082588116268e-01
2.999999999999999889e-01 -1.994858880954217817e-01 -7.708526202346070999e-01 -5.987740546291068222e-01
4.000000000000000222e-01 -1.527177861292998151e-01 -9.172402142125348767e-01 -3.450764793934982810e-01
5.000000000000000000e-01 -4.833553553611669162e-02 -9.837692162885804947e-01 -7.700258003212796798e-02
5.999999999999999778e-01 9.176829517497525623e-02 -9.656137935662454375e-01 1.807494554890944904e-01
6.999999999999999556e-01 2.364043836140167776e-01 -8.677930824134104659e-01 4.093256683829316622e-01
7.999999999999999334e-01 3.533805266326470740e-01 -7.077052624613278109e-01 5.970848695019096430e-01
8.999999999999999112e-01 4.191039428418484869e-01 -5.138119517658513713e-01 7.400838346718057181e-01
9.999999999999998890e-01 4.253720740210348850e-01 -3.190785653952517564e-01 8.412398501893855185e-01
1.099999999999999867e+00 3.800181124137888000e-01 -1.519727455592136400e-01 9.079589349095651407e-01
1.199999999999999956e+00 3.015973152444446637e-01 -2.974163325555831405e-02 9.492242021706432942e-01
1.300000000000000044e+00 2.117237098427617870e-01 4.338729782216992070e-02 9.733049645080835699e-01
1.399999999999999911e+00 1.287712853970736648e-01 7.377747066653173036e-02 9.866159460404011483e-01
1.500000000000000000e+00 6.425450195787212049e-02 7.395609884872604567e-02 9.936010695051669117e-01
1.599999999999999867e+00 2.207701711890858870e-02 5.793304155185714788e-02 9.970811319678015705e-01
1.699999999999999956e+00 -6.866190364534369150e-05 3.745616424646025511e-02 9.987270570608703935e-01
1.800000000000000044e+00 -7.989671411753494421e-03 1.995294532870698495e-02 9.994668456875949181e-01
1.899999999999999911e+00 -8.109898960500286011e-03 8.336368341615616254e-03 9.997842217722396896e-01
2.000000000000000000e+00 -5.412425426966102453e-03 2.278155184706691372e-03 9.999150978392504774e-01
2.099999999999999645e+00 -2.734848428383016786e-03 -2.970852456528881060e-05 9.999673563333035808e-01
2.199999999999999734e+00 -1.040786204543251402e-03 -4.765132718262577068e-04 9.999877577884574986e-01
2.299999999999999822e+00 -2.718385101174748946e-04 -3.114979384411138696e-04 9.999955439249363920e-01
2.399999999999999911e+00 -3.429795711889537034e-05 -1.154203584535042678e-04 9.999984381496387353e-01
2.500000000000000000e+00 2.414233657458986101e-06 -1.941563777866162898e-05 9.999994774216827143e-01
