1.000000000000000056e-01 1.832768081053204323e-01 1.934911376866866317e-01 -8.592446453522964989e-01
2.000000000000000111e-01 3.364130084354254868e-01 3.794230837108389376e-01 -7.388654529437559404e-01
2.999999999999999889e-01 4.474462986747818061e-01 5.399488261463595284e-01 -5.521943012653298677e-01
4.000000000000000222e-01 5.067955863141069273e-01 6.590837659448036678e-01 -3.173975538220518700e-01
5.000000000000000000e-01 5.054773645349647238e-01 7.289179227027318131e-01 -5.762603175722993271e-02
5.999999999999999778e-01 4.408476045596273485e-01 7.461479178813056334e-01 2.015047282717767896e-01
6.999999999999999556e-01 3.172943725864049158e-01 7.116384985958643661e-01 4.344430501149918467e-01
7.999999999999999334e-01 1.456008056929812278e-01 6.305251123059884000e-01 6.182088934508253031e-01
8.999999999999999112e-01 -5.816413066607631355e-02 5.117804397676090078e-01 7.346552747785050075e-01
9.999999999999998890e-01 -2.742594114624475887e-01 3.673868917086720587e-01 7.722654015825038964e-01
1.099999999999999867e+00 -4.812540176003998194e-01 2.112450569253499777e-01 7.272877734453334631e-01
1.199999999999999956e+00 -6.581963087139640622e-01 5.790682304402115788e-02 6.041165531261741828e-01
1.300000000000000044e+00 -7.867469964721197639e-01 -7.872562302467533968e-02 4.148669200442236527e-01
1.399999999999999911e+00 -8.530722269396345814e-01 -1.866362939051101066e-01 1.781894011361290775e-01
1.500000000000000000e+00 -8.492930244517113980e-01 -2.567423890575317169e-01 -8.256202827850199488e-02
1.599999999999999867e+00 -7.743532159970486495e-01 -2.836547987101640800e-01 -3.416104666908867937e-01
1.699999999999999956e+00 -6.342123246442765705e-01 -2.661009612022071091e-01 -5.733057159488814669e-01
1.800000000000000044e+00 -4.413334256045384207e-01 -2.069585715263418668e-01 -7.546410661513220930e-01
1.899999999999999911e+00 -2.135282342291555391e-01 -1.129112288087078669e-01 -8.675153344983497217e-01
2.000000000000000000e+00 2.774560313359991301e-02 6.239020507541602999e-03 -9.005262278325338876e-01
2.099999999999999645e+00 2.594752701035948350e-01 1.385452102861305657e-01 -8.501021624088443973e-01
2.199999999999999734e+00 4.593298638080992036e-01 2.710589706588305003e-01 -7.208636395874414848e-01
2.299999999999999822e+00 6.078740740339677595e-01 3.910657833922979720e-01 -5.251827719960910912e-01
2.399999999999999911e+00 6.904998360060751184e-01 4.872651190773352736e-01 -2.819795211247122513e-01
2.500000000000000000e+00 6.988959850466336388e-01 5.508113569185255631e-01 -1.488030157740848070e-02
2.600000000000000089e+00 6.319173233225622299e-01 5.761061940714607976e-01 2.500985819233996765e-01
2.699999999999999734e+00 4.957439395950729022e-01 5.612749985342866399e-01 4.871017653505851919e-01
2.799999999999999822e+00 3.033310234969876507e-01 5.082873797759173140e-01 6.729597306169030624e-01
2.899999999999999911e+00 7.318666701689595377e-02 4.227150522052658399e-01 7.894727619278395503e-01
3.000000000000000000e+00 -1.724095396272196934e-01 3.131489366504732197e-01 8.252033279344850314e-01
