1.000000000000000056e-01 -6.884084085683517956e-03 2.348646778730805740e-01 -8.692333043046328589e-01
2.000000000000000111e-01 -4.251557530943084195e-03 4.516683830037378500e-01 -7.769317976362235534e-01
2.999999999999999889e-01 1.614632647891284939e-02 6.339345105445364226e-01 -6.335169656216057543e-01
4.000000000000000222e-01 6.016811421235884749e-02 7.682076112221591924e-01 -4.535197434686266127e-01
5.000000000000000000e-01 1.304281230676409553e-01 8.452277387963059718e-01 -2.551859995827436833e-01
5.999999999999999778e-01 2.258134548058626234e-01 8.607151698553243691e-01 -5.864819472727982735e-02
6.999999999999999556e-01 3.414349808750301585e-01 8.157195914525527947e-01 1.161172152065877011e-01
7.999999999999999334e-01 4.690086641265895917e-01 7.164875941304684748e-01 2.512996489440297854e-01
8.999999999999999112e-01 5.976620841988861121e-01 5.738626789805907347e-01 3.330723446088806883e-01
9.999999999999998890e-01 7.150510250653491218e-01 4.022851464009162270e-01 3.529955260721743260e-01
1.099999999999999867e+00 8.086999503187735083e-01 2.184722690575388038e-01 3.088894796285565070e-01
1.199999999999999956e+00 8.674025160259268841e-01 3.990602902107191763e-02 2.050909569453004955e-01
1.300000000000000044e+00 8.825497095310798068e-01 -1.167398639683611405e-01 5.203912047026656301e-02
1.399999999999999911e+00 8.492242307621942210e-01 -2.370773279036942072e-01 -1.347378682329826716e-01
1.500000000000000000e+00 7.669464475712438611e-01 -3.102752336742883310e-01 -3.361628639050841527e-01
1.599999999999999867e+00 6.399798305215147476e-01 -3.299840666412262036e-01 -5.315022042022825577e-01
1.699999999999999956e+00 4.771448650999297048e-01 -2.948570036166020536e-01 -7.004442821251967155e-01
1.800000000000000044e+00 2.911615219843474156e-01 -2.086046998167030986e-01 -8.251348962779678775e-01
1.899999999999999911e+00 9.754600032777570318e-02 -7.959566854329357122e-02 -8.919931403134242487e-01
2.000000000000000000e+00 -8.679981986361254287e-02 7.997261578779274460e-02 -8.930970078989449723e-01
2.099999999999999645e+00 -2.452000600819081444e-01 2.552298190233035502e-01 -8.270201543574958736e-01
2.199999999999999734e+00 -3.628502643973312569e-01 4.300339357296866227e-01 -6.990239693187916270e-01
2.299999999999999822e+00 -4.283182122415435389e-01 5.884626050535962660e-01 -5.205897711236411318e-01
2.399999999999999911e+00 -4.347663843928656346e-01 7.162834088637890506e-01 -3.083179857706561111e-01
2.500000000000000000e+00 -3.807424371290565324e-01 8.022356379366201162e-01 -8.233222341832739655e-02
2.600000000000000089e+00 -2.704718293531457318e-01 8.390403068713710999e-01 1.356961617586229518e-01
2.699999999999999734e+00 -1.135902841246573675e-01 8.240260699154978719e-01 3.246775692880610742e-01
2.799999999999999822e+00 7.565442340254269205e-02 7.593259854339173831e-01 4.661892732033192654e-01
2.899999999999999911e+00 2.796769562555422306e-01 6.516272148800540398e-01 5.463160017994244111e-01
3.000000000000000000e+00 4.791732520354226033e-01 5.115052469997920515e-01 5.570463180419201743e-01
