1.000000000000000056e-01 1.577191359340221199e-01 -2.229340569437354702e-01 -8.573440205342941489e-01
2.000000000000000111e-01 2.887573503874269476e-01 -4.280562008391227136e-01 -7.311975522703654251e-01
2.999999999999999889e-01 3.997974620693891534e-01 -5.897785506165946767e-01 -5.329411375850673371e-01
4.000000000000000222e-01 4.698230807746234805e-01 -6.962616526826482799e-01 -2.821947513666152041e-01
5.000000000000000000e-01 4.880790159655089555e-01 -7.381230886883840547e-01 -4.349143288920082930e-03
5.999999999999999778e-01 4.531746361058218153e-01 -7.114313904468390071e-01 2.734736640725389245e-01
6.999999999999999556e-01 3.684322451277977084e-01 -6.190857498951368720e-01 5.241409123574469753e-01
7.999999999999999334e-01 2.419380213858300654e-01 -4.703693514233266426e-01 7.231338044437725099e-01
8.999999999999999112e-01 8.594377512045968392e-02 -2.799927507216908862e-01 8.509803807103677453e-01
9.999999999999998890e-01 -8.429401737343009127e-02 -6.665031390482734075e-02 8.951702482006789197e-01
1.099999999999999867e+00 -2.520123514522898400e-01 1.488109491086073433e-01 8.513850208980587864e-01
1.199999999999999956e+00 -4.005924016434789792e-01 3.454133243804493603e-01 7.239196160980897465e-01
1.300000000000000044e+00 -5.152105024110239517e-01 5.040900262593479564e-01 5.252624051004411987e-01
1.399999999999999911e+00 -5.843126251825956352e-01 6.095314472856665500e-01 2.748704592612673525e-01
1.500000000000000000e+00 -6.007705862776983041e-01 6.516609887687050406e-01 -2.732839952311474831e-03
1.599999999999999867e+00 -5.626076307252351194e-01 6.266053577363575045e-01 -2.803501003328583430e-01
1.699999999999999956e+00 -4.732150256528599996e-01 5.370559644990046122e-01 -5.307942448908773425e-01
1.800000000000000044e+00 -3.410374741095888451e-01 3.919881064858308783e-01 -7.295328301459298448e-01
1.899999999999999911e+00 -1.787631955298448760e-01 2.057732410180360683e-01 -8.570934219069504811e-01
2.000000000000000000e+00 -2.093687037151952413e-03 -3.230399268935822080e-03 -9.009714643286697022e-01
2.099999999999999645e+00 1.717986149578005217e-01 -2.144886590516242586e-01 -8.568582657211997189e-01
2.199999999999999734e+00 3.259436295378718151e-01 -4.072879688912033336e-01 -7.290592369404413908e-01
2.299999999999999822e+00 4.452489373241916848e-01 -5.627670676533511607e-01 -5.300726257042837064e-01
2.399999999999999911e+00 5.179830933213119826e-01 -6.657502084709663315e-01 -2.793665258872844448e-01
2.500000000000000000e+00 5.369389430253957984e-01 -7.062225953615345331e-01 -1.478248983574771474e-03
2.600000000000000089e+00 5.001549471298769589e-01 -6.803034758581159025e-01 2.763959085169068741e-01
2.699999999999999734e+00 4.111205114961913876e-01 -5.906125271820625855e-01 5.270571059832855898e-01
2.799999999999999822e+00 2.784511338644836687e-01 -4.460064712844076795e-01 7.259665318406237633e-01
2.899999999999999911e+00 1.150468231325309509e-01 -2.606936157224232220e-01 8.536585205397730913e-01
3.000000000000000000e+00 -6.314544994952761559e-02 -5.285476844125168439e-02 8.976268017044212177e-01
