1.000000000000000056e-01 4.952471846195808519e-02 1.817927881108674093e-01 -8.807313866036493577e-01
2.000000000000000111e-01 1.041523051126846400e-01 3.504559840041189811e-01 -8.218609938924191782e-01
2.999999999999999889e-01 1.680909373070269552e-01 4.939595868842350246e-01 -7.307214872838326825e-01
4.000000000000000222e-01 2.438704104409988582e-01 6.023860134108250941e-01 -6.170098302341795460e-01
5.000000000000000000e-01 3.317618187503601490e-01 6.687539813167328040e-01 -4.928490568048623510e-01
5.999999999999999778e-01 4.294923089112215320e-01 6.895990455227245519e-01 -3.715103493720183780e-01
6.999999999999999556e-01 5.322707057313589285e-01 6.652513821902910074e-01 -2.660195265108154516e-01
7.999999999999999334e-01 6.331579592741938267e-01 5.997939443386153258e-01 -1.877717527126556152e-01
8.999999999999999112e-01 7.237315897178926427e-01 5.006994257699490802e-01 -1.453134784966152726e-01
9.999999999999998890e-01 7.949829198544663411e-01 3.781823315558993093e-01 -1.434148110082319738e-01
1.099999999999999867e+00 8.383555485989657718e-01 2.443160293217866708e-01 -1.825245808771353562e-01
1.199999999999999956e+00 8.468030410389515428e-01 1.119971887879937789e-01 -2.586758399225355110e-01
1.300000000000000044e+00 8.157530702316669879e-01 -6.155120792922699757e-03 -3.638431378533472649e-01
1.399999999999999911e+00 7.438616419756216569e-01 -9.887871305746388784e-02 -4.867328877124923459e-01
1.500000000000000000e+00 6.334631396512364621e-01 -1.572259905071559938e-01 -6.139161086537012757e-01
1.599999999999999867e+00 4.906505934405324121e-01 -1.753166391362097620e-01 -7.312005031923193288e-01
1.699999999999999956e+00 3.249637401275566329e-01 -1.508273192655089356e-01 -8.250945458524738818e-01
1.800000000000000044e+00 1.486920158445771967e-01 -8.518060834863364073e-02 -8.842209596305066199e-01
1.899999999999999911e+00 -2.414533285071427532e-02 1.660134493368567790e-02 -9.005319547153245452e-01
2.000000000000000000e+00 -1.790456146684793470e-01 1.463421581391760040e-01 -8.701996345278083522e-01
2.099999999999999645e+00 -3.024037302765036350e-01 2.934290357603719923e-01 -7.940888759936788333e-01
2.199999999999999734e+00 -3.828509835823292184e-01 4.457389102220156163e-01 -6.777575813606987465e-01
2.299999999999999822e+00 -4.124476252110871322e-01 5.906914405656559230e-01 -5.309813943034799033e-01
2.399999999999999911e+00 -3.875816512226156751e-01 7.163440717601573526e-01 -3.668426790661197812e-01
2.500000000000000000e+00 -3.094917482118083596e-01 8.124207181232505626e-01 -2.004658299589638093e-01
2.600000000000000089e+00 -1.843311289768048977e-01 8.711926232610280874e-01 -4.754648860417347994e-02
2.699999999999999734e+00 -2.275414397571594305e-02 8.881474138296179266e-01 7.722388407954942913e-02
2.799999999999999822e+00 1.609353037060336777e-01 8.623655726445670355e-01 1.616299872461631482e-01
2.899999999999999911e+00 3.500219083414346510e-01 7.965914753738052578e-01 1.971982951863300582e-01
3.000000000000000000e+00 5.268889824379792142e-01 6.969808638597747574e-01 1.800952788328369913e-01
