1.000000000000000056e-01 9.755889394490975253e-01 0.000000000000000000e+00 2.425752633321236543e-02 1.535342176882852148e-04 0.000000000000000000e+00 0.000000000000000000e+00 -2.233047591939685034e-04 1.538353812925958020e-01 0.000000000000000000e+00 0.000000000000000000e+00 0.000000000000000000e+00 0.000000000000000000e+00 -1.094857293976954403e-03 1.589228693288923921e-03 -1.006842627051546084e-02 -6.957950677131562699e-03
2.612244897959183909e-01 8.434465973968888752e-01 0.000000000000000000e+00 1.497762089515227435e-01 6.777193651588441121e-03 0.000000000000000000e+00 0.000000000000000000e+00 -3.551225195912103248e-03 3.554090919104451185e-01 0.000000000000000000e+00 0.000000000000000000e+00 0.000000000000000000e+00 0.000000000000000000e+00 -1.826985872604315608e-02 2.610123818398643256e-02 -6.150333916925303929e-02 -4.397203882216291215e-02
4.224489795918368040e-01 6.352852818269854041e-01 0.000000000000000000e+00 3.228247247713413870e-01 4.188999340167331997e-02 0.000000000000000000e+00 0.000000000000000000e+00 -1.201347617837728900e-02 4.527046196580110093e-01 0.000000000000000000e+00 0.000000000000000000e+00 0.000000000000000000e+00 0.000000000000000000e+00 -6.803520354474688892e-02 9.430979093231103838e-02 -1.297209771193774119e-01 -9.891695682782142285e-02
5.836734693877551061e-01 4.099508340948490592e-01 0.000000000000000000e+00 4.585759834677098912e-01 1.314731824374412161e-01 0.000000000000000000e+00 0.000000000000000000e+00 -2.247773117441821678e-02 4.329992592699112297e-01 0.000000000000000000e+00 0.000000000000000000e+00 0.000000000000000000e+00 0.000000000000000000e+00 -1.478634880698772025e-01 1.960276328220125208e-01 -1.778466099754921204e-01 -1.492250787324624073e-01
7.448979591836735192e-01 2.198164812006642987e-01 0.000000000000000000e+00 4.939452331974446553e-01 2.862382856018932942e-01 0.000000000000000000e+00 0.000000000000000000e+00 -2.880341986573489721e-02 3.282493961379572833e-01 0.000000000000000000e+00 0.000000000000000000e+00 0.000000000000000000e+00 0.000000000000000000e+00 -2.349463631674964526e-01 2.935749362094955961e-01 -1.813936662713143966e-01 -1.732519280091567859e-01
9.061224489795919323e-01 9.260829925623782766e-02 0.000000000000000000e+00 4.172829334995450390e-01 4.901087672442182575e-01 0.000000000000000000e+00 0.000000000000000000e+00 -2.678219707117236378e-02 1.947474690674254050e-01 0.000000000000000000e+00 0.000000000000000000e+00 0.000000000000000000e+00 0.000000000000000000e+00 -2.951655731187572407e-01 3.426241505722796843e-01 -1.409595238710973364e-01 -1.597452723046830225e-01
1.067346938775510345e+00 2.742103101480442701e-02 0.000000000000000000e+00 2.692479468463981895e-01 7.033310221387969463e-01 0.000000000000000000e+00 0.000000000000000000e+00 -1.770649222918669816e-02 8.408053546222615804e-02 0.000000000000000000e+00 0.000000000000000000e+00 0.000000000000000000e+00 0.000000000000000000e+00 -2.979333636495203330e-01 3.171847166194733392e-01 -7.945726715465264989e-02 -1.138973419691864802e-01
1.228571428571428870e+00 4.371481565958274147e-03 0.000000000000000000e+00 1.172457549931470028e-01 8.783827634408917229e-01 0.000000000000000000e+00 0.000000000000000000e+00 -7.423208895437396690e-03 2.138769802794871985e-02 0.000000000000000000e+00 0.000000000000000000e+00 0.000000000000000000e+00 0.000000000000000000e+00 -2.299139123607503998e-01 2.238889081360546929e-01 -2.628469894401377557e-02 -5.611549398821048806e-02
1.389795918367347172e+00 1.647139161978958776e-04 0.000000000000000000e+00 2.024440792441532799e-02 9.795908781593850589e-01 0.000000000000000000e+00 0.000000000000000000e+00 -1.379730447810837259e-03 1.196194036576699168e-03 0.000000000000000000e+00 0.000000000000000000e+00 0.000000000000000000e+00 0.000000000000000000e+00 -1.010974555693995580e-01 9.803337092333586078e-02 1.097601388039855588e-03 -1.265494182399004575e-02
1.551020408163265474e+00 4.600457598158611119e-05 0.000000000000000000e+00 3.773558089072805762e-03 9.961804373349467667e-01 0.000000000000000000e+00 0.000000000000000000e+00 4.162141288682931354e-04 -1.914985097815915079e-05 0.000000000000000000e+00 0.000000000000000000e+00 0.000000000000000000e+00 0.000000000000000000e+00 5.949239592816366745e-02 -1.482563851584973134e-02 6.486628460137445866e-03 -1.937139642006562761e-03
1.712244897959183998e+00 7.042334898349006866e-04 0.000000000000000000e+00 5.621532903923590063e-02 9.430804374709330640e-01 0.000000000000000000e+00 0.000000000000000000e+00 4.230370136164576800e-03 -4.657540719974758575e-03 0.000000000000000000e+00 0.000000000000000000e+00 0.000000000000000000e+00 0.000000000000000000e+00 2.159384131172693011e-01 -7.991357131269169467e-02 9.629023070819532973e-03 -2.390461735874443994e-02
1.873469387755102300e+00 5.203772385272550580e-03 0.000000000000000000e+00 1.436024918135054007e-01 8.511937358012242605e-01 0.000000000000000000e+00 0.000000000000000000e+00 1.804660931425844383e-02 -2.053276806556882800e-02 0.000000000000000000e+00 0.000000000000000000e+00 0.000000000000000000e+00 0.000000000000000000e+00 3.390812007492584046e-01 -8.519084969466274304e-02 3.043165834046603416e-02 -5.918895606977692819e-02
2.034693877551020602e+00 1.560885390399595861e-02 0.000000000000000000e+00 2.304641653167916748e-01 7.539269807792128297e-01 0.000000000000000000e+00 0.000000000000000000e+00 4.471704640155540339e-02 -3.997082989302909450e-02 0.000000000000000000e+00 0.000000000000000000e+00 0.000000000000000000e+00 0.000000000000000000e+00 4.149343423364767469e-01 -3.978245728287221894e-02 7.361014395449183567e-02 -7.968364180130287078e-02
2.195918367346938904e+00 2.902472840096196813e-02 0.000000000000000000e+00 2.939353733578822792e-01 6.770398982411540700e-01 0.000000000000000000e+00 0.000000000000000000e+00 7.802156516944989961e-02 -4.943712925945686898e-02 0.000000000000000000e+00 0.000000000000000000e+00 0.000000000000000000e+00 0.000000000000000000e+00 4.445880468525657547e-01 3.670754581334322725e-02 1.241843421075385229e-01 -6.503190259935708040e-02
2.357142857142857650e+00 3.907731699668103714e-02 0.000000000000000000e+00 3.258292360899662232e-01 6.350934469133516780e-01 0.000000000000000000e+00 0.000000000000000000e+00 1.049925451610255467e-01 -4.134123632445493857e-02 0.000000000000000000e+00 0.000000000000000000e+00 0.000000000000000000e+00 0.000000000000000000e+00 4.373624656039634129e-01 1.250843171038062973e-01 1.568028068268799424e-01 -1.518643427864073761e-02
2.518367346938775952e+00 4.054970036768790198e-02 0.000000000000000000e+00 3.264747379467895505e-01 6.329755616855252676e-01 0.000000000000000000e+00 0.000000000000000000e+00 1.133671015889434336e-01 -1.965586673559509626e-02 0.000000000000000000e+00 0.000000000000000000e+00 0.000000000000000000e+00 0.000000000000000000e+00 4.026796468483562208e-01 2.109493605329624266e-01 1.525294646458215109e-01 4.900746744208375055e-02
2.679591836734694255e+00 3.301455044681649714e-02 0.000000000000000000e+00 2.982452760176860784e-01 6.687401735354986387e-01 0.000000000000000000e+00 0.000000000000000000e+00 9.916490938800370802e-02 3.571337198636622291e-03 0.000000000000000000e+00 0.000000000000000000e+00 0.000000000000000000e+00 0.000000000000000000e+00 3.460242904820133858e-01 2.823398445381459232e-01 1.116702905089088094e-01 9.801990781762162652e-02
2.840816326530612557e+00 2.075972281491308621e-02 0.000000000000000000e+00 2.442452082866658492e-01 7.349950688984220326e-01 0.000000000000000000e+00 0.000000000000000000e+00 6.913663199571795648e-02 1.704667033956059133e-02 0.000000000000000000e+00 0.000000000000000000e+00 0.000000000000000000e+00 0.000000000000000000e+00 2.708954127173143211e-01 3.257832085679818190e-01 5.394282944027109505e-02 1.111236482909830348e-01
3.002040816326530859e+00 9.508646752022054810e-03 0.000000000000000000e+00 1.716162590325567006e-01 8.188750942154205958e-01 0.000000000000000000e+00 0.000000000000000000e+00 3.644567617369504076e-02 1.742271725285328074e-02 0.000000000000000000e+00 0.000000000000000000e+00 0.000000000000000000e+00 0.000000000000000000e+00 1.841213196227365623e-01 3.265449738848843486e-01 5.950049638990621489e-03 8.803971236160609837e-02
3.163265306122449605e+00 2.743538976925296528e-03 0.000000000000000000e+00 9.447031913076754661e-02 9.027861418923075476e-01 0.000000000000000000e+00 0.000000000000000000e+00 1.268125386254860369e-02 9.918105130176647216e-03 0.000000000000000000e+00 0.000000000000000000e+00 0.000000000000000000e+00 0.000000000000000000e+00 9.946816638745141492e-02 2.745770907920579984e-01 -1.547473752267326461e-02 4.730075665149351127e-02
3.324489795918367907e+00 3.338022251178286888e-04 0.000000000000000000e+00 3.200497670330002681e-02 9.676612210715842544e-01 0.000000000000000000e+00 0.000000000000000000e+00 1.798801245373958827e-03 2.729037763637019633e-03 0.000000000000000000e+00 0.000000000000000000e+00 0.000000000000000000e+00 0.000000000000000000e+00 3.589788218482808935e-02 1.722826657884680424e-01 -1.267280274857966564e-02 1.274392310530469280e-02
3.485714285714286209e+00 1.592038747024987529e-05 0.000000000000000000e+00 1.558411807495061916e-03 9.984256678050338341e-01 0.000000000000000000e+00 0.000000000000000000e+00 -1.277757590909813184e-04 9.210825899191497045e-05 0.000000000000000000e+00 0.000000000000000000e+00 0.000000000000000000e+00 0.000000000000000000e+00 1.071723875821039076e-02 3.796181334344603947e-02 -3.122414149739094393e-03 -2.479091345949936773e-03
3.646938775510204511e+00 3.814287263026502596e-05 0.000000000000000000e+00 1.085478383121784955e-02 9.891070732961501077e-01 0.000000000000000000e+00 0.000000000000000000e+00 1.726545137426390645e-04 -6.198572459872751707e-04 0.000000000000000000e+00 0.000000000000000000e+00 0.000000000000000000e+00 0.000000000000000000e+00 3.177377709346988766e-02 -9.862540471726319313e-02 -5.126565998467077709e-03 -3.383146632158303638e-03
3.808163265306122813e+00 6.437932228529052179e-04 0.000000000000000000e+00 5.454428393094694349e-02 9.448119228462026342e-01 0.000000000000000000e+00 0.000000000000000000e+00 -7.563106143357112635e-04 -5.877349040638031596e-03 0.000000000000000000e+00 0.000000000000000000e+00 0.000000000000000000e+00 0.000000000000000000e+00 9.359607154793905814e-02 -2.068184351910457852e-01 -2.358325526706041286e-02 -7.217580711333866292e-03
3.969387755102041115e+00 3.346993901804410157e-03 0.000000000000000000e+00 1.171743913483425659e-01 8.794786147498548923e-01 0.000000000000000000e+00 0.000000000000000000e+00 -7.332004687308685048e-04 -1.979000719002774883e-02 0.000000000000000000e+00 0.000000000000000000e+00 0.000000000000000000e+00 0.000000000000000000e+00 1.798631483226540428e-01 -2.658977614362246222e-01 -4.603390108413502047e-02 -2.871392388351721656e-02
4.130612244897958973e+00 8.909211102277908578e-03 0.000000000000000000e+00 1.803399902291372425e-01 8.107507986685833501e-01 0.000000000000000000e+00 0.000000000000000000e+00 5.188785161932098385e-03 -3.974623918279431706e-02 0.000000000000000000e+00 0.000000000000000000e+00 0.000000000000000000e+00 0.000000000000000000e+00 2.703464810507578142e-01 -2.704137040566773065e-01 -5.181966534762010718e-02 -6.736372974097751265e-02
4.291836734693877276e+00 1.593629249762817252e-02 0.000000000000000000e+00 2.293915265441988094e-01 7.546721809581735663e-01 0.000000000000000000e+00 0.000000000000000000e+00 1.927847725762398337e-02 -5.730611449561533177e-02 0.000000000000000000e+00 0.000000000000000000e+00 0.000000000000000000e+00 0.000000000000000000e+00 3.479234560298974377e-01 -2.281768446927746330e-01 -2.776255110023461911e-02 -1.060939076738604131e-01
4.453061224489796466e+00 2.136619639001785184e-02 0.000000000000000000e+00 2.562776737821476081e-01 7.223561298278364795e-01 0.000000000000000000e+00 0.000000000000000000e+00 3.772657005229025640e-02 -6.365834601443663698e-02 0.000000000000000000e+00 0.000000000000000000e+00 0.000000000000000000e+00 0.000000000000000000e+00 4.018090645162424313e-01 -1.538610553965731875e-01 2.093173926278696709e-02 -1.224576057887453301e-01
4.614285714285714768e+00 2.246706930704491650e-02 0.000000000000000000e+00 2.584596642427473556e-01 7.190732664502094140e-01 0.000000000000000000e+00 0.000000000000000000e+00 5.218111746639267357e-02 -5.553343296735660517e-02 0.000000000000000000e+00 0.000000000000000000e+00 0.000000000000000000e+00 0.000000000000000000e+00 4.264459011272349054e-01 -6.320861163687011008e-02 7.251511549291908554e-02 -1.043888260303926230e-01
4.775510204081633070e+00 1.872393056263145159e-02 0.000000000000000000e+00 2.365871900369656555e-01 7.446888794004018486e-01 0.000000000000000000e+00 0.000000000000000000e+00 5.515369190832990903e-02 -3.725469624025848359e-02 0.000000000000000000e+00 0.000000000000000000e+00 0.000000000000000000e+00 0.000000000000000000e+00 4.187415018308316972e-01 2.897246797976444146e-02 1.021800888282256153e-01 -5.918388521634308785e-02
4.936734693877551372e+00 1.213888699535901027e-02 0.000000000000000000e+00 1.937027290865602769e-01 7.941583839180815785e-01 0.000000000000000000e+00 0.000000000000000000e+00 4.517305187648940068e-02 -1.762756179459902539e-02 0.000000000000000000e+00 0.000000000000000000e+00 0.000000000000000000e+00 0.000000000000000000e+00 3.771377812947019348e-01 1.076928054400524831e-01 9.775198455418891708e-02 -9.205894697590104661e-03
5.097959183673469674e+00 5.774694309434277167e-03 0.000000000000000000e+00 1.363820612768405494e-01 8.578432444137271684e-01 0.000000000000000000e+00 0.000000000000000000e+00 2.775247655656703019e-02 -4.167104678665285028e-03 0.000000000000000000e+00 0.000000000000000000e+00 0.000000000000000000e+00 0.000000000000000000e+00 3.038544353346284699e-01 1.570570344117275252e-01 6.663036276518434498e-02 2.267547782215292157e-02
5.259183673469387976e+00 1.751917216824549171e-03 0.000000000000000000e+00 7.582128451098393840e-02 9.224267982721940928e-01 0.000000000000000000e+00 0.000000000000000000e+00 1.147851748707671114e-02 1.037427353498724053e-03 0.000000000000000000e+00 0.000000000000000000e+00 0.000000000000000000e+00 0.000000000000000000e+00 2.083650002279810176e-01 1.628607111157361065e-01 2.931584731226972995e-02 2.750630106551253673e-02
5.420408163265306278e+00 2.326035978344684623e-04 0.000000000000000000e+00 2.645681941774693374e-02 9.733105769844196953e-01 0.000000000000000000e+00 0.000000000000000000e+00 2.247795484521561242e-03 1.049460644210423394e-03 0.000000000000000000e+00 0.000000000000000000e+00 0.000000000000000000e+00 0.000000000000000000e+00 1.084984680584236139e-01 1.182319086952833970e-01 4.528233307716919218e-03 1.434889146327482552e-02
5.581632653061224580e+00 1.248515241484044968e-05 0.000000000000000000e+00 1.546516326247825797e-03 9.984409985213384964e-01 0.000000000000000000e+00 0.000000000000000000e+00 -4.268312115406071950e-05 1.322371411643761695e-04 0.000000000000000000e+00 0.000000000000000000e+00 0.000000000000000000e+00 0.000000000000000000e+00 2.673302686058158517e-02 2.880018427496454023e-02 -3.200419970354449490e-03 1.490978081593336045e-03
5.742857142857142883e+00 2.371875656884503715e-05 0.000000000000000000e+00 7.875303078525405093e-03 9.921009781649070547e-01 0.000000000000000000e+00 0.000000000000000000e+00 -6.080375216714439232e-05 -4.278963326763644132e-04 0.000000000000000000e+00 0.000000000000000000e+00 0.000000000000000000e+00 0.000000000000000000e+00 -1.723493288972478485e-02 -8.669517262135523206e-02 -4.577422177976969361e-03 1.605797144943121911e-03
5.904081632653061185e+00 3.844926434880723476e-04 0.000000000000000000e+00 4.276824315188400977e-02 9.568472642046272902e-01 0.000000000000000000e+00 0.000000000000000000e+00 -2.322438258337680694e-03 -3.324207302212638625e-03 0.000000000000000000e+00 0.000000000000000000e+00 0.000000000000000000e+00 0.000000000000000000e+00 -1.379677644306468408e-02 -2.018225097643664978e-01 -1.493766454119754838e-02 1.203190973293588248e-02
6.065306122448979487e+00 2.134684051810590948e-03 0.000000000000000000e+00 9.532361679721443326e-02 9.025416991509742637e-01 0.000000000000000000e+00 0.000000000000000000e+00 -7.106004286147625526e-03 -1.236893282935038613e-02 0.000000000000000000e+00 0.000000000000000000e+00 0.000000000000000000e+00 0.000000000000000000e+00 3.351151084694616034e-02 -2.913940935184396452e-01 -4.030865518230699468e-02 1.737393214623688190e-02
6.226530612244898677e+00 5.972573161722056004e-03 0.000000000000000000e+00 1.510484925158342151e-01 8.429789343224405318e-01 0.000000000000000000e+00 0.000000000000000000e+00 -1.024746927648795269e-02 -2.823362424860999254e-02 0.000000000000000000e+00 0.000000000000000000e+00 0.000000000000000000e+00 0.000000000000000000e+00 1.105919132174637554e-01 -3.392640945800068919e-01 -7.091723961757094574e-02 2.344862208312469779e-03
6.387755102040816979e+00 1.116090404902308000e-02 0.000000000000000000e+00 1.970323994547239499e-01 7.918066964962472420e-01 0.000000000000000000e+00 0.000000000000000000e+00 -6.862644419210523275e-03 -4.638926381187948034e-02 0.000000000000000000e+00 0.000000000000000000e+00 0.000000000000000000e+00 0.000000000000000000e+00 1.989350404513663406e-01 -3.412278167674541729e-01 -8.726751364772589170e-02 -3.495224523784048326e-02
6.548979591836735281e+00 1.561025751533862659e-02 0.000000000000000000e+00 2.249494474629660512e-01 7.594402950216981862e-01 0.000000000000000000e+00 0.000000000000000000e+00 4.107039212643105210e-03 -5.911557344139192760e-02 0.000000000000000000e+00 0.000000000000000000e+00 0.000000000000000000e+00 0.000000000000000000e+00 2.813724114055937697e-01 -3.027626812820441438e-01 -7.442730969210586967e-02 -7.947096379672997923e-02
6.710204081632653583e+00 1.715092103512055877e-02 0.000000000000000000e+00 2.311964673915560542e-01 7.516526115733225266e-01 0.000000000000000000e+00 0.000000000000000000e+00 1.825861385935960771e-02 -6.026487672442743665e-02 0.000000000000000000e+00 0.000000000000000000e+00 0.000000000000000000e+00 0.000000000000000000e+00 3.446670646406404526e-01 -2.344867649965083345e-01 -3.390265122655852087e-02 -1.083611772706407350e-01
6.871428571428571885e+00 1.500378926225125371e-02 0.000000000000000000e+00 2.155413869902228774e-01 7.694548237475257180e-01 0.000000000000000000e+00 0.000000000000000000e+00 2.839181756844763246e-02 -4.927313910965769317e-02 0.000000000000000000e+00 0.000000000000000000e+00 0.000000000000000000e+00 0.000000000000000000e+00 3.790652903609045277e-01 -1.488585402507244804e-01 1.590239723809067085e-02 -1.062631244229427507e-01
7.032653061224490187e+00 1.030536320370066018e-02 0.000000000000000000e+00 1.803492966088994787e-01 8.093453401873960118e-01 0.000000000000000000e+00 0.000000000000000000e+00 2.944530010776291729e-02 -3.148871786114973426e-02 0.000000000000000000e+00 0.000000000000000000e+00 0.000000000000000000e+00 0.000000000000000000e+00 3.773715036680144186e-01 -5.962894389003634693e-02 5.120163026649904997e-02 -7.562401126045989463e-02
7.193877551020408490e+00 5.290063040568039610e-03 0.000000000000000000e+00 1.310830281823752719e-01 8.636269087770571673e-01 0.000000000000000000e+00 0.000000000000000000e+00 2.190371570249560404e-02 -1.461727535185304398e-02 0.000000000000000000e+00 0.000000000000000000e+00 0.000000000000000000e+00 0.000000000000000000e+00 3.360060096386502937e-01 1.751544477281160445e-02 5.809911593470147573e-02 -3.454176586492177514e-02
7.355102040816326792e+00 1.804585814463278981e-03 0.000000000000000000e+00 7.704262765581770811e-02 9.211527865297178819e-01 0.000000000000000000e+00 0.000000000000000000e+00 1.109560745185169707e-02 -3.989677815787464124e-03 0.000000000000000000e+00 0.000000000000000000e+00 0.000000000000000000e+00 0.000000000000000000e+00 2.581229434762019603e-01 6.588305308680642014e-02 4.058640134521341453e-02 -3.878565999749802092e-03
7.516326530612245094e+00 3.027170574402598870e-04 0.000000000000000000e+00 3.052879830979600070e-02 9.691684846327650593e-01 0.000000000000000000e+00 0.000000000000000000e+00 3.039030335374913894e-03 -7.672144527250495641e-05 0.000000000000000000e+00 0.000000000000000000e+00 0.000000000000000000e+00 0.000000000000000000e+00 1.563090949928338802e-01 7.179843249356092361e-02 1.574043651884382902e-02 6.754452385317157720e-03
7.677551020408163396e+00 1.513828979445179002e-05 0.000000000000000000e+00 3.597162057696759799e-03 9.963876996525077301e-01 0.000000000000000000e+00 0.000000000000000000e+00 1.206571473984090643e-04 1.997419133430020565e-04 0.000000000000000000e+00 0.000000000000000000e+00 0.000000000000000000e+00 0.000000000000000000e+00 5.167985456670119021e-02 3.022186979909741167e-02 5.531643771140739956e-05 3.883373824138402781e-03
7.838775510204081698e+00 1.410579723505953364e-05 0.000000000000000000e+00 3.665614611348939119e-03 9.963202795914151144e-01 0.000000000000000000e+00 0.000000000000000000e+00 -5.614782293269929628e-05 -2.203492209994700269e-04 0.000000000000000000e+00 0.000000000000000000e+00 0.000000000000000000e+00 0.000000000000000000e+00 -3.161824895243418865e-02 -5.150157018504781387e-02 -2.611585254561331684e-03 2.689517879714935656e-03
8.000000000000001776e+00 1.890685191246453429e-04 0.000000000000000000e+00 3.039841004279369638e-02 9.694125214380785449e-01 0.000000000000000000e+00 0.000000000000000000e+00 -1.932084369014044293e-03 -1.419306458105148386e-03 0.000000000000000000e+00 0.000000000000000000e+00 0.000000000000000000e+00 0.000000000000000000e+00 -7.438873282136318488e-02 -1.547091383828921585e-01 -2.495337353904299345e-03 1.330633333899051973e-02
