1.000000000000000056e-01 9.936350578164826475e-01 0.000000000000000000e+00 6.364942183518112334e-03 0.000000000000000000e+00 0.000000000000000000e+00 0.000000000000000000e+00 5.158812601890473692e-02 -6.052350316190752144e-02 0.000000000000000000e+00 0.000000000000000000e+00 0.000000000000000000e+00 0.000000000000000000e+00 0.000000000000000000e+00 0.000000000000000000e+00 0.000000000000000000e+00 0.000000000000000000e+00
2.000000000000000111e-01 9.748083072794392345e-01 0.000000000000000000e+00 2.519169272056105691e-02 0.000000000000000000e+00 0.000000000000000000e+00 0.000000000000000000e+00 1.072938845644051259e-01 -1.142151158576516778e-01 0.000000000000000000e+00 0.000000000000000000e+00 0.000000000000000000e+00 0.000000000000000000e+00 0.000000000000000000e+00 0.000000000000000000e+00 0.000000000000000000e+00 0.000000000000000000e+00
2.999999999999999889e-01 9.443046738012289554e-01 0.000000000000000000e+00 5.569532619876971929e-02 0.000000000000000000e+00 0.000000000000000000e+00 0.000000000000000000e+00 1.699382584777687499e-01 -1.539946284700860479e-01 0.000000000000000000e+00 0.000000000000000000e+00 0.000000000000000000e+00 0.000000000000000000e+00 0.000000000000000000e+00 0.000000000000000000e+00 0.000000000000000000e+00 0.000000000000000000e+00
4.000000000000000222e-01 9.033614325121483990e-01 0.000000000000000000e+00 9.663856748784833972e-02 0.000000000000000000e+00 0.000000000000000000e+00 0.000000000000000000e+00 2.398276249060453114e-01 -1.725753937807217864e-01 0.000000000000000000e+00 0.000000000000000000e+00 0.000000000000000000e+00 0.000000000000000000e+00 0.000000000000000000e+00 0.000000000000000000e+00 0.000000000000000000e+00 0.000000000000000000e+00
5.000000000000000000e-01 8.535846512832860888e-01 0.000000000000000000e+00 1.464153487167182965e-01 0.000000000000000000e+00 0.000000000000000000e+00 0.000000000000000000e+00 3.136802562392034810e-01 -1.630416831747727446e-01 0.000000000000000000e+00 0.000000000000000000e+00 0.000000000000000000e+00 0.000000000000000000e+00 0.000000000000000000e+00 0.000000000000000000e+00 0.000000000000000000e+00 0.000000000000000000e+00
5.999999999999999778e-01 7.968428614374242214e-01 0.000000000000000000e+00 2.031571385625771109e-01 0.000000000000000000e+00 0.000000000000000000e+00 0.000000000000000000e+00 3.840038253066061502e-01 -1.201057036698867930e-01 0.000000000000000000e+00 0.000000000000000000e+00 0.000000000000000000e+00 0.000000000000000000e+00 0.000000000000000000e+00 0.000000000000000000e+00 0.000000000000000000e+00 0.000000000000000000e+00
6.999999999999999556e-01 7.351115407776145361e-01 0.000000000000000000e+00 2.648884592223885726e-01 0.000000000000000000e+00 0.000000000000000000e+00 0.000000000000000000e+00 4.392711159891817818e-01 -4.199345482888276748e-02 0.000000000000000000e+00 0.000000000000000000e+00 0.000000000000000000e+00 0.000000000000000000e+00 0.000000000000000000e+00 0.000000000000000000e+00 0.000000000000000000e+00 0.000000000000000000e+00
7.999999999999999334e-01 6.703954443277043707e-01 0.000000000000000000e+00 3.296045556722970726e-01 0.000000000000000000e+00 0.000000000000000000e+00 0.000000000000000000e+00 4.652112803900440019e-01 6.740812546514454717e-02 0.000000000000000000e+00 0.000000000000000000e+00 0.000000000000000000e+00 0.000000000000000000e+00 0.000000000000000000e+00 0.000000000000000000e+00 0.000000000000000000e+00 0.000000000000000000e+00
8.999999999999999112e-01 6.046088827047150227e-01 0.000000000000000000e+00 3.953911172952853104e-01 0.000000000000000000e+00 0.000000000000000000e+00 0.000000000000000000e+00 4.475842457056066204e-01 1.967875134596763498e-01 0.000000000000000000e+00 0.000000000000000000e+00 0.000000000000000000e+00 0.000000000000000000e+00 0.000000000000000000e+00 0.000000000000000000e+00 0.000000000000000000e+00 0.000000000000000000e+00
9.999999999999998890e-01 5.394496077747186202e-01 0.000000000000000000e+00 4.605503922252798255e-01 0.000000000000000000e+00 0.000000000000000000e+00 0.000000000000000000e+00 3.762395851657895918e-01 3.269365450213577717e-01 0.000000000000000000e+00 0.000000000000000000e+00 0.000000000000000000e+00 0.000000000000000000e+00 0.000000000000000000e+00 0.000000000000000000e+00 0.000000000000000000e+00 0.000000000000000000e+00
1.099999999999999867e+00 4.763798392452901487e-01 0.000000000000000000e+00 5.236201607547140702e-01 0.000000000000000000e+00 0.000000000000000000e+00 0.000000000000000000e+00 2.497834649588269729e-01 4.324931321434061782e-01 0.000000000000000000e+00 0.000000000000000000e+00 0.000000000000000000e+00 0.000000000000000000e+00 0.000000000000000000e+00 0.000000000000000000e+00 0.000000000000000000e+00 0.000000000000000000e+00
1.199999999999999956e+00 4.165698827280270300e-01 0.000000000000000000e+00 5.834301172719724704e-01 0.000000000000000000e+00 0.000000000000000000e+00 0.000000000000000000e+00 7.950121173303040245e-02 4.865377404613531742e-01 0.000000000000000000e+00 0.000000000000000000e+00 0.000000000000000000e+00 0.000000000000000000e+00 0.000000000000000000e+00 0.000000000000000000e+00 0.000000000000000000e+00 0.000000000000000000e+00
1.300000000000000044e+00 3.608729427878222262e-01 0.000000000000000000e+00 6.391270572121755533e-01 0.000000000000000000e+00 0.000000000000000000e+00 0.000000000000000000e+00 -1.092490998697030202e-01 4.676625872668000450e-01 0.000000000000000000e+00 0.000000000000000000e+00 0.000000000000000000e+00 0.000000000000000000e+00 0.000000000000000000e+00 0.000000000000000000e+00 0.000000000000000000e+00 0.000000000000000000e+00
1.399999999999999911e+00 3.098872006773288335e-01 0.000000000000000000e+00 6.901127993226727764e-01 0.000000000000000000e+00 0.000000000000000000e+00 0.000000000000000000e+00 -2.799297250417390193e-01 3.680984523049999346e-01 0.000000000000000000e+00 0.000000000000000000e+00 0.000000000000000000e+00 0.000000000000000000e+00 0.000000000000000000e+00 0.000000000000000000e+00 0.000000000000000000e+00 0.000000000000000000e+00
1.500000000000000000e+00 2.639111565320889086e-01 0.000000000000000000e+00 7.360888434679091485e-01 0.000000000000000000e+00 0.000000000000000000e+00 0.000000000000000000e+00 -3.927186001982430064e-01 2.000853751545772774e-01 0.000000000000000000e+00 0.000000000000000000e+00 0.000000000000000000e+00 0.000000000000000000e+00 0.000000000000000000e+00 0.000000000000000000e+00 0.000000000000000000e+00 0.000000000000000000e+00
1.599999999999999867e+00 2.230235723078995147e-01 0.000000000000000000e+00 7.769764276921012902e-01 0.000000000000000000e+00 0.000000000000000000e+00 0.000000000000000000e+00 -4.162654874922161463e-01 -2.664863151645130435e-03 0.000000000000000000e+00 0.000000000000000000e+00 0.000000000000000000e+00 0.000000000000000000e+00 0.000000000000000000e+00 0.000000000000000000e+00 0.000000000000000000e+00 0.000000000000000000e+00
1.699999999999999956e+00 1.871276034685095679e-01 0.000000000000000000e+00 8.128723965314905708e-01 0.000000000000000000e+00 0.000000000000000000e+00 0.000000000000000000e+00 -3.400740472288412142e-01 -1.909463415012091492e-01 0.000000000000000000e+00 0.000000000000000000e+00 0.000000000000000000e+00 0.000000000000000000e+00 0.000000000000000000e+00 0.000000000000000000e+00 0.000000000000000000e+00 0.000000000000000000e+00
1.800000000000000044e+00 1.559675642990720201e-01 0.000000000000000000e+00 8.440324357009321155e-01 0.000000000000000000e+00 0.000000000000000000e+00 0.000000000000000000e+00 -1.824580293863547475e-01 -3.136092282513475160e-01 0.000000000000000000e+00 0.000000000000000000e+00 0.000000000000000000e+00 0.000000000000000000e+00 0.000000000000000000e+00 0.000000000000000000e+00 0.000000000000000000e+00 0.000000000000000000e+00
1.899999999999999911e+00 1.292195302442633587e-01 0.000000000000000000e+00 8.707804697557361973e-01 0.000000000000000000e+00 0.000000000000000000e+00 0.000000000000000000e+00 1.063796875364163286e-02 -3.352740307281891208e-01 0.000000000000000000e+00 0.000000000000000000e+00 0.000000000000000000e+00 0.000000000000000000e+00 0.000000000000000000e+00 0.000000000000000000e+00 0.000000000000000000e+00 0.000000000000000000e+00
2.000000000000000000e+00 1.064671653483402480e-01 0.000000000000000000e+00 8.935328346516612230e-01 0.000000000000000000e+00 0.000000000000000000e+00 0.000000000000000000e+00 1.782364128443302553e-01 -2.517214498016656088e-01 0.000000000000000000e+00 0.000000000000000000e+00 0.000000000000000000e+00 0.000000000000000000e+00 0.000000000000000000e+00 0.000000000000000000e+00 0.000000000000000000e+00 0.000000000000000000e+00
2.099999999999999645e+00 8.728849709747903141e-02 0.000000000000000000e+00 9.127115029025204551e-01 0.000000000000000000e+00 0.000000000000000000e+00 0.000000000000000000e+00 2.656085965312966479e-01 -9.550543670276330499e-02 0.000000000000000000e+00 0.000000000000000000e+00 0.000000000000000000e+00 0.000000000000000000e+00 0.000000000000000000e+00 0.000000000000000000e+00 0.000000000000000000e+00 0.000000000000000000e+00
2.199999999999999734e+00 7.125029818254834113e-02 0.000000000000000000e+00 9.287497018174502017e-01 0.000000000000000000e+00 0.000000000000000000e+00 0.000000000000000000e+00 2.465937206088062716e-01 7.324773381135298023e-02 0.000000000000000000e+00 0.000000000000000000e+00 0.000000000000000000e+00 0.000000000000000000e+00 0.000000000000000000e+00 0.000000000000000000e+00 0.000000000000000000e+00 0.000000000000000000e+00
2.299999999999999822e+00 5.793494259670070590e-02 0.000000000000000000e+00 9.420650574032942703e-01 0.000000000000000000e+00 0.000000000000000000e+00 0.000000000000000000e+00 1.365702915287212715e-01 1.895442954380144596e-01 0.000000000000000000e+00 0.000000000000000000e+00 0.000000000000000000e+00 0.000000000000000000e+00 0.000000000000000000e+00 0.000000000000000000e+00 0.000000000000000000e+00 0.000000000000000000e+00
2.399999999999999911e+00 4.694767444085436170e-02 0.000000000000000000e+00 9.530523255591412113e-01 0.000000000000000000e+00 0.000000000000000000e+00 0.000000000000000000e+00 -1.192306755690569764e-02 2.111905067305404060e-01 0.000000000000000000e+00 0.000000000000000000e+00 0.000000000000000000e+00 0.000000000000000000e+00 0.000000000000000000e+00 0.000000000000000000e+00 0.000000000000000000e+00 0.000000000000000000e+00
2.500000000000000000e+00 3.793531429578151509e-02 0.000000000000000000e+00 9.620646857042184363e-01 0.000000000000000000e+00 0.000000000000000000e+00 0.000000000000000000e+00 -1.315475735966100124e-01 1.385332481560459794e-01 0.000000000000000000e+00 0.000000000000000000e+00 0.000000000000000000e+00 0.000000000000000000e+00 0.000000000000000000e+00 0.000000000000000000e+00 0.000000000000000000e+00 0.000000000000000000e+00
2.600000000000000089e+00 3.057650407800848597e-02 0.000000000000000000e+00 9.694234959219916181e-01 0.000000000000000000e+00 0.000000000000000000e+00 0.000000000000000000e+00 -1.715250537841921941e-01 1.485720778126010250e-02 0.000000000000000000e+00 0.000000000000000000e+00 0.000000000000000000e+00 0.000000000000000000e+00 0.000000000000000000e+00 0.000000000000000000e+00 0.000000000000000000e+00 0.000000000000000000e+00
2.699999999999999734e+00 2.459452792455291137e-02 0.000000000000000000e+00 9.754054720754435914e-01 0.000000000000000000e+00 0.000000000000000000e+00 0.000000000000000000e+00 -1.224019117194481560e-01 -9.490736793433368623e-02 0.000000000000000000e+00 0.000000000000000000e+00 0.000000000000000000e+00 0.000000000000000000e+00 0.000000000000000000e+00 0.000000000000000000e+00 0.000000000000000000e+00 0.000000000000000000e+00
2.799999999999999822e+00 1.975196897356464726e-02 0.000000000000000000e+00 9.802480310264347629e-01 0.000000000000000000e+00 0.000000000000000000e+00 0.000000000000000000e+00 -2.008929977393600352e-02 -1.376889546649799900e-01 0.000000000000000000e+00 0.000000000000000000e+00 0.000000000000000000e+00 0.000000000000000000e+00 0.000000000000000000e+00 0.000000000000000000e+00 0.000000000000000000e+00 0.000000000000000000e+00
2.899999999999999911e+00 1.584480795551566901e-02 0.000000000000000000e+00 9.841551920444859824e-01 0.000000000000000000e+00 0.000000000000000000e+00 0.000000000000000000e+00 7.470631428059987256e-02 -1.000635615919921312e-01 0.000000000000000000e+00 0.000000000000000000e+00 0.000000000000000000e+00 0.000000000000000000e+00 0.000000000000000000e+00 0.000000000000000000e+00 0.000000000000000000e+00 0.000000000000000000e+00
3.000000000000000000e+00 1.269979533934401973e-02 0.000000000000000000e+00 9.873002046606549342e-01 0.000000000000000000e+00 0.000000000000000000e+00 0.000000000000000000e+00 1.111133054537318671e-01 -1.386879329302734623e-02 0.000000000000000000e+00 0.000000000000000000e+00 0.000000000000000000e+00 0.000000000000000000e+00 0.000000000000000000e+00 0.000000000000000000e+00 0.000000000000000000e+00 0.000000000000000000e+00
