0.000000000000000000e+00 -7.911486837519917806e-12 9.641356706683318587e-12 -1.000000000000000000e+00
1.025641025641025605e-01 -2.097651227346463698e-01 2.363097193996754330e-01 -9.487282428068288809e-01
2.051282051282051211e-01 -4.175887915374921766e-01 4.251757794025942672e-01 -8.027087293847984251e-01
3.076923076923077094e-01 -6.156514882943097122e-01 5.293096325435382443e-01 -5.829752560419785290e-01
4.102564102564102422e-01 -7.858319228211692042e-01 5.287199917811081784e-01 -3.190807015735889762e-01
5.128205128205127750e-01 -9.031206083435731058e-01 4.260239922215697250e-01 -4.275085112037422391e-02
6.153846153846154188e-01 -9.436285256471355076e-01 2.468109608032144076e-01 2.182603325338098033e-01
7.179487179487179516e-01 -8.945428750565080911e-01 3.375186568009408417e-02 4.443798334830602603e-01
8.205128205128204844e-01 -7.614763426948107927e-01 -1.646786579224209790e-01 6.257277768049926969e-01
9.230769230769230171e-01 -5.693863887484129638e-01 -3.076522317226528247e-01 7.611683602620356037e-01
1.025641025641025550e+00 -3.562136346642787998e-01 -3.728721380000786789e-01 8.557095572837851716e-01
1.128205128205128194e+00 -1.615843669756105716e-01 -3.610323447933065921e-01 9.175360598188603278e-01
1.230769230769230838e+00 -1.524183145335213097e-02 -2.924261283420843127e-01 9.554592471409537602e-01
1.333333333333333259e+00 7.022649224573176974e-02 -1.974694419123116662e-01 9.772871767233524132e-01
1.435897435897435903e+00 9.982745239979501362e-02 -1.053738311283498874e-01 9.890796528957596090e-01
1.538461538461538325e+00 9.055422879556264404e-02 -3.561439563004337866e-02 9.950546553525368987e-01
1.641025641025640969e+00 6.290339747174873708e-02 5.191317171542073061e-03 9.978935325272056955e-01
1.743589743589743613e+00 3.360487276870005591e-02 2.092719180089557679e-02 9.991569188349926911e-01
1.846153846153846034e+00 1.197296938223166123e-02 2.079004261654713095e-02 9.996830867185896308e-01
1.948717948717948678e+00 2.282841170814786658e-04 1.402751661114191341e-02 9.998881708940703383e-01
2.051282051282051100e+00 -3.816797531385763761e-03 6.916204418408769018e-03 9.999629837315120451e-01
2.153846153846153744e+00 -3.691340757281244642e-03 2.169721930496517400e-03 9.999884591962867608e-01
2.256410256410256387e+00 -2.223408648477449758e-03 -3.301861214753394440e-05 9.999966137813567357e-01
2.358974358974359031e+00 -9.340066263239405484e-04 -6.004222800323605596e-04 9.999990514186101187e-01
2.461538461538461675e+00 -2.172746311084733091e-04 -4.788895201589071868e-04 9.999997476525247508e-01
2.564102564102563875e+00 3.839587425237019199e-05 -2.371303485385383369e-04 9.999999340913656720e-01
2.666666666666666519e+00 7.110564803148991043e-05 -7.536853777389891272e-05 9.999999832400118249e-01
2.769230769230769162e+00 3.897684919696079819e-05 -1.022028616315219244e-05 9.999999958741297990e-01
2.871794871794871806e+00 1.247863525546588414e-05 5.535142524179641549e-06 9.999999989967764957e-01
2.974358974358974450e+00 1.115761621359573940e-06 9.301303275889054585e-06 9.999999997217738912e-01
3.076923076923076650e+00 -1.269900672483974521e-06 1.621066202712069719e-06 9.999999999459145972e-01
3.179487179487179294e+00 6.156010446200188616e-07 3.141211831916233765e-06 9.999999999869967349e-01
3.282051282051281937e+00 -8.125147329168205483e-07 2.671314157237456953e-07 1.000000000002949196e+00
3.384615384615384581e+00 2.351895732660814937e-07 -2.013155238094076660e-06 1.000000000003200551e+00
3.487179487179487225e+00 -5.131706985624284206e-07 4.743012586180192570e-06 9.999999999962627673e-01
3.589743589743589425e+00 -1.170089404591562436e-06 5.360169818407614213e-07 1.000000000006179945e+00
3.692307692307692069e+00 -2.004308778767089018e-06 2.422805210613519903e-06 1.000000000002769118e+00
3.794871794871794712e+00 -7.500796445405393522e-07 -9.232782420852272591e-07 1.000000000008993251e+00
3.897435897435897356e+00 -8.234160472441396757e-07 4.463885192228919985e-07 1.000000000011190382e+00
4.000000000000000000e+00 -3.159875347443847440e-06 -2.768769567895883350e-06 1.000000000003220091e+00
