0.000000000000000000e+00 -6.540736025439969597e-12 9.618063644060019254e-12 -1.000000000000000000e+00
1.025641025641025605e-01 -1.751679329692903686e-01 2.358935532975268978e-01 -9.421949605163213448e-01
2.051282051282051211e-01 -3.476136575562728259e-01 4.218434514147358372e-01 -7.799627172726417701e-01
3.076923076923077094e-01 -5.082710290154999200e-01 5.210236465911441961e-01 -5.431321868717857715e-01
4.102564102564102422e-01 -6.400991068258141681e-01 5.189934544437662112e-01 -2.707667409053028384e-01
5.128205128205127750e-01 -7.226607874476506099e-01 4.263158002189322282e-01 -2.645030143745825501e-04
6.153846153846154188e-01 -7.404558693451225304e-01 2.737054385876661056e-01 2.407936759364185109e-01
7.179487179487179516e-01 -6.902298572113039210e-01 1.015745827412172370e-01 4.379171070318642611e-01
8.205128205128204844e-01 -5.833699800414020586e-01 -5.208615288015389089e-02 5.883597614986479929e-01
9.230769230769230171e-01 -4.424789300431051786e-01 -1.612372290332189650e-01 6.972592833401747292e-01
1.025641025641025550e+00 -2.942277554597289568e-01 -2.159204006838415790e-01 7.733600234564900200e-01
1.128205128205128194e+00 -1.618966204609171289e-01 -2.208289838382623271e-01 8.257762835640376498e-01
1.230769230769230838e+00 -6.039955808599777737e-02 -1.901860383009510991e-01 8.621802213279005089e-01
1.333333333333333259e+00 5.168635137221877507e-03 -1.414588605164793511e-01 8.882355829923030965e-01
1.435897435897435903e+00 3.799637434927851526e-02 -9.017032724710918878e-02 9.077413264849381047e-01
1.538461538461538325e+00 4.632735472813288152e-02 -4.692301246952536309e-02 9.230619361983549709e-01
1.641025641025640969e+00 3.998715906104610696e-02 -1.661167985653109677e-02 9.355972782451300596e-01
1.743589743589743613e+00 2.767131457219180329e-02 6.089720670206175135e-04 9.461493034474918185e-01
1.846153846153846034e+00 1.544572248362666850e-02 7.573578351333747766e-03 9.551768661888602185e-01
1.948717948717948678e+00 6.392717519583816961e-03 8.174640743185839636e-03 9.629527958956645151e-01
2.051282051282051100e+00 1.168802206429278220e-03 5.943948958775588549e-03 9.696518222515726482e-01
2.153846153846153744e+00 -9.834970867381839701e-04 3.270472974619710420e-03 9.753981260200772496e-01
2.256410256410256387e+00 -1.322507867887541674e-03 1.301056519431108022e-03 9.802901774070672536e-01
2.358974358974359031e+00 -9.326011688094298924e-04 2.442809490655964422e-04 9.844130968782326407e-01
2.461538461538461675e+00 -4.636208933257737969e-04 -1.302724422020032206e-04 9.878453194498267864e-01
2.564102564102563875e+00 -1.542872342961305334e-04 -1.677157432203159955e-04 9.906621969095630309e-01
2.666666666666666519e+00 -1.823290053771962828e-05 -1.035665628363276517e-04 9.929375418473075365e-01
2.769230769230769162e+00 1.883264785189150975e-05 -3.680658504226438932e-05 9.947439325090353668e-01
2.871794871794871806e+00 1.682057820607014563e-05 -8.988023788109431218e-06 9.961519788409637366e-01
2.974358974358974450e+00 5.428126641159871685e-06 1.014300446869680808e-06 9.972288576794814396e-01
3.076923076923076650e+00 1.492218332704954488e-06 -3.087593584766960282e-07 9.980367080427681170e-01
3.179487179487179294e+00 3.196630961145143327e-06 2.094748542654502933e-06 9.986311720117965196e-01
3.282051282051281937e+00 -2.257484699150172656e-07 3.058406680989650745e-06 9.990603920682430417e-01
3.384615384615384581e+00 7.204197381451477156e-07 -3.420879124165081867e-08 9.993646448255855130e-01
3.487179487179487225e+00 -1.197558582740394969e-06 -1.194505817056940507e-06 9.995765272180601180e-01
3.589743589743589425e+00 -2.591574540910906712e-06 -4.891731814823822231e-07 9.997216085885908265e-01
3.692307692307692069e+00 -1.768606146653435046e-06 2.548135301853375795e-06 9.998193686834890848e-01
3.794871794871794712e+00 -9.483424511062317265e-07 -2.111419014667434394e-06 9.998842510894453417e-01
3.897435897435897356e+00 -2.920446572417300927e-07 -4.534256078047354289e-06 9.999267010942255451e-01
4.000000000000000000e+00 4.357548542189080946e-07 -5.528972402031759680e-07 9.999541024522224930e-01
