1.000000000000000056e-01 9.992045960402967664e-01 0.000000000000000000e+00 7.954039597032851313e-04 0.000000000000000000e+00 0.000000000000000000e+00 0.000000000000000000e+00 7.806761404729224696e-03 2.708921547769213914e-02 0.000000000000000000e+00 0.000000000000000000e+00 0.000000000000000000e+00 0.000000000000000000e+00 0.000000000000000000e+00 0.000000000000000000e+00 0.000000000000000000e+00 0.000000000000000000e+00
2.000000000000000111e-01 9.968234213104477659e-01 0.000000000000000000e+00 3.176578689556191007e-03 0.000000000000000000e+00 0.000000000000000000e+00 0.000000000000000000e+00 1.407021175446185324e-02 5.448410460352719198e-02 0.000000000000000000e+00 0.000000000000000000e+00 0.000000000000000000e+00 0.000000000000000000e+00 0.000000000000000000e+00 0.000000000000000000e+00 0.000000000000000000e+00 0.000000000000000000e+00
2.999999999999999889e-01 9.928706277587717732e-01 0.000000000000000000e+00 7.129372241222379884e-03 0.000000000000000000e+00 0.000000000000000000e+00 0.000000000000000000e+00 1.723070274818056663e-02 8.235074607704737093e-02 0.000000000000000000e+00 0.000000000000000000e+00 0.000000000000000000e+00 0.000000000000000000e+00 0.000000000000000000e+00 0.000000000000000000e+00 0.000000000000000000e+00 0.000000000000000000e+00
4.000000000000000222e-01 9.873705718277523413e-01 0.000000000000000000e+00 1.262942817224430025e-02 0.000000000000000000e+00 0.000000000000000000e+00 0.000000000000000000e+00 1.571950670111862264e-02 1.105568633048702593e-01 0.000000000000000000e+00 0.000000000000000000e+00 0.000000000000000000e+00 0.000000000000000000e+00 0.000000000000000000e+00 0.000000000000000000e+00 0.000000000000000000e+00 0.000000000000000000e+00
5.000000000000000000e-01 9.803583204076745661e-01 0.000000000000000000e+00 1.964167959232358124e-02 0.000000000000000000e+00 0.000000000000000000e+00 0.000000000000000000e+00 8.007505436701728430e-03 1.385343419331722947e-01 0.000000000000000000e+00 0.000000000000000000e+00 0.000000000000000000e+00 0.000000000000000000e+00 0.000000000000000000e+00 0.000000000000000000e+00 0.000000000000000000e+00 0.000000000000000000e+00
5.999999999999999778e-01 9.718742517831840955e-01 0.000000000000000000e+00 2.812574821681739640e-02 0.000000000000000000e+00 0.000000000000000000e+00 0.000000000000000000e+00 -7.318781177214100930e-03 1.651699898052774729e-01 0.000000000000000000e+00 0.000000000000000000e+00 0.000000000000000000e+00 0.000000000000000000e+00 0.000000000000000000e+00 0.000000000000000000e+00 0.000000000000000000e+00 0.000000000000000000e+00
6.999999999999999556e-01 9.619691145982902647e-01 0.000000000000000000e+00 3.803088540170789650e-02 0.000000000000000000e+00 0.000000000000000000e+00 0.000000000000000000e+00 -3.135461782530427066e-02 1.886833998165014237e-01 0.000000000000000000e+00 0.000000000000000000e+00 0.000000000000000000e+00 0.000000000000000000e+00 0.000000000000000000e+00 0.000000000000000000e+00 0.000000000000000000e+00 0.000000000000000000e+00
7.999999999999999334e-01 9.507014548552684685e-01 0.000000000000000000e+00 4.929854514472484933e-02 0.000000000000000000e+00 0.000000000000000000e+00 0.000000000000000000e+00 -6.468585032887563813e-02 2.066009164456991676e-01 0.000000000000000000e+00 0.000000000000000000e+00 0.000000000000000000e+00 0.000000000000000000e+00 0.000000000000000000e+00 0.000000000000000000e+00 0.000000000000000000e+00 0.000000000000000000e+00
8.999999999999999112e-01 9.381353660411462236e-01 0.000000000000000000e+00 6.186463395885538619e-02 0.000000000000000000e+00 0.000000000000000000e+00 0.000000000000000000e+00 -1.070462069739742533e-01 2.158205292673959219e-01 0.000000000000000000e+00 0.000000000000000000e+00 0.000000000000000000e+00 0.000000000000000000e+00 0.000000000000000000e+00 0.000000000000000000e+00 0.000000000000000000e+00 0.000000000000000000e+00
9.999999999999998890e-01 9.243471935159250918e-01 0.000000000000000000e+00 7.565280648407596287e-02 0.000000000000000000e+00 0.000000000000000000e+00 0.000000000000000000e+00 -1.569995505625084720e-01 2.127923840719327941e-01 0.000000000000000000e+00 0.000000000000000000e+00 0.000000000000000000e+00 0.000000000000000000e+00 0.000000000000000000e+00 0.000000000000000000e+00 0.000000000000000000e+00 0.000000000000000000e+00
1.099999999999999867e+00 9.094068261315330082e-01 0.000000000000000000e+00 9.059317386846585385e-02 0.000000000000000000e+00 0.000000000000000000e+00 0.000000000000000000e+00 -2.115981191318800914e-01 1.939388637138309002e-01 0.000000000000000000e+00 0.000000000000000000e+00 0.000000000000000000e+00 0.000000000000000000e+00 0.000000000000000000e+00 0.000000000000000000e+00 0.000000000000000000e+00 0.000000000000000000e+00
1.199999999999999956e+00 8.934014262605283196e-01 0.000000000000000000e+00 1.065985737394732208e-01 0.000000000000000000e+00 0.000000000000000000e+00 0.000000000000000000e+00 -2.661693819487632728e-01 1.561703387592405234e-01 0.000000000000000000e+00 0.000000000000000000e+00 0.000000000000000000e+00 0.000000000000000000e+00 0.000000000000000000e+00 0.000000000000000000e+00 0.000000000000000000e+00 0.000000000000000000e+00
1.300000000000000044e+00 8.764168731712963512e-01 0.000000000000000000e+00 1.235831268287035101e-01 0.000000000000000000e+00 0.000000000000000000e+00 0.000000000000000000e+00 -3.142631417495717061e-01 9.771906242169456358e-02 0.000000000000000000e+00 0.000000000000000000e+00 0.000000000000000000e+00 0.000000000000000000e+00 0.000000000000000000e+00 0.000000000000000000e+00 0.000000000000000000e+00 0.000000000000000000e+00
1.399999999999999911e+00 8.585349793030355725e-01 0.000000000000000000e+00 1.414650206969623181e-01 0.000000000000000000e+00 0.000000000000000000e+00 0.000000000000000000e+00 -3.479818331247108709e-01 1.900814056540742203e-02 0.000000000000000000e+00 0.000000000000000000e+00 0.000000000000000000e+00 0.000000000000000000e+00 0.000000000000000000e+00 0.000000000000000000e+00 0.000000000000000000e+00 0.000000000000000000e+00
1.500000000000000000e+00 8.398498210525489061e-01 0.000000000000000000e+00 1.601501789474510939e-01 0.000000000000000000e+00 0.000000000000000000e+00 0.000000000000000000e+00 -3.586941861464814085e-01 -7.642363464506927995e-02 0.000000000000000000e+00 0.000000000000000000e+00 0.000000000000000000e+00 0.000000000000000000e+00 0.000000000000000000e+00 0.000000000000000000e+00 0.000000000000000000e+00 0.000000000000000000e+00
1.599999999999999867e+00 8.204529651728108552e-01 0.000000000000000000e+00 1.795470348271934746e-01 0.000000000000000000e+00 0.000000000000000000e+00 0.000000000000000000e+00 -3.383020781205710037e-01 -1.812776521946967145e-01 0.000000000000000000e+00 0.000000000000000000e+00 0.000000000000000000e+00 0.000000000000000000e+00 0.000000000000000000e+00 0.000000000000000000e+00 0.000000000000000000e+00 0.000000000000000000e+00
1.699999999999999956e+00 8.004386183408127575e-01 0.000000000000000000e+00 1.995613816591897682e-01 0.000000000000000000e+00 0.000000000000000000e+00 0.000000000000000000e+00 -2.809516101293407786e-01 -2.842583773590161567e-01 0.000000000000000000e+00 0.000000000000000000e+00 0.000000000000000000e+00 0.000000000000000000e+00 0.000000000000000000e+00 0.000000000000000000e+00 0.000000000000000000e+00 0.000000000000000000e+00
1.800000000000000044e+00 7.798970141909857823e-01 0.000000000000000000e+00 2.201029858090134128e-01 0.000000000000000000e+00 0.000000000000000000e+00 0.000000000000000000e+00 -1.850565647135087310e-01 -3.706908756614443190e-01 0.000000000000000000e+00 0.000000000000000000e+00 0.000000000000000000e+00 0.000000000000000000e+00 0.000000000000000000e+00 0.000000000000000000e+00 0.000000000000000000e+00 0.000000000000000000e+00
1.899999999999999911e+00 7.589068547105690676e-01 0.000000000000000000e+00 2.410931452894319871e-01 0.000000000000000000e+00 0.000000000000000000e+00 0.000000000000000000e+00 -5.522588967159680617e-02 -4.241666398748162869e-01 0.000000000000000000e+00 0.000000000000000000e+00 0.000000000000000000e+00 0.000000000000000000e+00 0.000000000000000000e+00 0.000000000000000000e+00 0.000000000000000000e+00 0.000000000000000000e+00
2.000000000000000000e+00 7.375726378347340351e-01 0.000000000000000000e+00 2.624273621652674082e-01 0.000000000000000000e+00 0.000000000000000000e+00 0.000000000000000000e+00 9.642596027412839166e-02 -4.292566603734664366e-01 0.000000000000000000e+00 0.000000000000000000e+00 0.000000000000000000e+00 0.000000000000000000e+00 0.000000000000000000e+00 0.000000000000000000e+00 0.000000000000000000e+00 0.000000000000000000e+00
2.099999999999999645e+00 7.159638084373430855e-01 0.000000000000000000e+00 2.840361915626548051e-01 0.000000000000000000e+00 0.000000000000000000e+00 0.000000000000000000e+00 2.501789535302187950e-01 -3.751934509213072921e-01 0.000000000000000000e+00 0.000000000000000000e+00 0.000000000000000000e+00 0.000000000000000000e+00 0.000000000000000000e+00 0.000000000000000000e+00 0.000000000000000000e+00 0.000000000000000000e+00
2.199999999999999734e+00 6.941773607689126768e-01 0.000000000000000000e+00 3.058226392310863240e-01 0.000000000000000000e+00 0.000000000000000000e+00 0.000000000000000000e+00 3.805281316053940044e-01 -2.597950996420066438e-01 0.000000000000000000e+00 0.000000000000000000e+00 0.000000000000000000e+00 0.000000000000000000e+00 0.000000000000000000e+00 0.000000000000000000e+00 0.000000000000000000e+00 0.000000000000000000e+00
2.299999999999999822e+00 6.722827259506588549e-01 0.000000000000000000e+00 3.277172740493431990e-01 0.000000000000000000e+00 0.000000000000000000e+00 0.000000000000000000e+00 4.601150336083177916e-01 -9.280531558998134090e-02 0.000000000000000000e+00 0.000000000000000000e+00 0.000000000000000000e+00 0.000000000000000000e+00 0.000000000000000000e+00 0.000000000000000000e+00 0.000000000000000000e+00 0.000000000000000000e+00
2.399999999999999911e+00 6.503544341166545006e-01 0.000000000000000000e+00 3.496455658833406144e-01 0.000000000000000000e+00 0.000000000000000000e+00 0.000000000000000000e+00 4.656596730633382197e-01 1.027356867383881767e-01 0.000000000000000000e+00 0.000000000000000000e+00 0.000000000000000000e+00 0.000000000000000000e+00 0.000000000000000000e+00 0.000000000000000000e+00 0.000000000000000000e+00 0.000000000000000000e+00
2.500000000000000000e+00 6.284633449736635180e-01 0.000000000000000000e+00 3.715366550263418666e-01 0.000000000000000000e+00 0.000000000000000000e+00 0.000000000000000000e+00 3.848809942053946220e-01 2.921708385190709967e-01 0.000000000000000000e+00 0.000000000000000000e+00 0.000000000000000000e+00 0.000000000000000000e+00 0.000000000000000000e+00 0.000000000000000000e+00 0.000000000000000000e+00 0.000000000000000000e+00
2.600000000000000089e+00 6.066758526942974683e-01 0.000000000000000000e+00 3.933241473057013105e-01 0.000000000000000000e+00 0.000000000000000000e+00 0.000000000000000000e+00 2.227633246923952370e-01 4.347375824450194215e-01 0.000000000000000000e+00 0.000000000000000000e+00 0.000000000000000000e+00 0.000000000000000000e+00 0.000000000000000000e+00 0.000000000000000000e+00 0.000000000000000000e+00 0.000000000000000000e+00
2.699999999999999734e+00 5.850569373772125381e-01 0.000000000000000000e+00 4.149430626227890162e-01 0.000000000000000000e+00 0.000000000000000000e+00 0.000000000000000000e+00 4.911020537453847368e-03 4.926877393870486843e-01 0.000000000000000000e+00 0.000000000000000000e+00 0.000000000000000000e+00 0.000000000000000000e+00 0.000000000000000000e+00 0.000000000000000000e+00 0.000000000000000000e+00 0.000000000000000000e+00
2.799999999999999822e+00 5.636655764221040199e-01 0.000000000000000000e+00 4.363344235778999769e-01 0.000000000000000000e+00 0.000000000000000000e+00 0.000000000000000000e+00 -2.241542143306821666e-01 4.423817309617524840e-01 0.000000000000000000e+00 0.000000000000000000e+00 0.000000000000000000e+00 0.000000000000000000e+00 0.000000000000000000e+00 0.000000000000000000e+00 0.000000000000000000e+00 0.000000000000000000e+00
2.899999999999999911e+00 5.425346530712916726e-01 0.000000000000000000e+00 4.574653469287098817e-01 0.000000000000000000e+00 0.000000000000000000e+00 0.000000000000000000e+00 -4.090081622764417668e-01 2.844347690357265090e-01 0.000000000000000000e+00 0.000000000000000000e+00 0.000000000000000000e+00 0.000000000000000000e+00 0.000000000000000000e+00 0.000000000000000000e+00 0.000000000000000000e+00 0.000000000000000000e+00
3.000000000000000000e+00 5.217391852488888482e-01 0.000000000000000000e+00 4.782608147511123731e-01 0.000000000000000000e+00 0.000000000000000000e+00 0.000000000000000000e+00 -4.971068855643968609e-01 4.911383571994690223e-02 0.000000000000000000e+00 0.000000000000000000e+00 0.000000000000000000e+00 0.000000000000000000e+00 0.000000000000000000e+00 0.000000000000000000e+00 0.000000000000000000e+00 0.000000000000000000e+00
