1.000000000000000056e-01 9.756215482990771015e-01 0.000000000000000000e+00 2.437845170092165989e-02 0.000000000000000000e+00 0.000000000000000000e+00 0.000000000000000000e+00 -2.014020784336781333e-03 1.542079327468031669e-01 0.000000000000000000e+00 0.000000000000000000e+00 0.000000000000000000e+00 0.000000000000000000e+00 0.000000000000000000e+00 0.000000000000000000e+00 0.000000000000000000e+00 0.000000000000000000e+00
2.000000000000000111e-01 9.059173936407306504e-01 0.000000000000000000e+00 9.408260635926790627e-02 0.000000000000000000e+00 0.000000000000000000e+00 0.000000000000000000e+00 -1.525044745080193775e-02 2.915450109384906119e-01 0.000000000000000000e+00 0.000000000000000000e+00 0.000000000000000000e+00 0.000000000000000000e+00 0.000000000000000000e+00 0.000000000000000000e+00 0.000000000000000000e+00 0.000000000000000000e+00
2.999999999999999889e-01 8.004078553500790782e-01 0.000000000000000000e+00 1.995921446499231422e-01 0.000000000000000000e+00 0.000000000000000000e+00 0.000000000000000000e+00 -4.693664003246067473e-02 3.969282961482378802e-01 0.000000000000000000e+00 0.000000000000000000e+00 0.000000000000000000e+00 0.000000000000000000e+00 0.000000000000000000e+00 0.000000000000000000e+00 0.000000000000000000e+00 0.000000000000000000e+00
4.000000000000000222e-01 6.726109982512870067e-01 0.000000000000000000e+00 3.273890017487163240e-01 0.000000000000000000e+00 0.000000000000000000e+00 0.000000000000000000e+00 -9.760196891692361765e-02 4.589981469914121703e-01 0.000000000000000000e+00 0.000000000000000000e+00 0.000000000000000000e+00 0.000000000000000000e+00 0.000000000000000000e+00 0.000000000000000000e+00 0.000000000000000000e+00 0.000000000000000000e+00
5.000000000000000000e-01 5.372598903578500451e-01 0.000000000000000000e+00 4.627401096421459026e-01 0.000000000000000000e+00 0.000000000000000000e+00 0.000000000000000000e+00 -1.605432254685984217e-01 4.720567480102415003e-01 0.000000000000000000e+00 0.000000000000000000e+00 0.000000000000000000e+00 0.000000000000000000e+00 0.000000000000000000e+00 0.000000000000000000e+00 0.000000000000000000e+00 0.000000000000000000e+00
5.999999999999999778e-01 4.075841818360355640e-01 0.000000000000000000e+00 5.924158181639697096e-01 0.000000000000000000e+00 0.000000000000000000e+00 0.000000000000000000e+00 -2.237106148831050356e-01 4.375075740699274629e-01 0.000000000000000000e+00 0.000000000000000000e+00 0.000000000000000000e+00 0.000000000000000000e+00 0.000000000000000000e+00 0.000000000000000000e+00 0.000000000000000000e+00 0.000000000000000000e+00
6.999999999999999556e-01 2.933755531464881661e-01 0.000000000000000000e+00 7.066244468535078926e-01 0.000000000000000000e+00 0.000000000000000000e+00 0.000000000000000000e+00 -2.733573517092822702e-01 3.641182449210408345e-01 0.000000000000000000e+00 0.000000000000000000e+00 0.000000000000000000e+00 0.000000000000000000e+00 0.000000000000000000e+00 0.000000000000000000e+00 0.000000000000000000e+00 0.000000000000000000e+00
7.999999999999999334e-01 2.001061036805523441e-01 0.000000000000000000e+00 7.998938963194526242e-01 0.000000000000000000e+00 0.000000000000000000e+00 0.000000000000000000e+00 -2.982943887548291095e-01 2.666160321285096502e-01 0.000000000000000000e+00 0.000000000000000000e+00 0.000000000000000000e+00 0.000000000000000000e+00 0.000000000000000000e+00 0.000000000000000000e+00 0.000000000000000000e+00 0.000000000000000000e+00
8.999999999999999112e-01 1.291442930013509127e-01 0.000000000000000000e+00 8.708557069986515575e-01 0.000000000000000000e+00 0.000000000000000000e+00 0.000000000000000000e+00 -2.932749587114912848e-01 1.626525227173163668e-01 0.000000000000000000e+00 0.000000000000000000e+00 0.000000000000000000e+00 0.000000000000000000e+00 0.000000000000000000e+00 0.000000000000000000e+00 0.000000000000000000e+00 0.000000000000000000e+00
9.999999999999998890e-01 7.871604710232074642e-02 0.000000000000000000e+00 9.212839528976817238e-01 0.000000000000000000e+00 0.000000000000000000e+00 0.000000000000000000e+00 -2.603293888919208099e-01 6.890892722662601833e-02 0.000000000000000000e+00 0.000000000000000000e+00 0.000000000000000000e+00 0.000000000000000000e+00 0.000000000000000000e+00 0.000000000000000000e+00 0.000000000000000000e+00 0.000000000000000000e+00
1.099999999999999867e+00 4.521722195694319324e-02 0.000000000000000000e+00 9.547827780430572231e-01 0.000000000000000000e+00 0.000000000000000000e+00 0.000000000000000000e+00 -2.077647981562804891e-01 -2.532469524203780509e-03 0.000000000000000000e+00 0.000000000000000000e+00 0.000000000000000000e+00 0.000000000000000000e+00 0.000000000000000000e+00 0.000000000000000000e+00 0.000000000000000000e+00 0.000000000000000000e+00
1.199999999999999956e+00 2.441496509946413512e-02 0.000000000000000000e+00 9.755850349005398270e-01 0.000000000000000000e+00 0.000000000000000000e+00 0.000000000000000000e+00 -1.472158304727458067e-01 -4.632897369863278603e-02 0.000000000000000000e+00 0.000000000000000000e+00 0.000000000000000000e+00 0.000000000000000000e+00 0.000000000000000000e+00 0.000000000000000000e+00 0.000000000000000000e+00 0.000000000000000000e+00
1.300000000000000044e+00 1.235383722439688248e-02 0.000000000000000000e+00 9.876461627756096817e-01 0.000000000000000000e+00 0.000000000000000000e+00 0.000000000000000000e+00 -9.005518747545852853e-02 -6.396313865922842457e-02 0.000000000000000000e+00 0.000000000000000000e+00 0.000000000000000000e+00 0.000000000000000000e+00 0.000000000000000000e+00 0.000000000000000000e+00 0.000000000000000000e+00 0.000000000000000000e+00
1.399999999999999911e+00 5.835686205855864991e-03 0.000000000000000000e+00 9.941643137941400532e-01 0.000000000000000000e+00 0.000000000000000000e+00 0.000000000000000000e+00 -4.439852034902054545e-02 -6.189024426950149455e-02 0.000000000000000000e+00 0.000000000000000000e+00 0.000000000000000000e+00 0.000000000000000000e+00 0.000000000000000000e+00 0.000000000000000000e+00 0.000000000000000000e+00 0.000000000000000000e+00
1.500000000000000000e+00 2.562966676253226449e-03 0.000000000000000000e+00 9.974370333237451147e-01 0.000000000000000000e+00 0.000000000000000000e+00 0.000000000000000000e+00 -1.373085491062872587e-02 -4.866067685863712661e-02 0.000000000000000000e+00 0.000000000000000000e+00 0.000000000000000000e+00 0.000000000000000000e+00 0.000000000000000000e+00 0.000000000000000000e+00 0.000000000000000000e+00 0.000000000000000000e+00
1.599999999999999867e+00 1.039976529353495030e-03 0.000000000000000000e+00 9.989600234706488280e-01 0.000000000000000000e+00 0.000000000000000000e+00 0.000000000000000000e+00 2.802411321232786343e-03 -3.210983441626503315e-02 0.000000000000000000e+00 0.000000000000000000e+00 0.000000000000000000e+00 0.000000000000000000e+00 0.000000000000000000e+00 0.000000000000000000e+00 0.000000000000000000e+00 0.000000000000000000e+00
1.699999999999999956e+00 3.876641869215107883e-04 0.000000000000000000e+00 9.996123358130765135e-01 0.000000000000000000e+00 0.000000000000000000e+00 0.000000000000000000e+00 8.789955484796765570e-03 -1.761393072599062512e-02 0.000000000000000000e+00 0.000000000000000000e+00 0.000000000000000000e+00 0.000000000000000000e+00 0.000000000000000000e+00 0.000000000000000000e+00 0.000000000000000000e+00 0.000000000000000000e+00
1.800000000000000044e+00 1.316360295881628640e-04 0.000000000000000000e+00 9.998683639704144532e-01 0.000000000000000000e+00 0.000000000000000000e+00 0.000000000000000000e+00 8.625067776373146478e-03 -7.564844281746063367e-03 0.000000000000000000e+00 0.000000000000000000e+00 0.000000000000000000e+00 0.000000000000000000e+00 0.000000000000000000e+00 0.000000000000000000e+00 0.000000000000000000e+00 0.000000000000000000e+00
1.899999999999999911e+00 4.020588008215079077e-05 0.000000000000000000e+00 9.999597941199183104e-01 0.000000000000000000e+00 0.000000000000000000e+00 0.000000000000000000e+00 6.017051209577180954e-03 -1.999824828184263662e-03 0.000000000000000000e+00 0.000000000000000000e+00 0.000000000000000000e+00 0.000000000000000000e+00 0.000000000000000000e+00 0.000000000000000000e+00 0.000000000000000000e+00 0.000000000000000000e+00
2.000000000000000000e+00 1.092001757479699878e-05 0.000000000000000000e+00 9.999890799824235899e-01 0.000000000000000000e+00 0.000000000000000000e+00 0.000000000000000000e+00 3.291927313792643393e-03 2.882709868534043631e-04 0.000000000000000000e+00 0.000000000000000000e+00 0.000000000000000000e+00 0.000000000000000000e+00 0.000000000000000000e+00 0.000000000000000000e+00 0.000000000000000000e+00 0.000000000000000000e+00
2.099999999999999645e+00 2.577956841386110400e-06 0.000000000000000000e+00 9.999974220431568916e-01 0.000000000000000000e+00 0.000000000000000000e+00 0.000000000000000000e+00 1.403730244564401451e-03 7.793992801279406562e-04 0.000000000000000000e+00 0.000000000000000000e+00 0.000000000000000000e+00 0.000000000000000000e+00 0.000000000000000000e+00 0.000000000000000000e+00 0.000000000000000000e+00 0.000000000000000000e+00
2.199999999999999734e+00 5.229674138518701039e-07 0.000000000000000000e+00 9.999994770325907334e-01 0.000000000000000000e+00 0.000000000000000000e+00 0.000000000000000000e+00 4.306329683417206306e-04 5.809198724887388622e-04 0.000000000000000000e+00 0.000000000000000000e+00 0.000000000000000000e+00 0.000000000000000000e+00 0.000000000000000000e+00 0.000000000000000000e+00 0.000000000000000000e+00 0.000000000000000000e+00
2.299999999999999822e+00 8.361943935910953772e-08 0.000000000000000000e+00 9.999999163805627367e-01 0.000000000000000000e+00 0.000000000000000000e+00 0.000000000000000000e+00 5.924408366844219402e-05 2.829407326856975659e-04 0.000000000000000000e+00 0.000000000000000000e+00 0.000000000000000000e+00 0.000000000000000000e+00 0.000000000000000000e+00 0.000000000000000000e+00 0.000000000000000000e+00 0.000000000000000000e+00
2.399999999999999911e+00 1.046511491984425477e-08 0.000000000000000000e+00 9.999999895348911094e-01 0.000000000000000000e+00 0.000000000000000000e+00 0.000000000000000000e+00 -2.447654728897550222e-05 9.911675819767981524e-05 0.000000000000000000e+00 0.000000000000000000e+00 0.000000000000000000e+00 0.000000000000000000e+00 0.000000000000000000e+00 0.000000000000000000e+00 0.000000000000000000e+00 0.000000000000000000e+00
2.500000000000000000e+00 8.411224058177985732e-10 0.000000000000000000e+00 9.999999991588794934e-01 0.000000000000000000e+00 0.000000000000000000e+00 0.000000000000000000e+00 -1.734822398847025529e-05 2.247088601861164860e-05 0.000000000000000000e+00 0.000000000000000000e+00 0.000000000000000000e+00 0.000000000000000000e+00 0.000000000000000000e+00 0.000000000000000000e+00 0.000000000000000000e+00 0.000000000000000000e+00
2.600000000000000089e+00 9.416149621649159562e-11 0.000000000000000000e+00 9.999999999058405420e-01 0.000000000000000000e+00 0.000000000000000000e+00 0.000000000000000000e+00 -2.924845015568808734e-06 9.210904468861662146e-07 0.000000000000000000e+00 0.000000000000000000e+00 0.000000000000000000e+00 0.000000000000000000e+00 0.000000000000000000e+00 0.000000000000000000e+00 0.000000000000000000e+00 0.000000000000000000e+00
2.699999999999999734e+00 1.048245673576994307e-10 0.000000000000000000e+00 9.999999998951829561e-01 0.000000000000000000e+00 0.000000000000000000e+00 0.000000000000000000e+00 9.530474360491469071e-07 -2.817487841143268809e-06 0.000000000000000000e+00 0.000000000000000000e+00 0.000000000000000000e+00 0.000000000000000000e+00 0.000000000000000000e+00 0.000000000000000000e+00 0.000000000000000000e+00 0.000000000000000000e+00
2.799999999999999822e+00 6.771237107162799581e-11 0.000000000000000000e+00 9.999999999322874977e-01 0.000000000000000000e+00 0.000000000000000000e+00 0.000000000000000000e+00 -1.066333491355953213e-06 1.427352931362981912e-06 0.000000000000000000e+00 0.000000000000000000e+00 0.000000000000000000e+00 0.000000000000000000e+00 0.000000000000000000e+00 0.000000000000000000e+00 0.000000000000000000e+00 0.000000000000000000e+00
2.899999999999999911e+00 1.011087709258875721e-10 0.000000000000000000e+00 9.999999998988912120e-01 0.000000000000000000e+00 0.000000000000000000e+00 0.000000000000000000e+00 -3.191706921569433025e-06 -7.133742838667849219e-07 0.000000000000000000e+00 0.000000000000000000e+00 0.000000000000000000e+00 0.000000000000000000e+00 0.000000000000000000e+00 0.000000000000000000e+00 0.000000000000000000e+00 0.000000000000000000e+00
3.000000000000000000e+00 1.277785698945010604e-10 0.000000000000000000e+00 9.999999998722243211e-01 0.000000000000000000e+00 0.000000000000000000e+00 0.000000000000000000e+00 -1.280079390870278306e-06 3.909696979940648904e-06 0.000000000000000000e+00 0.000000000000000000e+00 0.000000000000000000e+00 0.000000000000000000e+00 0.000000000000000000e+00 0.000000000000000000e+00 0.000000000000000000e+00 0.000000000000000000e+00
