1.000000000000000056e-01 9.825730397281617901e-01 0.000000000000000000e+00 1.742696027183910507e-02 0.000000000000000000e+00 0.000000000000000000e+00 0.000000000000000000e+00 -3.748752334666036190e-02 1.253712364125607048e-01 0.000000000000000000e+00 0.000000000000000000e+00 0.000000000000000000e+00 0.000000000000000000e+00 0.000000000000000000e+00 0.000000000000000000e+00 0.000000000000000000e+00 0.000000000000000000e+00
2.000000000000000111e-01 9.321060702258916475e-01 0.000000000000000000e+00 6.789392977411179420e-02 0.000000000000000000e+00 0.000000000000000000e+00 0.000000000000000000e+00 -8.493045213903929747e-02 2.367935007577517126e-01 0.000000000000000000e+00 0.000000000000000000e+00 0.000000000000000000e+00 0.000000000000000000e+00 0.000000000000000000e+00 0.000000000000000000e+00 0.000000000000000000e+00 0.000000000000000000e+00
2.999999999999999889e-01 8.537355590341746403e-01 0.000000000000000000e+00 1.462644409658183098e-01 0.000000000000000000e+00 0.000000000000000000e+00 0.000000000000000000e+00 -1.486546902114536939e-01 3.205821849888282893e-01 0.000000000000000000e+00 0.000000000000000000e+00 0.000000000000000000e+00 0.000000000000000000e+00 0.000000000000000000e+00 0.000000000000000000e+00 0.000000000000000000e+00 0.000000000000000000e+00
4.000000000000000222e-01 7.550437603664771347e-01 0.000000000000000000e+00 2.449562396335235870e-01 0.000000000000000000e+00 0.000000000000000000e+00 0.000000000000000000e+00 -2.284915874013698223e-01 3.643408769732584540e-01 0.000000000000000000e+00 0.000000000000000000e+00 0.000000000000000000e+00 0.000000000000000000e+00 0.000000000000000000e+00 0.000000000000000000e+00 0.000000000000000000e+00 0.000000000000000000e+00
5.000000000000000000e-01 6.448564129994340810e-01 0.000000000000000000e+00 3.551435870005681394e-01 0.000000000000000000e+00 0.000000000000000000e+00 0.000000000000000000e+00 -3.164247820407135037e-01 3.590152876464334231e-01 0.000000000000000000e+00 0.000000000000000000e+00 0.000000000000000000e+00 0.000000000000000000e+00 0.000000000000000000e+00 0.000000000000000000e+00 0.000000000000000000e+00 0.000000000000000000e+00
5.999999999999999778e-01 5.319493502084943204e-01 0.000000000000000000e+00 4.680506497915027375e-01 0.000000000000000000e+00 0.000000000000000000e+00 0.000000000000000000e+00 -3.973696640521643952e-01 3.017889807232539412e-01 0.000000000000000000e+00 0.000000000000000000e+00 0.000000000000000000e+00 0.000000000000000000e+00 0.000000000000000000e+00 0.000000000000000000e+00 0.000000000000000000e+00 0.000000000000000000e+00
6.999999999999999556e-01 4.239256085536476371e-01 0.000000000000000000e+00 5.760743914463514193e-01 0.000000000000000000e+00 0.000000000000000000e+00 0.000000000000000000e+00 -4.524423208515049866e-01 1.987677870834545224e-01 0.000000000000000000e+00 0.000000000000000000e+00 0.000000000000000000e+00 0.000000000000000000e+00 0.000000000000000000e+00 0.000000000000000000e+00 0.000000000000000000e+00 0.000000000000000000e+00
7.999999999999999334e-01 3.264754050870001811e-01 0.000000000000000000e+00 6.735245949129926579e-01 0.000000000000000000e+00 0.000000000000000000e+00 0.000000000000000000e+00 -4.642406059692082421e-01 6.610502556862102308e-02 0.000000000000000000e+00 0.000000000000000000e+00 0.000000000000000000e+00 0.000000000000000000e+00 0.000000000000000000e+00 0.000000000000000000e+00 0.000000000000000000e+00 0.000000000000000000e+00
8.999999999999999112e-01 2.430578800439502085e-01 0.000000000000000000e+00 7.569421199560480984e-01 0.000000000000000000e+00 0.000000000000000000e+00 0.000000000000000000e+00 -4.228867810371396696e-01 -7.174620309157536679e-02 0.000000000000000000e+00 0.000000000000000000e+00 0.000000000000000000e+00 0.000000000000000000e+00 0.000000000000000000e+00 0.000000000000000000e+00 0.000000000000000000e+00 0.000000000000000000e+00
9.999999999999998890e-01 1.750156714897806998e-01 0.000000000000000000e+00 8.249843285102181900e-01 0.000000000000000000e+00 0.000000000000000000e+00 0.000000000000000000e+00 -3.307808237323892619e-01 -1.870006215941961147e-01 0.000000000000000000e+00 0.000000000000000000e+00 0.000000000000000000e+00 0.000000000000000000e+00 0.000000000000000000e+00 0.000000000000000000e+00 0.000000000000000000e+00 0.000000000000000000e+00
1.099999999999999867e+00 1.219518632449621970e-01 0.000000000000000000e+00 8.780481367550408978e-01 0.000000000000000000e+00 0.000000000000000000e+00 0.000000000000000000e+00 -2.039493373305568402e-01 -2.558989525615134042e-01 0.000000000000000000e+00 0.000000000000000000e+00 0.000000000000000000e+00 0.000000000000000000e+00 0.000000000000000000e+00 0.000000000000000000e+00 0.000000000000000000e+00 0.000000000000000000e+00
1.199999999999999956e+00 8.229731112015062355e-02 0.000000000000000000e+00 9.177026888798502924e-01 0.000000000000000000e+00 0.000000000000000000e+00 0.000000000000000000e+00 -6.876296275681441361e-02 -2.660753995224962587e-01 0.000000000000000000e+00 0.000000000000000000e+00 0.000000000000000000e+00 0.000000000000000000e+00 0.000000000000000000e+00 0.000000000000000000e+00 0.000000000000000000e+00 0.000000000000000000e+00
1.300000000000000044e+00 5.383353790184963045e-02 0.000000000000000000e+00 9.461664620981480311e-01 0.000000000000000000e+00 0.000000000000000000e+00 0.000000000000000000e+00 4.558649120949041789e-02 -2.210370099479810890e-01 0.000000000000000000e+00 0.000000000000000000e+00 0.000000000000000000e+00 0.000000000000000000e+00 0.000000000000000000e+00 0.000000000000000000e+00 0.000000000000000000e+00 0.000000000000000000e+00
1.399999999999999911e+00 3.417047347791775380e-02 0.000000000000000000e+00 9.658295265220865344e-01 0.000000000000000000e+00 0.000000000000000000e+00 0.000000000000000000e+00 1.164151675223784738e-01 -1.394645507727630129e-01 0.000000000000000000e+00 0.000000000000000000e+00 0.000000000000000000e+00 0.000000000000000000e+00 0.000000000000000000e+00 0.000000000000000000e+00 0.000000000000000000e+00 0.000000000000000000e+00
1.500000000000000000e+00 2.107303642120826950e-02 0.000000000000000000e+00 9.789269635787919421e-01 0.000000000000000000e+00 0.000000000000000000e+00 0.000000000000000000e+00 1.350394148809664074e-01 -4.892156875111203229e-02 0.000000000000000000e+00 0.000000000000000000e+00 0.000000000000000000e+00 0.000000000000000000e+00 0.000000000000000000e+00 0.000000000000000000e+00 0.000000000000000000e+00 0.000000000000000000e+00
1.599999999999999867e+00 1.264515220189938241e-02 0.000000000000000000e+00 9.873548477981087812e-01 0.000000000000000000e+00 0.000000000000000000e+00 0.000000000000000000e+00 1.091637953382750964e-01 2.384361728140226011e-02 0.000000000000000000e+00 0.000000000000000000e+00 0.000000000000000000e+00 0.000000000000000000e+00 0.000000000000000000e+00 0.000000000000000000e+00 0.000000000000000000e+00 0.000000000000000000e+00
1.699999999999999956e+00 7.398066470883745208e-03 0.000000000000000000e+00 9.926019335291158541e-01 0.000000000000000000e+00 0.000000000000000000e+00 0.000000000000000000e+00 5.894752338317311297e-02 6.219746346306196522e-02 0.000000000000000000e+00 0.000000000000000000e+00 0.000000000000000000e+00 0.000000000000000000e+00 0.000000000000000000e+00 0.000000000000000000e+00 0.000000000000000000e+00 0.000000000000000000e+00
1.800000000000000044e+00 4.227887145582302775e-03 0.000000000000000000e+00 9.957721128544221312e-01 0.000000000000000000e+00 0.000000000000000000e+00 0.000000000000000000e+00 8.232940922126334715e-03 6.436016330768190574e-02 0.000000000000000000e+00 0.000000000000000000e+00 0.000000000000000000e+00 0.000000000000000000e+00 0.000000000000000000e+00 0.000000000000000000e+00 0.000000000000000000e+00 0.000000000000000000e+00
1.899999999999999911e+00 2.365376572774373701e-03 0.000000000000000000e+00 9.976346234272270852e-01 0.000000000000000000e+00 0.000000000000000000e+00 0.000000000000000000e+00 -2.488658538190510749e-02 4.171857299126401769e-02 0.000000000000000000e+00 0.000000000000000000e+00 0.000000000000000000e+00 0.000000000000000000e+00 0.000000000000000000e+00 0.000000000000000000e+00 0.000000000000000000e+00 0.000000000000000000e+00
2.000000000000000000e+00 1.299237150536716517e-03 0.000000000000000000e+00 9.987007628494624090e-01 0.000000000000000000e+00 0.000000000000000000e+00 0.000000000000000000e+00 -3.402778212253127627e-02 1.181774483062930127e-02 0.000000000000000000e+00 0.000000000000000000e+00 0.000000000000000000e+00 0.000000000000000000e+00 0.000000000000000000e+00 0.000000000000000000e+00 0.000000000000000000e+00 0.000000000000000000e+00
2.099999999999999645e+00 7.022205598321454127e-04 0.000000000000000000e+00 9.992977794401648461e-01 0.000000000000000000e+00 0.000000000000000000e+00 0.000000000000000000e+00 -2.442811301762619000e-02 -1.024669077064415193e-02 0.000000000000000000e+00 0.000000000000000000e+00 0.000000000000000000e+00 0.000000000000000000e+00 0.000000000000000000e+00 0.000000000000000000e+00 0.000000000000000000e+00 0.000000000000000000e+00
2.199999999999999734e+00 3.748515602113985847e-04 0.000000000000000000e+00 9.996251484397907783e-01 0.000000000000000000e+00 0.000000000000000000e+00 0.000000000000000000e+00 -7.704345755082046832e-03 -1.775821028463838921e-02 0.000000000000000000e+00 0.000000000000000000e+00 0.000000000000000000e+00 0.000000000000000000e+00 0.000000000000000000e+00 0.000000000000000000e+00 0.000000000000000000e+00 0.000000000000000000e+00
2.299999999999999822e+00 1.981015110680137343e-04 0.000000000000000000e+00 9.998018984889357474e-01 0.000000000000000000e+00 0.000000000000000000e+00 0.000000000000000000e+00 5.304957888963334270e-03 -1.303532025975800111e-02 0.000000000000000000e+00 0.000000000000000000e+00 0.000000000000000000e+00 0.000000000000000000e+00 0.000000000000000000e+00 0.000000000000000000e+00 0.000000000000000000e+00 0.000000000000000000e+00
2.399999999999999911e+00 1.040663341046483827e-04 0.000000000000000000e+00 9.998959336658918007e-01 0.000000000000000000e+00 0.000000000000000000e+00 0.000000000000000000e+00 9.560145462910672395e-03 -3.557954755017955165e-03 0.000000000000000000e+00 0.000000000000000000e+00 0.000000000000000000e+00 0.000000000000000000e+00 0.000000000000000000e+00 0.000000000000000000e+00 0.000000000000000000e+00 0.000000000000000000e+00
2.500000000000000000e+00 5.436524850127005663e-05 0.000000000000000000e+00 9.999456347515024435e-01 0.000000000000000000e+00 0.000000000000000000e+00 0.000000000000000000e+00 6.465832838347690230e-03 3.543313500767582107e-03 0.000000000000000000e+00 0.000000000000000000e+00 0.000000000000000000e+00 0.000000000000000000e+00 0.000000000000000000e+00 0.000000000000000000e+00 0.000000000000000000e+00 0.000000000000000000e+00
2.600000000000000089e+00 2.843284858038337172e-05 0.000000000000000000e+00 9.999715671514194382e-01 0.000000000000000000e+00 0.000000000000000000e+00 0.000000000000000000e+00 9.641406089162199043e-04 5.244265954708930526e-03 0.000000000000000000e+00 0.000000000000000000e+00 0.000000000000000000e+00 0.000000000000000000e+00 0.000000000000000000e+00 0.000000000000000000e+00 0.000000000000000000e+00 0.000000000000000000e+00
2.699999999999999734e+00 1.490849552687506861e-05 0.000000000000000000e+00 9.999850915044757871e-01 0.000000000000000000e+00 0.000000000000000000e+00 0.000000000000000000e+00 -2.585570759412524327e-03 2.867571148825429593e-03 0.000000000000000000e+00 0.000000000000000000e+00 0.000000000000000000e+00 0.000000000000000000e+00 0.000000000000000000e+00 0.000000000000000000e+00 0.000000000000000000e+00 0.000000000000000000e+00
2.799999999999999822e+00 7.817420728662586988e-06 0.000000000000000000e+00 9.999921825792682517e-01 0.000000000000000000e+00 0.000000000000000000e+00 0.000000000000000000e+00 -2.779958541876097287e-03 -2.983515169293148679e-04 0.000000000000000000e+00 0.000000000000000000e+00 0.000000000000000000e+00 0.000000000000000000e+00 0.000000000000000000e+00 0.000000000000000000e+00 0.000000000000000000e+00 0.000000000000000000e+00
2.899999999999999911e+00 4.156799175359430626e-06 0.000000000000000000e+00 9.999958432008235754e-01 0.000000000000000000e+00 0.000000000000000000e+00 0.000000000000000000e+00 -9.699752452222634843e-04 -1.793242289443431258e-03 0.000000000000000000e+00 0.000000000000000000e+00 0.000000000000000000e+00 0.000000000000000000e+00 0.000000000000000000e+00 0.000000000000000000e+00 0.000000000000000000e+00 0.000000000000000000e+00
3.000000000000000000e+00 2.219447802141945628e-06 0.000000000000000000e+00 9.999977805522017871e-01 0.000000000000000000e+00 0.000000000000000000e+00 0.000000000000000000e+00 7.148115446516871245e-04 -1.307030999481991569e-03 0.000000000000000000e+00 0.000000000000000000e+00 0.000000000000000000e+00 0.000000000000000000e+00 0.000000000000000000e+00 0.000000000000000000e+00 0.000000000000000000e+00 0.000000000000000000e+00
