1.000000000000000056e-01 9.937676127355450362e-01 0.000000000000000000e+00 6.232387264456136500e-03 0.000000000000000000e+00 0.000000000000000000e+00 0.000000000000000000e+00 -7.523651685975522863e-02 2.308703037895746754e-02 0.000000000000000000e+00 0.000000000000000000e+00 0.000000000000000000e+00 0.000000000000000000e+00 0.000000000000000000e+00 0.000000000000000000e+00 0.000000000000000000e+00 0.000000000000000000e+00
2.000000000000000111e-01 9.753263105800362709e-01 0.000000000000000000e+00 2.467368941996519668e-02 0.000000000000000000e+00 0.000000000000000000e+00 0.000000000000000000e+00 -1.502075104162471919e-01 3.876341299578572874e-02 0.000000000000000000e+00 0.000000000000000000e+00 0.000000000000000000e+00 0.000000000000000000e+00 0.000000000000000000e+00 0.000000000000000000e+00 0.000000000000000000e+00 0.000000000000000000e+00
2.999999999999999889e-01 9.454241573802050214e-01 0.000000000000000000e+00 5.457584261980218815e-02 0.000000000000000000e+00 0.000000000000000000e+00 0.000000000000000000e+00 -2.235893161522496120e-01 4.006417246324178727e-02 0.000000000000000000e+00 0.000000000000000000e+00 0.000000000000000000e+00 0.000000000000000000e+00 0.000000000000000000e+00 0.000000000000000000e+00 0.000000000000000000e+00 0.000000000000000000e+00
4.000000000000000222e-01 9.052487268353928140e-01 0.000000000000000000e+00 9.475127316460570104e-02 0.000000000000000000e+00 0.000000000000000000e+00 0.000000000000000000e+00 -2.921111844782271483e-01 2.108381105484162521e-02 0.000000000000000000e+00 0.000000000000000000e+00 0.000000000000000000e+00 0.000000000000000000e+00 0.000000000000000000e+00 0.000000000000000000e+00 0.000000000000000000e+00 0.000000000000000000e+00
5.000000000000000000e-01 8.563362388417995463e-01 0.000000000000000000e+00 1.436637611582009255e-01 0.000000000000000000e+00 0.000000000000000000e+00 0.000000000000000000e+00 -3.500497732273321616e-01 -2.212782113160741138e-02 0.000000000000000000e+00 0.000000000000000000e+00 0.000000000000000000e+00 0.000000000000000000e+00 0.000000000000000000e+00 0.000000000000000000e+00 0.000000000000000000e+00 0.000000000000000000e+00
5.999999999999999778e-01 8.004787812289907434e-01 0.000000000000000000e+00 1.995212187710092844e-01 0.000000000000000000e+00 0.000000000000000000e+00 0.000000000000000000e+00 -3.892895427826558175e-01 -9.036678592287156198e-02 0.000000000000000000e+00 0.000000000000000000e+00 0.000000000000000000e+00 0.000000000000000000e+00 0.000000000000000000e+00 0.000000000000000000e+00 0.000000000000000000e+00 0.000000000000000000e+00
6.999999999999999556e-01 7.395849148798672168e-01 0.000000000000000000e+00 2.604150851201362249e-01 0.000000000000000000e+00 0.000000000000000000e+00 0.000000000000000000e+00 -4.002355739884859709e-01 -1.800293038475012652e-01 0.000000000000000000e+00 0.000000000000000000e+00 0.000000000000000000e+00 0.000000000000000000e+00 0.000000000000000000e+00 0.000000000000000000e+00 0.000000000000000000e+00 0.000000000000000000e+00
7.999999999999999334e-01 6.756202647551109441e-01 0.000000000000000000e+00 3.243797352448871685e-01 0.000000000000000000e+00 0.000000000000000000e+00 0.000000000000000000e+00 -3.736020368285537518e-01 -2.820975689617972737e-01 0.000000000000000000e+00 0.000000000000000000e+00 0.000000000000000000e+00 0.000000000000000000e+00 0.000000000000000000e+00 0.000000000000000000e+00 0.000000000000000000e+00 0.000000000000000000e+00
8.999999999999999112e-01 6.104200615876758107e-01 0.000000000000000000e+00 3.895799384123275755e-01 0.000000000000000000e+00 0.000000000000000000e+00 0.000000000000000000e+00 -3.031235698271439460e-01 -3.819993592972182328e-01 0.000000000000000000e+00 0.000000000000000000e+00 0.000000000000000000e+00 0.000000000000000000e+00 0.000000000000000000e+00 0.000000000000000000e+00 0.000000000000000000e+00 0.000000000000000000e+00
9.999999999999998890e-01 5.456751863036807260e-01 0.000000000000000000e+00 4.543248136963232153e-01 0.000000000000000000e+00 0.000000000000000000e+00 0.000000000000000000e+00 -1.886213422908488979e-01 -4.607990518147181969e-01 0.000000000000000000e+00 0.000000000000000000e+00 0.000000000000000000e+00 0.000000000000000000e+00 0.000000000000000000e+00 0.000000000000000000e+00 0.000000000000000000e+00 0.000000000000000000e+00
1.099999999999999867e+00 4.828239900454678879e-01 0.000000000000000000e+00 5.171760099545279488e-01 0.000000000000000000e+00 0.000000000000000000e+00 0.000000000000000000e+00 -3.872852023769682295e-02 -4.982018535639826107e-01 0.000000000000000000e+00 0.000000000000000000e+00 0.000000000000000000e+00 0.000000000000000000e+00 0.000000000000000000e+00 0.000000000000000000e+00 0.000000000000000000e+00 0.000000000000000000e+00
1.199999999999999956e+00 4.230548912815498830e-01 0.000000000000000000e+00 5.769451087184510607e-01 0.000000000000000000e+00 0.000000000000000000e+00 0.000000000000000000e+00 1.278232502698860018e-01 -4.772218189541315159e-01 0.000000000000000000e+00 0.000000000000000000e+00 0.000000000000000000e+00 0.000000000000000000e+00 0.000000000000000000e+00 0.000000000000000000e+00 0.000000000000000000e+00 0.000000000000000000e+00
1.300000000000000044e+00 3.672345835540300474e-01 0.000000000000000000e+00 6.327654164459676212e-01 0.000000000000000000e+00 0.000000000000000000e+00 0.000000000000000000e+00 2.836025784375659775e-01 -3.897985623843974734e-01 0.000000000000000000e+00 0.000000000000000000e+00 0.000000000000000000e+00 0.000000000000000000e+00 0.000000000000000000e+00 0.000000000000000000e+00 0.000000000000000000e+00 0.000000000000000000e+00
1.399999999999999911e+00 3.159668958935256677e-01 0.000000000000000000e+00 6.840331041064739992e-01 0.000000000000000000e+00 0.000000000000000000e+00 0.000000000000000000e+00 3.970775300020145115e-01 -2.417876168225135403e-01 0.000000000000000000e+00 0.000000000000000000e+00 0.000000000000000000e+00 0.000000000000000000e+00 0.000000000000000000e+00 0.000000000000000000e+00 0.000000000000000000e+00 0.000000000000000000e+00
1.500000000000000000e+00 2.695929562312172068e-01 0.000000000000000000e+00 7.304070437687806283e-01 0.000000000000000000e+00 0.000000000000000000e+00 0.000000000000000000e+00 4.402890875050847752e-01 -5.530018131269064108e-02 0.000000000000000000e+00 0.000000000000000000e+00 0.000000000000000000e+00 0.000000000000000000e+00 0.000000000000000000e+00 0.000000000000000000e+00 0.000000000000000000e+00 0.000000000000000000e+00
1.599999999999999867e+00 2.282349740608998478e-01 0.000000000000000000e+00 7.717650259391016787e-01 0.000000000000000000e+00 0.000000000000000000e+00 0.000000000000000000e+00 3.978932637870280509e-01 1.335092496159441811e-01 0.000000000000000000e+00 0.000000000000000000e+00 0.000000000000000000e+00 0.000000000000000000e+00 0.000000000000000000e+00 0.000000000000000000e+00 0.000000000000000000e+00 0.000000000000000000e+00
1.699999999999999956e+00 1.918170609465880139e-01 0.000000000000000000e+00 8.081829390534105428e-01 0.000000000000000000e+00 0.000000000000000000e+00 0.000000000000000000e+00 2.747122942360299969e-01 2.820574905318936065e-01 0.000000000000000000e+00 0.000000000000000000e+00 0.000000000000000000e+00 0.000000000000000000e+00 0.000000000000000000e+00 0.000000000000000000e+00 0.000000000000000000e+00 0.000000000000000000e+00
1.800000000000000044e+00 1.601216809976337696e-01 0.000000000000000000e+00 8.398783190023680900e-01 0.000000000000000000e+00 0.000000000000000000e+00 0.000000000000000000e+00 9.841946846909359337e-02 3.532652504597098009e-01 0.000000000000000000e+00 0.000000000000000000e+00 0.000000000000000000e+00 0.000000000000000000e+00 0.000000000000000000e+00 0.000000000000000000e+00 0.000000000000000000e+00 0.000000000000000000e+00
1.899999999999999911e+00 1.328307769604539224e-01 0.000000000000000000e+00 8.671692230395431356e-01 0.000000000000000000e+00 0.000000000000000000e+00 0.000000000000000000e+00 -8.522961064918201102e-02 3.285158672296443205e-01 0.000000000000000000e+00 0.000000000000000000e+00 0.000000000000000000e+00 0.000000000000000000e+00 0.000000000000000000e+00 0.000000000000000000e+00 0.000000000000000000e+00 0.000000000000000000e+00
2.000000000000000000e+00 1.095755968661566715e-01 0.000000000000000000e+00 8.904244031338423015e-01 0.000000000000000000e+00 0.000000000000000000e+00 0.000000000000000000e+00 -2.249225540138123369e-01 2.167455394374971367e-01 0.000000000000000000e+00 0.000000000000000000e+00 0.000000000000000000e+00 0.000000000000000000e+00 0.000000000000000000e+00 0.000000000000000000e+00 0.000000000000000000e+00 0.000000000000000000e+00
2.099999999999999645e+00 8.991978849054944878e-02 0.000000000000000000e+00 9.100802115094472899e-01 0.000000000000000000e+00 0.000000000000000000e+00 0.000000000000000000e+00 -2.807593706195288252e-01 5.484884231773283492e-02 0.000000000000000000e+00 0.000000000000000000e+00 0.000000000000000000e+00 0.000000000000000000e+00 0.000000000000000000e+00 0.000000000000000000e+00 0.000000000000000000e+00 0.000000000000000000e+00
2.199999999999999734e+00 7.344927471266628205e-02 0.000000000000000000e+00 9.265507252873337318e-01 0.000000000000000000e+00 0.000000000000000000e+00 0.000000000000000000e+00 -2.398390577423228087e-01 -1.026240967696967071e-01 0.000000000000000000e+00 0.000000000000000000e+00 0.000000000000000000e+00 0.000000000000000000e+00 0.000000000000000000e+00 0.000000000000000000e+00 0.000000000000000000e+00 0.000000000000000000e+00
2.299999999999999822e+00 5.974931519376450173e-02 0.000000000000000000e+00 9.402506848062406331e-01 0.000000000000000000e+00 0.000000000000000000e+00 0.000000000000000000e+00 -1.231906216006096039e-01 -2.024929751475898765e-01 0.000000000000000000e+00 0.000000000000000000e+00 0.000000000000000000e+00 0.000000000000000000e+00 0.000000000000000000e+00 0.000000000000000000e+00 0.000000000000000000e+00 0.000000000000000000e+00
2.399999999999999911e+00 4.842727304997326843e-02 0.000000000000000000e+00 9.515727269500290353e-01 0.000000000000000000e+00 0.000000000000000000e+00 0.000000000000000000e+00 2.045288486632001329e-02 -2.136907854719487521e-01 0.000000000000000000e+00 0.000000000000000000e+00 0.000000000000000000e+00 0.000000000000000000e+00 0.000000000000000000e+00 0.000000000000000000e+00 0.000000000000000000e+00 0.000000000000000000e+00
2.500000000000000000e+00 3.912718658787373016e-02 0.000000000000000000e+00 9.608728134121239384e-01 0.000000000000000000e+00 0.000000000000000000e+00 0.000000000000000000e+00 1.334160672165895234e-01 -1.406996889055344702e-01 0.000000000000000000e+00 0.000000000000000000e+00 0.000000000000000000e+00 0.000000000000000000e+00 0.000000000000000000e+00 0.000000000000000000e+00 0.000000000000000000e+00 0.000000000000000000e+00
2.600000000000000089e+00 3.152960793338868001e-02 0.000000000000000000e+00 9.684703920666136723e-01 0.000000000000000000e+00 0.000000000000000000e+00 0.000000000000000000e+00 1.733193977184212253e-01 -2.226830428186511723e-02 0.000000000000000000e+00 0.000000000000000000e+00 0.000000000000000000e+00 0.000000000000000000e+00 0.000000000000000000e+00 0.000000000000000000e+00 0.000000000000000000e+00 0.000000000000000000e+00
2.699999999999999734e+00 2.534991259985217710e-02 0.000000000000000000e+00 9.746500874001460257e-01 0.000000000000000000e+00 0.000000000000000000e+00 0.000000000000000000e+00 1.317682286422280358e-01 8.569963924575492442e-02 0.000000000000000000e+00 0.000000000000000000e+00 0.000000000000000000e+00 0.000000000000000000e+00 0.000000000000000000e+00 0.000000000000000000e+00 0.000000000000000000e+00 0.000000000000000000e+00
2.799999999999999822e+00 2.034236314816076016e-02 0.000000000000000000e+00 9.796576368518385980e-01 0.000000000000000000e+00 0.000000000000000000e+00 0.000000000000000000e+00 3.767544084226716328e-02 1.360481986362919171e-01 0.000000000000000000e+00 0.000000000000000000e+00 0.000000000000000000e+00 0.000000000000000000e+00 0.000000000000000000e+00 0.000000000000000000e+00 0.000000000000000000e+00 0.000000000000000000e+00
2.899999999999999911e+00 1.630238625802353861e-02 0.000000000000000000e+00 9.836976137419789490e-01 0.000000000000000000e+00 0.000000000000000000e+00 0.000000000000000000e+00 -5.767253825593938316e-02 1.127408369657545983e-01 0.000000000000000000e+00 0.000000000000000000e+00 0.000000000000000000e+00 0.000000000000000000e+00 0.000000000000000000e+00 0.000000000000000000e+00 0.000000000000000000e+00 0.000000000000000000e+00
3.000000000000000000e+00 1.305025836194061151e-02 0.000000000000000000e+00 9.869497416380548227e-01 0.000000000000000000e+00 0.000000000000000000e+00 0.000000000000000000e+00 -1.071244565104916141e-01 3.747398001015056490e-02 0.000000000000000000e+00 0.000000000000000000e+00 0.000000000000000000e+00 0.000000000000000000e+00 0.000000000000000000e+00 0.000000000000000000e+00 0.000000000000000000e+00 0.000000000000000000e+00
