1.000000000000000056e-01 9.894342622073301063e-01 0.000000000000000000e+00 1.056573779266869323e-02 0.000000000000000000e+00 0.000000000000000000e+00 0.000000000000000000e+00 7.843835485370427574e-02 6.558602887053174846e-02 0.000000000000000000e+00 0.000000000000000000e+00 0.000000000000000000e+00 0.000000000000000000e+00 0.000000000000000000e+00 0.000000000000000000e+00 0.000000000000000000e+00 0.000000000000000000e+00
2.000000000000000111e-01 9.584378552919602390e-01 0.000000000000000000e+00 4.156214470803643035e-02 0.000000000000000000e+00 0.000000000000000000e+00 0.000000000000000000e+00 1.463831002609619625e-01 1.356713710352940583e-01 0.000000000000000000e+00 0.000000000000000000e+00 0.000000000000000000e+00 0.000000000000000000e+00 0.000000000000000000e+00 0.000000000000000000e+00 0.000000000000000000e+00 0.000000000000000000e+00
2.999999999999999889e-01 9.090320032802432504e-01 0.000000000000000000e+00 9.096799671975433488e-02 0.000000000000000000e+00 0.000000000000000000e+00 0.000000000000000000e+00 1.935428501175955884e-01 2.126828297937813916e-01 0.000000000000000000e+00 0.000000000000000000e+00 0.000000000000000000e+00 0.000000000000000000e+00 0.000000000000000000e+00 0.000000000000000000e+00 0.000000000000000000e+00 0.000000000000000000e+00
4.000000000000000222e-01 8.443314214987036603e-01 0.000000000000000000e+00 1.556685785012967838e-01 0.000000000000000000e+00 0.000000000000000000e+00 0.000000000000000000e+00 2.104309653166239469e-01 2.952197176300663251e-01 0.000000000000000000e+00 0.000000000000000000e+00 0.000000000000000000e+00 0.000000000000000000e+00 0.000000000000000000e+00 0.000000000000000000e+00 0.000000000000000000e+00 0.000000000000000000e+00
5.000000000000000000e-01 7.682029316048140100e-01 0.000000000000000000e+00 2.317970683951892930e-01 0.000000000000000000e+00 0.000000000000000000e+00 0.000000000000000000e+00 1.896921114118497176e-01 3.769404349827404910e-01 0.000000000000000000e+00 0.000000000000000000e+00 0.000000000000000000e+00 0.000000000000000000e+00 0.000000000000000000e+00 0.000000000000000000e+00 0.000000000000000000e+00 0.000000000000000000e+00
5.999999999999999778e-01 6.848730140947381084e-01 0.000000000000000000e+00 3.151269859052622246e-01 0.000000000000000000e+00 0.000000000000000000e+00 0.000000000000000000e+00 1.280692317605419961e-01 4.465649326349391823e-01 0.000000000000000000e+00 0.000000000000000000e+00 0.000000000000000000e+00 0.000000000000000000e+00 0.000000000000000000e+00 0.000000000000000000e+00 0.000000000000000000e+00 0.000000000000000000e+00
6.999999999999999556e-01 5.985486528326526834e-01 0.000000000000000000e+00 4.014513471673565315e-01 0.000000000000000000e+00 0.000000000000000000e+00 0.000000000000000000e+00 2.866276587132182696e-02 4.893532552332953145e-01 0.000000000000000000e+00 0.000000000000000000e+00 0.000000000000000000e+00 0.000000000000000000e+00 0.000000000000000000e+00 0.000000000000000000e+00 0.000000000000000000e+00 0.000000000000000000e+00
7.999999999999999334e-01 5.130409702152678442e-01 0.000000000000000000e+00 4.869590297847328775e-01 0.000000000000000000e+00 0.000000000000000000e+00 0.000000000000000000e+00 -9.735374838891612537e-02 4.902572594224578473e-01 0.000000000000000000e+00 0.000000000000000000e+00 0.000000000000000000e+00 0.000000000000000000e+00 0.000000000000000000e+00 0.000000000000000000e+00 0.000000000000000000e+00 0.000000000000000000e+00
8.999999999999999112e-01 4.315298240945178443e-01 0.000000000000000000e+00 5.684701759054804349e-01 0.000000000000000000e+00 0.000000000000000000e+00 0.000000000000000000e+00 -2.305248841360121315e-01 4.383721157144564451e-01 0.000000000000000000e+00 0.000000000000000000e+00 0.000000000000000000e+00 0.000000000000000000e+00 0.000000000000000000e+00 0.000000000000000000e+00 0.000000000000000000e+00 0.000000000000000000e+00
9.999999999999998890e-01 3.564049915956418180e-01 0.000000000000000000e+00 6.435950084043596808e-01 0.000000000000000000e+00 0.000000000000000000e+00 0.000000000000000000e+00 -3.454244471600825261e-01 3.317565716069406090e-01 0.000000000000000000e+00 0.000000000000000000e+00 0.000000000000000000e+00 0.000000000000000000e+00 0.000000000000000000e+00 0.000000000000000000e+00 0.000000000000000000e+00 0.000000000000000000e+00
1.099999999999999867e+00 2.892419488551881690e-01 0.000000000000000000e+00 7.107580511448160498e-01 0.000000000000000000e+00 0.000000000000000000e+00 0.000000000000000000e+00 -4.157075210373705199e-01 1.810201598718594873e-01 0.000000000000000000e+00 0.000000000000000000e+00 0.000000000000000000e+00 0.000000000000000000e+00 0.000000000000000000e+00 0.000000000000000000e+00 0.000000000000000000e+00 0.000000000000000000e+00
1.199999999999999956e+00 2.308332476915019027e-01 0.000000000000000000e+00 7.691667523085028435e-01 0.000000000000000000e+00 0.000000000000000000e+00 0.000000000000000000e+00 -4.212502293240580342e-01 9.874341753406845612e-03 0.000000000000000000e+00 0.000000000000000000e+00 0.000000000000000000e+00 0.000000000000000000e+00 0.000000000000000000e+00 0.000000000000000000e+00 0.000000000000000000e+00 0.000000000000000000e+00
1.300000000000000044e+00 1.813089627965125961e-01 0.000000000000000000e+00 8.186910372034883476e-01 0.000000000000000000e+00 0.000000000000000000e+00 0.000000000000000000e+00 -3.554399033099303606e-01 -1.486556365030309301e-01 0.000000000000000000e+00 0.000000000000000000e+00 0.000000000000000000e+00 0.000000000000000000e+00 0.000000000000000000e+00 0.000000000000000000e+00 0.000000000000000000e+00 0.000000000000000000e+00
1.399999999999999911e+00 1.402858413593054687e-01 0.000000000000000000e+00 8.597141586406957803e-01 0.000000000000000000e+00 0.000000000000000000e+00 0.000000000000000000e+00 -2.298595759400430261e-01 -2.603272889767614950e-01 0.000000000000000000e+00 0.000000000000000000e+00 0.000000000000000000e+00 0.000000000000000000e+00 0.000000000000000000e+00 0.000000000000000000e+00 0.000000000000000000e+00 0.000000000000000000e+00
1.500000000000000000e+00 1.070278825878755169e-01 0.000000000000000000e+00 8.929721174121276750e-01 0.000000000000000000e+00 0.000000000000000000e+00 0.000000000000000000e+00 -7.370230572724049967e-02 -3.002347168572453429e-01 0.000000000000000000e+00 0.000000000000000000e+00 0.000000000000000000e+00 0.000000000000000000e+00 0.000000000000000000e+00 0.000000000000000000e+00 0.000000000000000000e+00 0.000000000000000000e+00
1.599999999999999867e+00 8.059436838159361738e-02 0.000000000000000000e+00 9.194056316184082700e-01 0.000000000000000000e+00 0.000000000000000000e+00 0.000000000000000000e+00 7.325680899174466520e-02 -2.621685629953469099e-01 0.000000000000000000e+00 0.000000000000000000e+00 0.000000000000000000e+00 0.000000000000000000e+00 0.000000000000000000e+00 0.000000000000000000e+00 0.000000000000000000e+00 0.000000000000000000e+00
1.699999999999999956e+00 5.996305016595795262e-02 0.000000000000000000e+00 9.400369498340453989e-01 0.000000000000000000e+00 0.000000000000000000e+00 0.000000000000000000e+00 1.728664197148513104e-01 -1.627411550435021725e-01 0.000000000000000000e+00 0.000000000000000000e+00 0.000000000000000000e+00 0.000000000000000000e+00 0.000000000000000000e+00 0.000000000000000000e+00 0.000000000000000000e+00 0.000000000000000000e+00
1.800000000000000044e+00 4.412703378148855049e-02 0.000000000000000000e+00 9.558729662185059262e-01 0.000000000000000000e+00 0.000000000000000000e+00 0.000000000000000000e+00 2.019501548597678886e-01 -3.736273332773003969e-02 0.000000000000000000e+00 0.000000000000000000e+00 0.000000000000000000e+00 0.000000000000000000e+00 0.000000000000000000e+00 0.000000000000000000e+00 0.000000000000000000e+00 0.000000000000000000e+00
1.899999999999999911e+00 3.215854505286691589e-02 0.000000000000000000e+00 9.678414549471345829e-01 0.000000000000000000e+00 0.000000000000000000e+00 0.000000000000000000e+00 1.612502509394314609e-01 7.157324477452395306e-02 0.000000000000000000e+00 0.000000000000000000e+00 0.000000000000000000e+00 0.000000000000000000e+00 0.000000000000000000e+00 0.000000000000000000e+00 0.000000000000000000e+00 0.000000000000000000e+00
2.000000000000000000e+00 2.323071109454840494e-02 0.000000000000000000e+00 9.767692889054518934e-01 0.000000000000000000e+00 0.000000000000000000e+00 0.000000000000000000e+00 7.546785351799271957e-02 1.303673597243565352e-01 0.000000000000000000e+00 0.000000000000000000e+00 0.000000000000000000e+00 0.000000000000000000e+00 0.000000000000000000e+00 0.000000000000000000e+00 0.000000000000000000e+00 0.000000000000000000e+00
2.099999999999999645e+00 1.665404150466264638e-02 0.000000000000000000e+00 9.833459584953371246e-01 0.000000000000000000e+00 0.000000000000000000e+00 0.000000000000000000e+00 -1.663853302449887564e-02 1.268851587172230566e-01 0.000000000000000000e+00 0.000000000000000000e+00 0.000000000000000000e+00 0.000000000000000000e+00 0.000000000000000000e+00 0.000000000000000000e+00 0.000000000000000000e+00 0.000000000000000000e+00
2.199999999999999734e+00 1.186184575942038702e-02 0.000000000000000000e+00 9.881381542405786034e-01 0.000000000000000000e+00 0.000000000000000000e+00 0.000000000000000000e+00 -7.852444216953839706e-02 7.453223826613880609e-02 0.000000000000000000e+00 0.000000000000000000e+00 0.000000000000000000e+00 0.000000000000000000e+00 0.000000000000000000e+00 0.000000000000000000e+00 0.000000000000000000e+00 0.000000000000000000e+00
2.299999999999999822e+00 8.403014704994341000e-03 0.000000000000000000e+00 9.915969852950029528e-01 0.000000000000000000e+00 0.000000000000000000e+00 0.000000000000000000e+00 -9.115362999747227135e-02 4.839377097654874380e-03 0.000000000000000000e+00 0.000000000000000000e+00 0.000000000000000000e+00 0.000000000000000000e+00 0.000000000000000000e+00 0.000000000000000000e+00 0.000000000000000000e+00 0.000000000000000000e+00
2.399999999999999911e+00 5.926266452044129038e-03 0.000000000000000000e+00 9.940737335479513659e-01 0.000000000000000000e+00 0.000000000000000000e+00 0.000000000000000000e+00 -5.979709907657612677e-02 -4.811914960933635910e-02 0.000000000000000000e+00 0.000000000000000000e+00 0.000000000000000000e+00 0.000000000000000000e+00 0.000000000000000000e+00 0.000000000000000000e+00 0.000000000000000000e+00 0.000000000000000000e+00
2.500000000000000000e+00 4.165648668975902545e-03 0.000000000000000000e+00 9.958343513310262685e-01 0.000000000000000000e+00 0.000000000000000000e+00 0.000000000000000000e+00 -8.924522705293981908e-03 -6.378596075890548278e-02 0.000000000000000000e+00 0.000000000000000000e+00 0.000000000000000000e+00 0.000000000000000000e+00 0.000000000000000000e+00 0.000000000000000000e+00 0.000000000000000000e+00 0.000000000000000000e+00
2.600000000000000089e+00 2.920591857245339110e-03 0.000000000000000000e+00 9.970794081427544198e-01 0.000000000000000000e+00 0.000000000000000000e+00 0.000000000000000000e+00 3.214015285968091495e-02 -4.334826945686225119e-02 0.000000000000000000e+00 0.000000000000000000e+00 0.000000000000000000e+00 0.000000000000000000e+00 0.000000000000000000e+00 0.000000000000000000e+00 0.000000000000000000e+00 0.000000000000000000e+00
2.699999999999999734e+00 2.044765818684018618e-03 0.000000000000000000e+00 9.979552341813167082e-01 0.000000000000000000e+00 0.000000000000000000e+00 0.000000000000000000e+00 4.476866199646582084e-02 -6.029212415641178532e-03 0.000000000000000000e+00 0.000000000000000000e+00 0.000000000000000000e+00 0.000000000000000000e+00 0.000000000000000000e+00 0.000000000000000000e+00 0.000000000000000000e+00 0.000000000000000000e+00
2.799999999999999822e+00 1.430703105142919511e-03 0.000000000000000000e+00 9.985692968948588488e-01 0.000000000000000000e+00 0.000000000000000000e+00 0.000000000000000000e+00 2.924359554580426360e-02 2.394719296600580916e-02 0.000000000000000000e+00 0.000000000000000000e+00 0.000000000000000000e+00 0.000000000000000000e+00 0.000000000000000000e+00 0.000000000000000000e+00 0.000000000000000000e+00 0.000000000000000000e+00
2.899999999999999911e+00 1.000704882117246265e-03 0.000000000000000000e+00 9.989992951178835456e-01 0.000000000000000000e+00 0.000000000000000000e+00 0.000000000000000000e+00 1.387514726900850558e-03 3.158762383383005579e-02 0.000000000000000000e+00 0.000000000000000000e+00 0.000000000000000000e+00 0.000000000000000000e+00 0.000000000000000000e+00 0.000000000000000000e+00 0.000000000000000000e+00 0.000000000000000000e+00
3.000000000000000000e+00 7.006690785737239259e-04 0.000000000000000000e+00 9.992993309214263098e-01 0.000000000000000000e+00 0.000000000000000000e+00 0.000000000000000000e+00 -1.927901419194332985e-02 1.812449993893537614e-02 0.000000000000000000e+00 0.000000000000000000e+00 0.000000000000000000e+00 0.000000000000000000e+00 0.000000000000000000e+00 0.000000000000000000e+00 0.000000000000000000e+00 0.000000000000000000e+00
