0.000000000000000000e+00 8.392788214443903120e-12 8.999161004521748859e-12 -1.000000000000000000e+00
2.105263157894736725e-01 4.413600458685718042e-01 3.820506033390013156e-01 -7.945421623964988855e-01
4.210526315789473450e-01 7.661431366514563912e-01 3.777598735698462495e-01 -3.415021990710704891e-01
6.315789473684210176e-01 8.157172813807370693e-01 3.473389754431341347e-02 9.943104961104491657e-02
8.421052631578946901e-01 5.537087018997018939e-01 -3.081012146628216430e-01 4.253226186630426064e-01
1.052631578947368363e+00 1.698424472572836741e-01 -3.887266141271469300e-01 6.518236653766283917e-01
1.263157894736842035e+00 -7.653214188083644343e-02 -2.331944236721472385e-01 8.086777573986170253e-01
1.473684210526315708e+00 -1.094274022863363366e-01 -5.302993867380183246e-02 9.089504549100296815e-01
1.684210526315789380e+00 -4.683054943537617865e-02 2.137968769350615666e-02 9.632881240020295666e-01
1.894736842105263053e+00 -3.425142128013916251e-03 1.831754424542100107e-02 9.874777174783088141e-01
2.105263157894736725e+00 4.311604067923373654e-03 3.801871438661021205e-03 9.963609868653381385e-01
2.315789473684210620e+00 1.387568093249222628e-03 -5.513663296736943421e-04 9.990916202556959780e-01
2.526315789473684070e+00 1.108374093244541832e-05 -3.222493456529865771e-04 9.998039369968666490e-01
2.736842105263157521e+00 -4.884288248408608898e-05 -2.207983074206480972e-05 9.999632492439879394e-01
2.947368421052631415e+00 -6.101726703148165911e-06 7.786613488859437667e-06 9.999940030423715154e-01
3.157894736842105310e+00 1.768511744497394395e-06 -6.790823142527696595e-07 9.999991472688699590e-01
3.368421052631578760e+00 1.242504413013007868e-06 -2.237559311647473542e-06 9.999998943171197752e-01
3.578947368421052211e+00 1.171390449988780625e-06 -2.367089210439084511e-07 9.999999885901774688e-01
3.789473684210526105e+00 2.714467335242166932e-06 2.384369742971326270e-06 9.999999989281873614e-01
4.000000000000000000e+00 3.553693847668002560e-06 -6.070465293219605931e-07 9.999999999180385624e-01
