0.000000000000000000e+00 8.126598450502550633e-12 9.327959665702130430e-12 -1.000000000000000000e+00
1.025641025641025605e-01 2.146988209497115441e-01 2.273108279861320857e-01 -9.485646099035166534e-01
2.051282051282051211e-01 4.236423042868062150e-01 4.015664132941815789e-01 -8.039254454280702067e-01
3.076923076923077094e-01 6.152466094985795664e-01 4.842133776699336090e-01 -5.914825290276033432e-01
4.102564102564102422e-01 7.704854438639943126e-01 4.605700737821268875e-01 -3.437095720903531326e-01
5.128205128205127750e-01 8.668631253621865707e-01 3.416852409795922974e-01 -9.102967001189060658e-02
6.153846153846154188e-01 8.859888115794796182e-01 1.594717343762965811e-01 1.440400792203645475e-01
7.179487179487179516e-01 8.212636610846858476e-01 -4.246354857478776279e-02 3.485465466590135231e-01
8.205128205128204844e-01 6.824996663047291356e-01 -2.199336630315714136e-01 5.176710107620365875e-01
9.230769230769230171e-01 4.953253963852166097e-01 -3.388640811137632047e-01 6.521565652770604515e-01
1.025641025641025550e+00 2.951677501675363802e-01 -3.831061618370065758e-01 7.557032625973566509e-01
1.128205128205128194e+00 1.174267323601657920e-01 -3.569988506513119830e-01 8.331719860176476367e-01
1.230769230769230838e+00 -1.236615775617498636e-02 -2.815476208996821605e-01 8.894943526949740109e-01
1.333333333333333259e+00 -8.458281461710744076e-02 -1.856397164989953275e-01 9.292064475644753463e-01
1.435897435897435903e+00 -1.054340525114359356e-01 -9.597394070872952709e-02 9.562647351466869727e-01
1.538461538461538325e+00 -9.153550212320847590e-02 -2.964253852595303412e-02 9.740125534878226743e-01
1.641025641025640969e+00 -6.215750749183676649e-02 8.241206391765967809e-03 9.851801361256601330e-01
1.743589743589743613e+00 -3.264613951748249199e-02 2.213442570156921863e-02 9.919037917768137591e-01
1.846153846153846034e+00 -1.133568476627638648e-02 2.109085008954693363e-02 9.957685130720804745e-01
1.948717948717948678e+00 7.879756657844932954e-05 1.401029598591842923e-02 9.978866458100884573e-01
2.051282051282051100e+00 3.923216690776046810e-03 6.850645223284278044e-03 9.989922368984344159e-01
2.153846153846153744e+00 3.712851498717741668e-03 2.125265764905009871e-03 9.995414804179769686e-01
2.256410256410256387e+00 2.222602502836808821e-03 -5.437481642226208930e-05 9.998010567205820598e-01
2.358974358974359031e+00 9.272408946007265791e-04 -6.058170216309888062e-04 9.999177123004873158e-01
2.461538461538461675e+00 2.155249412841282026e-04 -4.828595397793509700e-04 9.999675613799208218e-01
2.564102564102563875e+00 -3.792137546414903453e-05 -2.342343263013889516e-04 9.999878155544671410e-01
2.666666666666666519e+00 -7.225405161257534138e-05 -7.430705006661763223e-05 9.999956385240997836e-01
2.769230769230769162e+00 -4.035594235692592735e-05 -1.021908468813474141e-05 9.999985124197311448e-01
2.871794871794871806e+00 -1.646486201183377694e-05 8.577449178004974324e-06 9.999995164118200552e-01
2.974358974358974450e+00 -1.169827628121800862e-06 6.488219803067953146e-06 9.999998501843059273e-01
3.076923076923076650e+00 1.798025230226554866e-07 3.173963985841439701e-06 9.999999557520157234e-01
3.179487179487179294e+00 1.143949939656992807e-06 7.266238751694770573e-07 9.999999875428748908e-01
3.282051282051281937e+00 -5.042392024264441218e-07 -1.990869586543723015e-06 9.999999966575727761e-01
3.384615384615384581e+00 3.355842945661468729e-06 4.441962727752252493e-07 9.999999991439456615e-01
3.487179487179487225e+00 5.283426086262394786e-07 -1.567690802361322367e-06 9.999999997966633192e-01
3.589743589743589425e+00 2.952861276509183542e-06 -2.586048702261162018e-06 9.999999999499200598e-01
3.692307692307692069e+00 4.767760689969270313e-06 5.287588075371625581e-07 9.999999999873708800e-01
3.794871794871794712e+00 1.341625839379000469e-06 -9.437932820117205570e-07 1.000000000006627143e+00
3.897435897435897356e+00 1.415876902069784009e-06 2.740505704664901594e-07 1.000000000010929257e+00
4.000000000000000000e+00 -7.808489971667648743e-07 -1.133172193407758950e-06 1.000000000011983969e+00
