0.000000000000000000e+00 9.456883622273619629e-12 1.021470249167635929e-11 -1.000000000000000000e+00
1.025641025641025605e-01 2.457759002091195466e-01 2.436477242780258623e-01 -9.258157344988986459e-01
2.051282051282051211e-01 4.674957411290803222e-01 4.064009546938642803e-01 -7.283313601348235800e-01
3.076923076923077094e-01 6.354624823094758845e-01 4.386921409485783907e-01 -4.716050438932343214e-01
4.102564102564102422e-01 7.179142829841220763e-01 3.404539546277316475e-01 -2.315808488782349628e-01
5.128205128205127750e-01 6.945118762648020416e-01 1.583572616315938042e-01 -6.753482841902781753e-02
6.153846153846154188e-01 5.706269577946259108e-01 -3.650883136937323192e-02 -5.531492501483783152e-03
7.179487179487179516e-01 3.809573008896151025e-01 -1.795244140886724238e-01 -3.847256205913514998e-02
8.205128205128204844e-01 1.779600623183677233e-01 -2.369163948602087677e-01 -1.382111371640241115e-01
9.230769230769230171e-01 1.120751488893464640e-02 -2.128493318216008734e-01 -2.708846320244272521e-01
1.025641025641025550e+00 -9.041554049312364172e-02 -1.387325103021565809e-01 -4.082433636351133766e-01
1.128205128205128194e+00 -1.247644222151855498e-01 -5.359218154909620863e-02 -5.324737081903028191e-01
1.230769230769230838e+00 -1.100340634444304799e-01 1.304126020468520351e-02 -6.356881797445372850e-01
1.333333333333333259e+00 -7.197131843202594914e-02 4.875956512950024857e-02 -7.168954339193200909e-01
1.435897435897435903e+00 -3.248229504581993943e-02 5.621600404079694913e-02 -7.787012378781099642e-01
1.538461538461538325e+00 -3.926304617677699171e-03 4.598543424608685787e-02 -8.249195488216722882e-01
1.641025641025640969e+00 1.071329787957026394e-02 2.941811817417432431e-02 -8.592434344416358671e-01
1.743589743589743613e+00 1.434821614042401661e-02 1.438328094044613072e-02 -8.847157163809039604e-01
1.846153846153846034e+00 1.186698309891270030e-02 4.310342833879195722e-03 -9.036409992832903360e-01
1.948717948717948678e+00 7.483632252666272064e-03 -7.127948139019789006e-04 -9.176838076235841468e-01
2.051282051282051100e+00 3.660038875539495078e-03 -2.220389050545417374e-03 -9.280108267249724818e-01
2.153846153846153744e+00 1.255167251503632765e-03 -1.956288428114108437e-03 -9.354174154244303541e-01
2.256410256410256387e+00 1.298040266605129554e-04 -1.187468530737606108e-03 -9.404220502594069497e-01
2.358974358974359031e+00 -1.985077942622106911e-04 -5.415428671532731240e-04 -9.433304804142375044e-01
2.461538461538461675e+00 -1.852596648275820477e-04 -1.787730905428554576e-04 -9.442747773973831915e-01
2.564102564102563875e+00 -9.648272113298611867e-05 -3.639971879909395113e-05 -9.432338314202882712e-01
2.666666666666666519e+00 -3.839164090103418052e-05 -2.414801817232585372e-06 -9.400400467695196882e-01
2.769230769230769162e+00 -1.283672405751109690e-05 8.795275928988187831e-07 -9.343765188567935143e-01
2.871794871794871806e+00 -7.184769784859634142e-06 -2.476935815213594561e-07 -9.257690116245786971e-01
2.974358974358974450e+00 -5.664792409336220677e-06 7.874490260482106148e-07 -9.135777631901580431e-01
3.076923076923076650e+00 -3.407867536589041525e-06 1.364459583435399340e-06 -8.969956236834514263e-01
3.179487179487179294e+00 -5.806548774831712150e-07 9.626571011427621469e-07 -8.750605636262084319e-01
3.282051282051281937e+00 -1.106325412571222887e-06 2.073540673345160186e-06 -8.466897803996882299e-01
3.384615384615384581e+00 7.067764823409123153e-07 -5.486589349374218863e-07 -8.107439319032339053e-01
3.487179487179487225e+00 9.622794586106350554e-07 6.943153748448643714e-07 -7.661231011629751064e-01
3.589743589743589425e+00 -7.913446525665715816e-07 -6.760873261765908605e-08 -7.118898024448488959e-01
3.692307692307692069e+00 1.420283539855088108e-06 8.896342970776010585e-07 -6.474104589648764785e-01
3.794871794871794712e+00 -2.188085733773403424e-06 -2.610620548241010985e-06 -5.724896657389556553e-01
3.897435897435897356e+00 1.059283237608813013e-06 4.774319074719281024e-08 -4.874775845431701948e-01
4.000000000000000000e+00 1.549462514149526005e-07 9.409731766130268288e-07 -3.933216868116677367e-01
