0.000000000000000000e+00 8.275186853811066451e-12 9.250249953066066979e-12 -1.000000000000000000e+00
1.025641025641025605e-01 2.182700532693188644e-01 2.249517073629210273e-01 -9.477845454687455762e-01
2.051282051282051211e-01 4.297535802820501294e-01 3.947382447225142865e-01 -8.014444848662967136e-01
3.076923076923077094e-01 6.214480574131646673e-01 4.695138453168438142e-01 -5.881531697010570214e-01
4.102564102564102422e-01 7.726648910222919664e-01 4.349488838425665804e-01 -3.427536262071848028e-01
5.128205128205127750e-01 8.597863424439601276e-01 3.044677321269321224e-01 -9.770189954022900913e-02
6.153846153846154188e-01 8.648760128067488617e-01 1.137434839418534627e-01 1.237624958260359481e-01
7.179487179487179516e-01 7.838543415110553747e-01 -9.007447408628893593e-02 3.098375679449056896e-01
8.205128205128204844e-01 6.305208453761096399e-01 -2.611625692291671408e-01 4.584865357084219051e-01
9.230769230769230171e-01 4.345210738603481060e-01 -3.665976122081910926e-01 5.740556157941505422e-01
1.025641025641025550e+00 2.337317429316957684e-01 -3.937447748492012845e-01 6.636447642522746992e-01
1.128205128205128194e+00 6.354662255128909476e-02 -3.514202643785887537e-01 7.343750090653516915e-01
1.230769230769230838e+00 -5.289324531930934825e-02 -2.644329275793117495e-01 7.918069962460441147e-01
1.333333333333333259e+00 -1.097515137730175339e-01 -1.635510079298861941e-01 8.394962806540825495e-01
1.435897435897435903e+00 -1.169797838855007044e-01 -7.501747752978096817e-02 8.792976087382098349e-01
1.538461538461538325e+00 -9.361009256070787488e-02 -1.370649300947794115e-02 9.120311958837713506e-01
1.641025641025640969e+00 -5.942780250137733034e-02 1.803025992967959013e-02 9.381440136771483917e-01
1.743589743589743613e+00 -2.874535262644668451e-02 2.676645340992432967e-02 9.581503357061038617e-01
1.846153846153846034e+00 -8.221568057891943254e-03 2.247434235029916599e-02 9.727944019430060374e-01
1.948717948717948678e+00 1.885700834070708903e-03 1.390676319016697152e-02 9.830156635783897645e-01
2.051282051282051100e+00 4.699754909305785613e-03 6.366786715854722001e-03 9.898172020409249372e-01
2.153846153846153744e+00 3.919810360720508285e-03 1.746186808279513464e-03 9.941353342515866220e-01
2.256410256410256387e+00 2.218737273608269861e-03 -2.477527141641212415e-04 9.967539536447063142e-01
2.358974358974359031e+00 8.794382415181008390e-04 -6.763416220741084875e-04 9.982725793502528200e-01
2.461538461538461675e+00 1.834989647613823114e-04 -4.924463182828973332e-04 9.991157641574152093e-01
2.564102564102563875e+00 -5.136206988011918846e-05 -2.327752679829549253e-04 9.995644450008254189e-01
2.666666666666666519e+00 -7.323054837183873018e-05 -7.436834081608447778e-05 9.997934689794424346e-01
2.769230769230769162e+00 -4.305753941077837104e-05 -4.132778805882807952e-06 9.999056935267383039e-01
2.871794871794871806e+00 -1.913046401777071810e-05 8.353554322965189017e-06 9.999585191650607330e-01
2.974358974358974450e+00 -2.090468235553611213e-06 8.298363383603915729e-06 9.999824198886966276e-01
3.076923076923076650e+00 -6.070174563455895235e-09 1.945278861139814762e-06 9.999928191356853846e-01
3.179487179487179294e+00 1.021337878036445542e-06 -1.257794919452969866e-06 9.999971724263659878e-01
3.282051282051281937e+00 -4.932593194609426321e-06 -3.298771748771224854e-06 9.999989264126514232e-01
3.384615384615384581e+00 2.368610188687022255e-06 2.013859110091756971e-06 9.999996068845559138e-01
3.487179487179487225e+00 -1.213887128198300402e-06 -2.835683473889221849e-06 9.999998611456384356e-01
3.589743589743589425e+00 1.046341444646555530e-06 -1.396599949036441924e-06 9.999999526853837750e-01
3.692307692307692069e+00 2.252294060872788748e-06 3.845004390536434088e-06 9.999999844375164759e-01
3.794871794871794712e+00 -7.276510175677025685e-07 -1.816365198745108046e-06 9.999999950688820416e-01
3.897435897435897356e+00 1.542672716442712558e-06 -9.220895902518268808e-07 9.999999984976165601e-01
4.000000000000000000e+00 -1.607910070643462970e-06 -1.660566952616331038e-06 9.999999995618431559e-01
