0.000000000000000000e+00 9.455653017132149760e-12 1.012169969329073180e-11 -1.000000000000000000e+00
1.025641025641025605e-01 2.459900657695585358e-01 2.416845239863526507e-01 -9.275291622537121805e-01
2.051282051282051211e-01 4.698252795535988180e-01 4.043521412144159832e-01 -7.335907232862258764e-01
3.076923076923077094e-01 6.431249824818063843e-01 4.386336765352734091e-01 -4.784887392403843198e-01
4.102564102564102422e-01 7.341008621053710659e-01 3.425025609669667959e-01 -2.346334841995671994e-01
5.128205128205127750e-01 7.204888330532509544e-01 1.596555224416537633e-01 -6.007741867894468568e-02
6.153846153846154188e-01 6.041281844458176176e-01 -4.068467917082413399e-02 1.740672388621631803e-02
7.179487179487179516e-01 4.160900765814248281e-01 -1.930327914902499331e-01 1.357755121320210591e-03
8.205128205128204844e-01 2.071334934469382660e-01 -2.600893110038660638e-01 -8.374890137400237133e-02
9.230769230769230171e-01 2.830307797315570473e-02 -2.417043226490168950e-01 -2.064078701540599248e-01
1.025641025641025550e+00 -8.739386783509348056e-02 -1.666234490207662566e-01 -3.389947349875976901e-01
1.128205128205128194e+00 -1.330888165819358315e-01 -7.427608640047175803e-02 -4.629276370544423980e-01
1.230769230769230838e+00 -1.238931009704837410e-01 2.749960486346466650e-03 -5.688971814335154198e-01
1.333333333333333259e+00 -8.527103581630225693e-02 4.815792781672922213e-02 -6.544622625538163430e-01
1.435897435897435903e+00 -4.119641743814417278e-02 6.178613643050862025e-02 -7.210968077475496951e-01
1.538461538461538325e+00 -6.976430536556936512e-03 5.344558357501491552e-02 -7.718809343311239246e-01
1.641025641025640969e+00 1.202499071852648413e-02 3.549999082203755818e-02 -8.101015098758013178e-01
1.743589743589743613e+00 1.772346114276473344e-02 1.765858815251782760e-02 -8.386066342850833077e-01
1.846153846153846034e+00 1.525574469521811735e-02 4.970327821824679568e-03 -8.596175302718935818e-01
1.948717948717948678e+00 9.756362647607222383e-03 -1.623765037603492473e-03 -8.747538357061724890e-01
2.051282051282051100e+00 4.625525298846596897e-03 -3.584867270096886091e-03 -8.851340622930506941e-01
2.153846153846153744e+00 1.291575629926398905e-03 -3.056729520511575031e-03 -8.914756278996364136e-01
2.256410256410256387e+00 -2.382036061311051424e-04 -1.779190975759685879e-03 -8.941747407425396643e-01
2.358974358974359031e+00 -5.848166276433016363e-04 -7.124510413800143370e-04 -8.933595781541271430e-01
2.461538461538461675e+00 -4.288522756533485287e-04 -1.324125900734155772e-04 -8.889228760272469554e-01
2.564102564102563875e+00 -1.913612449214229319e-04 6.333364448216823321e-05 -8.805406092777755545e-01
2.666666666666666519e+00 -4.529115634224288708e-05 7.346642997946531309e-05 -8.676842195746327091e-01
2.769230769230769162e+00 5.969785713565309103e-06 3.204673995230493210e-05 -8.496353602194937071e-01
2.871794871794871806e+00 9.995538226136827816e-06 5.815090924231328222e-06 -8.255119896738293273e-01
2.974358974358974450e+00 2.687454849850853603e-06 -1.447037665002118449e-06 -7.943145152984262269e-01
3.076923076923076650e+00 -6.130126639402450915e-07 -2.221708365712103145e-06 -7.549989836547001953e-01
3.179487179487179294e+00 -2.244218252385846986e-06 -2.392112374592404818e-06 -7.065810807095675994e-01
3.282051282051281937e+00 -8.815741910656793926e-07 1.149609921706981410e-06 -6.482647575373506887e-01
3.384615384615384581e+00 1.564674783242067544e-06 2.557628740029501253e-06 -5.795852839633592879e-01
3.487179487179487225e+00 2.437756515348664698e-06 -4.668152693938425119e-07 -5.005423217376681055e-01
3.589743589743589425e+00 1.563410945911932752e-06 1.334124030498961055e-06 -4.117006546719327309e-01
3.692307692307692069e+00 2.455704297372347501e-06 2.367373164852055897e-06 -3.142319417951545124e-01
3.794871794871794712e+00 9.381097109621451823e-07 -6.911557548203015994e-07 -2.098813655671296075e-01
3.897435897435897356e+00 -9.019526453742887842e-07 -6.533923739187478735e-07 -1.008610794654738324e-01
4.000000000000000000e+00 -3.203844656622104118e-06 1.024690864299463214e-06 1.032031357179510715e-02
