1.000000000000000056e-01 9.832044807963896682e-02 2.889173534415016009e-01 -9.093814154499745284e-01
2.000000000000000111e-01 1.986984241058253053e-01 4.828469855108522557e-01 -6.776508258750914004e-01
2.999999999999999889e-01 2.882061612431157660e-01 5.332441608595203109e-01 -3.987315501005542773e-01
4.000000000000000222e-01 3.423041876818270213e-01 4.549643015693428660e-01 -1.638948826193204478e-01
5.000000000000000000e-01 3.431732356984049659e-01 3.068954325924570514e-01 -1.967245818687038406e-02
5.999999999999999778e-01 2.938028735174378903e-01 1.546771561453442190e-01 3.664918523964450642e-02
6.999999999999999556e-01 2.156721376267449475e-01 4.129691878134320038e-02 3.484525743839241713e-02
7.999999999999999334e-01 1.350267352615999727e-01 -2.110013751641210203e-02 7.009139114091557550e-03
8.999999999999999112e-01 7.032868485980037221e-02 -4.219993576510298189e-02 -2.538846234295313170e-02
9.999999999999998890e-01 2.806444697074928288e-02 -3.938891269370901199e-02 -5.268074726485548476e-02
1.099999999999999867e+00 5.671050621424627430e-03 -2.764709290478632384e-02 -7.282419232672344978e-02
1.199999999999999956e+00 -3.238522820891708096e-03 -1.585733813106192033e-02 -8.705124100268185616e-02
1.300000000000000044e+00 -4.910304487076950705e-03 -7.486050787107084541e-03 -9.726481161236807949e-02
1.399999999999999911e+00 -3.712316400139904077e-03 -2.779640537513613369e-03 -1.050069154684921124e-01
1.500000000000000000e+00 -2.014217763726235469e-03 -7.080016863888790972e-04 -1.112782512737303109e-01
1.599999999999999867e+00 -7.584456133531737587e-04 -1.020555647237263028e-04 -1.166594678363993415e-01
1.699999999999999956e+00 -1.049631045459910230e-04 -1.070389176292952906e-04 -1.214707110861123207e-01
1.800000000000000044e+00 1.036270310884771184e-04 -2.446436493336590621e-04 -1.258882818969877526e-01
1.899999999999999911e+00 8.229395360565126447e-05 -3.192220526835882056e-04 -1.300136670041457110e-01
2.000000000000000000e+00 -5.892321923493662143e-06 -2.983812248313440956e-04 -1.339100618737803783e-01
2.099999999999999645e+00 -7.406216782044324832e-05 -2.184634555866883415e-04 -1.376205390626069336e-01
2.199999999999999734e+00 -9.677613081789146856e-05 -1.270759201954694227e-04 -1.411768754404414961e-01
2.299999999999999822e+00 -8.364914242304944000e-05 -5.620358186057324977e-05 -1.446038788064956671e-01
2.399999999999999911e+00 -5.578579034274073150e-05 -1.614536798741053787e-05 -1.479215734227196655e-01
2.500000000000000000e+00 -3.049628159492592949e-05 -1.677259124997316892e-06 -1.511463101714169699e-01
2.600000000000000089e+00 -1.527744524884509013e-05 -7.737129122000163877e-07 -1.542912492325455298e-01
2.699999999999999734e+00 -1.029515484296893582e-05 -4.555791333627803322e-06 -1.573663496282428353e-01
2.799999999999999822e+00 -9.798519035226477118e-06 -6.916468374281919271e-06 -1.603778522317965138e-01
2.899999999999999911e+00 -1.254327034931288608e-05 -7.594628574002992344e-06 -1.633271314663803098e-01
3.000000000000000000e+00 -1.383719997535115515e-05 -5.222899598025508424e-06 -1.662086625273888063e-01
