1.000000000000000056e-01 9.755315753930944300e-01 1.835089942177936181e-02 6.117525185127013938e-03 0.000000000000000000e+00 -7.371545392045561473e-02 1.116598122383640479e-01 8.379422810401386179e-06 7.725178903305945921e-02 8.841643660282842015e-03 -5.838443865188907948e-03 0.000000000000000000e+00 0.000000000000000000e+00 0.000000000000000000e+00 0.000000000000000000e+00 0.000000000000000000e+00 0.000000000000000000e+00
2.000000000000000111e-01 9.045211490122304632e-01 7.160746243806373479e-02 2.387138854970878230e-02 0.000000000000000000e+00 -1.401127011488126628e-01 2.124591612391227569e-01 6.616292915776383942e-05 1.469427488073998256e-01 3.450451426365272467e-02 -2.277735837069505553e-02 0.000000000000000000e+00 0.000000000000000000e+00 0.000000000000000000e+00 0.000000000000000000e+00 0.000000000000000000e+00 0.000000000000000000e+00
2.999999999999999889e-01 7.939204987741762531e-01 1.545558579185997150e-01 5.152364330722340041e-02 0.000000000000000000e+00 -1.925941275850574508e-01 2.925962505500270816e-01 2.184688758579085349e-04 2.022514001620011048e-01 7.448595372048653906e-02 -4.914390697516433926e-02 0.000000000000000000e+00 0.000000000000000000e+00 0.000000000000000000e+00 0.000000000000000000e+00 0.000000000000000000e+00 0.000000000000000000e+00
4.000000000000000222e-01 6.545555121696855494e-01 2.590766780063113450e-01 8.636780982400210638e-02 0.000000000000000000e+00 -2.259347042905155978e-01 3.442870562450840444e-01 5.022128174149690814e-04 2.377651652134630811e-01 1.248878054908949403e-01 -8.233420489411057142e-02 0.000000000000000000e+00 0.000000000000000000e+00 0.000000000000000000e+00 0.000000000000000000e+00 0.000000000000000000e+00 0.000000000000000000e+00
5.000000000000000000e-01 5.000690141653260090e-01 3.749378227354975279e-01 1.249931630991757414e-01 0.000000000000000000e+00 -2.367961713433476556e-01 3.625222209159459918e-01 9.428769682753620606e-04 2.500086375350425438e-01 1.807958787586113891e-01 -1.190693690801103155e-01 0.000000000000000000e+00 0.000000000000000000e+00 0.000000000000000000e+00 0.000000000000000000e+00 0.000000000000000000e+00 0.000000000000000000e+00
5.999999999999999778e-01 3.455800802795228055e-01 4.908000219395938224e-01 1.636198977808837884e-01 0.000000000000000000e+00 -2.240574387274540946e-01 3.455560375779032634e-01 1.552268452759824084e-03 2.377842885137081974e-01 2.367613295037296617e-01 -1.557200124333138480e-01 0.000000000000000000e+00 0.000000000000000000e+00 0.000000000000000000e+00 0.000000000000000000e+00 0.000000000000000000e+00 0.000000000000000000e+00
6.999999999999999556e-01 2.062116237971904631e-01 5.953211515308202140e-01 1.984672246719900446e-01 0.000000000000000000e+00 -1.889258260204559892e-01 2.950748610723759602e-01 2.327379879722252156e-03 2.022889813736538089e-01 2.873295394357343047e-01 -1.886623240090045672e-01 0.000000000000000000e+00 0.000000000000000000e+00 0.000000000000000000e+00 0.000000000000000000e+00 0.000000000000000000e+00 0.000000000000000000e+00
7.999999999999999334e-01 9.560864036279531630e-02 6.782675557257427101e-01 2.261238039114598641e-01 0.000000000000000000e+00 -1.348226125456390145e-01 2.160349557587468994e-01 3.250499929364827727e-03 1.469994005043567253e-01 3.275725697707529971e-01 -2.146360904047610041e-01 0.000000000000000000e+00 0.000000000000000000e+00 0.000000000000000000e+00 0.000000000000000000e+00 0.000000000000000000e+00 0.000000000000000000e+00
8.999999999999999112e-01 2.459275974451862606e-02 7.315231361474503480e-01 2.438841041080299366e-01 0.000000000000000000e+00 -6.704281421267213603e-02 1.161698487183192574e-01 4.290659465232796350e-03 7.732640819214070538e-02 3.535731397825779831e-01 -2.310690362594562119e-01 0.000000000000000000e+00 0.000000000000000000e+00 0.000000000000000000e+00 0.000000000000000000e+00 0.000000000000000000e+00 0.000000000000000000e+00
9.999999999999998890e-01 1.169233605369856069e-04 7.498733468814670067e-01 2.500097297579946809e-01 0.000000000000000000e+00 7.758285686028259555e-03 5.242771564388098993e-03 5.405884986126673931e-03 9.145992652724807830e-05 3.628011802522566054e-01 -2.363280271446562553e-01 0.000000000000000000e+00 0.000000000000000000e+00 0.000000000000000000e+00 0.000000000000000000e+00 0.000000000000000000e+00 0.000000000000000000e+00
1.099999999999999867e+00 2.457603969282436823e-02 7.315221979581895129e-01 2.439017623489860009e-01 0.000000000000000000e+00 8.222216704363914663e-02 -1.059123873801218474e-01 6.546607199063767500e-03 -7.714454822240897347e-02 3.543630147105789607e-01 -2.298834641390341549e-01 0.000000000000000000e+00 0.000000000000000000e+00 0.000000000000000000e+00 0.000000000000000000e+00 0.000000000000000000e+00 0.000000000000000000e+00
1.199999999999999956e+00 9.557364760903219736e-02 6.782672543213559280e-01 2.261590980696093767e-01 0.000000000000000000e+00 1.490092196720108619e-01 -2.064478815704556547e-01 7.659436569257247612e-03 -1.468202401177850502e-01 3.290870976704464712e-01 -2.123628796054173040e-01 0.000000000000000000e+00 0.000000000000000000e+00 0.000000000000000000e+00 0.000000000000000000e+00 0.000000000000000000e+00 0.000000000000000000e+00
1.300000000000000044e+00 2.061619050670279174e-01 5.953196323929184075e-01 1.985184625400525926e-01 0.000000000000000000e+00 2.015241725445045817e-01 -2.865662879123714313e-01 8.691400649948735624e-03 -2.021173024910235538e-01 2.894401486345066221e-01 -1.854894565761745773e-01 0.000000000000000000e+00 0.000000000000000000e+00 0.000000000000000000e+00 0.000000000000000000e+00 0.000000000000000000e+00 0.000000000000000000e+00
1.399999999999999911e+00 3.455131400301704181e-01 4.908003275741846805e-01 1.636865323956433194e-01 0.000000000000000000e+00 2.345591353485427799e-01 -3.384670947032934474e-01 9.593711541593141420e-03 -2.376211447712151537e-01 2.392882402423200106e-01 -1.519162328419295382e-01 0.000000000000000000e+00 0.000000000000000000e+00 0.000000000000000000e+00 0.000000000000000000e+00 0.000000000000000000e+00 0.000000000000000000e+00
1.500000000000000000e+00 4.999841452528048791e-01 3.749419768693155741e-01 1.250738778778785476e-01 0.000000000000000000e+00 2.448131336181839368e-01 -3.571156303543939758e-01 1.032548080316928948e-02 -2.498566396438375303e-01 1.835168685655858833e-01 -1.149652381289977959e-01 0.000000000000000000e+00 0.000000000000000000e+00 0.000000000000000000e+00 0.000000000000000000e+00 0.000000000000000000e+00 0.000000000000000000e+00
1.599999999999999867e+00 6.544557827861475774e-01 2.590841422980685316e-01 8.646007491578469595e-02 0.000000000000000000e+00 2.312175782508280597e-01 -3.407309004799162211e-01 1.085643214054105368e-02 -2.376266690622908240e-01 1.275516988732997570e-01 -7.830069263443351080e-02 0.000000000000000000e+00 0.000000000000000000e+00 0.000000000000000000e+00 0.000000000000000000e+00 0.000000000000000000e+00 0.000000000000000000e+00
1.699999999999999956e+00 7.938031320440577243e-01 1.545706845100436599e-01 5.162618344589931657e-02 0.000000000000000000e+00 1.950446821088648586e-01 -2.909574976656196799e-01 1.116875976042795530e-02 -2.021293766719846896e-01 7.683197808551446573e-02 -4.557128105824936187e-02 0.000000000000000000e+00 0.000000000000000000e+00 0.000000000000000000e+00 0.000000000000000000e+00 0.000000000000000000e+00 0.000000000000000000e+00
1.800000000000000044e+00 9.043899911710325812e-01 7.162887396331533985e-02 2.398113486565265837e-02 0.000000000000000000e+00 1.397835417627829036e-01 -2.126993139265057620e-01 1.125796289740189048e-02 -1.468385392916870813e-01 3.627432281205704434e-02 -2.004782260650673706e-02 0.000000000000000000e+00 0.000000000000000000e+00 0.000000000000000000e+00 0.000000000000000000e+00 0.000000000000000000e+00 0.000000000000000000e+00
1.899999999999999911e+00 9.753864088307641067e-01 1.838123516319132428e-02 6.232356006045911695e-03 0.000000000000000000e+00 7.080621267867127921e-02 -1.136454452737919452e-01 1.113237165629362042e-02 -7.716881270646942792e-02 9.799321633828810343e-03 -4.304845741390245922e-03 0.000000000000000000e+00 0.000000000000000000e+00 0.000000000000000000e+00 0.000000000000000000e+00 0.000000000000000000e+00 0.000000000000000000e+00
2.000000000000000000e+00 9.998441149008427953e-01 3.896587183919123117e-05 1.169192273175592223e-04 0.000000000000000000e+00 -5.162660276039177966e-03 -3.508033217498633498e-03 1.081190165065461749e-02 6.031293242984687671e-05 -5.603828906576125790e-05 3.762284489257850721e-05 0.000000000000000000e+00 0.000000000000000000e+00 0.000000000000000000e+00 0.000000000000000000e+00 0.000000000000000000e+00 0.000000000000000000e+00
2.099999999999999645e+00 9.753682920250872357e-01 1.839810880866249443e-02 6.233599166251816391e-03 0.000000000000000000e+00 -8.069951039568400153e-02 1.069229685359527615e-01 1.032580896532895622e-02 7.728798556236227135e-02 7.618222855099139948e-03 -7.526560724152294400e-03 0.000000000000000000e+00 0.000000000000000000e+00 0.000000000000000000e+00 0.000000000000000000e+00 0.000000000000000000e+00 0.000000000000000000e+00
2.199999999999999734e+00 9.043537762169924221e-01 7.166240716910132758e-02 2.398381661390594846e-02 0.000000000000000000e+00 -1.484109220188559453e-01 2.068389870412286058e-01 9.709694161984387326e-03 1.469543360878895755e-01 3.201718421422882627e-02 -2.633700716943885092e-02 0.000000000000000000e+00 0.000000000000000000e+00 0.000000000000000000e+00 0.000000000000000000e+00 0.000000000000000000e+00 0.000000000000000000e+00
2.299999999999999822e+00 7.937532255714164764e-01 1.546171859675650184e-01 5.162958846101388388e-02 0.000000000000000000e+00 -2.016556674377773251e-01 2.864661964542436490e-01 9.002375267152964641e-03 2.022377550279872704e-01 7.070068975860763216e-02 -5.462814428680730361e-02 0.000000000000000000e+00 0.000000000000000000e+00 0.000000000000000000e+00 0.000000000000000000e+00 0.000000000000000000e+00 0.000000000000000000e+00
2.399999999999999911e+00 6.543920032759279470e-01 2.591432025632195435e-01 8.646479416085245395e-02 0.000000000000000000e+00 -2.352003198872669454e-01 3.380266982553689625e-01 8.242634291780346831e-03 2.377265840406101172e-01 1.198353002376444792e-01 -8.970097259674388035e-02 0.000000000000000000e+00 0.000000000000000000e+00 0.000000000000000000e+00 0.000000000000000000e+00 0.000000000000000000e+00 0.000000000000000000e+00
2.500000000000000000e+00 4.999130827308057579e-01 3.750079855451121102e-01 1.250789317240811604e-01 0.000000000000000000e+00 -2.457305246980741875e-01 3.564939086628912124e-01 7.466115873365150764e-03 2.499456967351368353e-01 1.745692781831953422e-01 -1.281841071844544433e-01 0.000000000000000000e+00 0.000000000000000000e+00 0.000000000000000000e+00 0.000000000000000000e+00 0.000000000000000000e+00 0.000000000000000000e+00
2.600000000000000089e+00 3.454374534447074985e-01 4.908705466010078178e-01 1.636919999542865156e-01 0.000000000000000000e+00 -2.321792490481728866e-01 3.400850887798099187e-01 6.702928498652304702e-03 2.376981663083509444e-01 2.295099168648402077e-01 -1.663633960716732751e-01 0.000000000000000000e+00 0.000000000000000000e+00 0.000000000000000000e+00 0.000000000000000000e+00 0.000000000000000000e+00 0.000000000000000000e+00
2.699999999999999734e+00 2.060890413362228835e-01 5.953877088870676015e-01 1.985232497767087934e-01 0.000000000000000000e+00 -1.958338085165733100e-01 2.904341598946488245e-01 5.975828442257024274e-03 2.021824809056360361e-01 2.792503159736389184e-01 -2.005431720952999541e-01 0.000000000000000000e+00 0.000000000000000000e+00 0.000000000000000000e+00 0.000000000000000000e+00 0.000000000000000000e+00 0.000000000000000000e+00
2.799999999999999822e+00 9.550556009619999565e-02 6.783309841949939356e-01 2.261634557088070818e-01 0.000000000000000000e+00 -1.402103547257944338e-01 2.124274855450610511e-01 5.299341108081545397e-03 1.468733616587987456e-01 3.189020258757774839e-01 -2.274097126163429905e-01 0.000000000000000000e+00 0.000000000000000000e+00 0.000000000000000000e+00 0.000000000000000000e+00 0.000000000000000000e+00 0.000000000000000000e+00
2.899999999999999911e+00 2.451548063497238639e-02 7.315788589689686816e-01 2.439056603960612912e-01 0.000000000000000000e+00 -7.071543030848273514e-02 1.137292116376368428e-01 4.679796904855108332e-03 7.718525398509898383e-02 3.445694234372311260e-01 -2.443524854814484726e-01 0.000000000000000000e+00 0.000000000000000000e+00 0.000000000000000000e+00 0.000000000000000000e+00 0.000000000000000000e+00 0.000000000000000000e+00
3.000000000000000000e+00 6.778562447753184864e-05 7.499194865895044693e-01 2.500127277860171304e-01 0.000000000000000000e+00 5.886375416070275569e-03 4.022876537129236804e-03 4.116197535895990169e-03 -6.258241976450892364e-05 3.537343629139736434e-01 -2.497226801000909935e-01 0.000000000000000000e+00 0.000000000000000000e+00 0.000000000000000000e+00 0.000000000000000000e+00 0.000000000000000000e+00 0.000000000000000000e+00
