1.000000000000000056e-01 1.594214161327536794e-02 1.797043947379836290e-02 -8.575268102470374743e-01
2.000000000000000111e-01 3.177689465299081417e-02 3.244077729685444084e-02 -7.334516501068958361e-01
2.999999999999999889e-01 4.691028258135870876e-02 4.059056659915886989e-02 -5.469826528979042646e-01
4.000000000000000222e-01 6.003308003344180743e-02 4.087059834492527688e-02 -3.235934851557372705e-01
5.000000000000000000e-01 6.930300802555058870e-02 3.338365283148281293e-02 -9.056931428167910858e-02
5.999999999999999778e-01 7.289965126240310900e-02 1.992808575060527748e-02 1.282001480276979133e-01
6.999999999999999556e-01 6.974965713772074416e-02 3.608965567113112116e-03 3.158278202232500109e-01
7.999999999999999334e-01 6.009842542732970333e-02 -1.193912497659120608e-02 4.637294480607501157e-01
8.999999999999999112e-01 4.565774504574784953e-02 -2.352828938700781553e-02 5.708757236703815297e-01
9.999999999999998890e-01 2.920639138199354265e-02 -2.926114825555503965e-02 6.417040065369610247e-01
1.099999999999999867e+00 1.379653105526983461e-02 -2.895547420347055478e-02 6.835411920719360879e-01
1.199999999999999956e+00 1.858085010277409771e-03 -2.397814076857329724e-02 7.043785932203064926e-01
1.300000000000000044e+00 -5.418736836335095314e-03 -1.660080815597246573e-02 7.113396372422744474e-01
1.399999999999999911e+00 -8.215069146414434587e-03 -9.144448550562091910e-03 7.099579468492738243e-01
1.500000000000000000e+00 -7.727241974272215999e-03 -3.274573512383956685e-03 7.040683069471774802e-01
1.599999999999999867e+00 -5.547874314713845643e-03 3.176035217841285604e-04 6.960663595936373849e-01
1.699999999999999956e+00 -3.070776648579052765e-03 1.814142833661456199e-03 6.873032059898144253e-01
1.800000000000000044e+00 -1.146246645512821218e-03 1.898194505999281504e-03 6.784605404719136201e-01
1.899999999999999911e+00 -4.397018881084895515e-05 1.332575879788494566e-03 6.698375055375508369e-01
2.000000000000000000e+00 3.668053151239420730e-04 6.826679543517603531e-04 6.615381812125451511e-01
2.099999999999999645e+00 3.731904670995365905e-04 2.225006906447528278e-04 6.535793617402965161e-01
2.199999999999999734e+00 2.343274080082702847e-04 -4.386367302877208730e-06 6.459451619406006984e-01
2.299999999999999822e+00 1.013761188338335067e-04 -6.749804061333947018e-05 6.386109805586448473e-01
2.399999999999999911e+00 2.346515782095770470e-05 -5.592833175157076468e-05 6.315526421224442188e-01
2.500000000000000000e+00 -5.910648722880914398e-06 -2.806833389421275072e-05 6.247488777063592291e-01
2.600000000000000089e+00 -9.921287387697815680e-06 -8.870239981668144970e-06 6.181813500473003486e-01
2.699999999999999734e+00 -6.109435983995313780e-06 -9.152338984667059181e-07 6.118343685327112258e-01
2.799999999999999822e+00 -2.151960003006581623e-06 1.380745590954911450e-06 6.056941821103737356e-01
2.899999999999999911e+00 -8.389627026088659676e-07 1.129555795392427616e-06 5.997485759481077094e-01
3.000000000000000000e+00 2.332370215679274213e-08 7.815845618067218712e-07 5.939867288374612864e-01
