1.000000000000000056e-01 2.048477209828144241e-01 2.304829602249350018e-01 -9.512497720262537149e-01
2.000000000000000111e-01 4.078657541672859321e-01 4.169430557290794148e-01 -8.119407392070150387e-01
2.999999999999999889e-01 6.013718419724879416e-01 5.238823564384540443e-01 -6.012949273275977058e-01
4.000000000000000222e-01 7.690828865912417989e-01 5.316962148937856014e-01 -3.465098662433243049e-01
5.000000000000000000e-01 8.883308763618522619e-01 4.413454651115966687e-01 -7.705846090082731081e-02
5.999999999999999778e-01 9.367706193320642916e-01 2.748271372204328378e-01 1.807445355688717115e-01
6.999999999999999556e-01 9.011194743365105175e-01 7.035199828188709592e-02 4.076331234490669919e-01
7.999999999999999334e-01 7.840796318065380577e-01 -1.271672938571446754e-01 5.929741513494457550e-01
8.999999999999999112e-01 6.061126245150779690e-01 -2.779472120887049313e-01 7.342560810740769162e-01
9.999999999999998890e-01 4.008756029532025145e-01 -3.576652193551991821e-01 8.350309337740455806e-01
1.099999999999999867e+00 2.056538331306022593e-01 -3.626713042550109289e-01 9.023927392842128192e-01
1.199999999999999956e+00 5.075561639592673924e-02 -3.083161629190934727e-01 9.445629798043668757e-01
1.300000000000000044e+00 -4.809760776180781877e-02 -2.214239334443370288e-01 9.692067391413864419e-01
1.399999999999999911e+00 -9.161398485101814038e-02 -1.301331023038818369e-01 9.825381799421222251e-01
1.500000000000000000e+00 -9.305681646685397268e-02 -5.543252244399538703e-02 9.890553573536339238e-01
1.599999999999999867e+00 -7.108774257726946377e-02 -6.996528354953207574e-03 9.917256072558210400e-01
1.699999999999999956e+00 -4.272471324530283110e-02 1.601096315268914563e-02 9.923436626940573824e-01
1.800000000000000044e+00 -1.900343041725225529e-02 2.084013564438424657e-02 9.919102722046364562e-01
1.899999999999999911e+00 -4.191868323526248830e-03 1.632058377531445809e-02 9.909399120782447223e-01
2.000000000000000000e+00 2.419800833682325160e-03 9.416094613261784957e-03 9.896763707004484489e-01
2.099999999999999645e+00 3.752579000875406762e-03 3.892558078503203026e-03 9.882259309332790398e-01
2.199999999999999734e+00 2.785719509269824097e-03 7.821283458281048581e-04 9.866302454898858709e-01
2.299999999999999822e+00 1.434373489836356227e-03 -3.910557337181106438e-04 9.849033735872319006e-01
2.399999999999999911e+00 5.006562143235479892e-04 -5.336887258607021008e-04 9.830485843873956187e-01
2.500000000000000000e+00 6.327941568758769261e-05 -3.390962851231418872e-04 9.810653614954689683e-01
2.600000000000000089e+00 -5.992392384345830584e-05 -1.431510126621390227e-04 9.789520807055378526e-01
2.699999999999999734e+00 -5.223997096239424632e-05 -3.859952103029822565e-05 9.767069025091996703e-01
2.799999999999999822e+00 -2.916996445710061349e-05 2.228351895749332154e-06 9.743280804586934574e-01
2.899999999999999911e+00 -9.115895439232310976e-06 5.994353561219911080e-06 9.718140245569212299e-01
3.000000000000000000e+00 -1.230219492657302091e-06 1.877372796343451121e-06 9.691633054936394931e-01
