1.000000000000000056e-01 -1.401614790775118913e-01 5.311503782978246185e-02 -9.875254243436911716e-01
2.000000000000000111e-01 -2.804785816276942345e-01 9.159813067379876661e-02 -9.506602092885920730e-01
2.999999999999999889e-01 -4.189298290715772755e-01 1.016655879853851502e-01 -8.910353167332001334e-01
4.000000000000000222e-01 -5.495299919761457152e-01 7.158332562756880568e-02 -8.112075250508726798e-01
5.000000000000000000e-01 -6.612355294145408902e-01 -6.535260083890437333e-03 -7.144718011066877317e-01
5.999999999999999778e-01 -7.381659438765504344e-01 -1.343866874631595154e-01 -6.045722338233083804e-01
6.999999999999999556e-01 -7.613568821044456314e-01 -3.049147211066710605e-01 -4.854707170352641765e-01
7.999999999999999334e-01 -7.124687709274344360e-01 -5.003913838772575673e-01 -3.610546324375339955e-01
8.999999999999999112e-01 -5.791351064759695522e-01 -6.920632468558792771e-01 -2.349563403560662456e-01
9.999999999999998890e-01 -3.611798275145666204e-01 -8.426675438904496218e-01 -1.103363631981596205e-01
1.099999999999999867e+00 -7.601427837238111662e-02 -9.124688827769645849e-01 1.010100666059369004e-02
1.199999999999999956e+00 2.389414776475333180e-01 -8.687476197366442721e-01 1.243338516500839125e-01
1.300000000000000044e+00 5.292501162870921760e-01 -6.970656724340528188e-01 2.308551363824364877e-01
1.399999999999999911e+00 7.330620617885824641e-01 -4.112263545201492176e-01 3.287556716371218823e-01
1.500000000000000000e+00 7.970348449343811481e-01 -5.760193352030418268e-02 4.175386564518251964e-01
1.599999999999999867e+00 6.948229451252542210e-01 2.901043165145265612e-01 4.971395204857574912e-01
1.699999999999999956e+00 4.421793576250393487e-01 5.475398822621079242e-01 5.677949103799521113e-01
1.800000000000000044e+00 1.011332753197911882e-01 6.452438828078980171e-01 6.299524699141603179e-01
1.899999999999999911e+00 -2.322672220666120446e-01 5.555964942194894229e-01 6.842017297638920414e-01
2.000000000000000000e+00 -4.567633523999850009e-01 3.099121341714095035e-01 7.312505124883834640e-01
2.099999999999999645e+00 -5.032389274229918108e-01 -4.709230746848064308e-03 7.718103802643901945e-01
2.199999999999999734e+00 -3.658798816887174343e-01 -2.731668895984081802e-01 8.066166225205460005e-01
2.299999999999999822e+00 -1.105757724465055436e-01 -3.973223854855902348e-01 8.363618526268365994e-01
2.399999999999999911e+00 1.486446233121971883e-01 -3.398860278453751382e-01 8.617040247884433235e-01
2.500000000000000000e+00 2.993723643603570794e-01 -1.444542034172055511e-01 8.832362260589444736e-01
2.600000000000000089e+00 2.848727830028508490e-01 8.323104796689131946e-02 9.014940670773918807e-01
2.699999999999999734e+00 1.331137619987568521e-01 2.280889698043442881e-01 9.169552895701017503e-01
2.799999999999999822e+00 -5.885147135532177443e-02 2.267390360907322600e-01 9.300359837297575982e-01
2.899999999999999911e+00 -1.807189915080966158e-01 1.013180662991328834e-01 9.410896040376017790e-01
3.000000000000000000e+00 -1.735690853304915071e-01 -5.713716970658734573e-02 9.504286590029557003e-01
