1.000000000000000056e-01 1.219137280350410593e-02 -9.680882524118149951e-03 -9.998599516800653619e-01
2.000000000000000111e-01 2.474516840506239823e-02 -1.888728030135388911e-02 -9.994398870933756118e-01
2.999999999999999889e-01 3.799289753683998683e-02 -2.712195767549625824e-02 -9.987400462702017423e-01
4.000000000000000222e-01 5.220304799393490902e-02 -3.384459874863075812e-02 -9.977608183440983547e-01
5.000000000000000000e-01 6.754095686249668440e-02 -3.846204921880216204e-02 -9.965028521006176199e-01
5.999999999999999778e-01 8.403292770455059180e-02 -4.031667173804857202e-02 -9.949670979414352301e-01
6.999999999999999556e-01 1.015255703859452019e-01 -3.871164873153550012e-02 -9.931535271924529784e-01
7.999999999999999334e-01 1.196159484241574589e-01 -3.290333854383653556e-02 -9.910648460007841498e-01
8.999999999999999112e-01 1.376464848385497708e-01 -2.220299086224965246e-02 -9.887001639176680179e-01
9.999999999999998890e-01 1.546100538161755966e-01 -5.982042178314023184e-03 -9.860643673679719834e-01
1.099999999999999867e+00 1.692090529623938577e-01 1.618476696234316670e-02 -9.831548483194344490e-01
1.199999999999999956e+00 1.797688681039298908e-01 4.438708567245014391e-02 -9.799764688053710371e-01
1.300000000000000044e+00 1.843660481751741298e-01 7.826563375872372386e-02 -9.765290253650764640e-01
1.399999999999999911e+00 1.808912027317033933e-01 1.168385568700171934e-01 -9.728146415386065282e-01
1.500000000000000000e+00 1.672208431434357989e-01 1.583575848556161014e-01 -9.688394906530475303e-01
1.599999999999999867e+00 1.415323832810302940e-01 2.002195281248527470e-01 -9.645999112609527915e-01
1.699999999999999956e+00 1.025463293598578435e-01 2.389080646668950703e-01 -9.601025876079476440e-01
1.800000000000000044e+00 4.996921258432253377e-02 2.701010487621617884e-01 -9.553491754186952400e-01
1.899999999999999911e+00 -1.505450061252899818e-02 2.889016484813634045e-01 -9.503389292607024030e-01
2.000000000000000000e+00 -8.966204559725865497e-02 2.902569544864839757e-01 -9.450803348751919408e-01
2.099999999999999645e+00 -1.689129956202048144e-01 2.696339563769409864e-01 -9.395755862317423102e-01
2.199999999999999734e+00 -2.458013142048613708e-01 2.238448089717889888e-01 -9.338226126926020276e-01
2.299999999999999822e+00 -3.115315143796162922e-01 1.519448253404918070e-01 -9.278291352078739118e-01
2.399999999999999911e+00 -3.562374630054450098e-01 5.619032908476268018e-02 -9.215993988118325042e-01
2.500000000000000000e+00 -3.701622727557686288e-01 -5.716306321076794483e-02 -9.151333765129718856e-01
2.600000000000000089e+00 -3.452958233756384110e-01 -1.776697561048120877e-01 -9.084374437480345899e-01
2.699999999999999734e+00 -2.772940298892443978e-01 -2.909976961370794868e-01 -9.015156650861495535e-01
2.799999999999999822e+00 -1.674157696126206685e-01 -3.802373529435591482e-01 -8.943676234780545409e-01
2.899999999999999911e+00 -2.399736096918345107e-02 -4.281510890808415404e-01 -8.869985902214320150e-01
3.000000000000000000e+00 1.369233032790257432e-01 -4.202874488891760740e-01 -8.794179743704760854e-01
