1.000000000000000056e-01 4.750256698067183495e-04 -6.851761530983112129e-03 -9.999723317482315244e-01
2.000000000000000111e-01 1.174179205067685510e-03 -1.368510479202103211e-02 -9.998893426794198680e-01
2.999999999999999889e-01 2.322228825067023349e-03 -2.047225290116930219e-02 -9.997509994212874229e-01
4.000000000000000222e-01 4.143098715841716205e-03 -2.715647803539153818e-02 -9.995573218434922191e-01
5.000000000000000000e-01 6.847011913510777509e-03 -3.364172710544698075e-02 -9.993084867378339009e-01
5.999999999999999778e-01 1.063014862844692543e-02 -3.979970806674874156e-02 -9.990042271262823403e-01
6.999999999999999556e-01 1.567496707753880322e-02 -4.542661178480628115e-02 -9.986447267399410910e-01
7.999999999999999334e-01 2.211570823339132491e-02 -5.025930253914655255e-02 -9.982301100340904565e-01
8.999999999999999112e-01 3.002043590022430986e-02 -5.397289216910535620e-02 -9.977604358974784260e-01
9.999999999999998890e-01 3.939862985351759439e-02 -5.616672406702215986e-02 -9.972355630378810787e-01
1.099999999999999867e+00 5.012720623290418259e-02 -5.638747694271507849e-02 -9.966558538935034184e-01
1.199999999999999956e+00 6.195576053565870350e-02 -5.414479115418562027e-02 -9.960212795469148839e-01
1.300000000000000044e+00 7.446378179537371800e-02 -4.894583017300738192e-02 -9.953318280637823978e-01
1.399999999999999911e+00 8.704752025814574412e-02 -4.032163633085683596e-02 -9.945874921295151383e-01
1.500000000000000000e+00 9.888210033983718672e-02 -2.792060416200190659e-02 -9.937885623745090768e-01
1.599999999999999867e+00 1.089435817867973472e-01 -1.156773258900332252e-02 -9.929350875736034920e-01
1.699999999999999956e+00 1.160382444186363882e-01 8.651409607255362844e-03 -9.920265749443288872e-01
1.800000000000000044e+00 1.188305387947987679e-01 3.231288328487541550e-02 -9.910650042049695685e-01
1.899999999999999911e+00 1.159863627442664219e-01 5.854117420117495307e-02 -9.900491296391091822e-01
2.000000000000000000e+00 1.062814905000542681e-01 8.596983706378606704e-02 -9.889780276017641203e-01
2.099999999999999645e+00 8.877676916255901329e-02 1.126905949624891212e-01 -9.878538187162040352e-01
2.199999999999999734e+00 6.302659806666194298e-02 1.363519891299087849e-01 -9.866749454129454255e-01
2.299999999999999822e+00 2.933626251657227291e-02 1.541851827134349817e-01 -9.854434092895372199e-01
2.399999999999999911e+00 -1.106596986693718365e-02 1.633022809853220125e-01 -9.841584152931155405e-01
2.500000000000000000e+00 -5.586378335215147484e-02 1.609711536964376077e-01 -9.828203398944933555e-01
2.600000000000000089e+00 -1.016142487258480664e-01 1.450467149710915060e-01 -9.814273154866941518e-01
2.699999999999999734e+00 -1.438248538915903318e-01 1.144194820792350520e-01 -9.799829496501797355e-01
2.799999999999999822e+00 -1.773231964203079714e-01 6.953241627872995545e-02 -9.784842047505470930e-01
2.899999999999999911e+00 -1.967185091596041213e-01 1.276098910604349379e-02 -9.769336811760293005e-01
3.000000000000000000e+00 -1.972008193052541269e-01 -5.135132872953271366e-02 -9.753315679979799313e-01
