1.000000000000000056e-01 2.921331678821298405e-02 2.533858806663472629e-01 -9.649355524076692614e-01
2.000000000000000111e-01 4.659002651389765326e-02 4.858384514842932766e-01 -8.639383810607862424e-01
2.999999999999999889e-01 4.335318757461732037e-02 6.793242067774258874e-01 -7.086692707708110994e-01
4.000000000000000222e-01 1.585490506806164213e-02 8.210167681080028368e-01 -5.157696775098468134e-01
5.000000000000000000e-01 -3.389608177656405763e-02 9.045460266310348940e-01 -3.036498475877881242e-01
5.999999999999999778e-01 -9.921985034563703121e-02 9.301019407416163398e-01 -8.943638497307478119e-02
6.999999999999999556e-01 -1.707516784144887945e-01 9.035082344620420924e-01 1.131527025300217149e-01
7.999999999999999334e-01 -2.386727271963711983e-01 8.346488568130059349e-01 2.948738741288319254e-01
8.999999999999999112e-01 -2.946112636196495105e-01 7.356359559063408993e-01 4.508414407142144475e-01
9.999999999999998890e-01 -3.328542196295743438e-01 6.190829325238231817e-01 5.798287294332867825e-01
1.099999999999999867e+00 -3.507954390461094363e-01 4.966856657549335585e-01 6.832236159117038854e-01
1.199999999999999956e+00 -3.487596458020614798e-01 3.782666864946144791e-01 7.639524390369818452e-01
1.300000000000000044e+00 -3.294122663305679710e-01 2.711854359285229554e-01 8.256406584285749251e-01
1.399999999999999911e+00 -2.969388620459938455e-01 1.801680394960913090e-01 8.719822051060573953e-01
1.500000000000000000e+00 -2.562111260137445168e-01 1.074199752865868107e-01 9.063556524856030139e-01
1.599999999999999867e+00 -2.120137720709353024e-01 5.299572508147948335e-02 9.316375314556516463e-01
1.699999999999999956e+00 -1.684463445665853598e-01 1.528276444690707114e-02 9.501528862142750720e-01
1.800000000000000044e+00 -1.285825906443961719e-01 -8.369367118885542856e-03 9.636969316004300179e-01
1.899999999999999911e+00 -9.432268592866240031e-02 -2.110362452556353158e-02 9.736155416084730785e-01
2.000000000000000000e+00 -6.649370414089478265e-02 -2.606718315904362621e-02 9.808909929884497281e-01
2.099999999999999645e+00 -4.502232002579577980e-02 -2.601774897194308184e-02 9.862341038945395821e-01
2.199999999999999734e+00 -2.925310914111677735e-02 -2.317599638264805292e-02 9.901542238781763094e-01
2.299999999999999822e+00 -1.820789377664233655e-02 -1.914707846560002175e-02 9.930201590584523119e-01
2.399999999999999911e+00 -1.083029639880519340e-02 -1.496182203506185235e-02 9.951022533452555940e-01
2.500000000000000000e+00 -6.119974605172892948e-03 -1.118481706727417202e-02 9.966018791550859124e-01
2.600000000000000089e+00 -3.255535277112731572e-03 -8.069983457116246955e-03 9.976702130252493861e-01
2.699999999999999734e+00 -1.600910331484018279e-03 -5.655050174778179783e-03 9.984220844464862799e-01
2.799999999999999822e+00 -6.999390807175100496e-04 -3.864534921944753811e-03 9.989443789724292699e-01
2.899999999999999911e+00 -2.425340752605527599e-04 -2.593433403557421878e-03 9.993022660755861430e-01
3.000000000000000000e+00 -3.419295091522975109e-05 -1.716394182658639942e-03 9.995442177918799631e-01
