1.000000000000000056e-01 1.836704017124931587e-01 -9.047817481538623918e-02 -9.776701972223070802e-01
2.000000000000000111e-01 3.587332122886727204e-01 -1.725430675913109391e-01 -9.124246522767541778e-01
2.999999999999999889e-01 5.173259339309910221e-01 -2.389448430172833038e-01 -8.092373387374959259e-01
4.000000000000000222e-01 6.529797598644286882e-01 -2.845241152373439997e-01 -6.755923763337482457e-01
5.000000000000000000e-01 7.610581405630534313e-01 -3.067363313929599156e-01 -5.204865454943624625e-01
5.999999999999999778e-01 8.389950740973870502e-01 -3.057186579574004970e-01 -3.533203049233277770e-01
6.999999999999999556e-01 8.862819316393846236e-01 -2.839282957036248223e-01 -1.829150697414264892e-01
7.999999999999999334e-01 9.042520276890549935e-01 -2.455195269785390155e-01 -1.675400950724020843e-02
8.999999999999999112e-01 8.957164944556683661e-01 -1.955769393414899249e-01 1.393872023511239511e-01
9.999999999999998890e-01 8.645421882232930955e-01 -1.393968815843567577e-01 2.815968470947780022e-01
1.099999999999999867e+00 8.152038342356950906e-01 -8.189302598109587938e-02 4.076989243974206145e-01
1.199999999999999956e+00 7.523829310640710588e-01 -2.719124222798896540e-02 5.169666371267961358e-01
1.300000000000000044e+00 6.806353567883064448e-01 2.160450761916204998e-02 6.097802282314155331e-01
1.399999999999999911e+00 6.041384491389582001e-01 6.244164992913037171e-02 6.872798172975060904e-01
1.500000000000000000e+00 5.265438722553709150e-01 9.427685054832138367e-02 7.510415159676768759e-01
1.599999999999999867e+00 4.508482970328028250e-01 1.169266389383242510e-01 8.028588958209010862e-01
1.699999999999999956e+00 3.793752521023491253e-01 1.308791993221901651e-01 8.445434586994308157e-01
1.800000000000000044e+00 3.137970674589640185e-01 1.371156247955055418e-01 8.777988369439359007e-01
1.899999999999999911e+00 2.551728130546940809e-01 1.369021315702844410e-01 9.041596179724714633e-01
2.000000000000000000e+00 2.040012802800211245e-01 1.316326913915457086e-01 9.249627108614520976e-01
2.099999999999999645e+00 1.603478283191283327e-01 1.227099355110096157e-01 9.413270790057817194e-01
2.199999999999999734e+00 1.239160723015935855e-01 1.114128863829623034e-01 9.541776331988272020e-01
2.299999999999999822e+00 9.415166564015134409e-02 9.887259428587627519e-02 9.642588696240451673e-01
2.399999999999999911e+00 7.032711236981409320e-02 8.598824102408750281e-02 9.721668802188406788e-01
2.500000000000000000e+00 5.164502014763087262e-02 7.345749535439080602e-02 9.783685370504011658e-01
2.600000000000000089e+00 3.728375898079612505e-02 6.175127185370097443e-02 9.832313903505983665e-01
2.699999999999999734e+00 2.645741776589640576e-02 5.118288705663456839e-02 9.870408382430867489e-01
2.799999999999999822e+00 1.845558795941613581e-02 4.188525208111740228e-02 9.900213332665146471e-01
2.899999999999999911e+00 1.265212117258705804e-02 3.389439777250962543e-02 9.923478416324852391e-01
3.000000000000000000e+00 8.528617493298404351e-03 2.716139808852817417e-02 9.941582252348351023e-01
