1.000000000000000056e-01 7.509192897277126855e-02 -6.819067310602779097e-02 -9.946123199573357887e-01
2.000000000000000111e-01 1.493165512741563283e-01 -1.352481574294381872e-01 -9.785572718748050125e-01
2.999999999999999889e-01 2.218223195861806496e-01 -2.000854566617950581e-01 -9.521540107233141814e-01
4.000000000000000222e-01 2.918001814900059721e-01 -2.616693690662072469e-01 -9.159254056562192714e-01
5.000000000000000000e-01 3.585129114984340060e-01 -3.190927715646012519e-01 -8.705658401229620091e-01
5.999999999999999778e-01 4.212939731929463694e-01 -3.715617114261146048e-01 -8.169272091467291164e-01
6.999999999999999556e-01 4.795638471444434447e-01 -4.184303506855943655e-01 -7.559877984515954719e-01
7.999999999999999334e-01 5.328534762700659622e-01 -4.592311807813056479e-01 -6.887996658995141352e-01
8.999999999999999112e-01 5.808029692314184977e-01 -4.936396029223600879e-01 -6.164736821733753924e-01
9.999999999999998890e-01 6.231375684213307231e-01 -5.215088803595062661e-01 -5.401535185853980625e-01
1.099999999999999867e+00 6.597200342911164750e-01 -5.428456468683195979e-01 -4.609375731467377224e-01
1.199999999999999956e+00 6.904934677984130298e-01 -5.577910447258325188e-01 -3.799116146757735568e-01
1.300000000000000044e+00 7.155017961417571293e-01 -5.666195484689553474e-01 -2.980797184403772282e-01
1.399999999999999911e+00 7.348815277740223806e-01 -5.696948901253785502e-01 -2.163589025353645501e-01
1.500000000000000000e+00 7.488292406423056047e-01 -5.674740187294844418e-01 -1.355908609544459742e-01
1.599999999999999867e+00 7.576113601256859731e-01 -5.604727689611225250e-01 -5.648265296901769372e-02
1.699999999999999956e+00 7.615416785127205879e-01 -5.492445889774830725e-01 2.035556927631699056e-02
1.800000000000000044e+00 7.609740228395368566e-01 -5.343610540846477353e-01 9.441698451733471220e-02
1.899999999999999911e+00 7.562871770111573300e-01 -5.163947674416780043e-01 1.653239252556968908e-01
2.000000000000000000e+00 7.478768680626490806e-01 -4.959099665717963679e-01 2.327713378447859027e-01
2.099999999999999645e+00 7.361468510616009375e-01 -4.734438157023795890e-01 2.965554665927848665e-01
2.199999999999999734e+00 7.214949054929737926e-01 -4.495052940696309118e-01 3.565593065985113719e-01
2.299999999999999822e+00 7.043147573278458751e-01 -4.245564658842301275e-01 4.127347240041750465e-01
2.399999999999999911e+00 6.849877977814629038e-01 -3.990136486399933347e-01 4.650914333136290657e-01
2.500000000000000000e+00 6.638694966884259863e-01 -3.732512381789758193e-01 5.136964859326748067e-01
2.600000000000000089e+00 6.413035425238424736e-01 -3.476046575726547960e-01 5.586405412132472437e-01
2.699999999999999734e+00 6.176065267525798763e-01 -3.223415100700298130e-01 6.000645921691665219e-01
2.799999999999999822e+00 5.930706596862758140e-01 -2.977006745867913917e-01 6.381224292301168610e-01
2.899999999999999911e+00 5.679540794660664638e-01 -2.738685526468008224e-01 6.729977963856097478e-01
3.000000000000000000e+00 5.425138045419279909e-01 -2.510044648546000401e-01 7.048582530596129159e-01
