1.000000000000000056e-01 -1.368924857307506349e-01 6.217635594562641310e-02 -9.880775168931981156e-01
2.000000000000000111e-01 -2.701133234142859552e-01 1.214476252054485506e-01 -9.528224529751241345e-01
2.999999999999999889e-01 -3.961927111906007881e-01 1.751429085858218215e-01 -8.957257975448092990e-01
4.000000000000000222e-01 -5.120323813203611074e-01 2.209892763498124690e-01 -8.191445045780670897e-01
5.000000000000000000e-01 -6.150705637220590383e-01 2.572987440236887413e-01 -7.261028428323554884e-01
5.999999999999999778e-01 -7.033751803325152263e-01 2.830295573184158364e-01 -6.200696645715205735e-01
6.999999999999999556e-01 -7.756862264163129073e-01 2.978117685151011607e-01 -5.047287267932907273e-01
7.999999999999999334e-01 -8.314350075615679625e-01 3.019137740323907249e-01 -3.837236661412131711e-01
8.999999999999999112e-01 -8.706772122946300208e-01 2.961487892438336988e-01 -2.604997290463420545e-01
9.999999999999998890e-01 -8.940408420041027204e-01 2.817551749505413650e-01 -1.380875251874331133e-01
1.099999999999999867e+00 -9.026012880029697927e-01 2.602467887905287047e-01 -1.908200519144835280e-02
1.199999999999999956e+00 -8.977828183235867510e-01 2.332965780025946789e-01 9.447221470897343432e-02
1.300000000000000044e+00 -8.812398132868082268e-01 2.025914099483796249e-01 2.010642308988501992e-01
1.399999999999999911e+00 -8.547586734197771818e-01 1.697455354739663691e-01 2.996555485128628571e-01
1.500000000000000000e+00 -8.201488631822921871e-01 1.362128381918026876e-01 3.896995556792074433e-01
1.599999999999999867e+00 -7.791910746382326725e-01 1.032506240883586113e-01 4.709835287479388621e-01
1.699999999999999956e+00 -7.335551594681997134e-01 7.187101784905050583e-02 5.436274708360483432e-01
1.800000000000000044e+00 -6.847818847797495501e-01 4.286720863923487723e-02 6.079568611874296424e-01
1.899999999999999911e+00 -6.342348374338975248e-01 1.678408096849676179e-02 6.644762897093272613e-01
2.000000000000000000e+00 -5.830988999424131514e-01 -6.038683115598242335e-03 7.137883358247366639e-01
2.099999999999999645e+00 -5.323935493178399980e-01 -2.543063116832450232e-02 7.565369136688192553e-01
2.199999999999999734e+00 -4.829282117864611701e-01 -4.138853956708832271e-02 7.934080808687881126e-01
2.299999999999999822e+00 -4.353676469873847821e-01 -5.402914520417909094e-02 8.250579470910259783e-01
2.399999999999999911e+00 -3.902156327663803825e-01 -6.356852976494678509e-02 8.521168346943452931e-01
2.500000000000000000e+00 -3.478198954911146945e-01 -7.027130261305788994e-02 8.751787311279406456e-01
2.600000000000000089e+00 -3.084394486329961049e-01 -7.445997010636531965e-02 8.947710075441812627e-01
2.699999999999999734e+00 -2.721764103578728222e-01 -7.647195713343932222e-02 9.113866711368892037e-01
2.799999999999999822e+00 -2.390858701383440921e-01 -7.665327369396116031e-02 9.254469871861635832e-01
2.899999999999999911e+00 -2.091246004760325683e-01 -7.532821637683101423e-02 9.373304944513658477e-01
3.000000000000000000e+00 -1.821990200697155005e-01 -7.281772147156539976e-02 9.473619919179124826e-01
