1.000000000000000056e-01 4.378108275867691884e-02 3.969549006247301282e-02 -9.980310230104907365e-01
2.000000000000000111e-01 8.501303655343045440e-02 8.167950846402133314e-02 -9.921392197966719673e-01
2.999999999999999889e-01 1.209556873844721547e-01 1.279838979980499059e-01 -9.823679877975836083e-01
4.000000000000000222e-01 1.485157378998309963e-01 1.800547240542244021e-01 -9.687938887679855560e-01
5.000000000000000000e-01 1.641999491869487460e-01 2.384733610119656455e-01 -9.515180046475802955e-01
5.999999999999999778e-01 1.641509045067435224e-01 3.025711908285204643e-01 -9.306688320341820475e-01
6.999999999999999556e-01 1.443696045714290832e-01 3.700677696377572268e-01 -9.064007321583354981e-01
7.999999999999999334e-01 1.012051133496989774e-01 4.367286901845662261e-01 -8.788917325030930483e-01
8.999999999999999112e-01 3.197447443999232308e-02 4.962182505541433697e-01 -8.483272162682251594e-01
9.999999999999998890e-01 -6.405634081638669763e-02 5.400797652458549925e-01 -8.149258641522612034e-01
1.099999999999999867e+00 -1.846558916115048909e-01 5.582349237288684041e-01 -7.789187915657329597e-01
1.199999999999999956e+00 -3.235265642060062286e-01 5.399674028600338627e-01 -7.405348266173596983e-01
1.300000000000000044e+00 -4.694853953714457351e-01 4.754958013418500995e-01 -7.000162140209499340e-01
1.399999999999999911e+00 -6.061868275824401353e-01 3.582055010154524544e-01 -6.576274087687673520e-01
1.500000000000000000e+00 -7.129123666628958134e-01 1.873331340150330981e-01 -6.135980435941098543e-01
1.599999999999999867e+00 -7.665755548232217054e-01 -2.950240556767308453e-02 -5.682274020588635732e-01
1.699999999999999956e+00 -7.453967086131126907e-01 -2.741532832035743494e-01 -5.217272598189750532e-01
1.800000000000000044e+00 -6.337834669831186041e-01 -5.176763272178470654e-01 -4.743345476183429277e-01
1.899999999999999911e+00 -4.280443381216498810e-01 -7.222007498228126821e-01 -4.262916692328143631e-01
2.000000000000000000e+00 -1.416636717910169097e-01 -8.460338323530532945e-01 -3.778477246561029457e-01
2.099999999999999645e+00 1.917871942906906879e-01 -8.519633298538030752e-01 -3.291860978469572929e-01
2.199999999999999734e+00 5.197115420914624195e-01 -7.175746098666658801e-01 -2.805128450165617626e-01
2.299999999999999822e+00 7.773692507933251949e-01 -4.457029245516772598e-01 -2.320371122454706059e-01
2.399999999999999911e+00 9.007441092360642942e-01 -7.164452820651123766e-02 -1.839454454140318496e-01
2.500000000000000000e+00 8.439834803215447989e-01 3.366946884733542089e-01 -1.363851259917548964e-01
2.600000000000000089e+00 5.972867289693783999e-01 6.884487809996651109e-01 -8.941752723605302100e-02
2.699999999999999734e+00 1.995018037387769616e-01 8.899212322311952361e-01 -4.333409805168328410e-02
2.799999999999999822e+00 -2.611640488208331612e-01 8.722761095002682374e-01 1.868348003710261626e-03
2.899999999999999911e+00 -6.630076416236163617e-01 6.191322580995306524e-01 4.606758786892211494e-02
3.000000000000000000e+00 -8.830049721013384367e-01 1.839561135047180773e-01 8.919458221922015040e-02
