0.000000000000000000e+00 -7.599031971763178561e-12 1.019831373101070400e-11 -1.000000000000000000e+00
2.105263157894736725e-01 -4.068505709338982035e-01 4.544622990345622560e-01 -7.861081040976536372e-01
4.210526315789473450e-01 -7.419683105666687872e-01 5.478252519864184045e-01 -2.902776542254179026e-01
6.315789473684210176e-01 -8.699722991676526185e-01 2.581805207153324844e-01 2.283362111527506288e-01
8.421052631578946901e-01 -6.918798393916862910e-01 -1.439895380833499106e-01 6.175756444286292224e-01
1.052631578947368363e+00 -3.075420611236756585e-01 -3.436602354546960392e-01 8.472928669591902606e-01
1.263157894736842035e+00 8.606677298865092474e-03 -2.561095916899140401e-01 9.518814194390380345e-01
1.473684210526315708e+00 9.578280679938767916e-02 -7.552760147087907161e-02 9.855040041098486192e-01
1.684210526315789380e+00 4.800014221230877731e-02 1.394431725120359733e-02 9.913968998222801865e-01
1.894736842105263053e+00 4.842161673451772855e-03 1.699390415682360683e-02 9.912275701122446048e-01
2.105263157894736725e+00 -3.781239033373753888e-03 3.812688727246037971e-03 9.916018676265626608e-01
2.315789473684210620e+00 -1.320633092947115592e-03 -4.238428123005177689e-04 9.931051026163153495e-01
2.526315789473684070e+00 -3.287137284225662517e-05 -2.968344407703393329e-04 9.950195220811006713e-01
2.736842105263157521e+00 4.423074695589877402e-05 -2.440170080578412035e-05 9.967631525072420118e-01
2.947368421052631415e+00 2.978198414166959608e-06 7.571268935623985781e-06 9.980840611263982476e-01
3.157894736842105310e+00 -3.302742091990107884e-06 1.661066209570700091e-09 9.989601075396445928e-01
3.368421052631578760e+00 4.094179787651942055e-07 2.933753110530476963e-07 9.994798540297948897e-01
3.578947368421052211e+00 -3.690115637357481693e-07 2.893914723284991525e-06 9.997590061126542249e-01
3.789473684210526105e+00 8.805678301471357303e-07 1.271140745208132818e-07 9.998959941485952019e-01
4.000000000000000000e+00 -4.689422174021778611e-06 -7.288652588050593860e-07 9.999579461474710218e-01
