1.000000000000000056e-01 -1.018343053978776336e-02 -2.770677956796822605e-01 -9.607742434308308432e-01
2.000000000000000111e-01 -9.919477977356039311e-03 -5.313121856073701466e-01 -8.470581970972321795e-01
2.999999999999999889e-01 9.459638570396673718e-03 -7.419826346842874898e-01 -6.702578665029540472e-01
4.000000000000000222e-01 5.416770577675187465e-02 -8.922774182847487134e-01 -4.480779786782876362e-01
5.000000000000000000e-01 1.270902355454888721e-01 -9.708753716191107497e-01 -2.027891506980424030e-01
5.999999999999999778e-01 2.271533387278123484e-01 -9.729403196108411533e-01 4.100019841599545495e-02
6.999999999999999556e-01 3.492607425569461688e-01 -9.005277044252715246e-01 2.588097611408435861e-01
7.999999999999999334e-01 4.847057821005670841e-01 -7.623565571534176577e-01 4.287313045134530376e-01
8.999999999999999112e-01 6.220150908649806354e-01 -5.729663785638493545e-01 5.336300985886969217e-01
9.999999999999998890e-01 7.481338068006259112e-01 -3.513423133721978453e-01 5.628663492857755024e-01
1.099999999999999867e+00 8.498336104958534865e-01 -1.191408988244453820e-01 5.133781701130289976e-01
1.199999999999999956e+00 9.152021675494876884e-01 1.013315521162482385e-01 3.900114305492210498e-01
1.300000000000000044e+00 9.350417254263356792e-01 2.891805286011522869e-01 2.050578976553157073e-01
1.399999999999999911e+00 9.040299352752318995e-01 4.268371056793758278e-01 -2.293922063115421545e-02
1.500000000000000000e+00 8.215126295072262552e-01 5.016605710729868939e-01 -2.710209188793102353e-01
1.599999999999999867e+00 6.918306000814653522e-01 5.070628561618701902e-01 -5.140709897781743365e-01
1.699999999999999956e+00 5.241309209195968988e-01 4.430582769616034922e-01 -7.273278875310116298e-01
1.800000000000000044e+00 3.316765143409817762e-01 3.162040302976873440e-01 -8.888338402207831557e-01
1.899999999999999911e+00 1.306953867215472909e-01 1.389145095207647007e-01 -9.816472864440547452e-01
2.000000000000000000e+00 -6.110730427022850048e-02 -7.174921069503380211e-02 -9.955445046405699827e-01
2.099999999999999645e+00 -2.262441070627611295e-01 -2.957418734637785040e-01 -9.280717889245309049e-01
2.199999999999999734e+00 -3.491599730838054749e-01 -5.119268692606242510e-01 -7.848323404531569736e-01
2.299999999999999822e+00 -4.178346700321727281e-01 -7.000960264962766688e-01 -5.789701290361424224e-01
2.399999999999999911e+00 -4.250485148486051745e-01 -8.428609946677394493e-01 -3.299073939305516845e-01
2.500000000000000000e+00 -3.692237412716671274e-01 -9.272642006304946394e-01 -6.147010335074486187e-02
2.600000000000000089e+00 -2.547276385543195132e-01 -9.459747418088420012e-01 2.004531491718966052e-01
2.699999999999999734e+00 -9.159645102018962315e-02 -8.979290408994865524e-01 4.304479747514544097e-01
2.799999999999999822e+00 1.053053914360277954e-01 -7.883829413281475684e-01 6.060776767201490056e-01
2.899999999999999911e+00 3.176205639128061309e-01 -6.283601905052370595e-01 7.101114464883390154e-01
3.000000000000000000e+00 5.251991730092619992e-01 -4.335621298164467063e-01 7.322378489068442908e-01
