1.000000000000000056e-01 -2.223180018622483711e-01 -1.085589386866620126e-01 -9.689115866831209400e-01
2.000000000000000111e-01 -4.331480535664867793e-01 -2.000729625411649670e-01 -8.788364890489762660e-01
2.999999999999999889e-01 -6.217340145233924975e-01 -2.594096847196490918e-01 -7.390219474255623755e-01
4.000000000000000222e-01 -7.787361907926034776e-01 -2.750746382329538053e-01 -5.638296810310888807e-01
5.000000000000000000e-01 -8.968251705591476775e-01 -2.405405878665138331e-01 -3.712746628930664872e-01
5.999999999999999778e-01 -9.711470984102420489e-01 -1.550627090426908716e-01 -1.811875267972152537e-01
6.999999999999999556e-01 -9.996277813337718365e-01 -2.388312729648867094e-02 -1.318917018234219002e-02
7.999999999999999334e-01 -9.830964056288296060e-01 1.422055070825435918e-01 1.153217702075664264e-01
8.999999999999999112e-01 -9.252175440773897641e-01 3.278843531603721217e-01 1.909565346405606989e-01
9.999999999999998890e-01 -8.322357072785330212e-01 5.148391274612604818e-01 2.057290339774276444e-01
1.099999999999999867e+00 -7.125434121981774060e-01 6.836287344546720934e-01 1.579039422706902673e-01
1.199999999999999956e+00 -5.761086508768868963e-01 8.157038062474062379e-01 5.221226339263468352e-02
1.300000000000000044e+00 -4.337828095433672870e-01 8.953857501543946995e-01 -1.005823905872417628e-01
1.399999999999999911e+00 -2.965529441707833169e-01 9.115802658632227162e-01 -2.847415480799445620e-01
1.500000000000000000e+00 -1.747712092672749906e-01 8.590639188984094954e-01 -4.811072519802126468e-01
1.599999999999999867e+00 -7.743664145027259749e-02 7.391928149215206689e-01 -6.690273046946858537e-01
1.699999999999999956e+00 -1.155156728000321376e-02 5.599626655415719245e-01 -8.284373038020440561e-01
1.800000000000000044e+00 1.836710350665282654e-02 3.354057174982563172e-01 -9.418947137234549016e-01
1.899999999999999911e+00 1.060982561710044868e-02 8.435157288419814492e-02 -9.963795680422672385e-01
2.000000000000000000e+00 -3.360947456016781520e-02 -1.712865754298184551e-01 -9.846478112850771680e-01
2.099999999999999645e+00 -1.102615442674852175e-01 -4.086029373068131854e-01 -9.060276110903461300e-01
2.199999999999999734e+00 -2.128023705271379629e-01 -6.058893059167448358e-01 -7.665593936901176075e-01
2.299999999999999822e+00 -3.326927833025051795e-01 -7.447817929096698375e-01 -5.784596837934377067e-01
2.399999999999999911e+00 -4.600529831123845170e-01 -8.120904605613695759e-01 -3.589712556966253021e-01
2.500000000000000000e+00 -5.844378140282335821e-01 -8.011666999144932966e-01 -1.287027641708368142e-01
2.600000000000000089e+00 -6.956701290949550698e-01 -7.126506034136572687e-01 9.040046645577037854e-02
2.699999999999999734e+00 -7.846426885420644259e-01 -5.545196973588212286e-01 2.772071794862179805e-01
2.799999999999999822e+00 -8.440629051181246512e-01 -3.414247766080549806e-01 4.135057404270741643e-01
2.899999999999999911e+00 -8.690459201208737827e-01 -9.337739952830177714e-02 4.858393815549738592e-01
3.000000000000000000e+00 -8.575312856852701504e-01 1.661109836487545677e-01 4.868750080085160747e-01
