0.000000000000000000e+00 -7.625744599232831591e-12 9.941050467617141419e-12 -1.000000000000000000e+00
1.016949152542372947e-01 -2.005056241846249754e-01 2.414484871684116074e-01 -9.483271231787780975e-01
2.033898305084745894e-01 -3.967557152487135586e-01 4.335499132777696496e-01 -8.024661107631084755e-01
3.050847457627118842e-01 -5.810594745974715369e-01 5.397434054839871376e-01 -5.861359806403366735e-01
4.067796610169491789e-01 -7.397247145578678129e-01 5.432091511545860119e-01 -3.294374381866603252e-01
5.084745762711864181e-01 -8.530045850042360378e-01 4.479962675538414207e-01 -6.157141983140207442e-02
6.101694915254237683e-01 -8.992098106051439332e-01 2.773902813412490453e-01 1.929416776042222892e-01
7.118644067796611186e-01 -8.632699877749122619e-01 7.023480361206393963e-02 4.159671613747216723e-01
8.135593220338983578e-01 -7.462090605009935596e-01 -1.271633738013552006e-01 5.968656092378586964e-01
9.152542372881355970e-01 -5.692138493565408464e-01 -2.738990696314477225e-01 7.330422895269705919e-01
1.016949152542372836e+00 -3.681345549577775822e-01 -3.468679927423057308e-01 8.288018942779381559e-01
1.118644067796610297e+00 -1.810357474214514262e-01 -3.458055294047433503e-01 8.925231363524928074e-01
1.220338983050847537e+00 -3.627990425548448250e-02 -2.890118927088033973e-01 9.333699101085622951e-01
1.322033898305084776e+00 5.344372375061543640e-02 -2.037345205348298216e-01 9.590715479890307149e-01
1.423728813559322237e+00 9.073146935707820937e-02 -1.165235519098119232e-01 9.751644885590905476e-01
1.525423728813559476e+00 8.895536867603556774e-02 -4.643936558384944430e-02 9.852303649434493993e-01
1.627118644067796716e+00 6.597589351628355137e-02 -2.054371158305159928e-03 9.914751269648020005e-01
1.728813559322033955e+00 3.799048463618187599e-02 1.785630141311101218e-02 9.952679548209554250e-01
1.830508474576271194e+00 1.544795597853590441e-02 2.063991618311682499e-02 9.974918660950744531e-01
1.932203389830508655e+00 2.081705321876962250e-03 1.512943907147716420e-02 9.987369125882336052e-01
2.033898305084745672e+00 -3.260969809616462260e-03 8.078390001081098282e-03 9.993975039058874410e-01
2.135593220338983134e+00 -3.795174937670921927e-03 2.907971014969195668e-03 9.997282050909267470e-01
2.237288135593220595e+00 -2.506824462475355265e-03 2.711473802368383375e-04 9.998841293258232676e-01
2.338983050847457612e+00 -1.146071272711880014e-03 -5.534958507818767918e-04 9.999533321713226508e-01
2.440677966101695073e+00 -3.231018819198911286e-04 -5.259263671059848447e-04 9.999822375792115636e-01
2.542372881355932535e+00 6.345093290182159985e-06 -2.827839643962673185e-04 9.999936113553635764e-01
2.644067796610169552e+00 7.138556034685914517e-05 -1.017353274876504020e-04 9.999978270731916252e-01
2.745762711864407013e+00 5.043129435805539208e-05 -1.544037412170556071e-05 9.999993008519583171e-01
2.847457627118644474e+00 2.182339766984342633e-05 6.109677311589430422e-06 9.999997870841123015e-01
2.949152542372881491e+00 2.932570308248513921e-06 4.320368910285045483e-06 9.999999386424922587e-01
3.050847457627118953e+00 -1.574535541394393774e-06 1.017089725953674044e-06 9.999999832409302014e-01
3.152542372881355970e+00 9.417997614124394095e-07 4.087452088323117116e-07 9.999999956630953868e-01
3.254237288135593431e+00 -4.123471024173331654e-07 -6.192399491534136596e-07 9.999999989397960753e-01
3.355932203389830892e+00 2.935863541821413919e-07 2.674962147185238296e-06 9.999999997546402675e-01
3.457627118644067910e+00 6.666622512970310304e-07 3.352904797532020597e-06 9.999999999465090106e-01
3.559322033898305371e+00 -6.554050384552952079e-07 2.623210314386000825e-07 9.999999999964171993e-01
3.661016949152542388e+00 -2.242188812416242122e-06 5.827633724959410345e-08 1.000000000002010614e+00
3.762711864406779849e+00 3.921713411455546728e-06 1.272161777017664043e-06 1.000000000002561729e+00
3.864406779661017310e+00 -1.286784796579567278e-06 -4.809681539894753232e-07 1.000000000009583667e+00
3.966101694915254328e+00 -4.991901152554311022e-07 1.414877195248422763e-07 1.000000000010718315e+00
4.067796610169491345e+00 -2.756153755564893508e-06 3.094792895021120509e-06 1.000000000004069634e+00
4.169491525423729250e+00 2.744151226173416250e-07 5.259228899108723760e-07 1.000000000011215695e+00
4.271186440677966267e+00 1.692788207195699776e-06 -3.177110235162075100e-07 1.000000000010359713e+00
4.372881355932203284e+00 -2.745326584467288677e-06 3.067409771778516908e-06 1.000000000000448086e+00
4.474576271186441190e+00 -3.490650863694979568e-08 7.521667301537715139e-07 1.000000000012785994e+00
4.576271186440678207e+00 2.915380014494835584e-06 2.690258781798602332e-06 1.000000000004888534e+00
4.677966101694915224e+00 2.071370874271460712e-07 4.935513372728584096e-06 1.000000000001412426e+00
4.779661016949153129e+00 -1.349990705524219635e-07 3.029852068287616575e-06 1.000000000012259527e+00
4.881355932203390147e+00 1.500157978741401035e-06 5.480306196845280325e-06 1.000000000001577849e+00
4.983050847457627164e+00 -4.829644773853001132e-07 -6.966014178299287512e-06 9.999999999927824401e-01
5.084745762711865069e+00 1.999702828100317693e-07 -2.452045577816816780e-06 1.000000000015542012e+00
5.186440677966102086e+00 4.753622212753854455e-06 8.772995906792649919e-07 1.000000000009263923e+00
5.288135593220339103e+00 -2.776757717446089128e-06 -2.660586034364213940e-06 1.000000000015240698e+00
5.389830508474577009e+00 1.136124754073655681e-08 -4.519325872209750257e-07 1.000000000025459634e+00
5.491525423728814026e+00 1.028561126735273728e-06 7.896253962839730221e-07 1.000000000020109914e+00
5.593220338983051043e+00 -1.561405807014243693e-06 -4.674978764830664638e-06 1.000000000013015367e+00
5.694915254237288949e+00 -2.349447015080325705e-06 -2.480060795552166339e-06 1.000000000018440582e+00
5.796610169491525966e+00 1.016919237446090499e-06 1.558699477842015028e-06 1.000000000026473712e+00
5.898305084745762983e+00 5.435696351220121735e-07 -2.638520031403791774e-06 1.000000000025722535e+00
6.000000000000000000e+00 -9.361809844628529802e-07 -2.879213655275902754e-06 1.000000000026309177e+00
