1.500000000000000000e+00 9.312497860323716570e-02 -6.156658524248826564e-02 9.856556895830212994e-01
1.551724137931034475e+00 8.521672527286637544e-02 -3.173838683191315679e-02 9.896337051309889166e-01
1.603448275862068950e+00 7.286162603553314465e-02 -9.087986604156189641e-03 9.925543230702587039e-01
1.655172413793103425e+00 5.839681269854804513e-02 6.614722653163415678e-03 9.946798550046208609e-01
1.706896551724137900e+00 4.373160708803853353e-02 1.615878826275500904e-02 9.962152740279098806e-01
1.758620689655172376e+00 3.026601980091817023e-02 2.067423407842425287e-02 9.973171885595653041e-01
1.810344827586206851e+00 1.887595661272025577e-02 2.142633676396739004e-02 9.981038153810350977e-01
1.862068965517241326e+00 9.964049784670338250e-03 1.966296871447079098e-02 9.986629550858041604e-01
1.913793103448275801e+00 3.553024080282955743e-03 1.647837645139456006e-02 9.990591680327245427e-01
1.965517241379310276e+00 -6.171292351682816646e-04 1.275539364389377192e-02 9.993391903065261817e-01
2.017241379310344751e+00 -2.941971659222154985e-03 9.117320970355566670e-03 9.995367606793188475e-01
2.068965517241379448e+00 -3.899275541444324929e-03 5.959006274367588743e-03 9.996758956211165836e-01
2.120689655172413701e+00 -3.934083234304100105e-03 3.456594260289888500e-03 9.997738085685203835e-01
2.172413793103448398e+00 -3.434291072850252213e-03 1.645209566336249072e-03 9.998425901318169773e-01
2.224137931034482651e+00 -2.702035757764614712e-03 4.615327792972939713e-04 9.998907988637428801e-01
2.275862068965517349e+00 -1.939788568180850041e-03 -2.109037796297968340e-04 9.999245217514250994e-01
2.327586206896551602e+00 -1.271500936426777327e-03 -5.268414176692594276e-04 9.999480409574066364e-01
2.379310344827586299e+00 -7.501460105614665610e-04 -6.016057740055897208e-04 9.999643938518155695e-01
2.431034482758620552e+00 -3.765465175870234891e-04 -5.416168995841011934e-04 9.999757246044645997e-01
2.482758620689655249e+00 -1.390311296602440936e-04 -4.292224124845643455e-04 9.999835342946865602e-01
2.534482758620689502e+00 -6.269596718720460210e-06 -3.014091213866096808e-04 9.999888950785018604e-01
2.586206896551724199e+00 5.267961285488484348e-05 -1.916754830470548401e-04 9.999925535582849800e-01
2.637931034482758896e+00 7.128523033892613433e-05 -1.097047696459159876e-04 9.999950362469052223e-01
2.689655172413793149e+00 6.421038185564607197e-05 -5.336494132797921426e-05 9.999967115629139203e-01
2.741379310344827402e+00 4.997154237502680110e-05 -1.910729373492256662e-05 9.999978348828935104e-01
2.793103448275862100e+00 3.552614599797104209e-05 -4.329177184361440202e-06 9.999985833852657047e-01
2.844827586206896797e+00 2.331146598848575158e-05 1.727179670120512783e-06 9.999990790453719969e-01
2.896551724137931050e+00 1.175585502612999974e-05 7.684622328090918585e-06 9.999994051191334332e-01
2.948275862068965303e+00 7.023559141916734325e-06 4.675250936969034332e-06 9.999996181994654787e-01
3.000000000000000000e+00 3.140503798352374445e-06 7.913174450107027868e-06 9.999997565008655886e-01
