1.000000000000000056e-01 2.963720043369238444e-01 8.323796446199593912e-02 -9.502657198001389638e-01
2.000000000000000111e-01 5.655003322589776671e-01 1.329468251099460152e-01 -8.086601203871697230e-01
2.999999999999999889e-01 7.812240897779421100e-01 1.254368243040968611e-01 -5.961452503966960803e-01
4.000000000000000222e-01 9.208201098197469348e-01 5.388268975974265518e-02 -3.421556877040550781e-01
5.000000000000000000e-01 9.689448708107412100e-01 -6.955194929137867299e-02 -7.819096236898027963e-02
5.999999999999999778e-01 9.221103475374088365e-01 -2.172322501347329904e-01 1.682233047641032153e-01
6.999999999999999556e-01 7.916607767234132842e-01 -3.542516719982200524e-01 3.776793577245554645e-01
7.999999999999999334e-01 6.032595544855271497e-01 -4.488115606345119413e-01 5.404273441249488608e-01
8.999999999999999112e-01 3.920631014385451141e-01 -4.814355658759131296e-01 6.555157244339478995e-01
9.999999999999998890e-01 1.945648975982443851e-01 -4.499749450349312396e-01 7.283668020325591019e-01
1.099999999999999867e+00 3.967233279500477494e-02 -3.688146062105831513e-01 7.678334739086416505e-01
1.199999999999999956e+00 -5.785830431560806675e-02 -2.627983002500223209e-01 7.836002661274875658e-01
1.300000000000000044e+00 -9.928586836369575341e-02 -1.583342403120356623e-01 7.844024766390007564e-01
1.399999999999999911e+00 -9.853504472999054242e-02 -7.511205769169117252e-02 7.771410959780360450e-01
1.500000000000000000e+00 -7.519465818973061766e-02 -2.144652379080560015e-02 7.667054975904024072e-01
1.599999999999999867e+00 -4.685185433455488213e-02 5.397054408219108777e-03 7.562206350896578666e-01
1.699999999999999956e+00 -2.386108873417685031e-02 1.468961261019896547e-02 7.474634021753588931e-01
1.800000000000000044e+00 -8.418914608703037192e-03 1.613295667451743881e-02 7.412867497177608733e-01
1.899999999999999911e+00 2.363584362572915872e-03 1.528134172725111387e-02 7.379786644022572339e-01
2.000000000000000000e+00 1.164022834249545113e-02 1.265436905619936846e-02 7.375321148864324439e-01
2.099999999999999645e+00 1.939342197213024532e-02 6.451417566933469877e-03 7.398232941641044169e-01
2.199999999999999734e+00 2.254881889782148208e-02 -3.374291270934219687e-03 7.446963377467865630e-01
2.299999999999999822e+00 1.836807027420596025e-02 -1.300714347306155226e-02 7.519656142187467474e-01
2.399999999999999911e+00 8.325415225697489416e-03 -1.653585977365660750e-02 7.613709182429931888e-01
2.500000000000000000e+00 -1.121499795840972527e-03 -1.067919506240402709e-02 7.725454316555049328e-01
2.600000000000000089e+00 -2.382299429264604813e-03 1.351210306278775820e-03 7.850472517094341240e-01
2.699999999999999734e+00 7.115744296313452309e-03 1.076684382813155455e-02 7.984579581535287129e-01
2.799999999999999822e+00 2.153962543504639449e-02 9.383987152557881142e-03 8.124840503748826936e-01
2.899999999999999911e+00 2.996329805430368934e-02 -3.169624679961102840e-03 8.269723629714127444e-01
3.000000000000000000e+00 2.501116308339623034e-02 -1.763726420667140540e-02 8.418032534598319794e-01
