1.000000000000000056e-01 -1.429988525249337450e-01 -4.419144632909245696e-02 -3.549482674923498116e-01
2.000000000000000111e-01 -2.731880813436043942e-01 -9.045689277662291583e-02 -3.174664066926730643e-01
2.999999999999999889e-01 -3.789729323384915527e-01 -1.404137365158390216e-01 -2.592343773714985145e-01
4.000000000000000222e-01 -4.510605294092187023e-01 -1.948502794314289910e-01 -1.861599539330621722e-01
5.000000000000000000e-01 -4.833408581774040758e-01 -2.534479085578453805e-01 -1.056615402049384395e-01
5.999999999999999778e-01 -4.734587009413507852e-01 -3.146488968764620253e-01 -2.592137169776166997e-02
6.999999999999999556e-01 -4.230327358570405427e-01 -3.756949737607912509e-01 4.494273439379796453e-02
7.999999999999999334e-01 -3.374996320772815639e-01 -4.328339888924402912e-01 9.969574282984158820e-02
8.999999999999999112e-01 -2.255898334193611188e-01 -4.816862820771419806e-01 1.327254210804673928e-01
9.999999999999998890e-01 -9.850136412918378270e-02 -5.177182661021499932e-01 1.406107843637040278e-01
1.099999999999999867e+00 3.116808270186781360e-02 -5.367846706411735225e-01 1.224812122352173099e-01
1.199999999999999956e+00 1.506161344456611317e-01 -5.356720585315160044e-01 8.011347016484408889e-02
1.300000000000000044e+00 2.480489687602238924e-01 -5.125793972071909232e-01 1.776662825574628832e-02
1.399999999999999911e+00 3.137950214443446240e-01 -4.674806287822620976e-01 -5.823202829209601916e-02
1.500000000000000000e+00 3.412218841077931386e-01 -4.023170795759766771e-01 -1.401152715970448714e-01
1.599999999999999867e+00 3.273562449449550771e-01 -3.209898016776329133e-01 -2.194484791023159076e-01
1.699999999999999956e+00 2.731618828119499742e-01 -2.291466919082746079e-01 -2.879691693983030265e-01
1.800000000000000044e+00 1.834368325926508114e-01 -1.337569909510430144e-01 -3.384264289153537941e-01
1.899999999999999911e+00 6.635814964826788898e-02 -4.254075256550577527e-02 -3.653072802750739756e-01
2.000000000000000000e+00 -6.730735999270644199e-02 3.673240075472702232e-02 -3.654084172612094839e-01
2.099999999999999645e+00 -2.052252979434595337e-01 9.698408142480764715e-02 -3.381715922708791733e-01
2.199999999999999734e+00 -3.346648892344208925e-01 1.325311720430665530e-01 -2.857615260778352817e-01
2.299999999999999822e+00 -4.437091815161742225e-01 1.396999870930951126e-01 -2.128713552579828416e-01
2.399999999999999911e+00 -5.223770360832384885e-01 1.172634286241545365e-01 -1.262799421928585686e-01
2.500000000000000000e+00 -5.635720657777486542e-01 6.666025995580293628e-02 -3.418819251095858713e-02
2.600000000000000089e+00 -5.637388788529068551e-01 -8.041108343873261399e-03 5.457451681850190861e-02
2.699999999999999734e+00 -5.231939562227321261e-01 -1.004239427804510809e-01 1.314225635643275214e-01
2.799999999999999822e+00 -4.460849152143991914e-01 -2.022595151711849004e-01 1.888638157201625589e-01
2.899999999999999911e+00 -3.399826912154976788e-01 -3.042249845690670473e-01 2.212483537291356495e-01
3.000000000000000000e+00 -2.151546634531134317e-01 -3.967535048640110085e-01 2.253351301778439286e-01
