1.000000000000000056e-01 7.925536493125104331e-02 -7.298526764727955585e-02 -3.612447425684829350e-01
2.000000000000000111e-01 1.574578994471593774e-01 -1.385260728377326889e-01 -3.420639118422055258e-01
2.999999999999999889e-01 2.333860064715473637e-01 -1.899195938770253389e-01 -3.124294049509150351e-01
4.000000000000000222e-01 3.055130129931224459e-01 -2.218734487750114448e-01 -2.755798955789323657e-01
5.000000000000000000e-01 3.719353197561100499e-01 -2.310446533811848779e-01 -2.355519958972342454e-01
5.999999999999999778e-01 4.303791022603424832e-01 -2.163861334707182227e-01 -1.967481364178527425e-01
6.999999999999999556e-01 4.783061517563290677e-01 -1.792707178909053178e-01 -1.634606751532955704e-01
7.999999999999999334e-01 5.131004045549970582e-01 -1.233904837269642202e-01 -1.394051406534007886e-01
8.999999999999999112e-01 5.323320282904423495e-01 -5.441977068546113849e-02 -1.273120398825339783e-01
9.999999999999998890e-01 5.340626027038472001e-01 2.050650922543974242e-02 -1.286179474160119851e-01
1.099999999999999867e+00 5.171584610692172568e-01 9.346889263816925142e-02 -1.432925396339731483e-01
1.199999999999999956e+00 4.815701105219724054e-01 1.565153754965801225e-01 -1.698181002020104080e-01
1.300000000000000044e+00 4.285387716428196159e-01 2.024269919971310727e-01 -2.053275465069625272e-01
1.399999999999999911e+00 3.606909950720085800e-01 2.254270367201798020e-01 -2.458878021457441831e-01
1.500000000000000000e+00 2.820052282393969434e-01 2.217536104597346291e-01 -2.868974029416103133e-01
1.599999999999999867e+00 1.976292623143614813e-01 1.900584266877315964e-01 -3.235623154460688378e-01
1.699999999999999956e+00 1.135583703165222863e-01 1.315758871388076345e-01 -3.514010825561025841e-01
1.800000000000000044e+00 3.618989784159392514e-02 5.005457329626871593e-02 -3.667250694490127860e-01
1.899999999999999911e+00 -2.819910823905978983e-02 -4.854484509514887108e-02 -3.670436281749543395e-01
2.000000000000000000e+00 -7.402056185978983516e-02 -1.565674890508241268e-01 -3.513543673225678621e-01
2.099999999999999645e+00 -9.692001653561810315e-02 -2.653357969056487908e-01 -3.202844780552082105e-01
2.199999999999999734e+00 -9.425419587373816410e-02 -3.659378105525363800e-01 -2.760645212071837773e-01
2.299999999999999822e+00 -6.543277469590179363e-02 -4.500270520389512141e-01 -2.223425354814582977e-01
2.399999999999999911e+00 -1.209344394726294403e-02 -5.105996266741462675e-01 -1.638409676179296837e-01
2.500000000000000000e+00 6.191312805644910711e-02 -5.426354000425840374e-01 -1.059078120846980858e-01
2.600000000000000089e+00 1.507648854962127527e-01 -5.435797399953145037e-01 -5.398472199635997310e-02
2.699999999999999734e+00 2.470906063523622409e-01 -5.135930436732430993e-01 -1.306649675419596819e-02
2.799999999999999822e+00 3.425692897287336836e-01 -4.555605953528493179e-01 1.281422331679497872e-02
2.899999999999999911e+00 4.286429339320871890e-01 -3.748516423832866096e-01 2.100752029428514661e-02
3.000000000000000000e+00 4.972843408860330716e-01 -2.788546925433750268e-01 1.053774369509377640e-02
