1.000000000000000056e-01 -1.084335601813984779e-01 1.311452352454330617e-01 -3.511258041135078001e-01
2.000000000000000111e-01 -2.048192018043736573e-01 2.514823479817739349e-01 -3.024798829820876112e-01
2.999999999999999889e-01 -2.781233407411897729e-01 3.524690829417261306e-01 -2.265084304618557587e-01
4.000000000000000222e-01 -3.177653277837921286e-01 4.276920701057309593e-01 -1.307600586434214396e-01
5.000000000000000000e-01 -3.179991428401675591e-01 4.720735551174576328e-01 -2.474737647708492860e-02
5.999999999999999778e-01 -2.775458317660455254e-01 4.831014927808769954e-01 8.107764086988522578e-02
6.999999999999999556e-01 -1.993158034728806094e-01 4.611823200551757873e-01 1.762726339204126191e-01
7.999999999999999334e-01 -9.021854201958275088e-02 4.095294201951592550e-01 2.514365864627673974e-01
8.999999999999999112e-01 3.948357105768052905e-02 3.338318149515607791e-01 2.991399043617223863e-01
9.999999999999998890e-01 1.771885422736831639e-01 2.417154738238354861e-01 3.146576133008298637e-01
1.099999999999999867e+00 3.092070070670873139e-01 1.420429513129153054e-01 2.964373739472312419e-01
1.199999999999999956e+00 4.221530170195282317e-01 4.410020979840521826e-02 2.462568743743355770e-01
1.300000000000000044e+00 5.043010999493169333e-01 -4.323541038059090791e-02 1.690511686526586510e-01
1.399999999999999911e+00 5.467951152161364403e-01 -1.122831274124937717e-01 7.243023723485333965e-02
1.500000000000000000e+00 5.445771875028874165e-01 -1.572296852538422329e-01 -3.406773858100223262e-02
1.599999999999999867e+00 4.969421947355273095e-01 -1.746196542103771177e-01 -1.399140401006244427e-01
1.699999999999999956e+00 4.076655971907625076e-01 -1.636221116379124318e-01 -2.346202645503686346e-01
1.800000000000000044e+00 2.846800195186842686e-01 -1.260590293364525771e-01 -3.087763506784644840e-01
1.899999999999999911e+00 1.393343782795048169e-01 -6.618250478151467553e-02 -3.549764344271730820e-01
2.000000000000000000e+00 -1.468905659407988319e-02 9.763267850305465748e-03 -3.685482848926400212e-01
2.099999999999999645e+00 -1.626958861765174236e-01 9.415360183354890000e-02 -3.480192978244973090e-01
2.199999999999999734e+00 -2.904325034702001651e-01 1.787274487302569215e-01 -2.952662104895765194e-01
2.299999999999999822e+00 -3.854782485607577969e-01 2.553633537391287178e-01 -2.153358984320409564e-01
2.399999999999999911e+00 -4.384878292988060311e-01 3.168405483581333004e-01 -1.159552256236224960e-01
2.500000000000000000e+00 -4.441334129310200440e-01 3.575009691836386061e-01 -6.778547382242305734e-03
2.600000000000000089e+00 -4.016583795819512193e-01 3.737586143175794517e-01 1.015627888474375934e-01
2.699999999999999734e+00 -3.149839040663139911e-01 3.644025566932647675e-01 1.984935107855025638e-01
2.799999999999999822e+00 -1.923588107739812592e-01 3.306770621500600971e-01 2.745374572583835771e-01
2.899999999999999911e+00 -4.557950035359805557e-02 2.761269689822651863e-01 3.222471731733634326e-01
3.000000000000000000e+00 1.111375857775053350e-01 2.062284093362351245e-01 3.369366787310725253e-01
