1.000000000000000056e-01 -1.257389522355621403e-01 2.035617609294728958e-01 -9.692698898476520553e-01
2.000000000000000111e-01 -2.479184891349435482e-01 3.878546170828759965e-01 -8.803266556100902696e-01
2.999999999999999889e-01 -3.627060015694854034e-01 5.366329013556286887e-01 -7.422712950862317971e-01
4.000000000000000222e-01 -4.659399194802616995e-01 6.389749394951511619e-01 -5.683321745476803688e-01
5.000000000000000000e-01 -5.533511348380379946e-01 6.904075159624830649e-01 -3.735554611492510335e-01
5.999999999999999778e-01 -6.210581458630035634e-01 6.927332578774373362e-01 -1.725168484637024102e-01
6.999999999999999556e-01 -6.661532460995890359e-01 6.528150094092509681e-01 2.244826632195598415e-02
7.999999999999999334e-01 -6.871797270231275734e-01 5.807843405021716476e-01 2.022621559348004305e-01
8.999999999999999112e-01 -6.843954824353404298e-01 4.881221018635630293e-01 3.613144849445766305e-01
9.999999999999998890e-01 -6.597475881605970871e-01 3.860144372227065079e-01 4.971273574315254185e-01
1.099999999999999867e+00 -6.166062355593832089e-01 2.841588457577675086e-01 6.096713834561751089e-01
1.199999999999999956e+00 -5.593228150231241980e-01 1.900698393438660649e-01 7.005991287480086704e-01
1.300000000000000044e+00 -4.927431666806872390e-01 1.088375808799785238e-01 7.725049853229807306e-01
1.399999999999999911e+00 -4.216998334245932178e-01 4.322942806377369496e-02 8.283749008635615807e-01
1.500000000000000000e+00 -3.505912096802401012e-01 -6.037913678594375791e-03 8.711830502262628562e-01
1.599999999999999867e+00 -2.830802720365313552e-01 -3.981526294170244229e-02 9.036356768879016954e-01
1.699999999999999956e+00 -2.218767774933618486e-01 -6.006730566903302482e-02 9.280618814533899696e-01
1.800000000000000044e+00 -1.687072302734433371e-01 -6.936731030697856903e-02 9.463670888821656968e-01
1.899999999999999911e+00 -1.243330497143096958e-01 -7.049097978924398489e-02 9.600626784337428221e-01
2.000000000000000000e+00 -8.869760518682100192e-02 -6.609158627549349685e-02 9.703113097743674142e-01
2.099999999999999645e+00 -6.114670890779788648e-02 -5.845202483982886443e-02 9.779874108978425795e-01
2.199999999999999734e+00 -4.063375366755239693e-02 -4.938162913137780774e-02 9.837407677510237036e-01
2.299999999999999822e+00 -2.594110221162357691e-02 -4.017579833822965130e-02 9.880513439653572094e-01
2.399999999999999911e+00 -1.580639768288202157e-02 -3.165916170326969759e-02 9.912751705962695725e-01
2.500000000000000000e+00 -9.104969446976909561e-03 -2.428095274148803218e-02 9.936764564923806775e-01
2.600000000000000089e+00 -4.859358482996817274e-03 -1.819047703711806213e-02 9.954550296696781375e-01
2.699999999999999734e+00 -2.301712145561881154e-03 -1.335751034598725573e-02 9.967625402114339561e-01
2.799999999999999822e+00 -8.515909492469208100e-04 -9.643221821791494661e-03 9.977153430585540272e-01
2.899999999999999911e+00 -1.010404553613017745e-04 -6.870297134712312521e-03 9.984029376333016792e-01
3.000000000000000000e+00 2.408532650992937195e-04 -4.836889430846306147e-03 9.988941374986231025e-01
