1.000000000000000056e-01 -9.861862937653089606e-03 9.845152794607310576e-02 -9.945308043457522507e-01
2.000000000000000111e-01 -2.679700746727664562e-02 1.946730131465336799e-01 -9.782336998456198085e-01
2.999999999999999889e-01 -5.740887664823704495e-02 2.856321635239773005e-01 -9.514388527181656396e-01
4.000000000000000222e-01 -1.072683181325510826e-01 3.668242433014717863e-01 -9.146836667928719411e-01
5.000000000000000000e-01 -1.801249645270779909e-01 4.318437260014136858e-01 -8.686830147699377003e-01
5.999999999999999778e-01 -2.769257443874979518e-01 4.722921936294693923e-01 -8.143166594202049247e-01
6.999999999999999556e-01 -3.946757414623510707e-01 4.783117360978438315e-01 -7.525895194038821900e-01
7.999999999999999334e-01 -5.253530618393092988e-01 4.398391419004861191e-01 -6.845795524909947805e-01
8.999999999999999112e-01 -6.552209233788408582e-01 3.485689825060434011e-01 -6.114363641856475073e-01
9.999999999999998890e-01 -7.649614769849502061e-01 2.007644768273232350e-01 -5.343194209441994857e-01
1.099999999999999867e+00 -8.311862258694825423e-01 3.155006939944415834e-04 -4.543732963269579983e-01
1.199999999999999956e+00 -8.296511177260177394e-01 -2.383743639232723255e-01 -3.726894888534749151e-01
1.300000000000000044e+00 -7.403035240476980583e-01 -4.889416411126779050e-01 -2.903047899733389725e-01
1.399999999999999911e+00 -5.536447672167620349e-01 -7.139731649578298089e-01 -2.081648880042901162e-01
1.500000000000000000e+00 -2.771865848256076514e-01 -8.694396570106770472e-01 -1.270825246348243065e-01
1.599999999999999867e+00 5.999315657137482827e-02 -9.129870245320232947e-01 -4.780135029569845817e-02
1.699999999999999956e+00 4.069746658284105756e-01 -8.153620112732364866e-01 2.906350635793208612e-02
1.800000000000000044e+00 6.971923838763098846e-01 -5.725927683804349355e-01 1.030101783640145069e-01
1.899999999999999911e+00 8.618559056432717469e-01 -2.151281826361010063e-01 1.736925781290516724e-01
2.000000000000000000e+00 8.491312688465247893e-01 1.906733003738305676e-01 2.407912338757039472e-01
2.099999999999999645e+00 6.443774174275775923e-01 5.523991038213312832e-01 3.041245877115728580e-01
2.199999999999999734e+00 2.843449339183858338e-01 7.736988846034147382e-01 3.636115709393732964e-01
2.299999999999999822e+00 -1.424477756289727615e-01 7.846793253549549929e-01 4.191808080914928292e-01
2.399999999999999911e+00 -5.144707957081092742e-01 5.713979921294435327e-01 4.708881127454743742e-01
2.500000000000000000e+00 -7.135056187785294712e-01 1.920563478084107711e-01 5.187961726381499217e-01
2.600000000000000089e+00 -6.690851201655252378e-01 -2.314921738563262554e-01 5.630192888936301765e-01
2.699999999999999734e+00 -3.935081100352896266e-01 -5.503231297243210696e-01 6.037226014347200076e-01
2.799999999999999822e+00 1.090333900590181870e-02 -6.447472817019318514e-01 6.410824146200030382e-01
2.899999999999999911e+00 3.832018929087565584e-01 -4.787308503752412125e-01 6.752609334573883570e-01
3.000000000000000000e+00 5.681743694099301578e-01 -1.255532249141958767e-01 7.064668338141678605e-01
