1.000000000000000056e-01 7.509223724537343603e-02 -6.818938666483359556e-02 -9.946123803103297245e-01
2.000000000000000111e-01 1.493168051903422389e-01 -1.352514096623093631e-01 -9.785567950548197391e-01
2.999999999999999889e-01 2.218223950165572333e-01 -2.000836630365651625e-01 -9.521543641345479037e-01
4.000000000000000222e-01 2.918018055126020971e-01 -2.616705310324567435e-01 -9.159245689832339332e-01
5.000000000000000000e-01 3.585147637289503031e-01 -3.190916555047909053e-01 -8.705654217085340152e-01
5.999999999999999778e-01 4.212938739291668955e-01 -3.715588594934585154e-01 -8.169284740026430125e-01
6.999999999999999556e-01 4.795649973779977371e-01 -4.184299368442830902e-01 -7.559872633198736480e-01
7.999999999999999334e-01 5.328536054816158662e-01 -4.592297337272704394e-01 -6.888005831785476429e-01
8.999999999999999112e-01 5.807992537477388861e-01 -4.936405539697261702e-01 -6.164766938323488210e-01
9.999999999999998890e-01 6.231366240866261785e-01 -5.215099570474990287e-01 -5.401538245107740943e-01
1.099999999999999867e+00 6.597171361424357672e-01 -5.428460316925531881e-01 -4.609415620664402691e-01
1.199999999999999956e+00 6.904921265377566009e-01 -5.577923239714455139e-01 -3.799124870975086332e-01
1.300000000000000044e+00 7.155042305881152975e-01 -5.666171281829341932e-01 -2.980777793796692832e-01
1.399999999999999911e+00 7.348830677037530013e-01 -5.696913538270673705e-01 -2.163637133808790358e-01
1.500000000000000000e+00 7.488284362100073865e-01 -5.674745302542592018e-01 -1.355940470257715469e-01
1.599999999999999867e+00 7.576115040996136418e-01 -5.604728606153693837e-01 -5.647993266202507023e-02
1.699999999999999956e+00 7.615411670318857906e-01 -5.492453996340025402e-01 2.035455752347362438e-02
1.800000000000000044e+00 7.609730938036883829e-01 -5.343618631112235784e-01 9.441980451567638655e-02
1.899999999999999911e+00 7.562870555400660333e-01 -5.163947990455280967e-01 1.653246309273787296e-01
2.000000000000000000e+00 7.478768057351177223e-01 -4.959112719718477003e-01 2.327688334217636879e-01
2.099999999999999645e+00 7.361468998792985996e-01 -4.734454794696053570e-01 2.965528458141021839e-01
2.199999999999999734e+00 7.214952334949636947e-01 -4.495060745017093184e-01 3.565581681089172172e-01
2.299999999999999822e+00 7.043131988684598888e-01 -4.245537602336638683e-01 4.127397329791455682e-01
2.399999999999999911e+00 6.849871888224934313e-01 -3.990121983873878286e-01 4.650932692600764917e-01
2.500000000000000000e+00 6.638669525220610712e-01 -3.732500699683375389e-01 5.137005724462269107e-01
2.600000000000000089e+00 6.413056644079939694e-01 -3.475992516540941657e-01 5.586412461440840582e-01
2.699999999999999734e+00 6.176064960746958654e-01 -3.223398420569021372e-01 6.000655996660685387e-01
2.799999999999999822e+00 5.930732587991061067e-01 -2.977003882655834821e-01 6.381202452571137496e-01
2.899999999999999911e+00 5.679595325785024018e-01 -2.738658891081623414e-01 6.729940478112345081e-01
3.000000000000000000e+00 5.425116183969065364e-01 -2.510030771556558959e-01 7.048604072358208850e-01
