1.000000000000000056e-01 9.755379332077062093e-01 2.446203682736868001e-02 0.000000000000000000e+00 2.996492601731821748e-08 -8.497531363474514210e-02 1.290071351535687361e-01 0.000000000000000000e+00 0.000000000000000000e+00 0.000000000000000000e+00 0.000000000000000000e+00 2.295728521514081905e-05 -1.435143279882642220e-05 0.000000000000000000e+00 0.000000000000000000e+00 -4.062002881158544238e-06 1.709248929506247976e-04
2.000000000000000111e-01 9.046067552060901296e-01 9.539277860264848419e-02 0.000000000000000000e+00 4.661912621357185997e-07 -1.606735168469465569e-01 2.459206638779000975e-01 0.000000000000000000e+00 0.000000000000000000e+00 0.000000000000000000e+00 0.000000000000000000e+00 1.808630247611141858e-04 -1.084428250404632108e-04 0.000000000000000000e+00 0.000000000000000000e+00 -2.507078944075097219e-05 6.489153730173802389e-04
2.999999999999999889e-01 7.943100321323590673e-01 2.056877117959479140e-01 0.000000000000000000e+00 2.256071692497467216e-06 -2.188036662074811234e-01 3.398599250756118573e-01 0.000000000000000000e+00 0.000000000000000000e+00 0.000000000000000000e+00 0.000000000000000000e+00 5.949005442796819658e-04 -3.318711628883212338e-04 0.000000000000000000e+00 0.000000000000000000e+00 -8.448102145662181837e-05 1.335993609290013137e-03
4.000000000000000222e-01 6.556542449525162297e-01 3.443390530407838823e-01 0.000000000000000000e+00 6.702006700087842939e-06 -2.529329724088306697e-01 4.022341025597371278e-01 0.000000000000000000e+00 0.000000000000000000e+00 0.000000000000000000e+00 0.000000000000000000e+00 1.358090344582987309e-03 -6.806981473782365479e-04 0.000000000000000000e+00 0.000000000000000000e+00 -2.024337464781910192e-04 2.086435527078042435e-03
5.000000000000000000e-01 5.023943384557071345e-01 4.975905030067112600e-01 0.000000000000000000e+00 1.515853758153627060e-05 -2.591565541736868261e-01 4.275798545384520422e-01 0.000000000000000000e+00 0.000000000000000000e+00 0.000000000000000000e+00 0.000000000000000000e+00 2.522467799526237776e-03 -1.086230041673669601e-03 0.000000000000000000e+00 0.000000000000000000e+00 -3.803611199310369569e-04 2.733291954070511069e-03
5.999999999999999778e-01 3.496110703304249334e-01 6.503601544215915631e-01 0.000000000000000000e+00 2.877524798110908482e-05 -2.364855579011123088e-01 4.140624236123816582e-01 0.000000000000000000e+00 0.000000000000000000e+00 0.000000000000000000e+00 0.000000000000000000e+00 4.086060328921656271e-03 -1.420695096679955739e-03 0.000000000000000000e+00 0.000000000000000000e+00 -5.812749093284704915e-04 3.118053855708709590e-03
6.999999999999999556e-01 2.121723498793816332e-01 7.877792476814508005e-01 0.000000000000000000e+00 4.840243916615424310e-05 -1.869203663087798950e-01 3.636010875259171327e-01 0.000000000000000000e+00 0.000000000000000000e+00 0.000000000000000000e+00 0.000000000000000000e+00 5.986005554892020325e-03 -1.515965698466195666e-03 0.000000000000000000e+00 0.000000000000000000e+00 -7.206328964934627119e-04 3.122553868176647460e-03
7.999999999999999334e-01 1.032399584310986218e-01 8.966853893953083965e-01 0.000000000000000000e+00 7.465217359324958688e-05 -1.152027361299134411e-01 2.816062711543597108e-01 0.000000000000000000e+00 0.000000000000000000e+00 0.000000000000000000e+00 0.000000000000000000e+00 8.093347070950815403e-03 -1.198832582874507710e-03 0.000000000000000000e+00 0.000000000000000000e+00 -6.633061534965342849e-04 2.695757110001658838e-03
8.999999999999999112e-01 3.300197790313364604e-02 9.668898211412420007e-01 0.000000000000000000e+00 1.082009556224876773e-04 -2.828883260250217302e-02 1.763774886814317988e-01 0.000000000000000000e+00 0.000000000000000000e+00 0.000000000000000000e+00 0.000000000000000000e+00 1.022296145882728262e-02 -3.307189749511161778e-04 0.000000000000000000e+00 0.000000000000000000e+00 -2.387700753680619629e-04 1.874521474530906192e-03
9.999999999999998890e-01 7.727913024319020205e-03 9.921219806160000987e-01 0.000000000000000000e+00 1.501063596804462909e-04 6.540148644795437671e-02 5.822094021902242400e-02 0.000000000000000000e+00 0.000000000000000000e+00 0.000000000000000000e+00 0.000000000000000000e+00 1.214897830543238896e-02 1.151540645054715747e-03 0.000000000000000000e+00 0.000000000000000000e+00 7.332945182951050795e-04 7.888517021565902764e-04
1.099999999999999867e+00 2.926056372670877981e-02 9.705374292622209742e-01 0.000000000000000000e+00 2.020070110694053536e-04 1.568589091165460692e-01 -6.159346549060006754e-02 0.000000000000000000e+00 0.000000000000000000e+00 0.000000000000000000e+00 0.000000000000000000e+00 1.363048001040688927e-02 3.203934064986467892e-03 0.000000000000000000e+00 0.000000000000000000e+00 2.406300100280591228e-03 -3.472130423604884598e-04
1.199999999999999956e+00 9.496266191430845216e-02 9.047711916957362766e-01 0.000000000000000000e+00 2.661463899539820649e-04 2.373961968971842751e-01 -1.719375655693756721e-01 0.000000000000000000e+00 0.000000000000000000e+00 0.000000000000000000e+00 0.000000000000000000e+00 1.444784894762527090e-02 5.662246516449752007e-03 0.000000000000000000e+00 0.000000000000000000e+00 4.866885368463694933e-03 -1.259912024564905850e-03
1.300000000000000044e+00 1.981072406240180772e-01 8.015478206151944729e-01 0.000000000000000000e+00 3.449387607887252410e-04 2.994898900098911798e-01 -2.628654267854891868e-01 0.000000000000000000e+00 0.000000000000000000e+00 0.000000000000000000e+00 0.000000000000000000e+00 1.444183774676715062e-02 8.241244203001351840e-03 0.000000000000000000e+00 0.000000000000000000e+00 8.098734183563709166e-03 -1.656907442563827597e-03
1.399999999999999911e+00 3.286570665561059368e-01 6.709026107590472243e-01 0.000000000000000000e+00 4.403226848489086927e-04 3.374808439935141346e-01 -3.265020120368832823e-01 0.000000000000000000e+00 0.000000000000000000e+00 0.000000000000000000e+00 0.000000000000000000e+00 1.354814370388432616e-02 1.057645214170175110e-02 0.000000000000000000e+00 0.000000000000000000e+00 1.196220078370723028e-02 -1.273129168774384673e-03
1.500000000000000000e+00 4.743160426368248084e-01 5.251313970915458818e-01 0.000000000000000000e+00 5.525602716300425776e-04 3.480541863590148610e-01 -3.576821626339002913e-01 0.000000000000000000e+00 0.000000000000000000e+00 0.000000000000000000e+00 0.000000000000000000e+00 1.182278704301184188e-02 1.226328339691796880e-02 0.000000000000000000e+00 0.000000000000000000e+00 1.618895544390355767e-02 7.519644691402795067e-05
1.599999999999999867e+00 6.217489448189290613e-01 3.775719649836304925e-01 0.000000000000000000e+00 6.790901974394200971e-04 3.304794835020720689e-01 -3.543138184394045154e-01 0.000000000000000000e+00 0.000000000000000000e+00 0.000000000000000000e+00 0.000000000000000000e+00 9.449502054275660604e-03 1.292718773808016267e-02 0.000000000000000000e+00 0.000000000000000000e+00 2.040180058149152625e-02 2.447432159822869602e-03
1.699999999999999956e+00 7.578513577012295777e-01 2.413345768000446090e-01 0.000000000000000000e+00 8.140654987286144971e-04 2.865878847854468336e-01 -3.174320727868721326e-01 0.000000000000000000e+00 0.000000000000000000e+00 0.000000000000000000e+00 0.000000000000000000e+00 6.729999976271734859e-03 1.229508530142061837e-02 0.000000000000000000e+00 0.000000000000000000e+00 2.416392611285329492e-02 5.748471042551944396e-03
1.800000000000000044e+00 8.708926479132224063e-01 1.281598160287607813e-01 0.000000000000000000e+00 9.475360580162552277e-04 2.205178966329001400e-01 -2.509687211219363001e-01 0.000000000000000000e+00 0.000000000000000000e+00 0.000000000000000000e+00 0.000000000000000000e+00 4.043616693190445026e-03 1.025110317043368899e-02 0.000000000000000000e+00 0.000000000000000000e+00 2.703184487416698811e-02 9.720134345360963851e-03
1.899999999999999911e+00 9.515081181592505155e-01 4.742551212066626470e-02 0.000000000000000000e+00 1.066369720084358198e-03 1.382577931203966826e-01 -1.612778421575520593e-01 0.000000000000000000e+00 0.000000000000000000e+00 0.000000000000000000e+00 0.000000000000000000e+00 1.794096130688436867e-03 6.881446614865815645e-03 0.000000000000000000e+00 0.000000000000000000e+00 2.863169256843305782e-02 1.396011805866987504e-02
2.000000000000000000e+00 9.934068122374111187e-01 5.437696829235652909e-03 0.000000000000000000e+00 1.155490933353637336e-03 4.704360976375634301e-02 -5.646896328212543809e-02 0.000000000000000000e+00 0.000000000000000000e+00 0.000000000000000000e+00 0.000000000000000000e+00 3.389323431705812666e-04 2.483612060840898784e-03 0.000000000000000000e+00 0.000000000000000000e+00 2.872386267020921036e-02 1.796695762260720058e-02
2.099999999999999645e+00 9.937629418312742269e-01 5.036933106055353250e-03 0.000000000000000000e+00 1.200125062672726837e-03 -4.529867547271148459e-02 5.434654511035137692e-02 0.000000000000000000e+00 0.000000000000000000e+00 0.000000000000000000e+00 0.000000000000000000e+00 -8.204119495081973849e-05 -2.457277534224502208e-03 0.000000000000000000e+00 0.000000000000000000e+00 2.725088331363063193e-02 2.121387372664418000e-02
2.199999999999999734e+00 9.533087135051939720e-01 4.550286941644932082e-02 0.000000000000000000e+00 1.188417078359629755e-03 -1.310536241413743086e-01 1.618741139767972959e-01 0.000000000000000000e+00 0.000000000000000000e+00 0.000000000000000000e+00 0.000000000000000000e+00 5.941130793195481714e-04 -7.329622805300948368e-03 0.000000000000000000e+00 0.000000000000000000e+00 2.436363878428674662e-02 2.322371044129296208e-02
2.299999999999999822e+00 8.761103133741744431e-01 1.227753250319908174e-01 0.000000000000000000e+00 1.114361593833610451e-03 -2.032475742579229749e-01 2.574007593069474464e-01 0.000000000000000000e+00 0.000000000000000000e+00 0.000000000000000000e+00 0.000000000000000000e+00 2.216798269062500437e-03 -1.148484955377626453e-02 0.000000000000000000e+00 0.000000000000000000e+00 2.040841933854660104e-02 2.366008181969758706e-02
2.399999999999999911e+00 7.690897846882077671e-01 2.299305025576245665e-01 0.000000000000000000e+00 9.797127541682267710e-04 -2.561918454295363246e-01 3.334710462717376811e-01 0.000000000000000000e+00 0.000000000000000000e+00 0.000000000000000000e+00 0.000000000000000000e+00 4.420909534577064683e-03 -1.434298746509828082e-02 0.000000000000000000e+00 0.000000000000000000e+00 1.587596842831207750e-02 2.239286343724218933e-02
2.500000000000000000e+00 6.413535851830085566e-01 3.578509349042759968e-01 0.000000000000000000e+00 7.954799127150585661e-04 -2.858876336865415202e-01 3.844180532374622539e-01 0.000000000000000000e+00 0.000000000000000000e+00 0.000000000000000000e+00 0.000000000000000000e+00 6.665010712541339158e-03 -1.549969975413305334e-02 0.000000000000000000e+00 0.000000000000000000e+00 1.132571946689885263e-02 1.954256130447766873e-02
2.600000000000000089e+00 5.033724421520028303e-01 4.960462642513307485e-01 0.000000000000000000e+00 5.812935966672816424e-04 -2.902851062338331900e-01 4.067315778554196903e-01 0.000000000000000000e+00 0.000000000000000000e+00 0.000000000000000000e+00 0.000000000000000000e+00 8.305540759682109031e-03 -1.481102007817597030e-02 0.000000000000000000e+00 0.000000000000000000e+00 7.283864928724011027e-03 1.547747882262862085e-02
2.699999999999999734e+00 3.661255819159650038e-01 6.335103059540875270e-01 0.000000000000000000e+00 3.641121299436089732e-04 -2.693679916264930529e-01 3.992307782667972593e-01 0.000000000000000000e+00 0.000000000000000000e+00 0.000000000000000000e+00 0.000000000000000000e+00 8.704636139013411864e-03 -1.244580084269872496e-02 0.000000000000000000e+00 0.000000000000000000e+00 4.141993243766239896e-03 1.077750322236084926e-02
2.799999999999999822e+00 2.402242446209027216e-01 7.596008746174935933e-01 0.000000000000000000e+00 1.748807616034307722e-04 -2.250840828322955844e-01 3.630588127150397026e-01 0.000000000000000000e+00 0.000000000000000000e+00 0.000000000000000000e+00 0.000000000000000000e+00 7.346929854626049923e-03 -8.880433172223329424e-03 0.000000000000000000e+00 0.000000000000000000e+00 2.067457248997394293e-03 6.142980392318059257e-03
2.899999999999999911e+00 1.351364234409672127e-01 8.648182912514064125e-01 0.000000000000000000e+00 4.528530762703056323e-05 -1.611342164192758331e-01 3.015032578861088775e-01 0.000000000000000000e+00 0.000000000000000000e+00 0.000000000000000000e+00 0.000000000000000000e+00 3.955282404640179938e-03 -4.849680517721079859e-03 0.000000000000000000e+00 0.000000000000000000e+00 9.537968209025146117e-04 2.282536629674928891e-03
3.000000000000000000e+00 5.850708193734534268e-02 9.414891358062364990e-01 0.000000000000000000e+00 3.782256417747625122e-06 -8.263616286973925196e-02 2.196703132070280395e-01 0.000000000000000000e+00 0.000000000000000000e+00 0.000000000000000000e+00 0.000000000000000000e+00 -1.426619265082449978e-03 -1.235220076569289085e-03 0.000000000000000000e+00 0.000000000000000000e+00 4.134208347331924617e-04 -2.244453390833343106e-04
