1.000000000000000056e-01 -4.592536805240628580e-05 5.323404939537137765e-05 -8.584006305926495939e-01
2.000000000000000111e-01 -9.181019024834180997e-05 9.563668617945101822e-05 -7.375418106532297680e-01
2.999999999999999889e-01 -1.359574005489537865e-04 1.185408559229475219e-04 -5.581365497633005157e-01
4.000000000000000222e-01 -1.742330371111223183e-04 1.172732487167288124e-04 -3.473789276463039033e-01
5.000000000000000000e-01 -2.006964749835877171e-04 9.244598194942522766e-05 -1.336776960137537884e-01
5.999999999999999778e-01 -2.095183908098267834e-04 5.006220095822781053e-05 5.912944225397284703e-02
6.999999999999999556e-01 -1.974213336338684495e-04 2.070969548783501476e-07 2.154753006734385912e-01
7.999999999999999334e-01 -1.655708067889313730e-04 -4.555842307987306933e-05 3.290613723760372200e-01
8.999999999999999112e-01 -1.199240768331278175e-04 -7.745273883168715841e-05 4.014922751954495550e-01
9.999999999999998890e-01 -6.976550482243578711e-05 -9.022507372737629313e-05 4.395481531217358406e-01
1.099999999999999867e+00 -2.485918609925005134e-05 -8.435231143569478691e-05 4.522034421749655531e-01
1.199999999999999956e+00 7.548072276226652896e-06 -6.519708994738622888e-05 4.482395630605032766e-01
1.300000000000000044e+00 2.465223924179673655e-05 -4.064117461744653240e-05 4.348241688541009120e-01
1.399999999999999911e+00 2.814749486986832332e-05 -1.804114958461469967e-05 4.170243247756320049e-01
1.500000000000000000e+00 2.276259435484325182e-05 -2.063001245779833324e-06 3.979700258235311372e-01
1.599999999999999867e+00 1.391489296442243805e-05 6.058161508185603127e-06 3.793255215937036406e-01
1.699999999999999956e+00 5.830709905722378248e-06 7.859290590106978816e-06 3.618096623912366305e-01
1.800000000000000044e+00 5.981733067493310755e-07 6.094679857083938797e-06 3.456184326593547129e-01
1.899999999999999911e+00 -1.657543292641824957e-06 3.326262446218702385e-06 3.307056423452718885e-01
2.000000000000000000e+00 -1.876497208167922784e-06 1.109228027433180091e-06 3.169416088432558953e-01
2.099999999999999645e+00 -1.226198857821919470e-06 -7.628073702345001994e-08 3.041865915968497980e-01
2.199999999999999734e+00 -5.358702322662464250e-07 -4.279610445683010898e-07 2.923176803610954000e-01
2.299999999999999822e+00 -9.537450004240265941e-08 -3.544683790293846514e-07 2.812335891146921507e-01
2.399999999999999911e+00 6.737835709383180275e-08 -1.699984924474703761e-07 2.708515328508687703e-01
2.500000000000000000e+00 7.892781000112569626e-08 -4.203727459414743181e-08 2.611030084394030948e-01
2.600000000000000089e+00 3.939040426823826842e-08 8.402270242947394256e-09 2.519302501298576469e-01
2.699999999999999734e+00 9.679602316751079345e-09 1.175877721977969143e-08 2.432836909966080430e-01
2.799999999999999822e+00 2.620725427220116054e-09 6.535291060825513272e-09 2.351199330544223587e-01
2.899999999999999911e+00 -5.013079958225280324e-09 -7.898732222741301824e-10 2.274007562658987847e-01
3.000000000000000000e+00 -7.740938873037667441e-09 -6.146065347939892851e-09 2.200923050511969792e-01
