1.000000000000000056e-01 0.000000000000000000e+00 -7.052874944869883282e-05 -8.581338397112140415e-01
2.000000000000000111e-01 0.000000000000000000e+00 -1.341541968348348795e-04 -7.334794283973808948e-01
2.999999999999999889e-01 0.000000000000000000e+00 -1.846482460022054613e-04 -5.392158966761406713e-01
4.000000000000000222e-01 0.000000000000000000e+00 -2.170688025225610219e-04 -2.942001759000484329e-01
5.000000000000000000e-01 0.000000000000000000e+00 -2.282428304940713551e-04 -2.220235077381587513e-02
5.999999999999999778e-01 0.000000000000000000e+00 -2.170763846352599148e-04 2.504000870986100580e-01
6.999999999999999556e-01 0.000000000000000000e+00 -1.846625543159888770e-04 4.972023518328210767e-01
7.999999999999999334e-01 0.000000000000000000e+00 -1.341751738396183954e-04 6.943322559054534437e-01
8.999999999999999112e-01 0.000000000000000000e+00 -7.055487723077650641e-05 8.227877086630647208e-01
9.999999999999998890e-01 0.000000000000000000e+00 -3.052080236903143883e-08 8.702649941898121799e-01
1.099999999999999867e+00 0.000000000000000000e+00 7.049533870870402347e-05 8.323648295001614406e-01
1.199999999999999956e+00 0.000000000000000000e+00 1.341193260187622063e-04 7.130067992466966320e-01
1.300000000000000044e+00 0.000000000000000000e+00 1.846135731192557236e-04 5.240411315190531827e-01
1.399999999999999911e+00 0.000000000000000000e+00 2.170358276360010450e-04 2.840830574847497125e-01
1.500000000000000000e+00 0.000000000000000000e+00 2.282124934769280927e-04 1.669196626769281142e-02
1.599999999999999867e+00 0.000000000000000000e+00 2.170496289722036133e-04 -2.519340188405059799e-01
1.699999999999999956e+00 0.000000000000000000e+00 1.846408103008201698e-04 -4.955103793525580391e-01
1.800000000000000044e+00 0.000000000000000000e+00 1.341581091851599896e-04 -6.902499688796451816e-01
1.899999999999999911e+00 0.000000000000000000e+00 7.054340760119157377e-05 -8.171623940851074908e-01
2.000000000000000000e+00 0.000000000000000000e+00 2.321794147530417480e-08 -8.639137748310455889e-01
2.099999999999999645e+00 0.000000000000000000e+00 -7.049822871496714660e-05 -8.260217062467759552e-01
2.199999999999999734e+00 0.000000000000000000e+00 -1.341182785912080106e-04 -7.072875321310588825e-01
2.299999999999999822e+00 0.000000000000000000e+00 -1.846094909132457848e-04 -5.194139499469128118e-01
2.399999999999999911e+00 0.000000000000000000e+00 -2.170293775458797712e-04 -2.808557228608059564e-01
2.500000000000000000e+00 0.000000000000000000e+00 -2.282048574556680724e-04 -1.500207404357442424e-02
2.600000000000000089e+00 0.000000000000000000e+00 -2.170416804881177702e-04 2.520985901730830037e-01
2.699999999999999734e+00 0.000000000000000000e+00 -1.846329855932820404e-04 4.943053143524898108e-01
2.799999999999999822e+00 0.000000000000000000e+00 -1.341512379816011649e-04 6.879335146600046302e-01
2.899999999999999911e+00 0.000000000000000000e+00 -7.053812117438479747e-05 8.140691814983598285e-01
3.000000000000000000e+00 0.000000000000000000e+00 -1.956673057343029625e-08 8.604167383104887046e-01
