2.600000000000000089e+00 -3.553266008306362128e-04 -4.268340343582376767e-05 9.417890705447373723e-01
2.624137931034483007e+00 -2.959190106788219324e-04 3.305359532241946381e-06 9.462155064782519220e-01
2.648275862068965480e+00 -2.389419934628102011e-04 3.846824562247748783e-05 9.503642058577594920e-01
2.672413793103448398e+00 -1.944067806298918589e-04 6.131329875862707752e-05 9.542465385412232104e-01
2.696551724137930872e+00 -1.489568150053741710e-04 7.248040239700206922e-05 9.578743812871627350e-01
2.720689655172413790e+00 -1.103168563804815490e-04 7.399291644764329715e-05 9.612594624518109310e-01
2.744827586206896708e+00 -8.271272115072117394e-05 7.378010985234275949e-05 9.644135005782143999e-01
2.768965517241379182e+00 -5.492161930498223383e-05 6.731884451620182431e-05 9.673480495220689868e-01
2.793103448275862100e+00 -4.001460856832560908e-05 6.122257136426768409e-05 9.700745655990423710e-01
2.817241379310345017e+00 -2.282319369088475731e-05 5.278542373108186246e-05 9.726043476587925563e-01
2.841379310344827491e+00 -8.598256389453201164e-06 4.637094058236620304e-05 9.749483361023657535e-01
2.865517241379310409e+00 -4.129481340430344075e-06 3.670240091571582959e-05 9.771172931543432583e-01
2.889655172413792883e+00 1.829208458136036215e-06 3.264529314841924568e-05 9.791215827602949284e-01
2.913793103448275801e+00 4.988489191970352514e-06 2.095512043215569135e-05 9.809712534591336075e-01
2.937931034482758719e+00 1.690832577473216011e-06 1.582542309574735639e-05 9.826760451705247590e-01
2.962068965517241192e+00 7.556930229945464829e-06 1.370575762452221417e-05 9.842452682218759685e-01
2.986206896551724110e+00 8.949443994555766641e-06 8.556005147790645164e-06 9.856878534962579819e-01
3.010344827586206584e+00 6.287932052921927796e-06 7.727911042056154241e-06 9.870123306989017076e-01
3.034482758620689502e+00 5.406762320084790706e-06 4.511733285169150653e-06 9.882268904467893522e-01
3.058620689655172420e+00 2.995683520188542234e-06 1.348708538526160934e-06 9.893392426047677990e-01
3.082758620689654894e+00 8.781359813192268983e-07 1.276390063167822029e-06 9.903567503718710974e-01
3.106896551724137812e+00 6.348623086014840624e-06 -1.918826640356020890e-07 9.912863431126428537e-01
3.131034482758620285e+00 1.613655551860575012e-07 -1.503520545991594549e-06 9.921346216276707430e-01
3.155172413793103203e+00 1.915096509585798277e-06 2.802966521101365377e-07 9.929077548222604577e-01
3.179310344827586121e+00 1.858947050223004186e-06 3.393274944612251440e-06 9.936115643556453492e-01
3.203448275862069039e+00 9.635825028163511111e-07 -5.473426531839808153e-07 9.942515024324342088e-01
3.227586206896551513e+00 9.512665725899880674e-07 -1.551597613813624294e-06 9.948327081987359266e-01
3.251724137931034431e+00 -5.449843958472751011e-07 -1.580671760681004759e-06 9.953599371386989692e-01
3.275862068965516904e+00 -1.944866669713737395e-06 -2.546471670475573882e-06 9.958376543765334876e-01
3.299999999999999822e+00 -1.456725271635784671e-06 5.026323200390482122e-07 9.962700099123132924e-01
