2.600000000000000089e+00 3.453092245416360139e-05 -1.758023076870217436e-04 9.993640119091142804e-01
2.624137931034483007e+00 4.912654542465717063e-05 -1.391483931457431096e-04 9.994353561907433070e-01
2.648275862068965480e+00 5.718717946956582924e-05 -1.055327282482134744e-04 9.994992661225783337e-01
2.672413793103448398e+00 5.820173139107939460e-05 -8.415680994498109116e-05 9.995564416285296350e-01
2.696551724137930872e+00 5.058444845636916252e-05 -5.700004893426635080e-05 9.996075285262957522e-01
2.720689655172413790e+00 4.874544521294710411e-05 -4.187486976417115946e-05 9.996531163532578201e-01
2.744827586206896708e+00 4.249392042318452943e-05 -2.449100682575479815e-05 9.996937459364845235e-01
2.768965517241379182e+00 3.808418494413735313e-05 -1.895593218428510951e-05 9.997299130304390102e-01
2.793103448275862100e+00 3.183027306374895183e-05 -6.728746762787935946e-06 9.997620674923292095e-01
2.817241379310345017e+00 2.657853304660352236e-05 -1.814201919948334917e-06 9.997906194801952084e-01
2.841379310344827491e+00 2.105285491735961324e-05 1.638834068846226365e-06 9.998159427764984342e-01
2.865517241379310409e+00 1.383643140624155515e-05 5.587566711653405165e-06 9.998383754206967566e-01
2.889655172413792883e+00 1.508349735853602493e-05 4.876382844500375013e-06 9.998582236112938393e-01
2.913793103448275801e+00 1.106569688124386651e-05 2.454168645011103563e-06 9.998757650048829548e-01
2.937931034482758719e+00 4.877083731046739942e-06 8.751579347591250947e-06 9.998912494783122051e-01
2.962068965517241192e+00 4.974637043972134204e-06 6.566092777246787354e-06 9.999049026087664105e-01
2.986206896551724110e+00 1.854916004030387148e-06 3.937577780356118564e-06 9.999169270815096988e-01
3.010344827586206584e+00 5.606976468263113458e-06 5.192374892441715418e-06 9.999275055457045314e-01
3.034482758620689502e+00 5.300123874409916592e-07 9.645251237005940918e-07 9.999368011774775189e-01
3.058620689655172420e+00 -7.990354169738791302e-07 4.170500009654583311e-06 9.999449605840807775e-01
3.082758620689654894e+00 -2.576114754488042323e-06 3.520810639602325951e-06 9.999521146998823218e-01
3.106896551724137812e+00 -3.501892066825800058e-06 -1.381255123594959501e-06 9.999583805290944705e-01
3.131034482758620285e+00 -1.188170716833368593e-06 5.481850759854877507e-07 9.999638623976171425e-01
3.155172413793103203e+00 4.400033453809657962e-06 1.347500147809460703e-06 9.999686532263063476e-01
3.179310344827586121e+00 -8.853340970470672251e-07 5.109272881022426606e-06 9.999728356949193486e-01
3.203448275862069039e+00 -8.746708484920477807e-08 3.582984517158835506e-06 9.999764831347832672e-01
3.227586206896551513e+00 -3.212118125552943234e-07 2.154109206544216116e-06 9.999796605929586191e-01
3.251724137931034431e+00 1.075545662268666522e-06 -3.973705610176052816e-06 9.999824257523459714e-01
3.275862068965516904e+00 3.321076956379204057e-06 -4.681799338132282554e-07 9.999848296054119068e-01
3.299999999999999822e+00 -1.076908841618475086e-06 -1.633206205007824516e-06 9.999869172265364314e-01
