1.000000000000000000e+00 3.897073084106937313e-01 -3.692467854452391451e-01 8.048130350067574934e-01
1.051724137931034475e+00 2.863380772604283697e-01 -3.789297303925914795e-01 8.456752012509680672e-01
1.103448275862068950e+00 1.902415853056355077e-01 -3.701621350414969203e-01 8.789099253685019875e-01
1.155172413793103425e+00 1.052276396685837279e-01 -3.456776933275563235e-01 9.055954780485779843e-01
1.206896551724137900e+00 3.402103741416088317e-02 -3.090561066738406470e-01 9.267673333469037544e-01
1.258620689655172376e+00 -2.187643417773295351e-02 -2.642983917863256371e-01 9.433927993170723170e-01
1.310344827586206851e+00 -6.216950310806859670e-02 -2.154813147286336328e-01 9.563284546110868423e-01
1.362068965517241326e+00 -8.767389444447658275e-02 -1.663569554208861878e-01 9.663221616995421037e-01
1.413793103448275801e+00 -1.000918323513089875e-01 -1.201074632251919183e-01 9.740007737607082605e-01
1.465517241379310276e+00 -1.017587364721004584e-01 -7.913214613941028930e-02 9.798803898941410573e-01
1.517241379310344751e+00 -9.532002514248236191e-02 -4.496157001449029023e-02 9.843783572347034605e-01
1.568965517241379448e+00 -8.346551942556143522e-02 -1.827999996300988528e-02 9.878233385033098335e-01
1.620689655172413701e+00 -6.867492751527606853e-02 9.794113916021529587e-04 9.904706984850628615e-01
1.672413793103448398e+00 -5.305145408190102552e-02 1.347195593274471553e-02 9.925149037369933591e-01
1.724137931034482651e+00 -3.820899186297728456e-02 2.025766870484638563e-02 9.941026904389734797e-01
1.775862068965517349e+00 -2.522567280521785527e-02 2.259607459902010854e-02 9.953443720629338021e-01
1.827586206896551602e+00 -1.469242829287997938e-02 2.179676950530210627e-02 9.963212196902809792e-01
1.879310344827586299e+00 -6.782191556003869595e-03 1.904512866280553066e-02 9.970940007159382334e-01
1.931034482758620552e+00 -1.342211244767785305e-03 1.534974578383779126e-02 9.977077599964809806e-01
1.982758620689655249e+00 1.984801412167833297e-03 1.145696162818914642e-02 9.981965664327563381e-01
2.034482758620689502e+00 3.654781791368176026e-03 7.892229190389557156e-03 9.985860038722759180e-01
2.086206896551724199e+00 4.143575027130455037e-03 4.925379381890239612e-03 9.988961563630652796e-01
2.137931034482758896e+00 3.887036443701848230e-03 2.670230694056786001e-03 9.991425318160295221e-01
2.189655172413793149e+00 3.237194970445297134e-03 1.104742521114238703e-03 9.993375583219845648e-01
2.241379310344827402e+00 2.450293705632080200e-03 1.328893235975764364e-04 9.994912383661961330e-01
2.293103448275862100e+00 1.696185972812737711e-03 -3.905730314561863589e-04 9.996116850674525711e-01
2.344827586206896797e+00 1.069456426901347918e-03 -5.949570657795150977e-04 9.997055140970491083e-01
2.396551724137931050e+00 5.962734038277122924e-04 -6.047176931797163760e-04 9.997781443103290755e-01
2.448275862068965303e+00 2.767439291126086030e-04 -5.105693144655185089e-04 9.998339821058075394e-01
2.500000000000000000e+00 7.766582561696458832e-05 -3.859227013911891834e-04 9.998766070543846363e-01
