1.000000000000000000e+00 3.975205531262605008e-01 -3.669851253033200589e-01 8.149804591941502974e-01
1.051724137931034475e+00 2.944805394634546492e-01 -3.778406002295079946e-01 8.577060828416002147e-01
1.103448275862068950e+00 1.981731491239222542e-01 -3.702768183875398411e-01 8.921460605347377726e-01
1.155172413793103425e+00 1.125133712147997067e-01 -3.468888407069235513e-01 9.194328791703213488e-01
1.206896551724137900e+00 4.036415030777694424e-02 -3.111348571154588516e-01 9.406908913544522743e-01
1.258620689655172376e+00 -1.664298082479468560e-02 -2.669913445705338062e-01 9.569735744000812394e-01
1.310344827586206851e+00 -5.809635814839532453e-02 -2.185063802849626091e-01 9.692421026674311602e-01
1.362068965517241326e+00 -8.471654499707746699e-02 -1.694626642745281631e-01 9.783355468056676996e-01
1.413793103448275801e+00 -9.813119127406307041e-02 -1.230788978951914830e-01 9.849666402680669064e-01
1.465517241379310276e+00 -1.006268183250292048e-01 -8.181220451208268130e-02 9.897231988758158350e-01
1.517241379310344751e+00 -9.483304957893673448e-02 -4.724979674390521883e-02 9.930803242696881750e-01
1.568965517241379448e+00 -8.343851422300251064e-02 -2.013637825195959546e-02 9.954112599657268801e-01
1.620689655172413701e+00 -6.895023692618215683e-02 -4.443331692636220964e-04 9.970031719650519486e-01
1.672413793103448398e+00 -5.349223066288801703e-02 1.244475408019254589e-02 9.980727027272596752e-01
1.724137931034482651e+00 -3.870788137348320224e-02 1.956364696616067975e-02 9.987795328423578756e-01
1.775862068965517349e+00 -2.570383366863945862e-02 2.217148398889752167e-02 9.992393148206737408e-01
1.827586206896551602e+00 -1.510784773434108337e-02 2.156726697578000007e-02 9.995332387802831065e-01
1.879310344827586299e+00 -7.118453716870970852e-03 1.895357572020962486e-02 9.997179743588435752e-01
1.931034482758620552e+00 -1.595328344624063685e-03 1.534185538937636768e-02 9.998322308420823923e-01
1.982758620689655249e+00 1.810483438304400471e-03 1.149872125222459879e-02 9.999017527743158107e-01
2.034482758620689502e+00 3.540539539297623585e-03 7.948286513681400087e-03 9.999433444955514450e-01
2.086206896551724199e+00 4.078433178420262303e-03 4.985190936355910797e-03 9.999678234852360514e-01
2.137931034482758896e+00 3.857881744797034013e-03 2.722527024111567103e-03 9.999819919535936075e-01
2.189655172413793149e+00 3.225592078308357410e-03 1.147360484558857495e-03 9.999900784180973945e-01
2.241379310344827402e+00 2.449495116959683576e-03 1.559501422146219920e-04 9.999946158799130069e-01
2.293103448275862100e+00 1.702953541101119746e-03 -3.703882432519610326e-04 9.999971145444820353e-01
2.344827586206896797e+00 1.076378802092455402e-03 -5.835748727482969241e-04 9.999984732783259167e-01
2.396551724137931050e+00 6.001300543900904561e-04 -5.966793841211494092e-04 9.999992059355149454e-01
2.448275862068965303e+00 2.781969464656598376e-04 -5.135868535007962008e-04 9.999995880957555094e-01
2.500000000000000000e+00 8.152272307662553541e-05 -3.849172208973465040e-04 9.999997907943322106e-01
