1.000000000000000000e+00 3.612828831104615279e-01 -3.739245698507671078e-01 7.536661029248320487e-01
1.051724137931034475e+00 2.645857976592092542e-01 -3.798750488360183031e-01 8.035172293063628235e-01
1.103448275862068950e+00 1.744648023536952697e-01 -3.688667886805614970e-01 8.455736078076150353e-01
1.155172413793103425e+00 9.447623198867731442e-02 -3.433515923535145897e-01 8.804433896101102608e-01
1.206896551724137900e+00 2.721966133618015232e-02 -3.065714952649668534e-01 9.088461262136131591e-01
1.258620689655172376e+00 -2.577718391202948184e-02 -2.622063699687252059e-01 9.315702589982083337e-01
1.310344827586206851e+00 -6.411247347863907597e-02 -2.140446318742142140e-01 9.494237398223639435e-01
1.362068965517241326e+00 -8.842362759984609411e-02 -1.656320259315657850e-01 9.631996583484812025e-01
1.413793103448275801e+00 -1.002272482628516759e-01 -1.199996046358538931e-01 9.736396061911937183e-01
1.465517241379310276e+00 -1.016614721759828144e-01 -7.948160955955864415e-02 9.814103082585167170e-01
1.517241379310344751e+00 -9.522771785285764901e-02 -4.558042858681983500e-02 9.870926656809568822e-01
1.568965517241379448e+00 -8.348331344535800391e-02 -1.900324305154899723e-02 9.911759735459839682e-01
1.620689655172413701e+00 -6.882846785094250130e-02 2.811368259417468263e-04 9.940598642786450112e-01
1.672413793103448398e+00 -5.332001966798979864e-02 1.288326053624201314e-02 9.960616298866056262e-01
1.724137931034482651e+00 -3.854167432004370480e-02 1.981056819893059484e-02 9.974280755452036296e-01
1.775862068965517349e+00 -2.557028221047383948e-02 2.229666601758434688e-02 9.983456643043194800e-01
1.827586206896551602e+00 -1.501408817612488907e-02 2.162757775917183850e-02 9.989514155788205008e-01
1.879310344827586299e+00 -7.053811319212456923e-03 1.897232182079623339e-02 9.993451640944830405e-01
1.931034482758620552e+00 -1.556806557866451807e-03 1.534464253503791537e-02 9.995968505427486051e-01
1.982758620689655249e+00 1.834187287088459919e-03 1.149492563693844428e-02 9.997553427467009701e-01
2.034482758620689502e+00 3.549589397470897037e-03 7.946362836642031913e-03 9.998535807741151249e-01
2.086206896551724199e+00 4.082689157294818252e-03 4.976160963453232430e-03 9.999136212115056210e-01
2.137931034482758896e+00 3.857973411511280131e-03 2.718645401221481388e-03 9.999496932025113693e-01
2.189655172413793149e+00 3.226789443264992292e-03 1.145411273008848426e-03 9.999710943629253057e-01
2.241379310344827402e+00 2.451788743145666416e-03 1.565242671020003560e-04 9.999836101271377675e-01
2.293103448275862100e+00 1.698019517411347538e-03 -3.701950241718895626e-04 9.999908348960948601e-01
2.344827586206896797e+00 1.077257738581031705e-03 -5.822700558287113035e-04 9.999949267408309028e-01
2.396551724137931050e+00 5.997355900665448910e-04 -5.988453292770222914e-04 9.999972314197348444e-01
2.448275862068965303e+00 2.802059335134545305e-04 -5.138129956849366194e-04 9.999985037309691016e-01
2.500000000000000000e+00 8.052610771551937333e-05 -3.860738129612174569e-04 9.999992031543984972e-01
