1.000000000000000000e+00 4.008073204502952680e-01 -3.664331516560528912e-01 8.208416520407122441e-01
1.051724137931034475e+00 2.969775441212442191e-01 -3.777205268154130158e-01 8.624501311833153716e-01
1.103448275862068950e+00 2.000047514541312688e-01 -3.704162892164482579e-01 8.959061363572314862e-01
1.155172413793103425e+00 1.138177208673555874e-01 -3.471560611510959848e-01 9.223580960913158044e-01
1.206896551724137900e+00 4.125616655438634622e-02 -3.114543427172037360e-01 9.429257072995186340e-01
1.258620689655172376e+00 -1.605459958225903191e-02 -2.673065152575956338e-01 9.586547824181127497e-01
1.310344827586206851e+00 -5.772727888873244173e-02 -2.187809037408720569e-01 9.704899348783019297e-01
1.362068965517241326e+00 -8.449646755021900102e-02 -1.696893874691794979e-01 9.792481979251859148e-01
1.413793103448275801e+00 -9.801291488971632104e-02 -1.232544988921441681e-01 9.856251105504409971e-01
1.465517241379310276e+00 -1.005658164678722016e-01 -8.194265874300057928e-02 9.901925088493301885e-01
1.517241379310344751e+00 -9.481172083403263673e-02 -4.734131606165929707e-02 9.934099846725820138e-01
1.568965517241379448e+00 -8.343419082250221053e-02 -2.019506598875051018e-02 9.956402109366226938e-01
1.620689655172413701e+00 -6.895663105317896557e-02 -4.834110592225604464e-04 9.971597908556657508e-01
1.672413793103448398e+00 -5.350112035786742937e-02 1.242048423294568604e-02 9.981785566307534996e-01
1.724137931034482651e+00 -3.871652464762492113e-02 1.954980156332640148e-02 9.988501203373193471e-01
1.775862068965517349e+00 -2.570762850510270592e-02 2.216447187268722960e-02 9.992858390275185521e-01
1.827586206896551602e+00 -1.511461294531550419e-02 2.156628531207815946e-02 9.995633179549020531e-01
1.879310344827586299e+00 -7.119730527132234893e-03 1.895368747790843189e-02 9.997372817806068346e-01
1.931034482758620552e+00 -1.596226230031244989e-03 1.534149854694919803e-02 9.998444453757421302e-01
1.982758620689655249e+00 1.809818722087889846e-03 1.149887118043044047e-02 9.999093674791332820e-01
2.034482758620689502e+00 3.539894461456180585e-03 7.951237794626701133e-03 9.999480097466123540e-01
2.086206896551724199e+00 4.077192896475508727e-03 4.983333732165411145e-03 9.999706834959589674e-01
2.137931034482758896e+00 3.855468935326766475e-03 2.721632392204436333e-03 9.999837087545845327e-01
2.189655172413793149e+00 3.225319350314535989e-03 1.152634222724685086e-03 9.999910812606320754e-01
2.241379310344827402e+00 2.450210563901582088e-03 1.569609244125617312e-04 9.999952020088946902e-01
2.293103448275862100e+00 1.700974521938569900e-03 -3.710879043330944996e-04 9.999974561303727194e-01
2.344827586206896797e+00 1.074441721506361799e-03 -5.846304660775043273e-04 9.999986669932084959e-01
2.396551724137931050e+00 5.990643442154527541e-04 -5.982347063235692996e-04 9.999993133945164203e-01
2.448275862068965303e+00 2.801466507602621897e-04 -5.149976924188193325e-04 9.999996464137729246e-01
2.500000000000000000e+00 8.082769736545125086e-05 -3.854155997966998378e-04 9.999998231787696756e-01
