1.000000000000000056e-01 9.784587813749479057e-01 0.000000000000000000e+00 2.140417271216726175e-02 1.370459128838420596e-04 0.000000000000000000e+00 0.000000000000000000e+00 -8.062781607302048348e-02 -1.201759376743452012e-01 0.000000000000000000e+00 0.000000000000000000e+00 0.000000000000000000e+00 0.000000000000000000e+00 1.119428048340352991e-03 -1.296238877574772737e-03 -1.149466341672180855e-02 -1.402315615154655195e-03
2.000000000000000111e-01 9.163605046080454120e-01 0.000000000000000000e+00 8.150048810286024403e-02 2.139007289092465739e-03 0.000000000000000000e+00 0.000000000000000000e+00 -1.544462666380756188e-01 -2.254554924924805914e-01 0.000000000000000000e+00 0.000000000000000000e+00 0.000000000000000000e+00 0.000000000000000000e+00 8.593630312025216100e-03 -1.002395410187259528e-02 -4.401457840139367389e-02 -4.776889987092114084e-03
2.999999999999999889e-01 8.208648556752385916e-01 0.000000000000000000e+00 1.687465805539154207e-01 1.038856377084571708e-02 0.000000000000000000e+00 0.000000000000000000e+00 -2.154462876855924025e-01 -3.034815227424149109e-01 0.000000000000000000e+00 0.000000000000000000e+00 0.000000000000000000e+00 0.000000000000000000e+00 2.705066081572655295e-02 -3.195772774237237712e-02 -9.201101604545484924e-02 -7.847281549279435525e-03
4.000000000000000222e-01 7.025892410823356693e-01 0.000000000000000000e+00 2.664395221976800787e-01 3.097123671998286767e-02 0.000000000000000000e+00 0.000000000000000000e+00 -2.591071945161355639e-01 -3.464982012581399595e-01 0.000000000000000000e+00 0.000000000000000000e+00 0.000000000000000000e+00 0.000000000000000000e+00 5.803387323153594984e-02 -6.988584314951634680e-02 -1.473216612429976424e-01 -7.509050870025575641e-03
5.000000000000000000e-01 5.738974563825149922e-01 0.000000000000000000e+00 3.559907138484708078e-01 7.011182976901464414e-02 0.000000000000000000e+00 0.000000000000000000e+00 -2.828900751926928248e-01 -3.525271202958088490e-01 0.000000000000000000e+00 0.000000000000000000e+00 0.000000000000000000e+00 0.000000000000000000e+00 9.930632604150088638e-02 -1.228715342729689436e-01 -2.005904070088384283e-01 -6.995563674915758479e-04
5.999999999999999778e-01 4.469773767122226515e-01 0.000000000000000000e+00 4.205662484395567002e-01 1.324563748482216752e-01 0.000000000000000000e+00 0.000000000000000000e+00 -2.864671942485257916e-01 -3.254537526429890359e-01 0.000000000000000000e+00 0.000000000000000000e+00 0.000000000000000000e+00 0.000000000000000000e+00 1.449747919524354556e-01 -1.862498062709504465e-01 -2.428778358992980946e-01 1.467514189554805504e-02
6.999999999999999556e-01 3.320420944369829597e-01 0.000000000000000000e+00 4.483914841121628969e-01 2.195664214508532830e-01 0.000000000000000000e+00 0.000000000000000000e+00 -2.716585001069340422e-01 -2.740191724024005904e-01 0.000000000000000000e+00 0.000000000000000000e+00 0.000000000000000000e+00 0.000000000000000000e+00 1.864355570837221976e-01 -2.523757053142979268e-01 -2.671830085293465107e-01 3.896837728827987762e-02
7.999999999999999334e-01 2.360058321220565303e-01 0.000000000000000000e+00 4.350524265116480493e-01 3.289417413662955036e-01 0.000000000000000000e+00 0.000000000000000000e+00 -2.420971996583664021e-01 -2.099139249391846207e-01 0.000000000000000000e+00 0.000000000000000000e+00 0.000000000000000000e+00 0.000000000000000000e+00 2.139597777295058623e-01 -3.119745442180242301e-01 -2.695924834858765551e-01 7.037089081656211498e-02
8.999999999999999112e-01 1.618487376356423924e-01 0.000000000000000000e+00 3.843543807252171596e-01 4.537968816391402260e-01 0.000000000000000000e+00 0.000000000000000000e+00 -2.026668455975895178e-01 -1.453733850013624318e-01 0.000000000000000000e+00 0.000000000000000000e+00 0.000000000000000000e+00 0.000000000000000000e+00 2.186196240461519558e-01 -3.558430542980761113e-01 -2.498659148254822326e-01 1.049451146668335388e-01
9.999999999999998890e-01 1.087628118613605394e-01 0.000000000000000000e+00 3.075617018242484124e-01 5.836754863143926997e-01 0.000000000000000000e+00 0.000000000000000000e+00 -1.588005089265018543e-01 -9.073959374065476702e-02 0.000000000000000000e+00 0.000000000000000000e+00 0.000000000000000000e+00 0.000000000000000000e+00 1.941745324904537162e-01 -3.765799738677770847e-01 -2.113583324144802655e-01 1.371489787760266366e-01
1.099999999999999867e+00 7.302363186936811079e-02 0.000000000000000000e+00 2.211572440342245427e-01 7.058191240964043489e-01 0.000000000000000000e+00 0.000000000000000000e+00 -1.157383507447199006e-01 -5.248180034471727068e-02 0.000000000000000000e+00 0.000000000000000000e+00 0.000000000000000000e+00 0.000000000000000000e+00 1.385319604152504824e-01 -3.700079837111360237e-01 -1.603028922326627803e-01 1.607621185741062442e-01
1.199999999999999956e+00 4.938515146224695812e-02 0.000000000000000000e+00 1.435854000140581455e-01 8.070294485236958471e-01 0.000000000000000000e+00 0.000000000000000000e+00 -7.786083032946375382e-02 -3.207300773584974285e-02 0.000000000000000000e+00 0.000000000000000000e+00 0.000000000000000000e+00 0.000000000000000000e+00 5.449795996766373940e-02 -3.360172889676499852e-01 -1.046091148141454347e-01 1.700358925297675294e-01
1.300000000000000044e+00 3.268183810797800626e-02 0.000000000000000000e+00 9.157287974267681874e-02 8.757452821493457717e-01 0.000000000000000000e+00 0.000000000000000000e+00 -4.817405446185751838e-02 -2.592355100878169366e-02 0.000000000000000000e+00 0.000000000000000000e+00 0.000000000000000000e+00 0.000000000000000000e+00 -5.038110182001984821e-02 -2.786687313318929049e-01 -5.238473681126519510e-02 1.608626897405122935e-01
1.399999999999999911e+00 1.931055062653663779e-02 0.000000000000000000e+00 7.679661899457522478e-02 9.038928303788862362e-01 0.000000000000000000e+00 0.000000000000000000e+00 -2.803531406582953148e-02 -2.640087391467123290e-02 0.000000000000000000e+00 0.000000000000000000e+00 0.000000000000000000e+00 0.000000000000000000e+00 -1.648330164220499217e-01 -2.055382934916632487e-01 -1.048542560552608201e-02 1.316993703508758107e-01
1.500000000000000000e+00 8.269485804048282845e-03 0.000000000000000000e+00 1.035154619645463209e-01 8.882150522314061769e-01 0.000000000000000000e+00 0.000000000000000000e+00 -1.713612909070919704e-02 -2.371439822847911869e-02 0.000000000000000000e+00 0.000000000000000000e+00 0.000000000000000000e+00 0.000000000000000000e+00 -2.756146987755005440e-01 -1.264141189708689328e-01 1.666547451796726587e-02 8.406749455715574471e-02
1.599999999999999867e+00 1.536316946513931712e-03 0.000000000000000000e+00 1.676591998962939645e-01 8.308044831571915756e-01 0.000000000000000000e+00 0.000000000000000000e+00 -1.374556399040209771e-02 -8.284747304944498764e-03 0.000000000000000000e+00 0.000000000000000000e+00 0.000000000000000000e+00 0.000000000000000000e+00 -3.696327172717268073e-01 -5.161075051055280527e-02 2.775408828988269044e-02 2.249642637658886071e-02
1.699999999999999956e+00 3.699040971172164616e-03 0.000000000000000000e+00 2.575491321365533937e-01 7.387518268922779185e-01 0.000000000000000000e+00 0.000000000000000000e+00 -1.516179844157144498e-02 2.688502494306313495e-02 0.000000000000000000e+00 0.000000000000000000e+00 0.000000000000000000e+00 0.000000000000000000e+00 -4.360836406295950929e-01 9.795444457068482394e-03 2.464951672342887215e-02 -4.609852827768960021e-02
1.800000000000000044e+00 2.090888737131116684e-02 0.000000000000000000e+00 3.561216927167712987e-01 6.229694199119217846e-01 0.000000000000000000e+00 0.000000000000000000e+00 -1.829384410094800351e-02 8.432937522126428276e-02 0.000000000000000000e+00 0.000000000000000000e+00 0.000000000000000000e+00 0.000000000000000000e+00 -4.681912473395410945e-01 5.147699219192381631e-02 1.186110068154986805e-02 -1.135117242372046392e-01
1.899999999999999911e+00 5.936415193646907978e-02 0.000000000000000000e+00 4.442158392490753172e-01 4.964200088144566925e-01 0.000000000000000000e+00 0.000000000000000000e+00 -2.027667575740776246e-02 1.611190637837276174e-01 0.000000000000000000e+00 0.000000000000000000e+00 0.000000000000000000e+00 0.000000000000000000e+00 -4.642226447597420091e-01 7.081643447928888391e-02 -4.495529359582925780e-03 -1.716081079103720375e-01
2.000000000000000000e+00 1.236354623810138470e-01 0.000000000000000000e+00 5.043056139417531059e-01 3.720589236772338659e-01 0.000000000000000000e+00 0.000000000000000000e+00 -1.901604516822224047e-02 2.489747915799042643e-01 0.000000000000000000e+00 0.000000000000000000e+00 0.000000000000000000e+00 0.000000000000000000e+00 -4.276066456826287943e-01 6.916618677662400572e-02 -1.802329545273218675e-02 -2.137167218075354813e-01
2.099999999999999645e+00 2.151765671363706223e-01 0.000000000000000000e+00 5.239341678170742478e-01 2.608892650465547969e-01 0.000000000000000000e+00 0.000000000000000000e+00 -1.357611174974363358e-02 3.354907516711420623e-01 0.000000000000000000e+00 0.000000000000000000e+00 0.000000000000000000e+00 0.000000000000000000e+00 -3.661308665555419450e-01 5.135162012901273859e-02 -2.339484744145833503e-02 -2.357751844440973688e-01
2.199999999999999734e+00 3.313562015229317148e-01 0.000000000000000000e+00 4.981885438448280246e-01 1.704552546322402606e-01 0.000000000000000000e+00 0.000000000000000000e+00 -4.342876660770655928e-03 4.062745405785596065e-01 0.000000000000000000e+00 0.000000000000000000e+00 0.000000000000000000e+00 0.000000000000000000e+00 -2.903739331269322155e-01 2.453231458076492871e-02 -1.747490306905204877e-02 -2.370148386118823836e-01
2.299999999999999822e+00 4.652066820738231523e-01 0.000000000000000000e+00 4.307189297570714892e-01 1.040743881691061912e-01 0.000000000000000000e+00 0.000000000000000000e+00 7.060136252068464902e-03 4.475751082256519409e-01 0.000000000000000000e+00 0.000000000000000000e+00 0.000000000000000000e+00 0.000000000000000000e+00 -2.116969939407682966e-01 -3.345492721438495139e-03 6.384039469807534228e-06 -2.200365914065499640e-01
2.399999999999999911e+00 6.060087630681646464e-01 0.000000000000000000e+00 3.331077973748615695e-01 6.088343955697340243e-02 0.000000000000000000e+00 0.000000000000000000e+00 1.808473772407427974e-02 4.489311587507938683e-01 0.000000000000000000e+00 0.000000000000000000e+00 0.000000000000000000e+00 0.000000000000000000e+00 -1.401626964990670687e-01 -2.520252387690018886e-02 2.635601061340107215e-02 -1.902662856081111797e-01
2.500000000000000000e+00 7.406067915177345640e-01 0.000000000000000000e+00 2.227061915988614305e-01 3.668701688340655215e-02 0.000000000000000000e+00 0.000000000000000000e+00 2.575179995356234944e-02 4.053079825159441318e-01 0.000000000000000000e+00 0.000000000000000000e+00 0.000000000000000000e+00 0.000000000000000000e+00 -8.280079750550277395e-02 -3.625539915198818658e-02 5.640765029941719605e-02 -1.548832866687885057e-01
2.600000000000000089e+00 8.552736419062313411e-01 0.000000000000000000e+00 1.193338488000637715e-01 2.539250929370418658e-02 0.000000000000000000e+00 0.000000000000000000e+00 2.723196125870239181e-02 3.183104066081569594e-01 0.000000000000000000e+00 0.000000000000000000e+00 0.000000000000000000e+00 0.000000000000000000e+00 -4.253035867208051352e-02 -3.494788229291884152e-02 8.351435584217845043e-02 -1.214203308873178511e-01
2.699999999999999734e+00 9.377694014011298540e-01 0.000000000000000000e+00 4.149638625651241863e-02 2.073421234235859473e-02 0.000000000000000000e+00 0.000000000000000000e+00 2.041895099816758846e-02 1.962067953289642341e-01 0.000000000000000000e+00 0.000000000000000000e+00 0.000000000000000000e+00 0.000000000000000000e+00 -1.795407249116994647e-02 -2.319582195248803477e-02 1.008419013422504062e-01 -9.630587465794405999e-02
2.799999999999999822e+00 9.792168681203339275e-01 0.000000000000000000e+00 2.864434312135002211e-03 1.791869756752964907e-02 0.000000000000000000e+00 0.000000000000000000e+00 4.390196335296374722e-03 5.277905306666245272e-02 0.000000000000000000e+00 0.000000000000000000e+00 0.000000000000000000e+00 0.000000000000000000e+00 -4.047438855362455769e-03 -5.911443917195923110e-03 1.027188414714804987e-01 -8.363689673363525201e-02
2.899999999999999911e+00 9.754998903856162418e-01 0.000000000000000000e+00 9.651272473253627929e-03 1.484883714112955611e-02 0.000000000000000000e+00 0.000000000000000000e+00 -2.032566985385773906e-02 -9.487720648186581673e-02 0.000000000000000000e+00 0.000000000000000000e+00 0.000000000000000000e+00 0.000000000000000000e+00 6.421850440193842963e-03 1.010297174253874108e-02 8.579316393347823089e-02 -8.440717777566204838e-02
3.000000000000000000e+00 9.278678542276120877e-01 0.000000000000000000e+00 5.945504821409423879e-02 1.267709755829606044e-02 0.000000000000000000e+00 0.000000000000000000e+00 -5.173036308345826256e-02 -2.291078362924829637e-01 0.000000000000000000e+00 0.000000000000000000e+00 0.000000000000000000e+00 0.000000000000000000e+00 2.101972082595418567e-02 1.766037387838045869e-02 4.976485519881317099e-02 -9.636457056946637345e-02
