1.000000000000000056e-01 9.755820585150941637e-01 0.000000000000000000e+00 2.427547625265885634e-02 1.424652322478317914e-04 0.000000000000000000e+00 0.000000000000000000e+00 -1.498965090560222813e-01 3.483899656156434071e-02 0.000000000000000000e+00 0.000000000000000000e+00 0.000000000000000000e+00 0.000000000000000000e+00 -8.842943804771123684e-04 -1.635981299053927349e-03 7.808233524969196079e-03 8.832780634286267751e-03
2.000000000000000111e-01 9.052763714273780460e-01 0.000000000000000000e+00 9.249993792581637231e-02 2.223690646804764651e-03 0.000000000000000000e+00 0.000000000000000000e+00 -2.816242206169419227e-01 6.652673553118047811e-02 0.000000000000000000e+00 0.000000000000000000e+00 0.000000000000000000e+00 0.000000000000000000e+00 -6.774523403735134910e-03 -1.264108695437661523e-02 2.971721045699800973e-02 3.361460995558256115e-02
2.999999999999999889e-01 7.974444633434120133e-01 0.000000000000000000e+00 1.917545513248475886e-01 1.080098533174353795e-02 0.000000000000000000e+00 0.000000000000000000e+00 -3.799793888703641986e-01 9.235404337663326302e-02 0.000000000000000000e+00 0.000000000000000000e+00 0.000000000000000000e+00 0.000000000000000000e+00 -2.124902039500087270e-02 -4.024446828160168493e-02 6.148969645130372697e-02 6.951405021265677497e-02
4.000000000000000222e-01 6.645111826606829863e-01 0.000000000000000000e+00 3.032843540117000636e-01 3.220446332761734559e-02 0.000000000000000000e+00 0.000000000000000000e+00 -4.351371500422269722e-01 1.104151507838074531e-01 0.000000000000000000e+00 0.000000000000000000e+00 0.000000000000000000e+00 0.000000000000000000e+00 -4.534754822928682011e-02 -8.781064703453703157e-02 9.703114702899813537e-02 1.094768585713058739e-01
5.000000000000000000e-01 5.209719733543705100e-01 0.000000000000000000e+00 4.061130038811851528e-01 7.291502276444380981e-02 0.000000000000000000e+00 0.000000000000000000e+00 -4.440883976277990031e-01 1.198289953934015689e-01 0.000000000000000000e+00 0.000000000000000000e+00 0.000000000000000000e+00 0.000000000000000000e+00 -7.703365729868590084e-02 -1.538751265141197200e-01 1.296399148925673761e-01 1.455341051155852328e-01
5.999999999999999778e-01 3.811685999523224955e-01 0.000000000000000000e+00 4.810524564980008244e-01 1.377789435496764581e-01 0.000000000000000000e+00 0.000000000000000000e+00 -4.108225374803572971e-01 1.207763803788263063e-01 0.000000000000000000e+00 0.000000000000000000e+00 0.000000000000000000e+00 0.000000000000000000e+00 -1.113516608188066664e-01 -2.321200268587724491e-01 1.533728546940297532e-01 1.702755838172036740e-01
6.999999999999999556e-01 2.571741053265210741e-01 0.000000000000000000e+00 5.143827083664249677e-01 2.284431863070530144e-01 0.000000000000000000e+00 0.000000000000000000e+00 -3.452645685445846491e-01 1.143603538697839372e-01 0.000000000000000000e+00 0.000000000000000000e+00 0.000000000000000000e+00 0.000000000000000000e+00 -1.412810460106516675e-01 -3.123249764302569176e-01 1.642686133404414051e-01 1.782287707373279295e-01
7.999999999999999334e-01 1.572172887354207904e-01 0.000000000000000000e+00 5.004452912800101405e-01 3.423374199845691246e-01 0.000000000000000000e+00 0.000000000000000000e+00 -2.611711053760891743e-01 1.023147381084103524e-01 0.000000000000000000e+00 0.000000000000000000e+00 0.000000000000000000e+00 0.000000000000000000e+00 -1.591100525213130223e-01 -3.821061908453488587e-01 1.611565631209803673e-01 1.668829627807673632e-01
8.999999999999999112e-01 8.488587276640241486e-02 0.000000000000000000e+00 4.426803386167511012e-01 4.724337886168470946e-01 0.000000000000000000e+00 0.000000000000000000e+00 -1.734156991557470329e-01 8.662737564366648768e-02 0.000000000000000000e+00 0.000000000000000000e+00 0.000000000000000000e+00 0.000000000000000000e+00 -1.580653396234389940e-01 -4.291299311808973171e-01 1.458962721461059542e-01 1.371759172191044929e-01
9.999999999999998890e-01 3.921884361653992651e-02 0.000000000000000000e+00 3.528959453160119275e-01 6.078852110674513032e-01 0.000000000000000000e+00 0.000000000000000000e+00 -9.517520601758702736e-02 6.915092986785933982e-02 0.000000000000000000e+00 0.000000000000000000e+00 0.000000000000000000e+00 0.000000000000000000e+00 -1.338579777004369753e-01 -4.433985429885572982e-01 1.229863442503318222e-01 9.335370536876727576e-02
1.099999999999999867e+00 1.565054999450610565e-02 0.000000000000000000e+00 2.489238955630326267e-01 7.354255544424598279e-01 0.000000000000000000e+00 0.000000000000000000e+00 -3.558128114932612024e-02 5.128126695962006987e-02 0.000000000000000000e+00 0.000000000000000000e+00 0.000000000000000000e+00 0.000000000000000000e+00 -8.582246198011497795e-02 -4.191652399284324093e-01 9.862049512549102281e-02 4.223520472953053162e-02
1.199999999999999956e+00 7.564211467396876783e-03 0.000000000000000000e+00 1.511082189956323152e-01 8.413275695369728524e-01 0.000000000000000000e+00 0.000000000000000000e+00 1.741964011336260632e-03 3.376359183055709090e-02 0.000000000000000000e+00 0.000000000000000000e+00 0.000000000000000000e+00 0.000000000000000000e+00 -1.738689554833809658e-02 -3.561308834086172603e-01 7.937338307491437206e-02 -7.990373103599388016e-03
1.300000000000000044e+00 8.133959509182523903e-03 0.000000000000000000e+00 7.834549918456595874e-02 9.135205413062520430e-01 0.000000000000000000e+00 0.000000000000000000e+00 1.895980643135386848e-02 1.666687935161827866e-02 0.000000000000000000e+00 0.000000000000000000e+00 0.000000000000000000e+00 0.000000000000000000e+00 6.421886947246747968e-02 -2.597039843419089999e-01 7.078941840431385302e-02 -4.918737036173429639e-02
1.399999999999999911e+00 1.205969966190224146e-02 0.000000000000000000e+00 4.438612932874648476e-02 9.435541710093537926e-01 0.000000000000000000e+00 0.000000000000000000e+00 2.313116996052168653e-02 -4.820625488269155616e-04 0.000000000000000000e+00 0.000000000000000000e+00 0.000000000000000000e+00 0.000000000000000000e+00 1.490437381179618437e-01 -1.402379461714749476e-01 7.614884615001892010e-02 -7.470162767322052755e-02
1.500000000000000000e+00 1.684624607939134641e-02 0.000000000000000000e+00 5.519479742271556078e-02 9.279589564978942828e-01 0.000000000000000000e+00 0.000000000000000000e+00 2.429784052565730004e-02 -1.842390054602872571e-02 0.000000000000000000e+00 0.000000000000000000e+00 0.000000000000000000e+00 0.000000000000000000e+00 2.260257793642816704e-01 -1.143913864569905126e-02 9.568265296434694256e-02 -8.048263605509894947e-02
1.599999999999999867e+00 2.336173799344870225e-02 0.000000000000000000e+00 1.078139498769173921e-01 8.688243121296325144e-01 0.000000000000000000e+00 0.000000000000000000e+00 3.298443467456250999e-02 -3.782523383414589102e-02 0.000000000000000000e+00 0.000000000000000000e+00 0.000000000000000000e+00 0.000000000000000000e+00 2.848979869004595877e-01 1.118236005143877776e-01 1.263932259696956828e-01 -6.574190771072267736e-02
1.699999999999999956e+00 3.556598701063782425e-02 0.000000000000000000e+00 1.909883990772900664e-01 7.734456139120716722e-01 0.000000000000000000e+00 0.000000000000000000e+00 5.761004411585734369e-02 -5.893872878079284977e-02 0.000000000000000000e+00 0.000000000000000000e+00 0.000000000000000000e+00 0.000000000000000000e+00 3.179892905925855162e-01 2.158748484690764524e-01 1.625374445865856721e-01 -3.301417798012115656e-02
1.800000000000000044e+00 5.946942993181629500e-02 0.000000000000000000e+00 2.874196732540620913e-01 6.531108968141196014e-01 0.000000000000000000e+00 0.000000000000000000e+00 1.023498813373495547e-01 -8.134608657971892365e-02 0.000000000000000000e+00 0.000000000000000000e+00 0.000000000000000000e+00 0.000000000000000000e+00 3.215898551924105120e-01 2.903392602337561135e-01 1.966902444539889716e-01 1.237254394865724277e-02
1.899999999999999911e+00 1.015341550836929840e-01 0.000000000000000000e+00 3.771854654571250576e-01 5.212803794591853723e-01 0.000000000000000000e+00 0.000000000000000000e+00 1.658749636483583811e-01 -1.038397983199181862e-01 0.000000000000000000e+00 0.000000000000000000e+00 0.000000000000000000e+00 0.000000000000000000e+00 2.965949820978286966e-01 3.296222074816494430e-01 2.211792147206962100e-01 6.330495375077137277e-02
2.000000000000000000e+00 1.668583008019883240e-01 0.000000000000000000e+00 4.416965733897917912e-01 3.914451258082192742e-01 0.000000000000000000e+00 0.000000000000000000e+00 2.412553548797201075e-01 -1.244853113006724743e-01 0.000000000000000000e+00 0.000000000000000000e+00 0.000000000000000000e+00 0.000000000000000000e+00 2.483162242498808958e-01 3.335251482646675036e-01 2.296295836647568867e-01 1.121878873317734560e-01
2.099999999999999645e+00 2.575185571359956960e-01 0.000000000000000000e+00 4.673772233589431613e-01 2.751042195050611427e-01 0.000000000000000000e+00 0.000000000000000000e+00 3.170458078912413158e-01 -1.408554711723514485e-01 0.000000000000000000e+00 0.000000000000000000e+00 0.000000000000000000e+00 0.000000000000000000e+00 1.854646891860159408e-01 3.068880831078172888e-01 2.182983308907155973e-01 1.522835528038926911e-01
2.199999999999999734e+00 3.714329499986384620e-01 0.000000000000000000e+00 4.483687586441290063e-01 1.801982913572321987e-01 0.000000000000000000e+00 0.000000000000000000e+00 3.793652048531135357e-01 -1.504026944382970410e-01 0.000000000000000000e+00 0.000000000000000000e+00 0.000000000000000000e+00 0.000000000000000000e+00 1.185078404228617349e-01 2.583624914491773894e-01 1.869357852730983427e-01 1.788479674780239781e-01
2.299999999999999822e+00 5.019814636984428757e-01 0.000000000000000000e+00 3.877260216823942285e-01 1.102925146191617578e-01 0.000000000000000000e+00 0.000000000000000000e+00 4.145596346627405948e-01 -1.509025651271873325e-01 0.000000000000000000e+00 0.000000000000000000e+00 0.000000000000000000e+00 0.000000000000000000e+00 5.771993049732485059e-02 1.985741369176977911e-01 1.389994401221794629e-01 1.898524528233273001e-01
2.399999999999999911e+00 6.385482520707604914e-01 0.000000000000000000e+00 2.968564995610272206e-01 6.459524836821076144e-02 0.000000000000000000e+00 0.000000000000000000e+00 4.119563924159170276e-01 -1.408869372292146371e-01 0.000000000000000000e+00 0.000000000000000000e+00 0.000000000000000000e+00 0.000000000000000000e+00 1.127381149287585461e-02 1.380160160215636311e-01 8.114685952991669560e-02 1.861783304267156380e-01
2.500000000000000000e+00 7.678359481351144655e-01 0.000000000000000000e+00 1.933339287657082906e-01 3.883012309917723698e-02 0.000000000000000000e+00 0.000000000000000000e+00 3.661324564226809408e-01 -1.199823429483136278e-01 0.000000000000000000e+00 0.000000000000000000e+00 0.000000000000000000e+00 0.000000000000000000e+00 -1.621261073389364954e-02 8.511363996879764415e-02 2.211805903671663215e-02 1.712482325669025529e-01
2.600000000000000089e+00 8.758128545111624197e-01 0.000000000000000000e+00 9.748199804497337251e-02 2.670514744386338554e-02 0.000000000000000000e+00 0.000000000000000000e+00 2.782795484888697657e-01 -8.908691877815651250e-02 0.000000000000000000e+00 0.000000000000000000e+00 0.000000000000000000e+00 0.000000000000000000e+00 -2.443361186232984733e-02 4.479140309058121661e-02 -2.881605011152753304e-02 1.501943660105408973e-01
2.699999999999999734e+00 9.499027874797471016e-01 0.000000000000000000e+00 2.840393907752199187e-02 2.169327344273349126e-02 0.000000000000000000e+00 0.000000000000000000e+00 1.563540929367703558e-01 -5.034260675309374516e-02 0.000000000000000000e+00 0.000000000000000000e+00 0.000000000000000000e+00 0.000000000000000000e+00 -1.727963760999347287e-02 1.782101420315242157e-02 -6.353293334946745474e-02 1.287247764729116117e-01
2.799999999999999822e+00 9.810102294749430962e-01 0.000000000000000000e+00 2.485462473432973620e-04 1.874122427771315186e-02 0.000000000000000000e+00 0.000000000000000000e+00 1.400268807822334892e-02 -6.910200894080622928e-03 0.000000000000000000e+00 0.000000000000000000e+00 0.000000000000000000e+00 0.000000000000000000e+00 -1.880906167023660425e-03 1.058418263293849169e-03 -7.654051544460255263e-02 1.119235568111896090e-01
2.899999999999999911e+00 9.650476671227921077e-01 0.000000000000000000e+00 1.940053182781444063e-02 1.555180104938844697e-02 0.000000000000000000e+00 0.000000000000000000e+00 -1.316094092600060272e-01 3.743529521843926705e-02 0.000000000000000000e+00 0.000000000000000000e+00 0.000000000000000000e+00 0.000000000000000000e+00 1.300412950623346282e-02 -1.151546036975545015e-02 -6.599722283805856127e-02 1.032114133510415310e-01
3.000000000000000000e+00 9.036326456060886914e-01 0.000000000000000000e+00 8.318992496219768107e-02 1.317742943171248439e-02 0.000000000000000000e+00 0.000000000000000000e+00 -2.626083757861141232e-01 7.880338315964893758e-02 0.000000000000000000e+00 0.000000000000000000e+00 0.000000000000000000e+00 0.000000000000000000e+00 1.893585759535806878e-02 -2.715994557254339248e-02 -3.404762793396066967e-02 1.036740743741540183e-01
