1.000000000000000056e-01 9.995272236988486103e-01 0.000000000000000000e+00 4.725957199013045007e-04 1.805812498489462069e-07 0.000000000000000000e+00 0.000000000000000000e+00 -2.168790482560874547e-02 1.416703234206675814e-03 0.000000000000000000e+00 0.000000000000000000e+00 0.000000000000000000e+00 0.000000000000000000e+00 -3.042988225878584799e-06 -8.722507178627783887e-06 1.657932609665614470e-04 3.911628339185182980e-04
2.000000000000000111e-01 9.981411092090464177e-01 0.000000000000000000e+00 1.856106662637488662e-03 2.784128316547833768e-06 0.000000000000000000e+00 0.000000000000000000e+00 -4.293758044932444867e-02 3.003412893391290209e-03 0.000000000000000000e+00 0.000000000000000000e+00 0.000000000000000000e+00 0.000000000000000000e+00 -2.417057799411903172e-05 -6.770097555042584741e-05 6.686894382501683406e-04 1.527025448325817223e-03
2.999999999999999889e-01 9.959361946123954645e-01 0.000000000000000000e+00 4.050559663699534151e-03 1.324572390604237048e-05 0.000000000000000000e+00 0.000000000000000000e+00 -6.332413202860662227e-02 4.914591121103699389e-03 0.000000000000000000e+00 0.000000000000000000e+00 0.000000000000000000e+00 0.000000000000000000e+00 -8.048830715297234674e-05 -2.171962829868870825e-04 1.521833645576161319e-03 3.297865192845650557e-03
4.000000000000000222e-01 9.930630415518763021e-01 0.000000000000000000e+00 6.898613805308583327e-03 3.834464281384455009e-05 0.000000000000000000e+00 0.000000000000000000e+00 -8.244807615255973776e-02 7.285126184095217644e-03 0.000000000000000000e+00 0.000000000000000000e+00 0.000000000000000000e+00 0.000000000000000000e+00 -1.866534513372926840e-04 -4.792550004086343807e-04 2.736874033979178663e-03 5.530656099472755667e-03
5.000000000000000000e-01 9.897194918327255619e-01 0.000000000000000000e+00 1.019701440236468575e-02 8.349376490931650463e-05 0.000000000000000000e+00 0.000000000000000000e+00 -9.993895760430697439e-02 1.021706985055560388e-02 0.000000000000000000e+00 0.000000000000000000e+00 0.000000000000000000e+00 0.000000000000000000e+00 -3.526748945373727557e-04 -8.526473580204494383e-04 4.310819365085232467e-03 8.003263324330663064e-03
5.999999999999999778e-01 9.861381374713267256e-01 0.000000000000000000e+00 1.371169261345937980e-02 1.501699152128541971e-04 0.000000000000000000e+00 0.000000000000000000e+00 -1.154644703357466523e-01 1.376878187295371703e-02 0.000000000000000000e+00 0.000000000000000000e+00 0.000000000000000000e+00 0.000000000000000000e+00 -5.811313846788863230e-04 -1.312009923068337960e-03 6.211104405761540964e-03 1.046472369774832829e-02
6.999999999999999556e-01 9.825704749287830220e-01 0.000000000000000000e+00 1.719520170461142847e-02 2.343233666067401767e-04 0.000000000000000000e+00 0.000000000000000000e+00 -1.287366120294189675e-01 1.795501196406659034e-02 0.000000000000000000e+00 0.000000000000000000e+00 0.000000000000000000e+00 0.000000000000000000e+00 -8.644947790215381893e-04 -1.811597747135490922e-03 8.363920763872340763e-03 1.266033295524448057e-02
7.999999999999999334e-01 9.792741798102017059e-01 0.000000000000000000e+00 2.039957992346609281e-02 3.262402663300118032e-04 0.000000000000000000e+00 0.000000000000000000e+00 -1.394988029068037205e-01 2.273468444313663656e-02 0.000000000000000000e+00 0.000000000000000000e+00 0.000000000000000000e+00 0.000000000000000000e+00 -1.183304043227387638e-03 -2.292369053501213706e-03 1.064657551753324036e-02 1.435719503042991695e-02
8.999999999999999112e-01 9.764956499811441315e-01 0.000000000000000000e+00 2.309221364146573155e-02 4.121363773905271531e-04 0.000000000000000000e+00 0.000000000000000000e+00 -1.475290985005250355e-01 2.801091449114219423e-02 0.000000000000000000e+00 0.000000000000000000e+00 0.000000000000000000e+00 0.000000000000000000e+00 -1.506321632473466097e-03 -2.692236306923950859e-03 1.288911223224268633e-02 1.537270639544403850e-02
9.999999999999998890e-01 9.744535977067794175e-01 0.000000000000000000e+00 2.506929458463048530e-02 4.771077085908781369e-04 0.000000000000000000e+00 0.000000000000000000e+00 -1.526380797332529682e-01 3.362262880382931723e-02 0.000000000000000000e+00 0.000000000000000000e+00 0.000000000000000000e+00 0.000000000000000000e+00 -1.793506852841212848e-03 -2.957040219224344596e-03 1.488596950039635866e-02 1.559894787154851581e-02
1.099999999999999867e+00 9.733241267481196335e-01 0.000000000000000000e+00 2.616718399546105051e-02 5.086892564178735823e-04 0.000000000000000000e+00 0.000000000000000000e+00 -1.546650290854209853e-01 3.934311131352632301e-02 0.000000000000000000e+00 0.000000000000000000e+00 0.000000000000000000e+00 0.000000000000000000e+00 -2.001628510020748812e-03 -3.050319407142592764e-03 1.641715912315671114e-02 1.501986430800979731e-02
1.199999999999999956e+00 9.732263653038681905e-01 0.000000000000000000e+00 2.627353251061345651e-02 5.001021855162790866e-04 0.000000000000000000e+00 0.000000000000000000e+00 -1.534819170954320744e-01 4.487088009133643335e-02 0.000000000000000000e+00 0.000000000000000000e+00 0.000000000000000000e+00 0.000000000000000000e+00 -2.092179987043007224e-03 -2.960107095206204048e-03 1.727724479389221995e-02 1.371894272252518164e-02
1.300000000000000044e+00 9.742087318908800864e-01 0.000000000000000000e+00 2.533895638045344928e-02 4.523117286627466771e-04 0.000000000000000000e+00 0.000000000000000000e+00 -1.490031732644238605e-01 4.983459543519855317e-02 0.000000000000000000e+00 0.000000000000000000e+00 0.000000000000000000e+00 0.000000000000000000e+00 -2.040321436509794778e-03 -2.701517231043893720e-03 1.731102267974211906e-02 1.187326599262304890e-02
1.399999999999999911e+00 9.762411834519589826e-01 0.000000000000000000e+00 2.338481997899776246e-02 3.739965690432783471e-04 0.000000000000000000e+00 0.000000000000000000e+00 -1.411945679421043875e-01 5.378957883537139467e-02 0.000000000000000000e+00 0.000000000000000000e+00 0.000000000000000000e+00 0.000000000000000000e+00 -1.842074048121380547e-03 -2.313569876010728495e-03 1.644385960313768380e-02 9.731920333367664877e-03
1.500000000000000000e+00 9.792044131304457055e-01 0.000000000000000000e+00 2.051585090096050973e-02 2.797359685938886117e-04 0.000000000000000000e+00 0.000000000000000000e+00 -1.301014557553085427e-01 5.623898253814053200e-02 0.000000000000000000e+00 0.000000000000000000e+00 0.000000000000000000e+00 0.000000000000000000e+00 -1.519280547410109018e-03 -1.852244023905290360e-03 1.471198323085908671e-02 7.581305787880950574e-03
1.599999999999999867e+00 9.828919013231447455e-01 0.000000000000000000e+00 1.692181495988792639e-02 1.862837169668168675e-04 0.000000000000000000e+00 0.000000000000000000e+00 -1.158646572375425510e-01 5.663652614721724488e-02 0.000000000000000000e+00 0.000000000000000000e+00 0.000000000000000000e+00 0.000000000000000000e+00 -1.118156968876081936e-03 -1.379124167882182566e-03 1.227194752402012076e-02 5.700528133344461186e-03
1.699999999999999956e+00 9.870111486163034575e-01 0.000000000000000000e+00 1.288055872333877111e-02 1.082926603588464480e-04 0.000000000000000000e+00 0.000000000000000000e+00 -9.874630656353450275e-02 5.442814037491897072e-02 0.000000000000000000e+00 0.000000000000000000e+00 0.000000000000000000e+00 0.000000000000000000e+00 -7.025937143763338584e-04 -9.493325442149058843e-04 9.397800534277991197e-03 4.308993903676410289e-03
1.800000000000000044e+00 9.911933115393161131e-01 0.000000000000000000e+00 8.752135172114160894e-03 5.455328857034135321e-05 0.000000000000000000e+00 0.000000000000000000e+00 -7.915251773194291462e-02 4.909110479626499490e-02 0.000000000000000000e+00 0.000000000000000000e+00 0.000000000000000000e+00 0.000000000000000000e+00 -3.413847442483640242e-04 -6.007612518284144616e-04 6.457106650097045424e-03 3.518321687624842518e-03
1.899999999999999911e+00 9.950147035707650467e-01 0.000000000000000000e+00 4.959403532794386116e-03 2.589289644087695237e-05 0.000000000000000000e+00 0.000000000000000000e+00 -5.763545772028390995e-02 4.016009915239709266e-02 0.000000000000000000e+00 0.000000000000000000e+00 0.000000000000000000e+00 0.000000000000000000e+00 -9.075065291124326955e-05 -3.466664374062610908e-04 3.861876608047269850e-03 3.293889460997618049e-03
2.000000000000000000e+00 9.980173808367768240e-01 0.000000000000000000e+00 1.966745920739565966e-03 1.587324248296748407e-05 0.000000000000000000e+00 0.000000000000000000e+00 -3.489415621469743600e-02 2.729916515683755707e-02 0.000000000000000000e+00 0.000000000000000000e+00 0.000000000000000000e+00 0.000000000000000000e+00 2.368355398243854608e-05 -1.750934482878929439e-04 2.010163376252458584e-03 3.435258524055863870e-03
2.099999999999999645e+00 9.997405264071086428e-01 0.000000000000000000e+00 2.451540510119371648e-04 1.431954188028051122e-05 0.000000000000000000e+00 0.000000000000000000e+00 -1.176324873333684136e-02 1.033037066132526036e-02 0.000000000000000000e+00 0.000000000000000000e+00 0.000000000000000000e+00 0.000000000000000000e+00 2.274072421107828582e-05 -5.471156871391187257e-05 1.214273783836669271e-03 3.583484362199734242e-03
2.199999999999999734e+00 9.997543310516096016e-01 0.000000000000000000e+00 2.324120218401941058e-04 1.325692654944028744e-05 0.000000000000000000e+00 0.000000000000000000e+00 1.083443628482563467e-02 -1.072240369655565011e-02 0.000000000000000000e+00 0.000000000000000000e+00 0.000000000000000000e+00 0.000000000000000000e+00 -1.721777015885380337e-05 5.276945865164302783e-05 1.631893762723958790e-03 3.254319136322902494e-03
2.299999999999999822e+00 9.976933388283707460e-01 0.000000000000000000e+00 2.292695797312073978e-03 1.396537431540132786e-05 0.000000000000000000e+00 0.000000000000000000e+00 3.192278345046441201e-02 -3.561380700371737096e-02 0.000000000000000000e+00 0.000000000000000000e+00 0.000000000000000000e+00 0.000000000000000000e+00 3.486731989772702485e-05 1.755067497697328140e-04 3.211732231046198795e-03 1.902087385714540608e-03
2.399999999999999911e+00 9.932883617526935272e-01 0.000000000000000000e+00 6.678354317770886922e-03 3.328392953482052052e-05 0.000000000000000000e+00 0.000000000000000000e+00 5.054251954905667615e-02 -6.386693461126856375e-02 0.000000000000000000e+00 0.000000000000000000e+00 0.000000000000000000e+00 0.000000000000000000e+00 3.522494418997400073e-04 3.133723465705657240e-04 5.662728376303960767e-03 -9.970199595876515566e-04
2.500000000000000000e+00 9.863920417515963379e-01 0.000000000000000000e+00 1.350074426995833896e-02 1.072139784454834128e-04 0.000000000000000000e+00 0.000000000000000000e+00 6.580608743156367291e-02 -9.479760342913434723e-02 0.000000000000000000e+00 0.000000000000000000e+00 0.000000000000000000e+00 0.000000000000000000e+00 1.126436319424158538e-03 4.226225099487618134e-04 8.458051352140167137e-03 -5.849476622730357019e-03
2.600000000000000089e+00 9.769957002694478199e-01 0.000000000000000000e+00 2.271412472601139557e-02 2.901750045413517705e-04 0.000000000000000000e+00 0.000000000000000000e+00 7.696631745813524439e-02 -1.275452392845317640e-01 0.000000000000000000e+00 0.000000000000000000e+00 0.000000000000000000e+00 0.000000000000000000e+00 2.534726827911909335e-03 4.077143172274199983e-04 1.087828383334056570e-02 -1.285156114227521337e-02
2.699999999999999734e+00 9.652357520283915138e-01 0.000000000000000000e+00 3.411522434709460955e-02 6.490236245140885377e-04 0.000000000000000000e+00 0.000000000000000000e+00 8.345697822620927464e-02 -1.611340034564095469e-01 0.000000000000000000e+00 0.000000000000000000e+00 0.000000000000000000e+00 0.000000000000000000e+00 4.703864667772223243e-03 1.234632238282808679e-04 1.209034075072924069e-02 -2.191539083824148304e-02
2.799999999999999822e+00 9.513924004671947543e-01 0.000000000000000000e+00 4.735554672754975492e-02 1.252052805253813092e-03 0.000000000000000000e+00 0.000000000000000000e+00 8.493602137912195649e-02 -1.945239822844774258e-01 0.000000000000000000e+00 0.000000000000000000e+00 0.000000000000000000e+00 0.000000000000000000e+00 7.675883200725437672e-03 -6.102965846282318654e-04 1.126039479772715166e-02 -3.262509559831774236e-02
2.899999999999999911e+00 9.358704265804639322e-01 0.000000000000000000e+00 6.197492396185862173e-02 2.154649457676547069e-03 0.000000000000000000e+00 0.000000000000000000e+00 8.128867714669510414e-02 -2.266994679997872963e-01 0.000000000000000000e+00 0.000000000000000000e+00 0.000000000000000000e+00 0.000000000000000000e+00 1.138427066112611234e-02 -1.983081556932826499e-03 7.678100515718010166e-03 -4.424385843141381836e-02
3.000000000000000000e+00 9.191846408167033688e-01 0.000000000000000000e+00 7.743188901244014988e-02 3.383470170857960559e-03 0.000000000000000000e+00 0.000000000000000000e+00 7.262236549865939972e-02 -2.567103346605516534e-01 0.000000000000000000e+00 0.000000000000000000e+00 0.000000000000000000e+00 0.000000000000000000e+00 1.564280118736071160e-02 -4.158276126242798146e-03 8.852455004783980896e-04 -5.576064773709084321e-02
