1.000000000000000056e-01 1.218863421910797856e-02 3.760041243937196090e-05 9.877737653684510732e-01 0.000000000000000000e+00 -9.693569299464324348e-06 6.769074599560301071e-04 1.572097935935542123e-03 -1.097139080877838763e-01 -6.094317109553990149e-03 -5.296485232109383589e-08 0.000000000000000000e+00 0.000000000000000000e+00 0.000000000000000000e+00 0.000000000000000000e+00 0.000000000000000000e+00 0.000000000000000000e+00
2.000000000000000111e-01 4.702809462717946060e-02 5.805495987084526889e-04 9.523913557741132685e-01 0.000000000000000000e+00 -2.995160373830855561e-04 5.216553623611349701e-03 1.212820275540717196e-02 -2.112866713872039170e-01 -2.351404731358971642e-02 3.471741096751121861e-07 0.000000000000000000e+00 0.000000000000000000e+00 0.000000000000000000e+00 0.000000000000000000e+00 0.000000000000000000e+00 0.000000000000000000e+00
3.000000000000000444e-01 9.973256208539903189e-02 2.770646089218706514e-03 8.974967918253792254e-01 0.000000000000000000e+00 -2.140502381063800162e-03 1.648459534756816294e-02 3.852254329918769482e-02 -2.966912000590605225e-01 -4.986628104269951595e-02 3.978763194609738070e-07 0.000000000000000000e+00 0.000000000000000000e+00 0.000000000000000000e+00 0.000000000000000000e+00 0.000000000000000000e+00 0.000000000000000000e+00
4.000000000000000222e-01 1.635245807023562037e-01 8.069805425823866826e-03 8.284056138718214335e-01 0.000000000000000000e+00 -8.272491517931020860e-03 3.537198657192697215e-02 8.381724053278405417e-02 -3.583843619005193659e-01 -8.176229035117811572e-02 -3.101307742556716411e-07 0.000000000000000000e+00 0.000000000000000000e+00 0.000000000000000000e+00 0.000000000000000000e+00 0.000000000000000000e+00 0.000000000000000000e+00
5.000000000000000000e-01 2.310383643235131845e-01 1.776455443545166268e-02 7.511970812410324605e-01 0.000000000000000000e+00 -2.252545711367990103e-02 5.997413928570892450e-02 1.464792402701619034e-01 -3.899989450090109999e-01 -1.155191821617565923e-01 -2.677031813875081433e-07 0.000000000000000000e+00 0.000000000000000000e+00 0.000000000000000000e+00 0.000000000000000000e+00 0.000000000000000000e+00 0.000000000000000000e+00
5.999999999999999778e-01 2.956746477073966539e-01 3.253370977102511274e-02 6.717916425215809673e-01 0.000000000000000000e+00 -4.854195637813106534e-02 8.522365659565536711e-02 2.205806099899335904e-01 -3.872672872100774155e-01 -1.478373238536983270e-01 8.659813825914269249e-08 0.000000000000000000e+00 0.000000000000000000e+00 0.000000000000000000e+00 0.000000000000000000e+00 0.000000000000000000e+00 0.000000000000000000e+00
7.000000000000000666e-01 3.525919681455042531e-01 5.221918039727771466e-02 5.951888514572124533e-01 0.000000000000000000e+00 -8.792760211992506347e-02 1.033479577556207923e-01 2.968532023048089941e-01 -3.489082757218153197e-01 -1.762959840727521266e-01 -1.429917063637732610e-06 0.000000000000000000e+00 0.000000000000000000e+00 0.000000000000000000e+00 0.000000000000000000e+00 0.000000000000000000e+00 0.000000000000000000e+00
8.000000000000000444e-01 3.990925007581411776e-01 7.583462840993596132e-02 5.250728708319247762e-01 0.000000000000000000e+00 -1.384645316131524473e-01 1.053214364775154482e-01 3.643467612997508542e-01 -2.771354950401725969e-01 -1.995462503790705888e-01 -2.198927267380443521e-07 0.000000000000000000e+00 0.000000000000000000e+00 0.000000000000000000e+00 0.000000000000000000e+00 0.000000000000000000e+00 0.000000000000000000e+00
9.000000000000000222e-01 4.345272025109770953e-01 1.018043708041242723e-01 4.636684266849019909e-01 0.000000000000000000e+00 -1.931408817299671288e-01 8.326684961010413777e-02 4.121862712654932315e-01 -1.777048736969125131e-01 -2.172636012554885476e-01 1.435442912523120001e-06 0.000000000000000000e+00 0.000000000000000000e+00 0.000000000000000000e+00 0.000000000000000000e+00 0.000000000000000000e+00 0.000000000000000000e+00
1.000000000000000000e+00 4.597819096399989314e-01 1.283026801794075744e-01 4.119154101805962975e-01 0.000000000000000000e+00 -2.405993862387195426e-01 3.321425346224220199e-02 4.311018956211637443e-01 -5.951814436452865925e-02 -2.298909548199994657e-01 2.830383341504007540e-06 0.000000000000000000e+00 0.000000000000000000e+00 0.000000000000000000e+00 0.000000000000000000e+00 0.000000000000000000e+00 0.000000000000000000e+00
1.100000000000000089e+00 4.766445117896702111e-01 1.536141328455462585e-01 3.697413553647829754e-01 0.000000000000000000e+00 -2.672228213979285782e-01 -4.255933589588184462e-02 4.145783827551306477e-01 6.602993530995117377e-02 -2.383222558948350500e-01 -1.101393358476398219e-06 0.000000000000000000e+00 0.000000000000000000e+00 0.000000000000000000e+00 0.000000000000000000e+00 0.000000000000000000e+00 0.000000000000000000e+00
1.200000000000000178e+00 4.872008964825202959e-01 1.764023535268096909e-01 3.363967499906681535e-01 0.000000000000000000e+00 -2.604786155179687479e-01 -1.345149643442156706e-01 3.597019482311338834e-01 1.857614238695050601e-01 -2.436004482412602035e-01 -3.250741537527177075e-06 0.000000000000000000e+00 0.000000000000000000e+00 0.000000000000000000e+00 0.000000000000000000e+00 0.000000000000000000e+00 0.000000000000000000e+00
1.300000000000000266e+00 4.933929276528729591e-01 1.958271397630540200e-01 3.107799325840724936e-01 0.000000000000000000e+00 -2.126797467289723576e-01 -2.266871216539940448e-01 2.679255091678227063e-01 2.855740575022418515e-01 -2.466964638264364795e-01 -1.126371248438573988e-06 0.000000000000000000e+00 0.000000000000000000e+00 0.000000000000000000e+00 0.000000000000000000e+00 0.000000000000000000e+00 0.000000000000000000e+00
1.400000000000000133e+00 4.967942007284213424e-01 2.115666709108894594e-01 2.916391283606883378e-01 0.000000000000000000e+00 -1.241588795842135384e-01 -2.994823330214839152e-01 1.457702627130758044e-01 3.516186260275823150e-01 -2.483971003642106712e-01 -1.924948156411728921e-06 0.000000000000000000e+00 0.000000000000000000e+00 0.000000000000000000e+00 0.000000000000000000e+00 0.000000000000000000e+00 0.000000000000000000e+00
1.500000000000000222e+00 4.985418649596376484e-01 2.237278177702326232e-01 2.777303172701300893e-01 0.000000000000000000e+00 -4.786794597671708597e-03 -3.339382729026357244e-01 5.333010472485028540e-03 3.720641736302968683e-01 -2.492709324798188797e-01 -1.975545677628340230e-07 0.000000000000000000e+00 0.000000000000000000e+00 0.000000000000000000e+00 0.000000000000000000e+00 0.000000000000000000e+00 0.000000000000000000e+00
1.600000000000000089e+00 4.993803273124713948e-01 2.327076684115073901e-01 2.679120042760213538e-01 0.000000000000000000e+00 1.267170525775986323e-01 -3.164686717710801789e-01 -1.359635921257116853e-01 3.395642589666764688e-01 -2.496901636562356974e-01 7.302230045434571080e-07 0.000000000000000000e+00 0.000000000000000000e+00 0.000000000000000000e+00 0.000000000000000000e+00 0.000000000000000000e+00 0.000000000000000000e+00
1.700000000000000178e+00 4.997548122694491224e-01 2.390503838448147789e-01 2.611948038857381249e-01 0.000000000000000000e+00 2.458051091546655798e-01 -2.429947077741928529e-01 -2.569370942627126619e-01 2.540013578000386851e-01 -2.498774061347245057e-01 9.551143538147955569e-07 0.000000000000000000e+00 0.000000000000000000e+00 0.000000000000000000e+00 0.000000000000000000e+00 0.000000000000000000e+00 0.000000000000000000e+00
1.800000000000000266e+00 4.999100098573762696e-01 2.433371624289479840e-01 2.567528277136749137e-01 0.000000000000000000e+00 3.269719908665007502e-01 -1.213919289571116361e-01 -3.358649560223536668e-01 1.246917797193160399e-01 -2.499550049286880793e-01 -1.151187668783348601e-06 0.000000000000000000e+00 0.000000000000000000e+00 0.000000000000000000e+00 0.000000000000000000e+00 0.000000000000000000e+00 0.000000000000000000e+00
1.900000000000000133e+00 4.999694901566376637e-01 2.461095036123560620e-01 2.539210062310052196e-01 0.000000000000000000e+00 3.496160516863476841e-01 2.856325250567364610e-02 -3.551206184026773349e-01 -2.901900154324771677e-02 -2.499847450783188318e-01 -4.218037448382299424e-06 0.000000000000000000e+00 0.000000000000000000e+00 0.000000000000000000e+00 0.000000000000000000e+00 0.000000000000000000e+00 0.000000000000000000e+00
2.000000000000000000e+00 4.999905046040227230e-01 2.478258343994440005e-01 2.521836609965378839e-01 0.000000000000000000e+00 3.036228283487026336e-01 1.781116001347586852e-01 -3.062792628742334045e-01 -1.796731727708664461e-01 -2.499952523020113337e-01 -1.974662474745029378e-06 0.000000000000000000e+00 0.000000000000000000e+00 0.000000000000000000e+00 0.000000000000000000e+00 0.000000000000000000e+00 0.000000000000000000e+00
2.100000000000000089e+00 4.999973158773321491e-01 2.488428904882512838e-01 2.511597936344211468e-01 0.000000000000000000e+00 1.933094634322921890e-01 2.950461467150037320e-01 -1.942095730396282416e-01 -2.964150204169118119e-01 -2.499986579386660746e-01 1.915431481751059527e-06 0.000000000000000000e+00 0.000000000000000000e+00 0.000000000000000000e+00 0.000000000000000000e+00 0.000000000000000000e+00 0.000000000000000000e+00
2.200000000000000178e+00 4.999993182426564764e-01 2.494165302836509335e-01 2.505841514736947273e-01 0.000000000000000000e+00 3.847078291064338212e-02 3.510385932672681619e-01 -3.855977161714148338e-02 -3.518594163398112706e-01 -2.499996591213282382e-01 -6.784892892349144742e-07 0.000000000000000000e+00 0.000000000000000000e+00 0.000000000000000000e+00 0.000000000000000000e+00 0.000000000000000000e+00 0.000000000000000000e+00
2.300000000000000266e+00 4.999998460661416733e-01 2.497227212451643974e-01 2.502774326886931244e-01 0.000000000000000000e+00 -1.283597392750542299e-01 3.292189231928896453e-01 1.285024628790251422e-01 -3.295842759016424650e-01 -2.499999230330707811e-01 -1.815500656407331019e-07 0.000000000000000000e+00 0.000000000000000000e+00 0.000000000000000000e+00 0.000000000000000000e+00 0.000000000000000000e+00 0.000000000000000000e+00
2.400000000000000355e+00 4.999999688172431234e-01 2.498753593170365550e-01 2.501246718657227364e-01 0.000000000000000000e+00 -2.683862053154408844e-01 2.300141662333435866e-01 2.685174864406230100e-01 -2.301318916412031790e-01 -2.499999844086215617e-01 2.798703579028123982e-06 0.000000000000000000e+00 0.000000000000000000e+00 0.000000000000000000e+00 0.000000000000000000e+00 0.000000000000000000e+00 0.000000000000000000e+00
2.500000000000000444e+00 4.999999940706574830e-01 2.499459311034514797e-01 2.500540748258881507e-01 0.000000000000000000e+00 -3.458229734529345567e-01 7.334463241709864023e-02 3.458976654206434298e-01 -7.336103145069414189e-02 -2.499999970353287693e-01 3.858765059578541184e-07 0.000000000000000000e+00 0.000000000000000000e+00 0.000000000000000000e+00 0.000000000000000000e+00 0.000000000000000000e+00 0.000000000000000000e+00
2.600000000000000089e+00 4.999999989418827395e-01 2.499780817138751166e-01 2.500219193442452803e-01 0.000000000000000000e+00 -3.378237380389261801e-01 -1.042312936330920675e-01 3.378533651732024135e-01 1.042404098112439531e-01 -2.499999994709413698e-01 1.667905675270254536e-08 0.000000000000000000e+00 0.000000000000000000e+00 0.000000000000000000e+00 0.000000000000000000e+00 0.000000000000000000e+00 0.000000000000000000e+00
2.700000000000000178e+00 4.999999997813476260e-01 2.499915481573536657e-01 2.500084520612975147e-01 0.000000000000000000e+00 -2.422703503364449507e-01 -2.574895169165066777e-01 2.422770464094210763e-01 2.574996286594758987e-01 -2.499999998906738408e-01 -1.451278713618396678e-06 0.000000000000000000e+00 0.000000000000000000e+00 0.000000000000000000e+00 0.000000000000000000e+00 0.000000000000000000e+00 0.000000000000000000e+00
2.800000000000000266e+00 4.999999998695525139e-01 2.499979969055681206e-01 2.500020032248831958e-01 0.000000000000000000e+00 -8.074053887670856744e-02 -3.442091858537066895e-01 8.074269488619091606e-02 3.442115903119264964e-01 -2.499999999347762014e-01 1.095852885140026450e-06 0.000000000000000000e+00 0.000000000000000000e+00 0.000000000000000000e+00 0.000000000000000000e+00 0.000000000000000000e+00 0.000000000000000000e+00
2.900000000000000355e+00 4.999999998880392815e-01 2.499972952077979815e-01 2.500027049041614879e-01 0.000000000000000000e+00 1.050857180878975033e-01 -3.375731614700674954e-01 -1.050851465083904035e-01 3.375773458528794624e-01 -2.499999999440196130e-01 1.265265953807116345e-06 0.000000000000000000e+00 0.000000000000000000e+00 0.000000000000000000e+00 0.000000000000000000e+00 0.000000000000000000e+00 0.000000000000000000e+00
3.000000000000000444e+00 4.999999998849953831e-01 2.500008034809577118e-01 2.499991966340485428e-01 0.000000000000000000e+00 2.635860688705272681e-01 -2.356327354815627162e-01 -2.635854260405788851e-01 2.356317494990473327e-01 -2.499999999424977193e-01 -2.168258337385181950e-07 0.000000000000000000e+00 0.000000000000000000e+00 0.000000000000000000e+00 0.000000000000000000e+00 0.000000000000000000e+00 0.000000000000000000e+00
3.100000000000000089e+00 4.999999998136720469e-01 2.500010432456228338e-01 2.499989569407074785e-01 0.000000000000000000e+00 3.476598964777544709e-01 -6.428932996363960484e-02 -3.476598292323772599e-01 6.428157986288053627e-02 -2.499999999068360512e-01 -5.380677104936905638e-06 0.000000000000000000e+00 0.000000000000000000e+00 0.000000000000000000e+00 0.000000000000000000e+00 0.000000000000000000e+00 0.000000000000000000e+00
3.200000000000000178e+00 4.999999998653744115e-01 2.500005497875795180e-01 2.499994503470470419e-01 0.000000000000000000e+00 3.295522420392237861e-01 1.280452840186732666e-01 -3.295521426826658606e-01 -1.280433918045454089e-01 -2.499999999326872058e-01 1.221662616613622651e-06 0.000000000000000000e+00 0.000000000000000000e+00 0.000000000000000000e+00 0.000000000000000000e+00 0.000000000000000000e+00 0.000000000000000000e+00
3.300000000000000266e+00 4.999999998632881359e-01 2.500016618061859375e-01 2.499983383305302287e-01 0.000000000000000000e+00 2.112000145823530184e-01 2.835407989484396429e-01 -2.111989824228729662e-01 -2.835386374711891255e-01 -2.499999999316440680e-01 3.277411845245493481e-07 0.000000000000000000e+00 0.000000000000000000e+00 0.000000000000000000e+00 0.000000000000000000e+00 0.000000000000000000e+00 0.000000000000000000e+00
3.400000000000000355e+00 4.999999998433334869e-01 2.500013937108896411e-01 2.499986064457759283e-01 0.000000000000000000e+00 2.608991775728660908e-02 3.525904325128302874e-01 -2.608947167703540987e-02 -3.525884888454744459e-01 -2.499999999216667157e-01 -2.132552525434952499e-07 0.000000000000000000e+00 0.000000000000000000e+00 0.000000000000000000e+00 0.000000000000000000e+00 0.000000000000000000e+00 0.000000000000000000e+00
3.500000000000000444e+00 4.999999998243767618e-01 2.500021605228410770e-01 2.499978396527823277e-01 0.000000000000000000e+00 -1.690694163108357462e-01 3.105102455628566682e-01 1.690680243737619493e-01 -3.105075247407354522e-01 -2.499999999121883809e-01 -5.555642749962274635e-08 0.000000000000000000e+00 0.000000000000000000e+00 0.000000000000000000e+00 0.000000000000000000e+00 0.000000000000000000e+00 0.000000000000000000e+00
3.600000000000000089e+00 4.999999998154956438e-01 2.500004655633403239e-01 2.499995346211661695e-01 0.000000000000000000e+00 -3.113170462159506324e-01 1.675766369017368251e-01 3.113149816664677605e-01 -1.675790845401508578e-01 -2.499999999077478219e-01 2.216049032725765811e-06 0.000000000000000000e+00 0.000000000000000000e+00 0.000000000000000000e+00 0.000000000000000000e+00 0.000000000000000000e+00 0.000000000000000000e+00
3.700000000000000178e+00 4.999999998415301516e-01 2.500005867294362583e-01 2.499994134290356163e-01 0.000000000000000000e+00 -3.521131499768346829e-01 -3.188452554347066814e-02 3.521120572328793052e-01 3.188739069281480015e-02 -2.499999999207650481e-01 -2.087576175048119734e-06 0.000000000000000000e+00 0.000000000000000000e+00 0.000000000000000000e+00 0.000000000000000000e+00 0.000000000000000000e+00 0.000000000000000000e+00
3.800000000000000266e+00 4.999999997952269681e-01 2.499970531824819708e-01 2.500029470222940864e-01 0.000000000000000000e+00 -2.749184741694941092e-01 -2.223024047876321074e-01 2.749209302505134511e-01 2.223059949368780541e-01 -2.499999998976134841e-01 -8.820503991342434512e-07 0.000000000000000000e+00 0.000000000000000000e+00 0.000000000000000000e+00 0.000000000000000000e+00 0.000000000000000000e+00 0.000000000000000000e+00
3.900000000000000355e+00 4.999999998410730173e-01 2.499998489895413067e-01 2.500001511693875633e-01 0.000000000000000000e+00 -1.030577874202072836e-01 -3.381996702350723027e-01 1.030602412388680750e-01 3.381991455892716658e-01 -2.499999999205365364e-01 1.767350292152413951e-06 0.000000000000000000e+00 0.000000000000000000e+00 0.000000000000000000e+00 0.000000000000000000e+00 0.000000000000000000e+00 0.000000000000000000e+00
4.000000000000000000e+00 4.999999998212563135e-01 2.499992892870764316e-01 2.500007108916669774e-01 0.000000000000000000e+00 1.059834714385101267e-01 -3.372938606026267827e-01 -1.059862741905654299e-01 3.372940333925518175e-01 -2.499999999106281290e-01 -1.854536955899749420e-06 0.000000000000000000e+00 0.000000000000000000e+00 0.000000000000000000e+00 0.000000000000000000e+00 0.000000000000000000e+00 0.000000000000000000e+00
4.099999999999999645e+00 4.999999997862701329e-01 2.499963815164680803e-01 2.500036186972626751e-01 0.000000000000000000e+00 2.790757990508110353e-01 -2.170596443116148688e-01 -2.790780851862285639e-01 2.170650396407236282e-01 -2.499999998931350942e-01 2.018904018405839131e-06 0.000000000000000000e+00 0.000000000000000000e+00 0.000000000000000000e+00 0.000000000000000000e+00 0.000000000000000000e+00 0.000000000000000000e+00
4.200000000000000178e+00 4.999999998235170606e-01 2.500010726434023223e-01 2.499989275330848082e-01 0.000000000000000000e+00 3.530970892024386520e-01 -1.797169700757520264e-02 -3.530957455977350445e-01 1.796825026453613069e-02 -2.499999999117584470e-01 -2.385787355600835269e-06 0.000000000000000000e+00 0.000000000000000000e+00 0.000000000000000000e+00 0.000000000000000000e+00 0.000000000000000000e+00 0.000000000000000000e+00
4.299999999999999822e+00 4.999999997629561155e-01 2.500000129716414277e-01 2.499999872654014299e-01 0.000000000000000000e+00 2.987766122798292123e-01 1.890305330023106523e-01 -2.987743158754523343e-01 -1.890341281421683006e-01 -2.499999998814780577e-01 -3.016379464455794864e-06 0.000000000000000000e+00 0.000000000000000000e+00 0.000000000000000000e+00 0.000000000000000000e+00 0.000000000000000000e+00 0.000000000000000000e+00
4.399999999999999467e+00 4.999999997830252840e-01 2.499981383798433876e-01 2.500018618371331325e-01 0.000000000000000000e+00 1.334674767934216910e-01 3.273919696655072653e-01 -1.334663077009206333e-01 -3.273952892704557471e-01 -2.499999998915126975e-01 -1.651384799013999548e-06 0.000000000000000000e+00 0.000000000000000000e+00 0.000000000000000000e+00 0.000000000000000000e+00 0.000000000000000000e+00 0.000000000000000000e+00
4.500000000000000000e+00 4.999999997277465580e-01 2.499997909932408224e-01 2.500002092790114538e-01 0.000000000000000000e+00 -8.300076912442540256e-02 3.436724717474222146e-01 8.300764902369653364e-02 -3.436711139072283205e-01 -2.499999998638732790e-01 -4.954579757081097593e-06 0.000000000000000000e+00 0.000000000000000000e+00 0.000000000000000000e+00 0.000000000000000000e+00 0.000000000000000000e+00 0.000000000000000000e+00
4.599999999999999645e+00 4.999999997559100295e-01 2.499938729854567776e-01 2.500061272586354688e-01 0.000000000000000000e+00 -2.691893393971792614e-01 2.292030458952707406e-01 2.691931296140930852e-01 -2.292119590038165511e-01 -2.499999998779549870e-01 3.061560059352068929e-06 0.000000000000000000e+00 0.000000000000000000e+00 0.000000000000000000e+00 0.000000000000000000e+00 0.000000000000000000e+00 0.000000000000000000e+00
4.700000000000000178e+00 4.999999997158041110e-01 2.499988924776645749e-01 2.500011078065326187e-01 0.000000000000000000e+00 -3.526209551973401579e-01 2.564972190459602688e-02 3.526218817724329213e-01 -2.565856563671434915e-02 -2.499999998579020555e-01 6.189694202936248535e-06 0.000000000000000000e+00 0.000000000000000000e+00 0.000000000000000000e+00 0.000000000000000000e+00 0.000000000000000000e+00 0.000000000000000000e+00
4.799999999999999822e+00 4.999999997540400254e-01 2.500040727666846818e-01 2.499959274792746822e-01 0.000000000000000000e+00 -2.987558560861406365e-01 -1.890687044133818606e-01 2.987492673086488137e-01 1.890683436995155564e-01 -2.499999998770200682e-01 -2.275898477554163231e-06 0.000000000000000000e+00 0.000000000000000000e+00 0.000000000000000000e+00 0.000000000000000000e+00 0.000000000000000000e+00 0.000000000000000000e+00
4.900000000000000355e+00 4.999999997611451752e-01 2.499952279806696709e-01 2.500047722581872356e-01 0.000000000000000000e+00 -1.264199604226817486e-01 -3.301751165738109894e-01 1.264228909016547331e-01 3.301812207225521267e-01 -2.499999998805726709e-01 3.920094643721195621e-07 0.000000000000000000e+00 0.000000000000000000e+00 0.000000000000000000e+00 0.000000000000000000e+00 0.000000000000000000e+00 0.000000000000000000e+00
5.000000000000000000e+00 4.999999998060602469e-01 2.500026846087984311e-01 2.499973155851402673e-01 0.000000000000000000e+00 9.742121324181961250e-02 -3.398682826256825829e-01 -9.742258153517208141e-02 3.398639406640621141e-01 -2.499999999030300957e-01 -1.775710486194288949e-06 0.000000000000000000e+00 0.000000000000000000e+00 0.000000000000000000e+00 0.000000000000000000e+00 0.000000000000000000e+00 0.000000000000000000e+00
5.099999999999999645e+00 4.999999996254885781e-01 2.500071948067301708e-01 2.499928055677824446e-01 0.000000000000000000e+00 2.829574923894486727e-01 -2.119873926590198632e-01 -2.829526094037784767e-01 2.119769410328615766e-01 -2.499999998127443168e-01 -3.844753684912972911e-06 0.000000000000000000e+00 0.000000000000000000e+00 0.000000000000000000e+00 0.000000000000000000e+00 0.000000000000000000e+00 0.000000000000000000e+00
5.200000000000000178e+00 4.999999996865324703e-01 2.500042994742766034e-01 2.499957008391872904e-01 0.000000000000000000e+00 3.535407067258994895e-01 3.334419195497951953e-03 -3.535346210822427615e-01 -3.334935233991038160e-03 -2.499999998432661519e-01 -4.048481293725201317e-07 0.000000000000000000e+00 0.000000000000000000e+00 0.000000000000000000e+00 0.000000000000000000e+00 0.000000000000000000e+00 0.000000000000000000e+00
5.299999999999999822e+00 4.999999997565793830e-01 2.499996225939346006e-01 2.500003776494889585e-01 0.000000000000000000e+00 2.781133148758314078e-01 2.182952018335509448e-01 -2.781143831931553456e-01 -2.182947058852172384e-01 -2.499999998782896637e-01 7.422798308320359830e-07 0.000000000000000000e+00 0.000000000000000000e+00 0.000000000000000000e+00 0.000000000000000000e+00 0.000000000000000000e+00 0.000000000000000000e+00
5.400000000000000355e+00 4.999999997651006223e-01 2.499979445044341886e-01 2.500020557304689639e-01 0.000000000000000000e+00 8.600607269684687473e-02 3.429313745347726816e-01 -8.600540473524047325e-02 -3.429345388387338711e-01 -2.499999998825502556e-01 -1.002710956607926436e-06 0.000000000000000000e+00 0.000000000000000000e+00 0.000000000000000000e+00 0.000000000000000000e+00 0.000000000000000000e+00 0.000000000000000000e+00
5.500000000000000000e+00 4.999999997299957588e-01 2.500037038825669300e-01 2.499962963874328148e-01 0.000000000000000000e+00 -1.433091534447049897e-01 3.232094341418628725e-01 1.433052220902090446e-01 -3.232054476331774340e-01 -2.499999998649979627e-01 1.399054441590460831e-06 0.000000000000000000e+00 0.000000000000000000e+00 0.000000000000000000e+00 0.000000000000000000e+00 0.000000000000000000e+00 0.000000000000000000e+00
5.599999999999999645e+00 4.999999997568634336e-01 2.500003723095857722e-01 2.499996279335501004e-01 0.000000000000000000e+00 -3.124508287865044309e-01 1.654529102664407669e-01 3.124503674147031118e-01 -1.654526573036205761e-01 -2.499999998784317445e-01 -5.381813343432033613e-09 0.000000000000000000e+00 0.000000000000000000e+00 0.000000000000000000e+00 0.000000000000000000e+00 0.000000000000000000e+00 0.000000000000000000e+00
5.700000000000000178e+00 4.999999996623739063e-01 2.499979817776226965e-01 2.500020185600061451e-01 0.000000000000000000e+00 -3.476619987822576197e-01 -6.426604942457919689e-02 3.476649841937792251e-01 6.426560455073621059e-02 -2.499999998311869531e-01 6.933272106823581147e-07 0.000000000000000000e+00 0.000000000000000000e+00 0.000000000000000000e+00 0.000000000000000000e+00 0.000000000000000000e+00 0.000000000000000000e+00
5.799999999999999822e+00 4.999999996649692746e-01 2.500001520795141485e-01 2.499998482555181867e-01 0.000000000000000000e+00 -2.317998511890634883e-01 -2.669623663054667695e-01 2.318007213889721752e-01 2.669613255751971947e-01 -2.499999998324846373e-01 9.469626208529801032e-07 0.000000000000000000e+00 0.000000000000000000e+00 0.000000000000000000e+00 0.000000000000000000e+00 0.000000000000000000e+00 0.000000000000000000e+00
5.900000000000000355e+00 4.999999997277948527e-01 2.499975583108839106e-01 2.500024419613198767e-01 0.000000000000000000e+00 -1.373088134460116218e-02 -3.532849302188784679e-01 1.373273681651901099e-02 3.532883137592564005e-01 -2.499999998638974819e-01 1.218066757866201769e-06 0.000000000000000000e+00 0.000000000000000000e+00 0.000000000000000000e+00 0.000000000000000000e+00 0.000000000000000000e+00 0.000000000000000000e+00
6.000000000000000000e+00 4.999999996969942684e-01 2.499994613661024045e-01 2.500005389369055475e-01 0.000000000000000000e+00 2.112525067402768741e-01 -2.834997509580794994e-01 -2.112562512879787024e-01 2.834979111860594925e-01 -2.499999998484970787e-01 -2.900511746662117242e-06 0.000000000000000000e+00 0.000000000000000000e+00 0.000000000000000000e+00 0.000000000000000000e+00 0.000000000000000000e+00 0.000000000000000000e+00
