1.000000000000000056e-01 -1.705871431232635349e-01 1.304704875607378134e-01 -8.745533361258599481e-01
3.071428571428571619e-01 -4.507859048943903546e-01 3.925053789262409332e-01 -6.686927194894114468e-01
5.142857142857142350e-01 -5.381598408161266667e-01 6.254372170860704738e-01 -3.417812210226378045e-01
7.214285714285714191e-01 -3.930765425355607912e-01 7.996684987636140107e-01 -3.501341967163826979e-02
9.285714285714284921e-01 -7.378221542830618040e-02 8.809081207232958288e-01 1.183877299497002600e-01
1.135714285714285676e+00 2.863351720940445766e-01 8.430101183954035182e-01 5.066420415776695663e-02
1.342857142857142971e+00 5.325488387780149546e-01 6.842436856325958550e-01 -2.104109430311073281e-01
1.550000000000000044e+00 5.520126010544330608e-01 4.383133114447895773e-01 -5.518791454207241376e-01
1.757142857142857117e+00 3.207649250300947941e-01 1.724324541419279821e-01 -8.224481294260951314e-01
1.964285714285714191e+00 -8.467315411740367059e-02 -3.012521608148389235e-02 -8.964334774212525669e-01
2.171428571428571264e+00 -5.161294437410164360e-01 -9.834456475975522638e-02 -7.280154471360562596e-01
2.378571428571428559e+00 -8.118307615197750682e-01 -2.109440470280929403e-03 -3.727810946099858191e-01
2.585714285714285854e+00 -8.605798318955710791e-01 2.313128065985086135e-01 3.306526683830045971e-02
2.792857142857142705e+00 -6.463957293632562884e-01 5.216502822960584762e-01 3.277571915019941717e-01
3.000000000000000000e+00 -2.556445901967945300e-01 7.616882919189468248e-01 3.908741073179529124e-01
