1.000000000000000056e-01 2.166414929445918403e-01 2.159059198793280426e-02 -8.738074946444052138e-01
3.071428571428571619e-01 5.969155486244943631e-01 9.771338025751181988e-02 -6.621041447462753249e-01
5.142857142857142350e-01 7.928978702641078513e-01 2.502924567287924118e-01 -3.256488137118610515e-01
7.214285714285714191e-01 7.546397199298927605e-01 4.749877239642725235e-01 -9.311247649652777680e-03
9.285714285714284921e-01 5.157477478928289560e-01 7.121360768523488094e-01 1.499991789591239022e-01
1.135714285714285676e+00 1.799281315544064008e-01 8.695817430169378026e-01 8.222902049701154292e-02
1.342857142857142971e+00 -1.180078079290087373e-01 8.647311542573081766e-01 -1.848750727691081119e-01
1.550000000000000044e+00 -2.620080082813902589e-01 6.670526834834860086e-01 -5.361425765043860148e-01
1.757142857142857117e+00 -1.969461367845403432e-01 3.210724797783002238e-01 -8.166853294174444278e-01
1.964285714285714191e+00 5.244395321925990339e-02 -6.240469968968089670e-02 -8.972488364816466611e-01
2.171428571428571264e+00 3.925744341573220164e-01 -3.455037587752613493e-01 -7.298182677835136634e-01
2.378571428571428559e+00 6.974112005016412930e-01 -4.180144601209435651e-01 -3.699713787022811951e-01
2.585714285714285854e+00 8.563012663564346649e-01 -2.450098531376892486e-01 4.396155395035335894e-02
2.792857142857142705e+00 8.151344841569745370e-01 1.135672807692139491e-01 3.468341669585107145e-01
3.000000000000000000e+00 5.955483807289891907e-01 5.214008438737819384e-01 4.149308864549054454e-01
