1.000000000000000056e-01 6.460276738739262337e-02 2.476214411920943381e-01 -8.630446206945334708e-01
3.071428571428571619e-01 1.410647672995699875e-01 6.775518715810207038e-01 -5.675919890822480607e-01
5.142857142857142350e-01 8.062785531526453497e-02 8.827969243492461704e-01 -9.406050241499369635e-02
7.214285714285714191e-01 -1.322220469044434188e-01 8.060179004392832303e-01 3.609251204222112541e-01
9.285714285714284921e-01 -4.338566555038493311e-01 4.945168734206725758e-01 6.080956734348598181e-01
1.135714285714285676e+00 -7.060508600325576811e-01 8.042255733968238507e-02 5.441816992550163601e-01
1.342857142857142971e+00 -8.272448865379621319e-01 -2.709828310431248721e-01 1.950953538436175638e-01
1.550000000000000044e+00 -7.279276980563835764e-01 -4.248307369812679424e-01 -2.942233585651112815e-01
1.757142857142857117e+00 -4.258664669056594909e-01 -3.273692467307149911e-01 -7.192650128758228956e-01
1.964285714285714191e+00 -2.496923964101264645e-02 -2.441299071594619369e-02 -9.003341400918892790e-01
2.171428571428571264e+00 3.232405562217049444e-01 3.591246804913031943e-01 -7.571346913851986216e-01
2.378571428571428559e+00 4.804631084425611820e-01 6.699827772019710803e-01 -3.427090396838832764e-01
2.585714285714285854e+00 3.797111912469026129e-01 7.872671409861093927e-01 1.774269085826253312e-01
2.792857142857142705e+00 5.597180687701152485e-02 6.692109717059129270e-01 5.926319031930696868e-01
3.000000000000000000e+00 -3.644152009156461092e-01 3.679020051474618525e-01 7.334714886154436453e-01
