1.000000000000000056e-01 -1.150747433313612095e-01 8.635705253895957501e-02 -8.892695458354690219e-01
3.071428571428571619e-01 -3.148481141763846969e-01 2.679829091989853196e-01 -7.983660799581792089e-01
5.142857142857142350e-01 -4.111115861595884269e-01 4.500994945709200779e-01 -6.576446525574659585e-01
7.214285714285714191e-01 -3.771435124258611382e-01 6.113906245441684817e-01 -5.338624859797420630e-01
9.285714285714284921e-01 -2.349932846533869246e-01 7.126652254906520323e-01 -4.867496087269569949e-01
1.135714285714285676e+00 -4.806743905748406265e-02 7.117434127883266459e-01 -5.406237035690054649e-01
1.342857142857142971e+00 1.015415994803484379e-01 5.858717352460093286e-01 -6.714586287169249657e-01
1.550000000000000044e+00 1.429933427404110335e-01 3.507031076122080759e-01 -8.157073719581505733e-01
1.757142857142857117e+00 4.317992527576894335e-02 6.523161246809150438e-02 -8.975436080755467838e-01
1.964285714285714191e+00 -1.798991001663900191e-01 -1.825090160301631736e-01 -8.630131850820401684e-01
2.171428571428571264e+00 -4.619918805776771498e-01 -3.055780949514508293e-01 -7.061155744026390568e-01
2.378571428571428559e+00 -7.143241125555658266e-01 -2.529395939560070694e-01 -4.749373408898231452e-01
2.585714285714285854e+00 -8.547924767671094548e-01 -3.428390748775750341e-02 -2.542522940904313189e-01
2.792857142857142705e+00 -8.375859075332616754e-01 2.770560139221056040e-01 -1.311421937863476994e-01
3.000000000000000000e+00 -6.705267323781400890e-01 5.667100729783953739e-01 -1.577824414313229728e-01
