1.000000000000000056e-01 6.529171915880589532e-03 2.761551219159539368e-04 -9.995483039022077243e-01
2.000000000000000111e-01 1.296578043276423210e-02 5.724228915679240373e-04 -9.981958053828262623e-01
2.999999999999999889e-01 1.921679916970530505e-02 9.045384201659519225e-04 -9.959502583431075751e-01
4.000000000000000222e-01 2.518865290892780689e-02 1.280011506878402702e-03 -9.928245274149671840e-01
5.000000000000000000e-01 3.078768033873079471e-02 1.693162169834179932e-03 -9.888364721095613818e-01
5.999999999999999778e-01 3.592153872870883918e-02 2.121027454307960764e-03 -9.840087358008707819e-01
6.999999999999999556e-01 4.050229394426237833e-02 2.520053613151012565e-03 -9.783683710732656857e-01
7.999999999999999334e-01 4.445028356076494852e-02 2.821261880499745418e-03 -9.719462710418690365e-01
8.999999999999999112e-01 4.770050780711065225e-02 2.929329865096097236e-03 -9.647763058287116555e-01
9.999999999999998890e-01 5.021035795554971981e-02 2.720981362473849034e-03 -9.568941213881538843e-01
1.099999999999999867e+00 5.196855879375785608e-02 2.045013557818549203e-03 -9.483355779147980558e-01
1.199999999999999956e+00 5.300656169007222224e-02 7.300608391064891938e-04 -9.391347476163243169e-01
1.300000000000000044e+00 5.340861532324669286e-02 -1.410915619919901436e-03 -9.293216203569095724e-01
1.399999999999999911e+00 5.332271824166671254e-02 -4.563988808242694720e-03 -9.189195366284348410e-01
1.500000000000000000e+00 5.296779998640800680e-02 -8.898427052071968685e-03 -9.079426592718367051e-01
1.599999999999999867e+00 5.263715059692871540e-02 -1.454294334780661078e-02 -8.963937403139620175e-01
1.699999999999999956e+00 5.269504368282057483e-02 -2.155596109803066887e-02 -8.842627538198311044e-01
1.800000000000000044e+00 5.356308317885498382e-02 -2.989891669834982696e-02 -8.715267887367529331e-01
1.899999999999999911e+00 5.569651392247540467e-02 -3.940229319011444298e-02 -8.581520471076024004e-01
2.000000000000000000e+00 5.954609784488094915e-02 -4.974334536094773135e-02 -8.440982500867727500e-01
2.099999999999999645e+00 6.550763549223524718e-02 -6.042907909115086823e-02 -8.293261411303296526e-01
2.199999999999999734e+00 7.386125000837602539e-02 -7.079729241335461221e-02 -8.138079061741181341e-01
2.299999999999999822e+00 8.470173606181680137e-02 -8.003993865524150486e-02 -7.975404040306436348e-01
2.399999999999999911e+00 9.787357945924995972e-02 -8.725379984152059620e-02 -7.805596941045581660e-01
2.500000000000000000e+00 1.129137710640116948e-01 -9.151990373050530869e-02 -7.629556280017136816e-01
2.600000000000000089e+00 1.290269161271336562e-01 -9.201656565386072406e-02 -7.448820999047023328e-01
2.699999999999999734e+00 1.450858849465088696e-01 -8.814694472527231928e-02 -7.265631803913110698e-01
2.799999999999999822e+00 1.596980890327806824e-01 -7.968736950404010921e-02 -7.082862624096362136e-01
2.899999999999999911e+00 1.713192833681409510e-01 -6.690746526300633823e-02 -6.903852377322083900e-01
3.000000000000000000e+00 1.784301359252301322e-01 -5.066556994420569338e-02 -6.732076671636899601e-01
