1.000000000000000056e-01 6.115782130923923558e-04 -2.570704124849349653e-04 -9.999997799434001688e-01
2.000000000000000111e-01 1.221477009441725289e-03 -5.139987688912824515e-04 -9.999991218991387543e-01
2.999999999999999889e-01 1.828011853712033404e-03 -7.706702586870122331e-04 -9.999980322179686798e-01
4.000000000000000222e-01 2.429499114996643613e-03 -1.026965151404426449e-03 -9.999965214318753404e-01
5.000000000000000000e-01 3.024249653719288024e-03 -1.282918871298173013e-03 -9.999946040013741877e-01
5.999999999999999778e-01 3.610580793807569976e-03 -1.538841819142145167e-03 -9.999922978057423917e-01
6.999999999999999556e-01 4.186802796910837551e-03 -1.794135373160769950e-03 -9.999896258255875914e-01
7.999999999999999334e-01 4.751227305806782902e-03 -2.050110113790434493e-03 -9.999866113538824486e-01
8.999999999999999112e-01 5.302184443556533233e-03 -2.307274079312199820e-03 -9.999832815222654547e-01
9.999999999999998890e-01 5.837949887909578590e-03 -2.565314510808356079e-03 -9.999796685417536857e-01
1.099999999999999867e+00 6.357059191192363130e-03 -2.825786979564850077e-03 -9.999758010677997078e-01
1.199999999999999956e+00 6.857806155029541433e-03 -3.090041483126237769e-03 -9.999717106653885912e-01
1.300000000000000044e+00 7.338780792321105903e-03 -3.358411950182586640e-03 -9.999674311482323885e-01
1.399999999999999911e+00 7.798624504310458505e-03 -3.634216260330699281e-03 -9.999629862768747435e-01
1.500000000000000000e+00 8.236036437372017474e-03 -3.917808693526342312e-03 -9.999584083727214301e-01
1.599999999999999867e+00 8.649922327498142313e-03 -4.211772891921265055e-03 -9.999537188319024272e-01
1.699999999999999956e+00 9.039483517025671475e-03 -4.518807204051046578e-03 -9.999489327546782214e-01
1.800000000000000044e+00 9.403970831216775308e-03 -4.841497610762429508e-03 -9.999440610460836876e-01
1.899999999999999911e+00 9.743191765117575204e-03 -5.182772110499967236e-03 -9.999391026837021190e-01
2.000000000000000000e+00 1.005727281211478592e-02 -5.546470533687512978e-03 -9.999340417735008701e-01
2.099999999999999645e+00 1.034663415692495259e-02 -5.935584769256200231e-03 -9.999288554439880183e-01
2.199999999999999734e+00 1.061175495357888528e-02 -6.353559973749004983e-03 -9.999235085006504820e-01
2.299999999999999822e+00 1.085436323710604542e-02 -6.806359246009808552e-03 -9.999179247314312624e-01
2.399999999999999911e+00 1.107702296128536962e-02 -7.296027477124100713e-03 -9.999120298638893845e-01
2.500000000000000000e+00 1.128304518039215457e-02 -7.827502954907517713e-03 -9.999057070667312086e-01
2.600000000000000089e+00 1.147423280611854259e-02 -8.405528464947843031e-03 -9.998988393928411877e-01
2.699999999999999734e+00 1.165505059561480761e-02 -9.033667134141972269e-03 -9.998912703902138599e-01
2.799999999999999822e+00 1.183143330674080521e-02 -9.716608864013945301e-03 -9.998827954560518538e-01
2.899999999999999911e+00 1.200916042154946510e-02 -1.045565318579320772e-02 -9.998732216155279406e-01
3.000000000000000000e+00 1.219459509145475601e-02 -1.125584479035566382e-02 -9.998622893636558429e-01
