1.000000000000000056e-01 1.386576713700563099e-03 2.463961993040788461e-04 -9.999987738469149345e-01
2.000000000000000111e-01 2.781056958842599135e-03 5.066219049772594310e-04 -9.999950666209797001e-01
2.999999999999999889e-01 4.190826096568440670e-03 7.951688476906195900e-04 -9.999887923943002743e-01
4.000000000000000222e-01 5.622404908792202199e-03 1.126386669804016125e-03 -9.999798097121718188e-01
5.000000000000000000e-01 7.080765064041645400e-03 1.515687734701374545e-03 -9.999679246130278587e-01
5.999999999999999778e-01 8.568947345693564421e-03 1.978159088730504014e-03 -9.999528968612597657e-01
6.999999999999999556e-01 1.008757512487887947e-02 2.530477255512998073e-03 -9.999344439949180430e-01
7.999999999999999334e-01 1.163414062310440950e-02 3.189529010937001714e-03 -9.999122543077156866e-01
8.999999999999999112e-01 1.320260201911758503e-02 3.971824366694639598e-03 -9.998860016878722279e-01
9.999999999999998890e-01 1.478284957418684632e-02 4.894639450003657709e-03 -9.998553588257591551e-01
1.099999999999999867e+00 1.635965055713938313e-02 5.973491936231525509e-03 -9.998200370126896219e-01
1.199999999999999956e+00 1.791322903110711268e-02 7.223333662067525987e-03 -9.997797930850835790e-01
1.300000000000000044e+00 1.941824445168956539e-02 8.656133931352203575e-03 -9.997344815061692813e-01
1.399999999999999911e+00 2.084377145390883812e-02 1.028003265786762987e-02 -9.996840945319245275e-01
1.500000000000000000e+00 2.215277966915241495e-02 1.209887919659299003e-02 -9.996288131955393119e-01
1.599999999999999867e+00 2.330345630385872308e-02 1.410797288401482996e-02 -9.995690702634936198e-01
1.699999999999999956e+00 2.425006942422941111e-02 1.629668673048038571e-02 -9.995055465680909856e-01
1.800000000000000044e+00 2.494299326644322176e-02 1.864264273161847507e-02 -9.994392966901729514e-01
1.899999999999999911e+00 2.533084948324583127e-02 2.111228642052362728e-02 -9.993717523575739170e-01
2.000000000000000000e+00 2.536404129177132621e-02 2.365781355630735064e-02 -9.993047444016052161e-01
2.099999999999999645e+00 2.499587899823635384e-02 2.621764796243782059e-02 -9.992405167682675282e-01
2.199999999999999734e+00 2.418801699167089786e-02 2.871384021442973181e-02 -9.991816924942567013e-01
2.299999999999999822e+00 2.291194949147937199e-02 3.105216398272368089e-02 -9.991312777866100392e-01
2.399999999999999911e+00 2.115658278549012450e-02 3.312570530279462799e-02 -9.990923861762045499e-01
2.500000000000000000e+00 1.893498750447954876e-02 3.481278809877432628e-02 -9.990681582881715261e-01
2.600000000000000089e+00 1.628130670896862572e-02 3.598542218832481016e-02 -9.990615273402734253e-01
2.699999999999999734e+00 1.326641504721876204e-02 3.650958167754396466e-02 -9.990748605479461419e-01
2.799999999999999822e+00 9.989214072418187498e-03 3.625378921679424382e-02 -9.991097391551698736e-01
2.899999999999999911e+00 6.591871060910404340e-03 3.510313477171913416e-02 -9.991661393759601051e-01
3.000000000000000000e+00 3.256829773095651012e-03 3.295976272600953383e-02 -9.992424446557734985e-01
