0.000000000000000000e+00 9.433103783642863699e-12 8.806788189211296982e-12 -1.000000000000000000e+00
1.025641025641025605e-01 2.455586219501456891e-01 2.100824018209206390e-01 -9.405541603241743820e-01
2.051282051282051211e-01 4.735511616191615536e-01 3.474606949890183816e-01 -7.790519055960597461e-01
3.076923076923077094e-01 6.601908958243706271e-01 3.663942278753512527e-01 -5.583816733805351262e-01
4.102564102564102422e-01 7.768658829919206088e-01 2.628351736815439654e-01 -3.294858818300004377e-01
5.128205128205127750e-01 7.996882113650779500e-01 7.181778376433128885e-02 -1.334744683724106984e-01
6.153846153846154188e-01 7.208821222846037990e-01 -1.487367822510551330e-01 7.941912165333684867e-03
7.179487179487179516e-01 5.547834792834045459e-01 -3.389459623798721788e-01 9.234576502107959273e-02
8.205128205128204844e-01 3.354540819676828378e-01 -4.543643771807272524e-01 1.304483789710331743e-01
9.230769230769230171e-01 1.076359887724176456e-01 -4.756637734147943219e-01 1.387630095058139390e-01
1.025641025641025550e+00 -8.512573028941472497e-02 -4.099367167557737002e-01 1.339990055727681151e-01
1.128205128205128194e+00 -2.115009450908793831e-01 -2.852224673496931984e-01 1.300073844639404452e-01
1.230769230769230838e+00 -2.595503315824273516e-01 -1.403799115045041290e-01 1.366554089486961276e-01
1.333333333333333259e+00 -2.381936588603772997e-01 -1.294592706459977982e-02 1.597871184813552115e-01
1.435897435897435903e+00 -1.722595876088158784e-01 7.157720583104294765e-02 2.016806074964602735e-01
1.538461538461538325e+00 -9.266180752042493807e-02 1.055963107301085974e-01 2.616067171348671061e-01
1.641025641025640969e+00 -2.543498227467230061e-02 9.831334460045457191e-02 3.364611932674377859e-01
1.743589743589743613e+00 1.569339288858853654e-02 6.847901426966319927e-02 4.214665058868017899e-01
1.846153846153846034e+00 3.046445052356078903e-02 3.502039629219781680e-02 5.110014054960996255e-01
1.948717948717948678e+00 2.744547742626399223e-02 1.006434941459235718e-02 5.994642756753992829e-01
2.051282051282051100e+00 1.729410083873705178e-02 -2.874285858108298689e-03 6.820493403837792901e-01
2.153846153846153744e+00 7.687246973116726098e-03 -6.400455100027858599e-03 7.552839168035571094e-01
2.256410256410256387e+00 1.775340440485266135e-03 -5.123179409691232603e-03 8.172386868335166366e-01
2.358974358974359031e+00 -6.139138994551366756e-04 -2.727619277176767353e-03 8.674281459293226026e-01
2.461538461538461675e+00 -9.692630208519006571e-04 -9.623044845543649289e-04 9.064944369189769091e-01
2.564102564102563875e+00 -6.234248975846871585e-04 -1.249643240787307887e-04 9.358012554697863195e-01
2.666666666666666519e+00 -2.574349298214296655e-04 1.086176948755694996e-04 9.570481480161509014e-01
2.769230769230769162e+00 -6.126664390384897458e-05 9.889934802765484802e-05 9.719695722070292865e-01
2.871794871794871806e+00 1.159002478011523173e-06 4.581938996111906311e-05 9.821413323641574600e-01
2.974358974358974450e+00 1.126700208856060942e-05 1.471449438467195744e-05 9.888834169263069906e-01
3.076923076923076650e+00 2.951706699124510345e-06 1.416978550895468046e-06 9.932347821367236707e-01
3.179487179487179294e+00 2.406549974580170954e-06 3.142046873259937723e-06 9.959725888279780115e-01
3.282051282051281937e+00 1.128093167753143090e-06 -6.302541664882434427e-07 9.976535114965389139e-01
3.384615384615384581e+00 7.546970933765854399e-08 -1.239492452719828389e-06 9.986614075360253917e-01
3.487179487179487225e+00 1.546620148790681085e-06 -3.777577017664045462e-06 9.992520308675010288e-01
3.589743589743589425e+00 1.416569476346853576e-06 3.093979350000253044e-06 9.995904774860967512e-01
3.692307692307692069e+00 -2.105719989420404049e-06 2.617103983373297635e-06 9.997802278988546787e-01
3.794871794871794712e+00 1.902593222247055139e-06 1.340200222294257824e-06 9.998843622902034989e-01
3.897435897435897356e+00 -2.002211192524200755e-06 -8.295004121231999581e-07 9.999403263589298207e-01
4.000000000000000000e+00 1.769894743464229405e-06 1.225707956519640345e-06 9.999697904911264423e-01
