1.000000000000000056e-01 7.060907171353357492e-02 2.781981773511648104e-01 -9.579249099320436001e-01
2.000000000000000111e-01 1.268819952304142129e-01 5.340416750489862530e-01 -8.358830352497113036e-01
2.999999999999999889e-01 1.561632426888379110e-01 7.471852604347182236e-01 -6.460086904884491110e-01
4.000000000000000222e-01 1.489762756126859766e-01 9.011140238551983428e-01 -4.071849522848545733e-01
5.000000000000000000e-01 1.001818552204085389e-01 9.846145650916968695e-01 -1.431703672361424873e-01
5.999999999999999778e-01 9.668937273619573891e-03 9.927560458235619167e-01 1.197578606078675001e-01
6.999999999999999556e-01 -1.175014941548828407e-01 9.272953159571116766e-01 3.554107423644300434e-01
7.999999999999999334e-01 -2.715199717370049282e-01 7.964667443527234658e-01 5.402940218600400524e-01
8.999999999999999112e-01 -4.387715550245079865e-01 6.141832891127620986e-01 6.559408585326228502e-01
9.999999999999998890e-01 -6.032237021333716198e-01 3.987172060605473356e-01 6.907573776839880386e-01
1.099999999999999867e+00 -7.480925571489450698e-01 1.710001134411452128e-01 6.411836609453915869e-01
1.199999999999999956e+00 -8.576402785458275835e-01 -4.732332332217431548e-02 5.120680184657953049e-01
1.300000000000000044e+00 -9.189012136705431155e-01 -2.358797864046565107e-01 3.161981749809514297e-01
1.399999999999999911e+00 -9.231556078990637015e-01 -3.774206927563500402e-01 7.305712878575260083e-02
1.500000000000000000e+00 -8.670013951626682758e-01 -4.593740830944522680e-01 -1.930907379070408436e-01
1.599999999999999867e+00 -7.528961415653936395e-01 -4.749433369334054023e-01 -4.556053411257646735e-01
1.699999999999999956e+00 -5.891109812287681491e-01 -4.236655282090017738e-01 -6.880812249689368665e-01
1.800000000000000044e+00 -3.890725754213861798e-01 -3.113641868933936796e-01 -8.669918535647429536e-01
1.899999999999999911e+00 -1.701896384543818419e-01 -1.495360031442315718e-01 -9.739992150269085602e-01
2.000000000000000000e+00 4.778599877687444986e-02 4.580903136456286606e-02 -9.978066099095910246e-01
2.099999999999999645e+00 2.446427208130905195e-01 2.556956981871190138e-01 -9.352912109263121776e-01
2.199999999999999734e+00 4.017071505201944559e-01 4.600179813941275841e-01 -7.918426748611792076e-01
2.299999999999999822e+00 5.037085799776382933e-01 6.394370953123500456e-01 -5.808595937051326263e-01
2.399999999999999911e+00 5.403509207057095587e-01 7.771980890966188049e-01 -3.224655219186127186e-01
2.500000000000000000e+00 5.074315277890241171e-01 8.606899095961203505e-01 -4.154665406793275895e-02
2.600000000000000089e+00 4.073569011349640334e-01 8.825983298495547746e-01 2.346924431424464996e-01
2.699999999999999734e+00 2.490327534128761178e-01 8.415330336466002592e-01 4.793796410161394461e-01
2.799999999999999822e+00 4.710264457528512416e-02 7.421056715656687564e-01 6.686258388845146561e-01
2.899999999999999911e+00 -1.793892568662650566e-01 5.944283700260033498e-01 7.838841795297770698e-01
3.000000000000000000e+00 -4.087807205784440567e-01 4.131009015248282568e-01 8.137849641521621713e-01
