1.000000000000000056e-01 9.999999999999998890e-01 0.000000000000000000e+00 2.686281140520915807e-19 0.000000000000000000e+00 0.000000000000000000e+00 0.000000000000000000e+00 -5.196778547714865784e-11 5.804577185058950474e-11 0.000000000000000000e+00 0.000000000000000000e+00 0.000000000000000000e+00 0.000000000000000000e+00 0.000000000000000000e+00 0.000000000000000000e+00 0.000000000000000000e+00 0.000000000000000000e+00
2.000000000000000111e-01 9.999999999999993339e-01 0.000000000000000000e+00 1.141312910033601034e-18 0.000000000000000000e+00 0.000000000000000000e+00 0.000000000000000000e+00 -5.581199092780511535e-11 9.680991819054987277e-11 0.000000000000000000e+00 0.000000000000000000e+00 0.000000000000000000e+00 0.000000000000000000e+00 0.000000000000000000e+00 0.000000000000000000e+00 0.000000000000000000e+00 0.000000000000000000e+00
2.999999999999999889e-01 9.999999999999986677e-01 0.000000000000000000e+00 2.377771312442266029e-18 0.000000000000000000e+00 0.000000000000000000e+00 0.000000000000000000e+00 -9.519548062513079405e-11 1.497553705365819670e-10 0.000000000000000000e+00 0.000000000000000000e+00 0.000000000000000000e+00 0.000000000000000000e+00 0.000000000000000000e+00 0.000000000000000000e+00 0.000000000000000000e+00 0.000000000000000000e+00
4.000000000000000222e-01 9.999999999999997780e-01 0.000000000000000000e+00 4.626806588365988223e-18 0.000000000000000000e+00 0.000000000000000000e+00 0.000000000000000000e+00 -1.463761160852043043e-10 2.079090445341103663e-10 0.000000000000000000e+00 0.000000000000000000e+00 0.000000000000000000e+00 0.000000000000000000e+00 0.000000000000000000e+00 0.000000000000000000e+00 0.000000000000000000e+00 0.000000000000000000e+00
5.000000000000000000e-01 9.999999999999987788e-01 0.000000000000000000e+00 7.007003085322458879e-18 0.000000000000000000e+00 0.000000000000000000e+00 0.000000000000000000e+00 -1.899216232617604405e-10 2.634026011237544772e-10 0.000000000000000000e+00 0.000000000000000000e+00 0.000000000000000000e+00 0.000000000000000000e+00 0.000000000000000000e+00 0.000000000000000000e+00 0.000000000000000000e+00 0.000000000000000000e+00
5.999999999999999778e-01 1.000000000000000000e+00 0.000000000000000000e+00 1.064236084253188657e-17 0.000000000000000000e+00 0.000000000000000000e+00 0.000000000000000000e+00 -2.240537710375313075e-10 3.155148501365155872e-10 0.000000000000000000e+00 0.000000000000000000e+00 0.000000000000000000e+00 0.000000000000000000e+00 0.000000000000000000e+00 0.000000000000000000e+00 0.000000000000000000e+00 0.000000000000000000e+00
6.999999999999999556e-01 1.000000000000000000e+00 0.000000000000000000e+00 1.236646572955989961e-17 0.000000000000000000e+00 0.000000000000000000e+00 0.000000000000000000e+00 -2.523963603567912204e-10 3.655145006024118066e-10 0.000000000000000000e+00 0.000000000000000000e+00 0.000000000000000000e+00 0.000000000000000000e+00 0.000000000000000000e+00 0.000000000000000000e+00 0.000000000000000000e+00 0.000000000000000000e+00
7.999999999999999334e-01 9.999999999999958922e-01 0.000000000000000000e+00 1.811895127562740063e-17 0.000000000000000000e+00 0.000000000000000000e+00 0.000000000000000000e+00 -2.779327368027580205e-10 4.146208064314385620e-10 0.000000000000000000e+00 0.000000000000000000e+00 0.000000000000000000e+00 0.000000000000000000e+00 0.000000000000000000e+00 0.000000000000000000e+00 0.000000000000000000e+00 0.000000000000000000e+00
8.999999999999999112e-01 1.000000000000000000e+00 0.000000000000000000e+00 2.308086144293608368e-17 0.000000000000000000e+00 0.000000000000000000e+00 0.000000000000000000e+00 -3.021580626583410548e-10 4.639414219879453511e-10 0.000000000000000000e+00 0.000000000000000000e+00 0.000000000000000000e+00 0.000000000000000000e+00 0.000000000000000000e+00 0.000000000000000000e+00 0.000000000000000000e+00 0.000000000000000000e+00
9.999999999999998890e-01 9.999999999999982236e-01 0.000000000000000000e+00 2.748907080558460424e-17 0.000000000000000000e+00 0.000000000000000000e+00 0.000000000000000000e+00 -3.260743204305661761e-10 5.136913519104150123e-10 0.000000000000000000e+00 0.000000000000000000e+00 0.000000000000000000e+00 0.000000000000000000e+00 0.000000000000000000e+00 0.000000000000000000e+00 0.000000000000000000e+00 0.000000000000000000e+00
1.099999999999999867e+00 9.999999999999990008e-01 0.000000000000000000e+00 3.207818080835338376e-17 0.000000000000000000e+00 0.000000000000000000e+00 0.000000000000000000e+00 -3.509480560504162216e-10 5.639522825544424277e-10 0.000000000000000000e+00 0.000000000000000000e+00 0.000000000000000000e+00 0.000000000000000000e+00 0.000000000000000000e+00 0.000000000000000000e+00 0.000000000000000000e+00 0.000000000000000000e+00
1.199999999999999956e+00 1.000000000000000222e+00 0.000000000000000000e+00 3.962526586198730493e-17 0.000000000000000000e+00 0.000000000000000000e+00 0.000000000000000000e+00 -3.753991631959452114e-10 6.154091912446995697e-10 0.000000000000000000e+00 0.000000000000000000e+00 0.000000000000000000e+00 0.000000000000000000e+00 0.000000000000000000e+00 0.000000000000000000e+00 0.000000000000000000e+00 0.000000000000000000e+00
1.300000000000000044e+00 9.999999999999991118e-01 0.000000000000000000e+00 4.698124487564582083e-17 0.000000000000000000e+00 0.000000000000000000e+00 0.000000000000000000e+00 -4.007153720221836180e-10 6.677319656870841287e-10 0.000000000000000000e+00 0.000000000000000000e+00 0.000000000000000000e+00 0.000000000000000000e+00 0.000000000000000000e+00 0.000000000000000000e+00 0.000000000000000000e+00 0.000000000000000000e+00
1.399999999999999911e+00 9.999999999999991118e-01 0.000000000000000000e+00 5.396220158196030241e-17 0.000000000000000000e+00 0.000000000000000000e+00 0.000000000000000000e+00 -4.253360257099284080e-10 7.205715932793798461e-10 0.000000000000000000e+00 0.000000000000000000e+00 0.000000000000000000e+00 0.000000000000000000e+00 0.000000000000000000e+00 0.000000000000000000e+00 0.000000000000000000e+00 0.000000000000000000e+00
1.500000000000000000e+00 9.999999999999983347e-01 0.000000000000000000e+00 6.214156897103543459e-17 0.000000000000000000e+00 0.000000000000000000e+00 0.000000000000000000e+00 -4.493845800223320518e-10 7.744420681121974291e-10 0.000000000000000000e+00 0.000000000000000000e+00 0.000000000000000000e+00 0.000000000000000000e+00 0.000000000000000000e+00 0.000000000000000000e+00 0.000000000000000000e+00 0.000000000000000000e+00
1.599999999999999867e+00 9.999999999999990008e-01 0.000000000000000000e+00 6.741649866758354322e-17 0.000000000000000000e+00 0.000000000000000000e+00 0.000000000000000000e+00 -4.725174821857452363e-10 8.283956620694556097e-10 0.000000000000000000e+00 0.000000000000000000e+00 0.000000000000000000e+00 0.000000000000000000e+00 0.000000000000000000e+00 0.000000000000000000e+00 0.000000000000000000e+00 0.000000000000000000e+00
1.699999999999999956e+00 9.999999999999985567e-01 0.000000000000000000e+00 7.632561811439385130e-17 0.000000000000000000e+00 0.000000000000000000e+00 0.000000000000000000e+00 -4.944243973939334533e-10 8.828370828326235974e-10 0.000000000000000000e+00 0.000000000000000000e+00 0.000000000000000000e+00 0.000000000000000000e+00 0.000000000000000000e+00 0.000000000000000000e+00 0.000000000000000000e+00 0.000000000000000000e+00
1.800000000000000044e+00 1.000000000000000888e+00 0.000000000000000000e+00 8.825095193496832393e-17 0.000000000000000000e+00 0.000000000000000000e+00 0.000000000000000000e+00 -5.143502619243401633e-10 9.379585988773902847e-10 0.000000000000000000e+00 0.000000000000000000e+00 0.000000000000000000e+00 0.000000000000000000e+00 0.000000000000000000e+00 0.000000000000000000e+00 0.000000000000000000e+00 0.000000000000000000e+00
1.899999999999999911e+00 9.999999999999973355e-01 0.000000000000000000e+00 1.025526151202696177e-16 0.000000000000000000e+00 0.000000000000000000e+00 0.000000000000000000e+00 -5.327841742109014198e-10 9.933398448543568999e-10 0.000000000000000000e+00 0.000000000000000000e+00 0.000000000000000000e+00 0.000000000000000000e+00 0.000000000000000000e+00 0.000000000000000000e+00 0.000000000000000000e+00 0.000000000000000000e+00
2.000000000000000000e+00 1.000000000000000666e+00 0.000000000000000000e+00 1.054277637955169934e-16 0.000000000000000000e+00 0.000000000000000000e+00 0.000000000000000000e+00 -5.491686902746755929e-10 1.048235560961922712e-09 0.000000000000000000e+00 0.000000000000000000e+00 0.000000000000000000e+00 0.000000000000000000e+00 0.000000000000000000e+00 0.000000000000000000e+00 0.000000000000000000e+00 0.000000000000000000e+00
2.099999999999999645e+00 9.999999999999990008e-01 0.000000000000000000e+00 1.234898324929806827e-16 0.000000000000000000e+00 0.000000000000000000e+00 0.000000000000000000e+00 -5.631066907880439804e-10 1.103924519726593567e-09 0.000000000000000000e+00 0.000000000000000000e+00 0.000000000000000000e+00 0.000000000000000000e+00 0.000000000000000000e+00 0.000000000000000000e+00 0.000000000000000000e+00 0.000000000000000000e+00
2.199999999999999734e+00 1.000000000000000000e+00 0.000000000000000000e+00 1.299750511671979275e-16 0.000000000000000000e+00 0.000000000000000000e+00 0.000000000000000000e+00 -5.742979991495821835e-10 1.158677918045476658e-09 0.000000000000000000e+00 0.000000000000000000e+00 0.000000000000000000e+00 0.000000000000000000e+00 0.000000000000000000e+00 0.000000000000000000e+00 0.000000000000000000e+00 0.000000000000000000e+00
2.299999999999999822e+00 1.000000000000000000e+00 0.000000000000000000e+00 1.354947533591660784e-16 0.000000000000000000e+00 0.000000000000000000e+00 0.000000000000000000e+00 -5.827702244242278177e-10 1.213573270711500506e-09 0.000000000000000000e+00 0.000000000000000000e+00 0.000000000000000000e+00 0.000000000000000000e+00 0.000000000000000000e+00 0.000000000000000000e+00 0.000000000000000000e+00 0.000000000000000000e+00
2.399999999999999911e+00 1.000000000000000222e+00 0.000000000000000000e+00 1.686574259588115786e-16 0.000000000000000000e+00 0.000000000000000000e+00 0.000000000000000000e+00 -5.884709996174155704e-10 1.268319975820748262e-09 0.000000000000000000e+00 0.000000000000000000e+00 0.000000000000000000e+00 0.000000000000000000e+00 0.000000000000000000e+00 0.000000000000000000e+00 0.000000000000000000e+00 0.000000000000000000e+00
2.500000000000000000e+00 9.999999999999998890e-01 0.000000000000000000e+00 1.670029239570992276e-16 0.000000000000000000e+00 0.000000000000000000e+00 0.000000000000000000e+00 -5.911797259654578466e-10 1.322145255206064842e-09 0.000000000000000000e+00 0.000000000000000000e+00 0.000000000000000000e+00 0.000000000000000000e+00 0.000000000000000000e+00 0.000000000000000000e+00 0.000000000000000000e+00 0.000000000000000000e+00
2.600000000000000089e+00 9.999999999999982236e-01 0.000000000000000000e+00 1.788067487649291031e-16 0.000000000000000000e+00 0.000000000000000000e+00 0.000000000000000000e+00 -5.909106625488740531e-10 1.375570859549127363e-09 0.000000000000000000e+00 0.000000000000000000e+00 0.000000000000000000e+00 0.000000000000000000e+00 0.000000000000000000e+00 0.000000000000000000e+00 0.000000000000000000e+00 0.000000000000000000e+00
2.699999999999999734e+00 1.000000000000000000e+00 0.000000000000000000e+00 2.049946843265951731e-16 0.000000000000000000e+00 0.000000000000000000e+00 0.000000000000000000e+00 -5.870382681801739265e-10 1.428027152707179753e-09 0.000000000000000000e+00 0.000000000000000000e+00 0.000000000000000000e+00 0.000000000000000000e+00 0.000000000000000000e+00 0.000000000000000000e+00 0.000000000000000000e+00 0.000000000000000000e+00
2.799999999999999822e+00 1.000000000000000000e+00 0.000000000000000000e+00 2.340956593936594104e-16 0.000000000000000000e+00 0.000000000000000000e+00 0.000000000000000000e+00 -5.803142889639453407e-10 1.479967385340048203e-09 0.000000000000000000e+00 0.000000000000000000e+00 0.000000000000000000e+00 0.000000000000000000e+00 0.000000000000000000e+00 0.000000000000000000e+00 0.000000000000000000e+00 0.000000000000000000e+00
2.899999999999999911e+00 9.999999999999980016e-01 0.000000000000000000e+00 2.297958354895074865e-16 0.000000000000000000e+00 0.000000000000000000e+00 0.000000000000000000e+00 -5.705126919139016709e-10 1.530417093249030448e-09 0.000000000000000000e+00 0.000000000000000000e+00 0.000000000000000000e+00 0.000000000000000000e+00 0.000000000000000000e+00 0.000000000000000000e+00 0.000000000000000000e+00 0.000000000000000000e+00
3.000000000000000000e+00 9.999999999999998890e-01 0.000000000000000000e+00 2.530639477838112917e-16 0.000000000000000000e+00 0.000000000000000000e+00 0.000000000000000000e+00 -5.566649420823724967e-10 1.580580133539889751e-09 0.000000000000000000e+00 0.000000000000000000e+00 0.000000000000000000e+00 0.000000000000000000e+00 0.000000000000000000e+00 0.000000000000000000e+00 0.000000000000000000e+00 0.000000000000000000e+00
