1.000000000000000056e-01 9.755819411810923159e-01 0.000000000000000000e+00 2.426569027651313826e-02 1.523685423927593704e-04 0.000000000000000000e+00 0.000000000000000000e+00 -1.294490775232586325e-04 1.538608217462104077e-01 0.000000000000000000e+00 0.000000000000000000e+00 0.000000000000000000e+00 0.000000000000000000e+00 -1.086875653804358259e-03 1.586199602901602716e-03 -1.005177585507459510e-02 -6.899985602936282471e-03
2.000000000000000111e-01 9.053292856795364107e-01 0.000000000000000000e+00 9.229472940075390819e-02 2.375984919707585952e-03 0.000000000000000000e+00 0.000000000000000000e+00 -9.797841956264243847e-04 2.890608265805387767e-01 0.000000000000000000e+00 0.000000000000000000e+00 0.000000000000000000e+00 0.000000000000000000e+00 -8.393925224021839271e-03 1.219970919969566581e-02 -3.811955257810728526e-02 -2.641871384763240169e-02
2.999999999999999889e-01 7.977349284940902230e-01 0.000000000000000000e+00 1.907425419396518995e-01 1.152252956625715238e-02 0.000000000000000000e+00 0.000000000000000000e+00 -3.005276192425182860e-03 3.900678868689395618e-01 0.000000000000000000e+00 0.000000000000000000e+00 0.000000000000000000e+00 0.000000000000000000e+00 -2.669815065734686826e-02 3.853628589541285149e-02 -7.838593393399732878e-02 -5.520479744756884993e-02
4.000000000000000222e-01 6.653521410356136867e-01 0.000000000000000000e+00 3.003646461907653609e-01 3.428321277362184755e-02 0.000000000000000000e+00 0.000000000000000000e+00 -6.209853704613484300e-03 4.470007809547364985e-01 0.000000000000000000e+00 0.000000000000000000e+00 0.000000000000000000e+00 0.000000000000000000e+00 -5.816708672614210457e-02 8.315079733984059862e-02 -1.225419260260387083e-01 -8.828298475778779963e-02
5.000000000000000000e-01 5.227179174202474243e-01 0.000000000000000000e+00 3.998625278724305954e-01 7.741955470732456157e-02 0.000000000000000000e+00 0.000000000000000000e+00 -1.011544821706256668e-02 4.570700006944062310e-01 0.000000000000000000e+00 0.000000000000000000e+00 0.000000000000000000e+00 0.000000000000000000e+00 -1.016971453067084946e-01 1.435787919189396855e-01 -1.615476365338864850e-01 -1.198788952939855712e-01
5.999999999999999778e-01 3.840471226372185742e-01 0.000000000000000000e+00 4.700956971384739891e-01 1.458571802243065485e-01 0.000000000000000000e+00 0.000000000000000000e+00 -1.388749789027199713e-02 4.246716817088665996e-01 0.000000000000000000e+00 0.000000000000000000e+00 0.000000000000000000e+00 0.000000000000000000e+00 -1.528848826624604473e-01 2.125865599629988001e-01 -1.875284202343040496e-01 -1.443922504380194816e-01
6.999999999999999556e-01 2.611137848502274039e-01 0.000000000000000000e+00 4.978156947421887302e-01 2.410705204075836439e-01 0.000000000000000000e+00 0.000000000000000000e+00 -1.658741592520796351e-02 3.601546860315437137e-01 0.000000000000000000e+00 0.000000000000000000e+00 0.000000000000000000e+00 0.000000000000000000e+00 -2.046503756371892968e-01 2.795119180233185952e-01 -1.953994363892943287e-01 -1.573718407031840238e-01
7.999999999999999334e-01 1.617387655887403686e-01 0.000000000000000000e+00 4.781549599641059523e-01 3.601062744471531518e-01 0.000000000000000000e+00 0.000000000000000000e+00 -1.747781051020793480e-02 2.775440850071699272e-01 0.000000000000000000e+00 0.000000000000000000e+00 0.000000000000000000e+00 0.000000000000000000e+00 -2.483952606208589542e-01 3.323949394046883943e-01 -1.838584797432700202e-01 -1.563304312436413490e-01
8.999999999999999112e-01 8.909820860998422798e-02 0.000000000000000000e+00 4.154050740428237853e-01 4.954967173471923059e-01 0.000000000000000000e+00 0.000000000000000000e+00 -1.628008226650186699e-02 1.916945666627800360e-01 0.000000000000000000e+00 0.000000000000000000e+00 0.000000000000000000e+00 0.000000000000000000e+00 -2.755024672333007407e-01 3.604583763645832217e-01 -1.555414545624113631e-01 -1.412611972357737389e-01
9.999999999999998890e-01 4.196852412684018430e-02 0.000000000000000000e+00 3.219570671732424616e-01 6.360744086999168267e-01 0.000000000000000000e+00 0.000000000000000000e+00 -1.329018042804631233e-02 1.154791498537053873e-01 0.000000000000000000e+00 0.000000000000000000e+00 0.000000000000000000e+00 0.000000000000000000e+00 -2.788814256122400526e-01 3.563899571620819939e-01 -1.163174492212546290e-01 -1.147403816952711625e-01
1.099999999999999867e+00 1.576243150500726206e-02 0.000000000000000000e+00 2.156678320601792542e-01 7.685697364348106353e-01 0.000000000000000000e+00 0.000000000000000000e+00 -9.308719797027659171e-03 5.755690395136051768e-02 0.000000000000000000e+00 0.000000000000000000e+00 0.000000000000000000e+00 0.000000000000000000e+00 -2.543025338716830008e-01 3.179402301414927523e-01 -7.387482947182803794e-02 -8.159067073612015497e-02
1.199999999999999956e+00 4.100715114169393993e-03 0.000000000000000000e+00 1.162533603114364184e-01 8.796459245743930566e-01 0.000000000000000000e+00 0.000000000000000000e+00 -5.370077292169853425e-03 2.116327448948943091e-02 0.000000000000000000e+00 0.000000000000000000e+00 0.000000000000000000e+00 0.000000000000000000e+00 -2.012487910234664334e-01 2.485170389786925949e-01 -3.594487731562696214e-02 -4.811593507783056001e-02
1.300000000000000044e+00 5.372512456762539544e-04 0.000000000000000000e+00 4.143395706504483106e-02 9.580287916892794575e-01 0.000000000000000000e+00 0.000000000000000000e+00 -2.340490978959339132e-03 4.096650941448274665e-03 0.000000000000000000e+00 0.000000000000000000e+00 0.000000000000000000e+00 0.000000000000000000e+00 -1.231437012569044503e-01 1.566223246658873525e-01 -8.529484570845475427e-03 -2.102261000175235928e-02
1.399999999999999911e+00 6.816238098185992665e-05 0.000000000000000000e+00 3.688091519187496926e-03 9.962437460998270211e-01 0.000000000000000000e+00 0.000000000000000000e+00 -4.846457188157919020e-04 -1.284824655367568973e-04 0.000000000000000000e+00 0.000000000000000000e+00 0.000000000000000000e+00 0.000000000000000000e+00 -2.690773834367436029e-02 5.431585099501676228e-02 5.428104647339560863e-03 -6.200165631452229584e-03
1.500000000000000000e+00 1.024308999713628211e-04 0.000000000000000000e+00 8.188989606375016855e-03 9.917085794936549847e-01 0.000000000000000000e+00 0.000000000000000000e+00 8.677745124518473170e-04 -2.928701455544226065e-04 0.000000000000000000e+00 0.000000000000000000e+00 0.000000000000000000e+00 0.000000000000000000e+00 7.807568784778615156e-02 -4.500309257965908610e-02 6.664074646005341100e-03 -7.561196008084933827e-03
1.599999999999999867e+00 7.234000783511466623e-04 0.000000000000000000e+00 5.232667320966780111e-02 9.469499267119825259e-01 0.000000000000000000e+00 0.000000000000000000e+00 3.438833947962014956e-03 -5.101719108967139350e-03 0.000000000000000000e+00 0.000000000000000000e+00 0.000000000000000000e+00 0.000000000000000000e+00 1.814198065057411324e-01 -1.289867953369802922e-01 -6.532385221616945209e-04 -2.616480112446671613e-02
1.699999999999999956e+00 4.230009399672916143e-03 0.000000000000000000e+00 1.268101608251658574e-01 8.689598297751597311e-01 0.000000000000000000e+00 0.000000000000000000e+00 9.828169585342591552e-03 -2.097177243161597177e-02 0.000000000000000000e+00 0.000000000000000000e+00 0.000000000000000000e+00 0.000000000000000000e+00 2.732940875316139384e-01 -1.884231347330299899e-01 -9.980165871797112842e-03 -5.980053772070655083e-02
1.800000000000000044e+00 1.411302463369531329e-02 0.000000000000000000e+00 2.180413036608272737e-01 7.678456717054781278e-01 0.000000000000000000e+00 0.000000000000000000e+00 2.304648923668654176e-02 -5.045871180080030438e-02 0.000000000000000000e+00 0.000000000000000000e+00 0.000000000000000000e+00 0.000000000000000000e+00 3.459063292104337939e-01 -2.185655116597069458e-01 -1.401848011033705182e-02 -1.031508939363370431e-01
1.899999999999999911e+00 3.374136614678196339e-02 0.000000000000000000e+00 3.111603459256722104e-01 6.550982879275475401e-01 0.000000000000000000e+00 0.000000000000000000e+00 4.582529898243450223e-02 -9.164615152968202949e-02 0.000000000000000000e+00 0.000000000000000000e+00 0.000000000000000000e+00 0.000000000000000000e+00 3.945329331395305283e-01 -2.195093956040252425e-01 -6.548397855993752514e-03 -1.485295577470058526e-01
2.000000000000000000e+00 6.509563288957741223e-02 0.000000000000000000e+00 3.931057292183954277e-01 5.417986378920260915e-01 0.000000000000000000e+00 0.000000000000000000e+00 7.985242730586705751e-02 -1.386111680632856058e-01 0.000000000000000000e+00 0.000000000000000000e+00 0.000000000000000000e+00 0.000000000000000000e+00 4.180247968592704089e-01 -1.955490176203139585e-01 1.596266944028109855e-02 -1.871200631583463114e-01
2.099999999999999645e+00 1.078504828279819722e-01 0.000000000000000000e+00 4.549804500511825944e-01 4.371690671208370293e-01 0.000000000000000000e+00 0.000000000000000000e+00 1.250973659796106585e-01 -1.828127733331648963e-01 0.000000000000000000e+00 0.000000000000000000e+00 0.000000000000000000e+00 0.000000000000000000e+00 4.186456015752347271e-01 -1.537505754432544058e-01 5.332952828496157621e-02 -2.104871877340732667e-01
2.199999999999999734e+00 1.590360131582211067e-01 0.000000000000000000e+00 4.933077737726414558e-01 3.476562130691387420e-01 0.000000000000000000e+00 0.000000000000000000e+00 1.794172220212273405e-01 -2.150887303729148159e-01 0.000000000000000000e+00 0.000000000000000000e+00 0.000000000000000000e+00 0.000000000000000000e+00 4.013460206093537042e-01 -1.020925289332747093e-01 1.014568149488255522e-01 -2.121234846562849718e-01
2.299999999999999822e+00 2.133511183342826356e-01 0.000000000000000000e+00 5.099421389035447838e-01 2.767067427621718312e-01 0.000000000000000000e+00 0.000000000000000000e+00 2.385599976422096424e-01 -2.277846637470410940e-01 0.000000000000000000e+00 0.000000000000000000e+00 0.000000000000000000e+00 0.000000000000000000e+00 3.726061619958535021e-01 -4.763482419664864798e-02 1.530339162025923239e-01 -1.887228484439316678e-01
2.399999999999999911e+00 2.640505818211197897e-01 0.000000000000000000e+00 5.107685308997963469e-01 2.251808872790868610e-01 0.000000000000000000e+00 0.000000000000000000e+00 2.966151560700926448e-01 -2.165367795523956140e-01 0.000000000000000000e+00 0.000000000000000000e+00 0.000000000000000000e+00 0.000000000000000000e+00 3.391041549320036319e-01 4.866531441452096561e-03 1.989887956574581396e-01 -1.409347490496133948e-01
2.500000000000000000e+00 3.042208313928601027e-01 0.000000000000000000e+00 5.035799457152648761e-01 1.921992228918751877e-01 0.000000000000000000e+00 0.000000000000000000e+00 3.468727586230496707e-01 -1.813251196820439282e-01 0.000000000000000000e+00 0.000000000000000000e+00 0.000000000000000000e+00 0.000000000000000000e+00 3.064554197708977967e-01 5.359804150078793100e-02 2.303898498311766074e-01 -7.342700148045086528e-02
2.600000000000000089e+00 3.281154348765388806e-01 0.000000000000000000e+00 4.956866929724375592e-01 1.761978721510227275e-01 0.000000000000000000e+00 0.000000000000000000e+00 3.829143047675079292e-01 -1.265665442978389787e-01 0.000000000000000000e+00 0.000000000000000000e+00 0.000000000000000000e+00 0.000000000000000000e+00 2.782937550361366807e-01 9.945615369396083871e-02 2.403745816985207173e-01 5.770792411879533367e-03
2.699999999999999734e+00 3.322962839408408198e-01 0.000000000000000000e+00 4.918547399317216851e-01 1.758489761274367180e-01 0.000000000000000000e+00 0.000000000000000000e+00 3.997647461372767497e-01 -6.024657875314377159e-02 0.000000000000000000e+00 0.000000000000000000e+00 0.000000000000000000e+00 0.000000000000000000e+00 2.558264315934855593e-01 1.450689126405189100e-01 2.256973152698116269e-01 8.657183972037206521e-02
2.799999999999999822e+00 3.162924711854119275e-01 0.000000000000000000e+00 4.930638458607428665e-01 1.906436829538468714e-01 0.000000000000000000e+00 0.000000000000000000e+00 3.948330739180762605e-01 7.695843816332845894e-03 0.000000000000000000e+00 0.000000000000000000e+00 0.000000000000000000e+00 0.000000000000000000e+00 2.379579138111153624e-01 1.933275426622752258e-01 1.875331903613463580e-01 1.585259098464870120e-01
2.899999999999999911e+00 2.826442709772998274e-01 0.000000000000000000e+00 4.963642661324212391e-01 2.209914628902826528e-01 0.000000000000000000e+00 0.000000000000000000e+00 3.684500371817234221e-01 6.737274199523904383e-02 0.000000000000000000e+00 0.000000000000000000e+00 0.000000000000000000e+00 0.000000000000000000e+00 2.219205407741538794e-01 2.458526770886097501e-01 1.313609120403665953e-01 2.126176891339133512e-01
3.000000000000000000e+00 2.363630981097619155e-01 0.000000000000000000e+00 4.958257384763196662e-01 2.678111634139189734e-01 0.000000000000000000e+00 0.000000000000000000e+00 3.238822697393463623e-01 1.108836475848953979e-01 0.000000000000000000e+00 0.000000000000000000e+00 0.000000000000000000e+00 0.000000000000000000e+00 2.042417664038357616e-01 3.017829825583689396e-01 6.592535805056191911e-02 2.428055262015880178e-01
3.099999999999999645e+00 1.839003715852114140e-01 0.000000000000000000e+00 4.843270148357556315e-01 3.317726135790323716e-01 0.000000000000000000e+00 0.000000000000000000e+00 2.667885308722420801e-01 1.337602254181229355e-01 0.000000000000000000e+00 0.000000000000000000e+00 0.000000000000000000e+00 0.000000000000000000e+00 1.818557122248217195e-01 3.572323322691715042e-01 1.514557803520822071e-03 2.470036699212938003e-01
3.199999999999999734e+00 1.318901367012653147e-01 0.000000000000000000e+00 4.557153995101270727e-01 4.123944637886067799e-01 0.000000000000000000e+00 0.000000000000000000e+00 2.042232023059051549e-01 1.356364631033291634e-01 0.000000000000000000e+00 0.000000000000000000e+00 0.000000000000000000e+00 0.000000000000000000e+00 1.530777795516750639e-01 4.055880928457872847e-01 -5.211695717065630007e-02 2.273204458878523848e-01
3.299999999999999822e+00 8.594486108168233884e-02 0.000000000000000000e+00 4.068001755956929255e-01 5.072549633226227650e-01 0.000000000000000000e+00 0.000000000000000000e+00 1.433963316813963718e-01 1.199994866352778189e-01 0.000000000000000000e+00 0.000000000000000000e+00 0.000000000000000000e+00 0.000000000000000000e+00 1.182519727140221577e-01 4.385976274466305003e-01 -8.769561342035568641e-02 1.894873002710766863e-01
3.399999999999999911e+00 4.974861650915405470e-02 0.000000000000000000e+00 3.386713417287477434e-01 6.115800417620991247e-01 0.000000000000000000e+00 0.000000000000000000e+00 9.042487699907460208e-02 9.312235207419743144e-02 0.000000000000000000e+00 0.000000000000000000e+00 0.000000000000000000e+00 0.000000000000000000e+00 7.991124403456734138e-02 4.480388666539238951e-01 -1.018582455113464930e-01 1.415985844549055295e-01
3.500000000000000000e+00 2.464796272290242785e-02 0.000000000000000000e+00 2.570185513544488431e-01 7.183334859226493396e-01 0.000000000000000000e+00 0.000000000000000000e+00 4.935737480939751676e-02 6.244063899028157866e-02 0.000000000000000000e+00 0.000000000000000000e+00 0.000000000000000000e+00 0.000000000000000000e+00 4.242551509934272547e-02 4.275805267375838992e-01 -9.573001345286270836e-02 9.241873314679248386e-02
3.599999999999999645e+00 9.790362560794761693e-03 0.000000000000000000e+00 1.713533742813032612e-01 8.188562631579022755e-01 0.000000000000000000e+00 0.000000000000000000e+00 2.166092078929273898e-02 3.476228223444293580e-02 0.000000000000000000e+00 0.000000000000000000e+00 0.000000000000000000e+00 0.000000000000000000e+00 1.119773537064970570e-02 3.744174054223987080e-01 -7.454215872387875974e-02 4.960208645589734427e-02
3.699999999999999734e+00 2.743745630210382268e-03 0.000000000000000000e+00 9.329814474964338855e-02 9.039581096201461108e-01 0.000000000000000000e+00 0.000000000000000000e+00 6.275744225792154705e-03 1.471738586405641619e-02 0.000000000000000000e+00 0.000000000000000000e+00 0.000000000000000000e+00 0.000000000000000000e+00 -8.403430614821317049e-03 2.902877821399571512e-01 -4.635692689084307261e-02 1.820074246153681810e-02
3.799999999999999822e+00 4.222880140442351144e-04 0.000000000000000000e+00 3.432470952644312706e-02 9.652530024595129543e-01 0.000000000000000000e+00 0.000000000000000000e+00 2.109397968432922448e-04 3.801370864536514523e-03 0.000000000000000000e+00 0.000000000000000000e+00 0.000000000000000000e+00 0.000000000000000000e+00 -1.216455737705839091e-02 1.816151213176064871e-01 -2.018815233220110777e-02 -2.310904728845045966e-04
3.899999999999999911e+00 7.556170314629897513e-05 0.000000000000000000e+00 3.465185133076593982e-03 9.964592531637765926e-01 0.000000000000000000e+00 0.000000000000000000e+00 -4.641519455084711543e-04 2.154041012047859115e-04 0.000000000000000000e+00 0.000000000000000000e+00 0.000000000000000000e+00 0.000000000000000000e+00 2.060763241448355845e-03 5.872536598645337891e-02 -3.926553525637000233e-03 -7.737991576336538009e-03
3.999999999999999556e+00 9.265653534009285464e-05 0.000000000000000000e+00 5.493612027469689865e-03 9.944137314371864766e-01 0.000000000000000000e+00 0.000000000000000000e+00 5.262368319370289453e-04 -4.817617462041457127e-04 0.000000000000000000e+00 0.000000000000000000e+00 0.000000000000000000e+00 0.000000000000000000e+00 3.380989235496784789e-02 -6.572529383916290990e-02 -2.525084222114368487e-03 -9.260823100449419240e-03
