1.000000000000000056e-01 9.756048911117938260e-01 0.000000000000000000e+00 2.423918000581375826e-02 1.559288823912521361e-04 0.000000000000000000e+00 0.000000000000000000e+00 -4.133842114338537538e-04 1.537780598641154128e-01 0.000000000000000000e+00 0.000000000000000000e+00 0.000000000000000000e+00 0.000000000000000000e+00 -1.114613098026858958e-03 1.592867195427213238e-03 -1.008644945580337675e-02 -7.098487082375370960e-03
2.000000000000000111e-01 9.056695129608425265e-01 0.000000000000000000e+00 9.191305238124169996e-02 2.417434657915528036e-03 0.000000000000000000e+00 0.000000000000000000e+00 -3.108836698638550895e-03 2.885016196367852781e-01 0.000000000000000000e+00 0.000000000000000000e+00 0.000000000000000000e+00 0.000000000000000000e+00 -8.640668168546777883e-03 1.214630200245743821e-02 -3.783320525275438162e-02 -2.753262534438604206e-02
2.999999999999999889e-01 7.992856617947957654e-01 0.000000000000000000e+00 1.891009997435768308e-01 1.161333846162573846e-02 0.000000000000000000e+00 0.000000000000000000e+00 -9.465118502084837043e-03 3.886594000721699804e-01 0.000000000000000000e+00 0.000000000000000000e+00 0.000000000000000000e+00 0.000000000000000000e+00 -2.765936046912940635e-02 3.782927031202373142e-02 -7.636608162465852168e-02 -5.874177814803894365e-02
4.000000000000000222e-01 6.695822515721071566e-01 0.000000000000000000e+00 2.963007917365206856e-01 3.411695669137120718e-02 0.000000000000000000e+00 0.000000000000000000e+00 -1.937348217806145537e-02 4.449971005231442289e-01 0.000000000000000000e+00 0.000000000000000000e+00 0.000000000000000000e+00 0.000000000000000000e+00 -6.081991446182096611e-02 8.006134701067253723e-02 -1.162628474797887251e-01 -9.657669999304663300e-02
5.000000000000000000e-01 5.312304190638333923e-01 0.000000000000000000e+00 3.929054242068933944e-01 7.586415672927146470e-02 0.000000000000000000e+00 0.000000000000000000e+00 -3.124106747573352980e-02 4.557930548608735144e-01 0.000000000000000000e+00 0.000000000000000000e+00 0.000000000000000000e+00 0.000000000000000000e+00 -1.076733268972194513e-01 1.349588579987277548e-01 -1.479986707001747226e-01 -1.356382734752892005e-01
5.999999999999999778e-01 3.978819393772037860e-01 0.000000000000000000e+00 4.616577293854869923e-01 1.404603312373092217e-01 0.000000000000000000e+00 0.000000000000000000e+00 -4.251588533064531994e-02 4.264711856614254448e-01 0.000000000000000000e+00 0.000000000000000000e+00 0.000000000000000000e+00 0.000000000000000000e+00 -1.645800620407411319e-01 1.943141805724844240e-01 -1.643471496461978987e-01 -1.699312902782852408e-01
6.999999999999999556e-01 2.801102217692589269e-01 0.000000000000000000e+00 4.919756087372973985e-01 2.279141694934435081e-01 0.000000000000000000e+00 0.000000000000000000e+00 -5.055177992804777559e-02 3.677661137401165847e-01 0.000000000000000000e+00 0.000000000000000000e+00 0.000000000000000000e+00 0.000000000000000000e+00 -2.252426709861520271e-01 2.477780285810925187e-01 -1.620770283982374271e-01 -1.938353049186332389e-01
7.999999999999999334e-01 1.842735188043581329e-01 0.000000000000000000e+00 4.814160615633402696e-01 3.343104196323037902e-01 0.000000000000000000e+00 0.000000000000000000e+00 -5.348092989833078126e-02 2.930051566389270667e-01 0.000000000000000000e+00 0.000000000000000000e+00 0.000000000000000000e+00 0.000000000000000000e+00 -2.817787711718321986e-01 2.855575768231672362e-01 -1.424963919886306773e-01 -2.032223798769987877e-01
8.999999999999999112e-01 1.123802603782582815e-01 0.000000000000000000e+00 4.351423980105425526e-01 4.524773416112007896e-01 0.000000000000000000e+00 0.000000000000000000e+00 -5.078209151478647182e-02 2.152268458452862021e-01 0.000000000000000000e+00 0.000000000000000000e+00 0.000000000000000000e+00 0.000000000000000000e+00 -3.261552048654232094e-01 3.008568726628714773e-01 -1.107445114766585775e-01 -1.964310939103826315e-01
9.999999999999998890e-01 6.283650740536843304e-02 0.000000000000000000e+00 3.637734993575064690e-01 5.733899932371268049e-01 0.000000000000000000e+00 0.000000000000000000e+00 -4.335573899690754740e-02 1.448396910059027987e-01 0.000000000000000000e+00 0.000000000000000000e+00 0.000000000000000000e+00 0.000000000000000000e+00 -3.516676788214410099e-01 2.913999450710605954e-01 -7.411058243496482234e-02 -1.747496670877615177e-01
1.099999999999999867e+00 3.170908595142181430e-02 0.000000000000000000e+00 2.803922752239043636e-01 6.878986388246711714e-01 0.000000000000000000e+00 0.000000000000000000e+00 -3.313450719612547057e-02 8.827846387793145122e-02 0.000000000000000000e+00 0.000000000000000000e+00 0.000000000000000000e+00 0.000000000000000000e+00 -3.541655988450867487e-01 2.597078995500989307e-01 -3.991376660984414376e-02 -1.421953877410080391e-01
1.199999999999999956e+00 1.410723353772389173e-02 0.000000000000000000e+00 1.975715902181745531e-01 7.883211762441012516e-01 0.000000000000000000e+00 0.000000000000000000e+00 -2.240480349945705996e-02 4.780390507772555586e-02 0.000000000000000000e+00 0.000000000000000000e+00 0.000000000000000000e+00 0.000000000000000000e+00 -3.327543192890999868e-01 2.121896119733740205e-01 -1.360619167268988655e-02 -1.045748653635137082e-01
1.300000000000000044e+00 5.332768018113985022e-03 0.000000000000000000e+00 1.251077991918343457e-01 8.695594327900504350e-01 0.000000000000000000e+00 0.000000000000000000e+00 -1.310838182668558512e-02 2.225626202992210187e-02 0.000000000000000000e+00 0.000000000000000000e+00 0.000000000000000000e+00 0.000000000000000000e+00 -2.898356554719212497e-01 1.574292212313967432e-01 2.361886513525128777e-03 -6.805571440695531993e-02
1.399999999999999911e+00 1.608168768872637096e-03 0.000000000000000000e+00 6.885739349425065714e-02 9.295344377368784938e-01 0.000000000000000000e+00 0.000000000000000000e+00 -6.369854152193977354e-03 8.376112952157736130e-03 0.000000000000000000e+00 0.000000000000000000e+00 0.000000000000000000e+00 0.000000000000000000e+00 -2.305286295572423205e-01 1.042202933069716342e-01 8.647913619609180064e-03 -3.768370799519231429e-02
1.500000000000000000e+00 3.430421115358951029e-04 0.000000000000000000e+00 3.066220414246961790e-02 9.689947537459933091e-01 0.000000000000000000e+00 0.000000000000000000e+00 -2.372147523340646658e-03 2.211638174938035557e-03 0.000000000000000000e+00 0.000000000000000000e+00 0.000000000000000000e+00 0.000000000000000000e+00 -1.616449544628938972e-01 5.985335124365229187e-02 8.188312436900000227e-03 -1.628979855402177060e-02
1.599999999999999867e+00 4.047788444675816025e-05 0.000000000000000000e+00 9.115476544542214232e-03 9.908440455710129102e-01 0.000000000000000000e+00 0.000000000000000000e+00 -5.599362632761700981e-04 2.354709880804197776e-04 0.000000000000000000e+00 0.000000000000000000e+00 0.000000000000000000e+00 0.000000000000000000e+00 -9.049055127556157596e-02 2.904265523708288513e-02 4.808331696352730576e-03 -4.121554439401065376e-03
1.699999999999999956e+00 3.842222174199980669e-06 0.000000000000000000e+00 7.499052778777837549e-04 9.992462524999482509e-01 0.000000000000000000e+00 0.000000000000000000e+00 -3.326293911131375259e-05 -4.212933456931297138e-05 0.000000000000000000e+00 0.000000000000000000e+00 0.000000000000000000e+00 0.000000000000000000e+00 -2.378190454128700781e-02 1.355585026778435842e-02 1.816436156175692002e-03 7.347707389910329047e-04
1.800000000000000044e+00 2.911613125267763914e-06 0.000000000000000000e+00 1.257682553696464313e-03 9.987394058331786617e-01 0.000000000000000000e+00 0.000000000000000000e+00 5.159155221006696057e-05 3.162586651402799376e-05 0.000000000000000000e+00 0.000000000000000000e+00 0.000000000000000000e+00 0.000000000000000000e+00 3.315987980466599677e-02 1.251077603278851272e-02 1.045659174563271171e-03 1.347049525262260239e-03
1.899999999999999911e+00 7.442510332410146162e-06 0.000000000000000000e+00 6.474549189149605283e-03 9.935180083005152873e-01 0.000000000000000000e+00 0.000000000000000000e+00 2.194905672771553453e-04 -3.287207385011925009e-06 0.000000000000000000e+00 0.000000000000000000e+00 0.000000000000000000e+00 0.000000000000000000e+00 7.682302377230906809e-02 2.303918937750761009e-02 2.616037525324950517e-03 7.420363318734098925e-04
2.000000000000000000e+00 3.016070446675144933e-05 0.000000000000000000e+00 1.300066148877725321e-02 9.869691778067533061e-01 0.000000000000000000e+00 0.000000000000000000e+00 6.142700989626269240e-04 -1.215789401032790307e-04 0.000000000000000000e+00 0.000000000000000000e+00 0.000000000000000000e+00 0.000000000000000000e+00 1.055520801599033193e-01 4.110973790044401832e-02 5.371693505667293062e-03 9.553031809373076829e-04
2.099999999999999645e+00 6.766786065251281378e-05 0.000000000000000000e+00 1.847833021396555822e-02 9.814540019253853442e-01 0.000000000000000000e+00 0.000000000000000000e+00 1.105135070937336879e-03 -1.704866099970031254e-04 0.000000000000000000e+00 0.000000000000000000e+00 0.000000000000000000e+00 0.000000000000000000e+00 1.193980038657647957e-01 6.228762194715160849e-02 7.715531180088153890e-03 2.623639472804860460e-03
2.199999999999999734e+00 1.002418901776830221e-04 0.000000000000000000e+00 2.160017395025137094e-02 9.782995841595709674e-01 0.000000000000000000e+00 0.000000000000000000e+00 1.469508461410458464e-03 -7.607668753333712841e-05 0.000000000000000000e+00 0.000000000000000000e+00 0.000000000000000000e+00 0.000000000000000000e+00 1.197961689692084719e-01 8.234269276159786322e-02 8.440018013475870245e-03 5.180032210488520923e-03
2.299999999999999822e+00 1.104568655875708453e-04 0.000000000000000000e+00 2.196514516221881319e-02 9.779243979721911062e-01 0.000000000000000000e+00 0.000000000000000000e+00 1.553511855208517759e-03 1.131484223273347196e-04 0.000000000000000000e+00 0.000000000000000000e+00 0.000000000000000000e+00 0.000000000000000000e+00 1.092406765728360374e-01 9.770734856032178839e-02 7.222864327707386248e-03 7.473201330930923786e-03
2.399999999999999911e+00 9.536474684318781516e-05 0.000000000000000000e+00 1.985570953520462284e-02 9.800489257179526570e-01 0.000000000000000000e+00 0.000000000000000000e+00 1.345789604842728216e-03 2.870284791214660703e-04 0.000000000000000000e+00 0.000000000000000000e+00 0.000000000000000000e+00 0.000000000000000000e+00 9.095331893455059491e-02 1.057689017428192907e-01 4.635711938076916318e-03 8.483650012896566325e-03
2.500000000000000000e+00 6.533529301458111508e-05 0.000000000000000000e+00 1.599668518618915444e-02 9.839379795207970902e-01 0.000000000000000000e+00 0.000000000000000000e+00 9.574293063721829242e-04 3.584378252492378394e-04 0.000000000000000000e+00 0.000000000000000000e+00 0.000000000000000000e+00 0.000000000000000000e+00 6.855583756872116186e-02 1.050706581968235132e-01 1.748867136306774765e-03 7.824792969617883065e-03
2.600000000000000089e+00 3.483378038622907743e-05 0.000000000000000000e+00 1.132367662434292412e-02 9.886414895952688742e-01 0.000000000000000000e+00 0.000000000000000000e+00 5.450932141279646748e-04 3.119617509687052747e-04 0.000000000000000000e+00 0.000000000000000000e+00 0.000000000000000000e+00 0.000000000000000000e+00 4.571926723119036640e-02 9.541910244344108116e-02 -4.279396033823172109e-04 5.852779829715435908e-03
2.699999999999999734e+00 1.357573290463568915e-05 0.000000000000000000e+00 6.772424654405278209e-03 9.932139996126921888e-01 0.000000000000000000e+00 0.000000000000000000e+00 2.304789952825944839e-04 1.970283431903742833e-04 0.000000000000000000e+00 0.000000000000000000e+00 0.000000000000000000e+00 0.000000000000000000e+00 2.578777860661145629e-02 7.785536228356701449e-02 -1.387416797130862009e-03 3.399810066194869102e-03
2.799999999999999822e+00 3.335294160279699232e-06 0.000000000000000000e+00 3.106133562727116711e-03 9.968905311431137672e-01 0.000000000000000000e+00 0.000000000000000000e+00 5.763795733669063812e-05 8.389141861443027016e-05 0.000000000000000000e+00 0.000000000000000000e+00 0.000000000000000000e+00 0.000000000000000000e+00 1.141846026313506242e-02 5.446185748835713492e-02 -1.259040424132911416e-03 1.318998993892722725e-03
2.899999999999999911e+00 3.962114951121133296e-07 0.000000000000000000e+00 8.071924598796669870e-04 9.991924113286266840e-01 0.000000000000000000e+00 0.000000000000000000e+00 -8.434650550973585000e-08 1.788345737863501821e-05 0.000000000000000000e+00 0.000000000000000000e+00 0.000000000000000000e+00 0.000000000000000000e+00 4.281664239237242993e-03 2.807504010553068044e-02 -6.224593777081166394e-04 9.192832902431882216e-05
3.000000000000000000e+00 1.242589484633046795e-07 0.000000000000000000e+00 2.720872641055608723e-05 9.999726670146442675e-01 0.000000000000000000e+00 0.000000000000000000e+00 -1.245429494317728643e-06 -1.353020822316091883e-06 0.000000000000000000e+00 0.000000000000000000e+00 0.000000000000000000e+00 0.000000000000000000e+00 4.880435040925700137e-03 1.841001634615759995e-03 -1.318202754209527765e-04 -3.269380058107894372e-04
3.099999999999999645e+00 1.703596909834402037e-07 0.000000000000000000e+00 6.093618274018077624e-04 9.993904678129077457e-01 0.000000000000000000e+00 0.000000000000000000e+00 5.985310545105099561e-06 -8.245510401140148391e-06 0.000000000000000000e+00 0.000000000000000000e+00 0.000000000000000000e+00 0.000000000000000000e+00 1.255861972629463905e-02 -2.124315162779289237e-02 -1.640930227658344675e-04 -3.785916825880359608e-04
3.199999999999999734e+00 7.876228249280536419e-07 0.000000000000000000e+00 2.163382786444686002e-03 9.978358295907310271e-01 0.000000000000000000e+00 0.000000000000000000e+00 5.766700481810631428e-06 -4.087393983383200158e-05 0.000000000000000000e+00 0.000000000000000000e+00 0.000000000000000000e+00 0.000000000000000000e+00 2.563311579420966130e-02 -3.875105380113816333e-02 -6.638158726070163751e-04 -5.875948043935177089e-04
3.299999999999999822e+00 3.108988298329436857e-06 0.000000000000000000e+00 4.175074494425466687e-03 9.958218165172763037e-01 0.000000000000000000e+00 0.000000000000000000e+00 9.830189055621056548e-06 -1.135061674166417008e-04 0.000000000000000000e+00 0.000000000000000000e+00 0.000000000000000000e+00 0.000000000000000000e+00 4.173074933874280912e-02 -4.915460130766215879e-02 -1.238091756362124382e-03 -1.250251910789631831e-03
3.399999999999999911e+00 7.291348288868779469e-06 0.000000000000000000e+00 6.121296386170919056e-03 9.938714122655388783e-01 0.000000000000000000e+00 0.000000000000000000e+00 3.621705376629821263e-05 -2.081365567362211037e-04 0.000000000000000000e+00 0.000000000000000000e+00 0.000000000000000000e+00 0.000000000000000000e+00 5.815618692531321354e-02 -5.197729632151967816e-02 -1.423247930078986147e-03 -2.284955425952246103e-03
3.500000000000000000e+00 1.194180439179632034e-05 0.000000000000000000e+00 7.566948017766335702e-03 9.924211101778422917e-01 0.000000000000000000e+00 0.000000000000000000e+00 8.892598558414688118e-05 -2.871501934560660675e-04 0.000000000000000000e+00 0.000000000000000000e+00 0.000000000000000000e+00 0.000000000000000000e+00 7.229157289706052147e-02 -4.778626782836586928e-02 -9.638282799531687354e-04 -3.304896660530459197e-03
3.599999999999999645e+00 1.498308954682503015e-05 0.000000000000000000e+00 8.235905053360539907e-03 9.917491118570941344e-01 0.000000000000000000e+00 0.000000000000000000e+00 1.515179035989360108e-04 -3.169253591608084267e-04 0.000000000000000000e+00 0.000000000000000000e+00 0.000000000000000000e+00 0.000000000000000000e+00 8.196276201675417594e-02 -3.807961578318503487e-02 4.254950313015868561e-05 -3.854564013212212568e-03
3.699999999999999734e+00 1.502716408234790336e-05 0.000000000000000000e+00 8.037013202574227327e-03 9.919479596333478089e-01 0.000000000000000000e+00 0.000000000000000000e+00 1.967312633968288271e-04 -2.864792149431198004e-04 0.000000000000000000e+00 0.000000000000000000e+00 0.000000000000000000e+00 0.000000000000000000e+00 8.571874887707024715e-02 -2.499189682594109285e-02 1.207400869227708874e-03 -3.667198553246500247e-03
3.799999999999999822e+00 1.220390434056971799e-05 0.000000000000000000e+00 7.058557373979735226e-03 9.929292387216803739e-01 0.000000000000000000e+00 0.000000000000000000e+00 2.034084748654744177e-04 -2.115821284671232864e-04 0.000000000000000000e+00 0.000000000000000000e+00 0.000000000000000000e+00 0.000000000000000000e+00 8.299189963435397999e-02 -1.099966376432218000e-02 2.061884093876061811e-03 -2.804684930889349975e-03
3.899999999999999911e+00 7.934225044531133695e-06 0.000000000000000000e+00 5.530783778809550758e-03 9.944612819961428096e-01 0.000000000000000000e+00 0.000000000000000000e+00 1.690873125947212692e-04 -1.236609365637868023e-04 0.000000000000000000e+00 0.000000000000000000e+00 0.000000000000000000e+00 0.000000000000000000e+00 7.414899385667952925e-02 1.441164404457489839e-03 2.299108552482008287e-03 -1.613814134692300589e-03
3.999999999999999556e+00 3.962904245420226428e-06 0.000000000000000000e+00 3.769078226071325213e-03 9.962269588696834877e-01 0.000000000000000000e+00 0.000000000000000000e+00 1.105095966528903926e-04 -5.219361812500032856e-05 0.000000000000000000e+00 0.000000000000000000e+00 0.000000000000000000e+00 0.000000000000000000e+00 6.041795201710351698e-02 1.022391711036835411e-02 1.913039120454274435e-03 -5.368913880090521408e-04
