1.000000000000000056e-01 1.866592389558894560e-01 -2.413704542994877245e-01 -9.497449601985092915e-01
2.000000000000000111e-01 3.672500253062014330e-01 -4.433316201993399153e-01 -8.066243948279124831e-01
2.999999999999999889e-01 5.330599131310862493e-01 -5.745599440391725432e-01 -5.917424077074880939e-01
4.000000000000000222e-01 6.717807977935849051e-01 -6.180538399843311659e-01 -3.347652888447910646e-01
5.000000000000000000e-01 7.690840849240625499e-01 -5.740674494830411145e-01 -6.750441777886354022e-02
5.999999999999999778e-01 8.122823497541271642e-01 -4.590888377590047753e-01 1.821356325360455330e-01
6.999999999999999556e-01 7.945971945686797211e-01 -3.012237375879786017e-01 3.943239946385795336e-01
7.999999999999999334e-01 7.182559386391618172e-01 -1.333053401359336476e-01 5.588762317171980243e-01
8.999999999999999112e-01 5.951723634318077938e-01 1.440110309781528382e-02 6.744524672052262249e-01
9.999999999999998890e-01 4.449699870399003165e-01 1.201281571990707175e-01 7.462143348350102068e-01
1.099999999999999867e+00 2.910117603269949393e-01 1.740341446272733184e-01 7.829646816965167844e-01
1.199999999999999956e+00 1.555211695947970596e-01 1.788041491949313444e-01 7.945846233885052179e-01
1.300000000000000044e+00 5.485358061577148142e-02 1.476398462448416382e-01 7.901885557169758822e-01
1.399999999999999911e+00 -4.143028791321969745e-03 1.000593438749008968e-01 7.770630596083445418e-01
1.500000000000000000e+00 -2.567822544739436011e-02 5.607747950197814607e-02 7.602677204370030806e-01
1.599999999999999867e+00 -2.345294921716477646e-02 2.990436251008317392e-02 7.427405271440701284e-01
1.699999999999999956e+00 -1.552978233807619964e-02 2.516929915178782104e-02 7.257817455946884433e-01
1.800000000000000044e+00 -1.678539557203369975e-02 3.413877936559531895e-02 7.097708709034273866e-01
1.899999999999999911e+00 -3.209507078456315388e-02 4.236446934862300728e-02 6.948922633758567446e-01
2.000000000000000000e+00 -5.429001006814015290e-02 3.740034205385777549e-02 6.815868481842779492e-01
2.099999999999999645e+00 -6.916951192175654906e-02 1.705825304107992310e-02 6.705297217171503066e-01
2.199999999999999734e+00 -6.560164850150480842e-02 -8.381426502522446378e-03 6.621936834221058277e-01
2.299999999999999822e+00 -4.451029755307195357e-02 -2.261903135651713997e-02 6.563612046661325694e-01
2.399999999999999911e+00 -1.992103399816715081e-02 -1.514576081243815611e-02 6.520529516640209966e-01
2.500000000000000000e+00 -9.966574822232742575e-03 9.796446050331681851e-03 6.480782222706439333e-01
2.600000000000000089e+00 -2.337299057637707081e-02 3.466844833819283239e-02 6.439006668964734059e-01
2.699999999999999734e+00 -5.168284878920526709e-02 4.092866506762765644e-02 6.401362784477900858e-01
2.799999999999999822e+00 -7.445489270490990297e-02 2.362596949514505010e-02 6.381541688277455604e-01
2.899999999999999911e+00 -7.484763245814443633e-02 -3.596452071267156221e-03 6.389398706250845050e-01
3.000000000000000000e+00 -5.368476026674450646e-02 -1.850638794460866821e-02 6.420948316480087348e-01
