1.000000000000000056e-01 2.829948199759206307e-01 -5.684772486621274268e-02 -9.571205796999910920e-01
2.000000000000000111e-01 5.294119089678368528e-01 -1.397462728957514222e-01 -8.345898047892346128e-01
2.999999999999999889e-01 7.060546463679346907e-01 -2.636949252698487234e-01 -6.487495736858990281e-01
4.000000000000000222e-01 7.866687388212073584e-01 -4.255670828118943705e-01 -4.215322058138804562e-01
5.000000000000000000e-01 7.561899759498770246e-01 -6.028491066635737194e-01 -1.757580874929866588e-01
5.999999999999999778e-01 6.158670552737759429e-01 -7.582668756758959017e-01 6.796808503924017808e-02
6.999999999999999556e-01 3.877883375488922479e-01 -8.497474669028539651e-01 2.930294084548461520e-01
7.999999999999999334e-01 1.152406953418131930e-01 -8.441942100809034510e-01 4.877083234028565806e-01
8.999999999999999112e-01 -1.445960818791778013e-01 -7.311423922746242976e-01 6.458404573661665760e-01
9.999999999999998890e-01 -3.358035977159704033e-01 -5.303489014041876670e-01 7.665617429649598247e-01
1.099999999999999867e+00 -4.217723462950370705e-01 -2.881169561109082622e-01 8.533044372842853997e-01
1.199999999999999956e+00 -3.979181062566484739e-01 -6.226534588686348515e-02 9.120753344255000394e-01
1.300000000000000044e+00 -2.923631499351100338e-01 9.846987013860211690e-02 9.497100649408930506e-01
1.399999999999999911e+00 -1.535376282251889046e-01 1.712278675743825473e-01 9.725375887143710152e-01
1.500000000000000000e+00 -3.029462772189580808e-02 1.643330967085781524e-01 9.856766225090018985e-01
1.599999999999999867e+00 4.601883068147955003e-02 1.091378423336613612e-01 9.928637335099804728e-01
1.699999999999999956e+00 6.949112584053036834e-02 4.341292519860730920e-02 9.966044480468718714e-01
1.800000000000000044e+00 5.513638716500693371e-02 -4.771674010485151864e-03 9.984570554805382026e-01
1.899999999999999911e+00 2.640234402744122064e-02 -2.520585795647062657e-02 9.993305610294680452e-01
2.000000000000000000e+00 2.382498417331041507e-03 -2.338586597204725046e-02 9.997228686717392065e-01
2.099999999999999645e+00 -8.792492053939181956e-03 -1.188480116338295166e-02 9.998905162460486329e-01
2.199999999999999734e+00 -8.956734265639310077e-03 -1.479852490734525315e-03 9.999587468041821747e-01
2.299999999999999822e+00 -4.371553990325522353e-03 3.250817006130306362e-03 9.999851509458732579e-01
2.399999999999999911e+00 -3.023404126303950307e-04 3.178687539151614332e-03 9.999949003286093818e-01
2.500000000000000000e+00 1.281304561830276349e-03 1.307176978017391203e-03 9.999983244214002420e-01
2.600000000000000089e+00 1.023014184603016075e-03 -1.128568092738982658e-04 9.999994702912914368e-01
2.699999999999999734e+00 2.787521576524368988e-04 -4.873836806320716781e-04 9.999998423715573681e-01
2.799999999999999822e+00 -1.354859693036847019e-04 -2.673409931071902591e-04 9.999999550906171208e-01
2.899999999999999911e+00 -1.579373046068389139e-04 -1.395543892139971176e-05 9.999999874350981033e-01
3.000000000000000000e+00 -4.989876543149949654e-05 6.790010531462659115e-05 9.999999964555628118e-01
