1.000000000000000056e-01 8.747024428692734555e-02 2.265265683771937877e-01 -9.698003150660093885e-01
2.000000000000000111e-01 1.760927351249842454e-01 4.333917566970318380e-01 -8.822734738138459099e-01
2.999999999999999889e-01 2.659497332934124825e-01 6.040721699614909346e-01 -7.459139472898722589e-01
4.000000000000000222e-01 3.553787586560391842e-01 7.273004549209024505e-01 -5.728414636033789531e-01
5.000000000000000000e-01 4.408893004288434447e-01 7.978006876337092601e-01 -3.766911234263652375e-01
5.999999999999999778e-01 5.176201635029179515e-01 8.158959258936743231e-01 -1.708380562369670452e-01
6.999999999999999556e-01 5.801683391218589447e-01 7.865165683049822887e-01 3.277675698591787923e-02
7.999999999999999334e-01 6.235620152193094290e-01 7.180624572521338012e-01 2.243118486076410567e-01
8.999999999999999112e-01 6.442327121294817438e-01 6.212310904840318004e-01 3.964371526265980106e-01
9.999999999999998890e-01 6.407206997951466754e-01 5.078016181894016157e-01 5.445490219816828681e-01
1.099999999999999867e+00 6.140335657696265326e-01 3.893469082729799080e-01 6.667256592113466329e-01
1.199999999999999956e+00 5.674751065079309820e-01 2.759986769986763622e-01 7.634680775478336345e-01
1.300000000000000044e+00 5.061110528192569458e-01 1.755025885191241752e-01 8.370840635833416421e-01
1.399999999999999911e+00 4.358979851029244346e-01 9.267661891384514072e-02 8.910138562644812632e-01
1.500000000000000000e+00 3.627834367664221626e-01 2.944136226759727290e-02 9.291176771080209562e-01
1.599999999999999867e+00 2.919408640529022048e-01 -1.473068736237524018e-02 9.551331021702688107e-01
1.699999999999999956e+00 2.272701232039159303e-01 -4.214739562802520545e-02 9.723315765623044005e-01
1.800000000000000044e+00 1.712292006584014703e-01 -5.607268514093896594e-02 9.833583857248369142e-01
1.899999999999999911e+00 1.248684968557432495e-01 -6.008275050241013160e-02 9.902292931764153927e-01
2.000000000000000000e+00 8.813917640442917034e-02 -5.751468311421306656e-02 9.943940893390167401e-01
2.099999999999999645e+00 6.019630828742084799e-02 -5.115270330704555640e-02 9.968539054733088767e-01
2.199999999999999734e+00 3.973637745948715300e-02 -4.311332018607386130e-02 9.982715225984540863e-01
2.299999999999999822e+00 2.530753024136983206e-02 -3.484130568915123904e-02 9.990693904929272007e-01
2.399999999999999911e+00 1.550598250783385111e-02 -2.720772713665078196e-02 9.995084843558335042e-01
2.500000000000000000e+00 9.096085168763130488e-03 -2.064824061985670589e-02 9.997450718615797927e-01
2.600000000000000089e+00 5.061684315519947297e-03 -1.530447563194677410e-02 9.998699547095022400e-01
2.699999999999999734e+00 2.628836128869449680e-03 -1.112133584823530100e-02 9.999346655315858312e-01
2.799999999999999822e+00 1.227064745605399403e-03 -7.945559539704712820e-03 9.999676703499799091e-01
2.899999999999999911e+00 4.666992378488487962e-04 -5.600496648220832860e-03 9.999842052555985017e-01
3.000000000000000000e+00 9.120663753679324887e-05 -3.906938778850018758e-03 9.999923629195942576e-01
