0.000000000000000000e+00 7.924567991975590837e-12 9.604616389998436697e-12 -1.000000000000000000e+00
1.025641025641025605e-01 2.100600097227892094e-01 2.352001083102381040e-01 -9.488190782884285968e-01
2.051282051282051211e-01 4.178617870087030228e-01 4.229616821798816706e-01 -8.031219766643484803e-01
3.076923076923077094e-01 6.154600804243572920e-01 5.266163064677111816e-01 -5.838514019417094802e-01
4.102564102564102422e-01 7.849710114090464597e-01 5.260945422810250349e-01 -3.204998553264310490e-01
5.128205128205127750e-01 9.017678402903824830e-01 4.240329308643942530e-01 -4.459358584425102134e-02
6.153846153846154188e-01 9.422423410612359440e-01 2.457846002496477666e-01 2.163274160970712068e-01
7.179487179487179516e-01 8.935557533572991984e-01 3.361470548389305923e-02 4.426723824255783257e-01
8.205128205128204844e-01 7.610328027691604103e-01 -1.642839389356791358e-01 6.243423013423655688e-01
9.230769230769230171e-01 5.693377676447941571e-01 -3.070522153341024296e-01 7.598583574939663521e-01
1.025641025641025550e+00 3.563478792688012931e-01 -3.722144009354199090e-01 8.539322226596951504e-01
1.128205128205128194e+00 1.617818511214286215e-01 -3.603250196953726725e-01 9.146551086418438503e-01
1.230769230769230838e+00 1.550938551172265090e-02 -2.916779823826874396e-01 9.509129130125908436e-01
1.333333333333333259e+00 -6.984001865211982019e-02 -1.967552847183844100e-01 9.707154496468265448e-01
1.435897435897435903e+00 -9.933507136032888873e-02 -1.047966388832745760e-01 9.803775173196489501e-01
1.538461538461538325e+00 -9.001341413711279327e-02 -3.523639059085997144e-02 9.843668196295782824e-01
1.641025641025640969e+00 -6.240715017362385292e-02 5.363980719475400227e-03 9.855682502127343092e-01
1.743589743589743613e+00 -3.319750310933022863e-02 2.094879193275827819e-02 9.856884069856368669e-01
1.846153846153846034e+00 -1.168671990514690527e-02 2.071110704819164455e-02 9.856394064723018600e-01
1.948717948717948678e+00 -4.908591760321816266e-05 1.390532433839903811e-02 9.858448782471385119e-01
2.051282051282051100e+00 3.899731431239832936e-03 6.793351401762905487e-03 9.864443818017364363e-01
2.153846153846153744e+00 3.706199776186724134e-03 2.076473164962809159e-03 9.874244336692030721e-01
2.256410256410256387e+00 2.209075635985546793e-03 -9.180625283985673936e-05 9.886973043767798286e-01
2.358974358974359031e+00 9.033842109489128745e-04 -6.297139300227346664e-04 9.901476429025910519e-01
2.461538461538461675e+00 1.997295330567184471e-04 -4.865521389945356751e-04 9.916605081604846772e-01
2.564102564102563875e+00 -4.575187438746875076e-05 -2.298533463312205343e-04 9.931373795304210272e-01
2.666666666666666519e+00 -7.373261698182793737e-05 -7.072840004784355689e-05 9.945039850541582682e-01
2.769230769230769162e+00 -4.164245298964143547e-05 -4.619953991734466813e-06 9.957123987561801171e-01
2.871794871794871806e+00 -1.449576382502601804e-05 1.288199575185312313e-05 9.967390651999672446e-01
2.974358974358974450e+00 -4.203863985853314340e-06 7.147330029743355833e-06 9.975803995705506688e-01
3.076923076923076650e+00 2.604626710835798035e-07 -2.114700610344791266e-06 9.982473488577248144e-01
3.179487179487179294e+00 3.416961436619341955e-06 1.245210317898327148e-06 9.987599298050579000e-01
3.282051282051281937e+00 2.143745879597472896e-06 9.600687789120979496e-07 9.991425295406115570e-01
3.384615384615384581e+00 -1.165272587911929719e-06 -4.391317642490065986e-07 9.994202828482589007e-01
3.487179487179487225e+00 -3.003867042753973706e-09 2.257548797892580840e-07 9.996166260307037810e-01
3.589743589743589425e+00 2.639835107574753457e-08 2.304144901579611757e-06 9.997519124339444563e-01
3.692307692307692069e+00 2.156106525957366872e-06 7.501983580254495353e-07 9.998428480130772122e-01
3.794871794871794712e+00 2.460869136841600371e-06 -4.333662735585535385e-07 9.999025207647475044e-01
3.897435897435897356e+00 2.871970800993161957e-06 -7.762611643515839256e-07 9.999407734200956854e-01
4.000000000000000000e+00 9.624607604570874147e-07 -4.846294250758732918e-08 9.999647417042827335e-01
