0.000000000000000000e+00 -7.913561595796894341e-12 9.644876519239045703e-12 -1.000000000000000000e+00
1.025641025641025605e-01 -2.097901304924810195e-01 2.363871793456881198e-01 -9.487044119877326986e-01
2.051282051282051211e-01 -4.174943519918977719e-01 4.252339167363093919e-01 -8.026716890826297579e-01
3.076923076923077094e-01 -6.152654651235067718e-01 5.292874835964930247e-01 -5.830346656331284461e-01
4.102564102564102422e-01 -7.851490720333133000e-01 5.286914529348596403e-01 -3.193555044144584798e-01
5.128205128205127750e-01 -9.023771703486622719e-01 4.261155017752727980e-01 -4.321564525553867053e-02
6.153846153846154188e-01 -9.431514563117140426e-01 2.470093603626130341e-01 2.178039111686399243e-01
7.179487179487179516e-01 -8.944842944884056068e-01 3.386053618307535706e-02 4.441837714899224410e-01
8.205128205128204844e-01 -7.616766697237699058e-01 -1.648753713101984708e-01 6.259333270874331001e-01
9.230769230769230171e-01 -5.695188426931644399e-01 -3.081584301706671303e-01 7.617126134381391189e-01
1.025641025641025550e+00 -3.560505093460027970e-01 -3.734467096103999961e-01 8.563994490549088345e-01
1.128205128205128194e+00 -1.611549354152059521e-01 -3.613937341600291231e-01 9.181504364260386630e-01
1.230769230769230838e+00 -1.477932808593022951e-02 -2.924580531161238839e-01 9.558404564468058195e-01
1.333333333333333259e+00 7.051627703290296034e-02 -1.972673730832381067e-01 9.773820428682142847e-01
1.435897435897435903e+00 9.988712309644920406e-02 -1.051302458815583374e-01 9.889176299238823242e-01
1.538461538461538325e+00 9.046715501274854576e-02 -3.546853336999167272e-02 9.947099923164364199e-01
1.641025641025640969e+00 6.279451445098577222e-02 5.212416214877522991e-03 9.974494745109900862e-01
1.743589743589743613e+00 3.354356848774616567e-02 2.088352278189908873e-02 9.986847561660517902e-01
1.846153846153846034e+00 1.196813226287906338e-02 2.073435311288598926e-02 9.992332373370136356e-01
1.948717948717948678e+00 2.508038645131632771e-04 1.399853538238403187e-02 9.994902401520773250e-01
2.051282051282051100e+00 -3.793747461084896050e-03 6.910855314854467621e-03 9.996302340866320968e-01
2.153846153846153744e+00 -3.673082727510383790e-03 2.175168863556903396e-03 9.997225951340635852e-01
2.256410256410256387e+00 -2.219435434296809090e-03 -2.361904099634792344e-05 9.997922431216232919e-01
2.358974358974359031e+00 -9.340555133064154265e-04 -5.994271412071465943e-04 9.998472797612111274e-01
2.461538461538461675e+00 -2.199595970521116208e-04 -4.778324567561781019e-04 9.998905291410679075e-01
2.564102564102563875e+00 3.774461719588186894e-05 -2.363553642503672507e-04 9.999236067490133717e-01
2.666666666666666519e+00 7.042335701622440421e-05 -7.546839253663557780e-05 9.999480964700913077e-01
2.769230769230769162e+00 3.943262258146412291e-05 -7.562155731719074882e-06 9.999656410571589049e-01
2.871794871794871806e+00 1.523455812607726946e-05 6.784236168103258507e-06 9.999778200567944753e-01
2.974358974358974450e+00 4.401145702051902863e-06 1.058460900111408029e-05 9.999860259027469889e-01
3.076923076923076650e+00 3.792075879879547087e-06 3.858464213149560692e-06 9.999914006712551373e-01
3.179487179487179294e+00 3.374239136928307777e-07 -1.290538365118328715e-06 9.999948275725760727e-01
3.282051282051281937e+00 -1.525441344044084344e-06 -8.510460117424033312e-07 9.999969570346073366e-01
3.384615384615384581e+00 -2.784774211170367704e-06 -1.566600454579155090e-06 9.999982480073400515e-01
3.487179487179487225e+00 -4.889018258411420063e-06 3.250967150372973526e-06 9.999990122465333142e-01
3.589743589743589425e+00 -3.004700635493947349e-06 8.837982737269239879e-07 9.999994544184037659e-01
3.692307692307692069e+00 -3.311341556430089380e-06 1.933588410210872341e-06 9.999997046093851427e-01
3.794871794871794712e+00 -3.222331570890184624e-08 2.044298252744647489e-06 9.999998431647173502e-01
3.897435897435897356e+00 -2.632909675325916118e-06 -2.239471114900340482e-06 9.999999182986498703e-01
4.000000000000000000e+00 -2.383494493089898105e-06 -1.804978109654757080e-06 9.999999582277139254e-01
