1.000000000000000056e-01 9.916483498965007748e-02 2.979087689839622355e-01 -9.443274765703540963e-01
2.000000000000000111e-01 2.077250990483068271e-01 5.461312693074690250e-01 -7.885313715681980806e-01
3.000000000000000444e-01 3.270259392785216379e-01 7.054026904751651283e-01 -5.629959030762322625e-01
4.000000000000000222e-01 4.464653596499674193e-01 7.551486874445619835e-01 -3.087010755327119771e-01
5.000000000000000000e-01 5.458216107155612340e-01 6.976114451452147813e-01 -6.657481879251994639e-02
5.999999999999999778e-01 6.027857615916885070e-01 5.564843650525151952e-01 1.315922015194861128e-01
7.000000000000000666e-01 6.021445074021439803e-01 3.700638596548824211e-01 2.681246211849856453e-01
8.000000000000000444e-01 5.423549236822521324e-01 1.807239866752496371e-01 3.397080649032392929e-01
9.000000000000000222e-01 4.366420238422988875e-01 2.397163971231788815e-02 3.540292436469911763e-01
1.000000000000000000e+00 3.084200258803739270e-01 -7.942424198978834116e-02 3.248219761347538870e-01
1.100000000000000089e+00 1.833735187920318699e-01 -1.259165716046830585e-01 2.672024480891609932e-01
1.200000000000000178e+00 8.170568214440389332e-02 -1.261427858009026293e-01 1.944547249623380103e-01
1.300000000000000266e+00 1.350530266851701286e-02 -9.832913238645107912e-02 1.165230184894347071e-01
1.400000000000000133e+00 -2.162097948239152453e-02 -6.104283537295080581e-02 3.987359202888496323e-02
1.500000000000000222e+00 -3.145899892023662492e-02 -2.792346325957641151e-02 -3.186913708636240211e-02
1.600000000000000089e+00 -2.662428625624629550e-02 -5.628888743316029682e-03 -9.704310973761863524e-02
1.700000000000000178e+00 -1.656679544752640010e-02 5.300742286894788956e-03 -1.551558243610062504e-01
1.800000000000000266e+00 -7.382928040899482992e-03 7.930958281280278688e-03 -2.063149700354607319e-01
1.900000000000000133e+00 -1.574375614785909934e-03 6.281609701866988638e-03 -2.508808929577522884e-01
2.000000000000000000e+00 9.226799795372555950e-04 3.531214111290124219e-03 -2.892824503671043712e-01
2.100000000000000089e+00 1.310779583947616154e-03 1.373607215440845715e-03 -3.219330457560664605e-01
2.200000000000000178e+00 8.494806760463866286e-04 2.447688665761137356e-04 -3.491981753847469006e-01
2.300000000000000266e+00 3.304234812499080246e-04 -1.080583604660227681e-04 -3.713848326038267089e-01
2.400000000000000355e+00 3.908708237754784443e-05 -9.724652880020170313e-05 -3.887402064149738101e-01
2.500000000000000444e+00 -3.874535064811423910e-05 -1.358234063361288919e-05 -4.014538460006395471e-01
2.600000000000000089e+00 -1.841468613432891893e-05 2.257490694422477993e-05 -4.096617678071065582e-01
2.700000000000000178e+00 7.218962632724711029e-06 3.042828671875238549e-06 -4.134518797617022789e-01
2.800000000000000266e+00 1.155996311782167045e-06 -3.159802981969673158e-05 -4.128712413426516292e-01
2.900000000000000355e+00 -3.038979322363633483e-05 -4.617270868124573075e-05 -4.079346640493639042e-01
3.000000000000000444e+00 -6.002456233438260429e-05 -2.930697473268942317e-05 -3.986347180448141514e-01
3.100000000000000089e+00 -6.391177837015155484e-05 6.106596816188311093e-06 -3.849534212159951840e-01
3.200000000000000178e+00 -3.342135753571916793e-05 3.008915178847360817e-05 -3.668743634212963123e-01
3.300000000000000266e+00 6.378357826472136062e-06 1.944414901321592619e-05 -3.443964339369714467e-01
3.400000000000000355e+00 2.119442509611300126e-05 -1.978474970839948951e-05 -3.175470603214592402e-01
3.500000000000000444e+00 -6.048469115334243088e-06 -5.515674732290502114e-05 -2.863953881523975120e-01
3.600000000000000089e+00 -5.340150267218133766e-05 -4.812866216865294177e-05 -2.510640609428488879e-01
3.700000000000000178e+00 -7.399537326989547394e-05 -1.201219547431755884e-06 -2.117392140036154502e-01
3.800000000000000266e+00 -3.998434582684567788e-05 4.725830967955397350e-05 -1.686767795096083267e-01
3.900000000000000355e+00 2.351408297535674790e-05 4.734273662355555057e-05 -1.222053213960821727e-01
4.000000000000000000e+00 5.924801770778812270e-05 -6.958144833969972822e-06 -7.272497691874109382e-02
4.099999999999999645e+00 2.981176724241043927e-05 -6.363697383313014170e-05 -2.070195516468910715e-02
4.200000000000000178e+00 -3.824435869445495198e-05 -6.029062275257514173e-05 3.334284369393988867e-02
4.299999999999999822e+00 -6.794681979956597646e-05 1.010552894149233188e-05 8.884614135100551979e-02
4.399999999999999467e+00 -1.984686521956428808e-05 7.886735830527015403e-05 1.452211232933528773e-01
4.500000000000000000e+00 7.382975324574573932e-05 7.767020466223321256e-05 2.018729233595805417e-01
4.599999999999999645e+00 1.172856859429813971e-04 -3.953169229936221053e-06 2.582202319693525649e-01
4.700000000000000178e+00 6.481456026566009831e-05 -7.624374263378975807e-05 3.137109696298265860e-01
4.799999999999999822e+00 -2.711731289718959822e-05 -5.459231783561206550e-05 3.678394055743836044e-01
4.900000000000000355e+00 -5.083502849387296849e-05 4.795963349524833051e-05 4.201584115895611871e-01
5.000000000000000000e+00 3.740983982059634648e-05 1.251551876666610506e-04 4.702885478713215717e-01
5.099999999999999645e+00 1.499769754837784047e-04 8.747522274201733402e-05 5.179238019703440443e-01
5.200000000000000178e+00 1.687513213077829492e-04 -2.857385053701033779e-05 5.628336009063540368e-01
5.299999999999999822e+00 7.084275633610276671e-05 -8.980542941050181081e-05 6.048604956994808601e-01
5.400000000000000355e+00 -2.951813793760753798e-05 -1.491024667701024042e-05 6.439166211136779783e-01
5.500000000000000000e+00 -7.778733010191445381e-06 1.175088014465589258e-04 6.799766715129436090e-01
5.599999999999999645e+00 1.305281474198061609e-04 1.598576975737749323e-04 7.130702697775844756e-01
5.700000000000000178e+00 2.287374717208493825e-04 5.395327485460182985e-05 7.432730277427312959e-01
5.799999999999999822e+00 1.750385474627473093e-04 -7.696998678936911771e-05 7.706972252221645503e-01
5.900000000000000355e+00 2.711120463800108571e-05 -7.256487966298907585e-05 7.954834797232805954e-01
6.000000000000000000e+00 -2.643554226573224293e-05 7.476798642024772750e-05 8.177924136148249090e-01
6.099999999999999645e+00 8.875964176594170786e-05 1.896937939451275252e-04 8.377970875339012524e-01
6.200000000000000178e+00 2.470965338028689121e-04 1.325931540115027926e-04 8.556771687812102511e-01
6.299999999999999822e+00 2.599740991655081633e-04 -2.944813792794874911e-05 8.716130313804651975e-01
6.400000000000000355e+00 1.073481023061822733e-04 -1.010464169661135951e-04 8.857819051936071109e-01
6.500000000000000000e+00 -2.102339224286808403e-05 1.496306905288070326e-05 8.983547329240942902e-01
6.599999999999999645e+00 4.623146715174578564e-05 1.897345675177884564e-04 9.094935532194403649e-01
6.700000000000000178e+00 2.316298760299096522e-04 1.930727573675066519e-04 9.193498972886362530e-01
6.799999999999999822e+00 3.123593790538366677e-04 2.503660874385996564e-05 9.280641495485526526e-01
6.900000000000000355e+00 1.809242505165714675e-04 -1.101192362746808174e-04 9.357648192054458525e-01
7.000000000000000000e+00 4.908986552687697003e-06 -2.929775163224111129e-05 9.425685558311859280e-01
7.099999999999999645e+00 1.786611428707131740e-05 1.692919013569047664e-04 9.485805649623325619e-01
7.200000000000000178e+00 2.096342882109139484e-04 2.308817935980610734e-04 9.538951186140898209e-01
7.299999999999999822e+00 3.432074371363117360e-04 7.871410731210923696e-05 9.585962129825332800e-01
7.400000000000000355e+00 2.413547615852109859e-04 -1.004614525985890179e-04 9.627583221771283117e-01
7.500000000000000000e+00 3.523819294015632101e-05 -6.396130560068453508e-05 9.664471909233889324e-01
7.599999999999999645e+00 -2.730157521594104771e-07 1.473045339940276370e-04 9.697205346989827834e-01
7.700000000000000178e+00 1.907657699304564879e-04 2.600468819882719102e-04 9.726292648425081122e-01
7.799999999999999822e+00 3.636829563479094933e-04 1.192987834551083467e-04 9.752178068807454414e-01
7.900000000000000355e+00 2.888272989399321257e-04 -9.271820036034699537e-05 9.775251244377179960e-01
8.000000000000000000e+00 6.221209680021554155e-05 -8.908831047402191036e-05 9.795850913277867056e-01
8.099999999999999645e+00 -7.625047198115792107e-06 1.345204168993349388e-04 9.814272892922689673e-01
8.199999999999999289e+00 1.809686351336804776e-04 2.784005403090442955e-04 9.830775157717620560e-01
8.300000000000000711e+00 3.810681118074517836e-04 1.475915728517476224e-04 9.845583759182284789e-01
8.400000000000000355e+00 3.253727951608815713e-04 -8.820091104684010331e-05 9.858895670227260100e-01
8.500000000000000000e+00 8.152889904190965397e-05 -1.050321624729755912e-04 9.870881994628444289e-01
8.599999999999999645e+00 -1.155137889043030833e-05 1.290658866436735050e-04 9.881691972187012230e-01
8.699999999999999289e+00 1.824992280989656888e-04 2.952403321033600565e-04 9.891456609080050422e-01
8.800000000000000711e+00 4.050617062257475497e-04 1.629044157532546426e-04 9.900291781381737044e-01
8.900000000000000355e+00 3.503251272986648455e-04 -9.017532702551140343e-05 9.908298401151494073e-01
9.000000000000000000e+00 8.522325828215344371e-05 -1.117129856130759944e-04 9.915564822054503402e-01
9.099999999999999645e+00 -9.358562116641347796e-06 1.351509193963629479e-04 9.922168037434828669e-01
9.199999999999999289e+00 1.974639597693774340e-04 3.126075073344968523e-04 9.928176920483273715e-01
9.300000000000000711e+00 4.317728717866433350e-04 1.658329962418856522e-04 9.933652761400930675e-01
9.400000000000000355e+00 3.596320329387279460e-04 -1.005342696788273074e-04 9.938650041561095660e-01
9.500000000000000000e+00 8.404544475967831783e-05 -1.081375495945039789e-04 9.943215708387082019e-01
9.599999999999999645e+00 -6.345409908837689536e-06 1.615137462032141926e-04 9.947391290493629024e-01
9.700000000000001066e+00 2.268870702604779349e-04 3.331913853942458019e-04 9.951214376409855955e-01
9.800000000000000711e+00 4.604672314150882583e-04 1.549245682441501622e-04 9.954719505928266710e-01
9.900000000000000355e+00 3.611059496778710304e-04 -1.200479872657642149e-04 9.957937157372714898e-01
1.000000000000000000e+01 6.555471264823986143e-05 -9.418240906373690434e-05 9.960893513409069255e-01
