1.000000000000000056e-01 9.783267389457229735e-01 1.554991202820294946e-02 6.123349026073796920e-03 0.000000000000000000e+00 4.959629683447654019e-15 1.233405640123150793e-01 3.112288082071526140e-15 7.739919951940078813e-02 9.757947462116684650e-03 1.042795923661264301e-30 0.000000000000000000e+00 0.000000000000000000e+00 0.000000000000000000e+00 0.000000000000000000e+00 0.000000000000000000e+00 0.000000000000000000e+00
2.000000000000000111e-01 9.151865368889615659e-01 6.085110528042396438e-02 2.396235783061593724e-02 0.000000000000000000e+00 -6.500020755209738514e-15 2.359875257010775051e-01 -4.078920891447294173e-15 1.480879038627040678e-01 3.818554646876234915e-02 5.856880480289751523e-30 0.000000000000000000e+00 0.000000000000000000e+00 0.000000000000000000e+00 0.000000000000000000e+00 0.000000000000000000e+00 0.000000000000000000e+00
2.999999999999999889e-01 8.160522480339648110e-01 1.319769717023327738e-01 5.197078026370290788e-02 0.000000000000000000e+00 -9.575417895511241114e-15 3.281769408085280504e-01 -6.008807289889795744e-15 2.059390008689249985e-01 8.281875509937879076e-02 3.677872090126623135e-30 0.000000000000000000e+00 0.000000000000000000e+00 0.000000000000000000e+00 0.000000000000000000e+00 0.000000000000000000e+00 0.000000000000000000e+00
4.000000000000000222e-01 6.895192055951486765e-01 2.227606185959414287e-01 8.772017580891049160e-02 0.000000000000000000e+00 4.460165375289518362e-15 3.919154561159125527e-01 2.798862098093613397e-15 2.459364672568203625e-01 1.397876984091860897e-01 1.830626468718212486e-31 0.000000000000000000e+00 0.000000000000000000e+00 0.000000000000000000e+00 0.000000000000000000e+00 0.000000000000000000e+00 0.000000000000000000e+00
5.000000000000000000e-01 5.465560095049001310e-01 3.253324058736759006e-01 1.281115846214236076e-01 0.000000000000000000e+00 -2.682928469652924269e-14 4.216780543461590147e-01 -1.683602775630356777e-14 2.646132204976160418e-01 2.041539861114074483e-01 2.440186378080458959e-31 0.000000000000000000e+00 0.000000000000000000e+00 0.000000000000000000e+00 0.000000000000000000e+00 0.000000000000000000e+00 0.000000000000000000e+00
5.999999999999999778e-01 3.995586677781939322e-01 4.307985711408969243e-01 1.696427610809093101e-01 0.000000000000000000e+00 -1.554750655134918240e-14 4.148846865731973255e-01 -9.756437966968565314e-15 2.603502172279423821e-01 2.703365662984796303e-01 2.104323707658461210e-29 0.000000000000000000e+00 0.000000000000000000e+00 0.000000000000000000e+00 0.000000000000000000e+00 0.000000000000000000e+00 0.000000000000000000e+00
6.999999999999999556e-01 2.612662836491648766e-01 5.300191915169204515e-01 2.087145248339150605e-01 0.000000000000000000e+00 -1.534114896719596611e-14 3.721238293676523701e-01 -9.626943571056603792e-15 2.335167407883309565e-01 3.325999153792879026e-01 -1.118291148870774221e-29 0.000000000000000000e+00 0.000000000000000000e+00 0.000000000000000000e+00 0.000000000000000000e+00 0.000000000000000000e+00 0.000000000000000000e+00
7.999999999999999334e-01 1.436707754102450052e-01 6.143904268122282186e-01 2.419387977775263598e-01 0.000000000000000000e+00 -1.846710970894711729e-14 2.971025900296078159e-01 -1.158855985745896694e-14 1.864390910449894301e-01 3.855449146713935127e-01 3.183651830361664745e-30 0.000000000000000000e+00 0.000000000000000000e+00 0.000000000000000000e+00 0.000000000000000000e+00 0.000000000000000000e+00 0.000000000000000000e+00
8.999999999999999112e-01 5.696542591208594852e-02 6.765989035935723317e-01 2.664356704943412479e-01 0.000000000000000000e+00 -3.114295540922613055e-14 1.963230623978966527e-01 -1.954296089566951156e-14 1.231974897996848672e-01 4.245822447237879160e-01 -5.562398537530518942e-31 0.000000000000000000e+00 0.000000000000000000e+00 0.000000000000000000e+00 0.000000000000000000e+00 0.000000000000000000e+00 0.000000000000000000e+00
9.999999999999998890e-01 8.669833952480441794e-03 7.112495362067782212e-01 2.800806298407420569e-01 0.000000000000000000e+00 1.619009567369348001e-14 7.852652643732585536e-02 1.015967824795479031e-14 4.927730253188434412e-02 4.463263582567473797e-01 2.759176264544621350e-29 0.000000000000000000e+00 0.000000000000000000e+00 0.000000000000000000e+00 0.000000000000000000e+00 0.000000000000000000e+00 0.000000000000000000e+00
1.099999999999999867e+00 2.968021471525432355e-03 7.153404149286334279e-01 2.816915635998415435e-01 0.000000000000000000e+00 2.567663755112203030e-14 -4.607760558146452995e-02 1.611271367794461739e-14 -2.891481660015733646e-02 4.488934840108564361e-01 -5.010425690358534120e-30 0.000000000000000000e+00 0.000000000000000000e+00 0.000000000000000000e+00 0.000000000000000000e+00 0.000000000000000000e+00 0.000000000000000000e+00
1.199999999999999956e+00 4.035456990455506959e-02 6.885166924756140894e-01 2.711287376198306398e-01 0.000000000000000000e+00 1.076719710107025788e-14 -1.666877168882567040e-01 6.756677686403663198e-15 -1.046005907316869266e-01 4.320609466974477120e-01 -2.273795614399040358e-29 0.000000000000000000e+00 0.000000000000000000e+00 0.000000000000000000e+00 0.000000000000000000e+00 0.000000000000000000e+00 0.000000000000000000e+00
1.300000000000000044e+00 1.175890217622095058e-01 6.331032994968016636e-01 2.493076787409884421e-01 0.000000000000000000e+00 -3.644585676428226510e-14 -2.728479386291333131e-01 -2.287066028879623683e-14 -1.712187082126933879e-01 3.972876967649617841e-01 4.756885050868378630e-30 0.000000000000000000e+00 0.000000000000000000e+00 0.000000000000000000e+00 0.000000000000000000e+00 0.000000000000000000e+00 0.000000000000000000e+00
1.399999999999999911e+00 2.279755104435433610e-01 5.539043186051737511e-01 2.181201709512836373e-01 0.000000000000000000e+00 -1.956642476937713482e-14 -3.553542170578788961e-01 -1.227840675720568473e-14 -2.229934017763783860e-01 3.475884127309406546e-01 -2.336478935200964689e-29 0.000000000000000000e+00 0.000000000000000000e+00 0.000000000000000000e+00 0.000000000000000000e+00 0.000000000000000000e+00 0.000000000000000000e+00
1.500000000000000000e+00 3.619447284320651548e-01 4.577854397252648089e-01 1.802698318426700363e-01 0.000000000000000000e+00 7.707915409043570113e-15 -4.070540830910738817e-01 4.836904123153380961e-15 -2.554363233591753768e-01 2.872714817716802149e-01 1.742517490038831718e-30 0.000000000000000000e+00 0.000000000000000000e+00 0.000000000000000000e+00 0.000000000000000000e+00 0.000000000000000000e+00 0.000000000000000000e+00
1.599999999999999867e+00 5.078817928763563749e-01 3.530799914736206802e-01 1.390382156500211963e-01 0.000000000000000000e+00 -1.630824663944924779e-14 -4.234653458248500146e-01 -1.023382084852716765e-14 -2.657347893088693458e-01 2.215662699875975417e-01 -1.403785185042145843e-29 0.000000000000000000e+00 0.000000000000000000e+00 0.000000000000000000e+00 0.000000000000000000e+00 0.000000000000000000e+00 0.000000000000000000e+00
1.699999999999999956e+00 6.531375972096442606e-01 2.488633268327100911e-01 9.799907595764513479e-02 0.000000000000000000e+00 -1.854163441556974601e-14 -4.031649724583560856e-01 -1.163532592086398612e-14 -2.529958119813875417e-01 1.561677817904543464e-01 -1.497608492368470326e-29 0.000000000000000000e+00 0.000000000000000000e+00 0.000000000000000000e+00 0.000000000000000000e+00 0.000000000000000000e+00 0.000000000000000000e+00
1.800000000000000044e+00 7.851155054024431257e-01 1.541731527548549086e-01 6.071134184270125106e-02 0.000000000000000000e+00 -2.971214850997109624e-14 -3.479133983984681877e-01 -1.864509481603885264e-14 -2.183241073506613783e-01 9.674739779377559967e-02 -2.432592195268535844e-29 0.000000000000000000e+00 0.000000000000000000e+00 0.000000000000000000e+00 0.000000000000000000e+00 0.000000000000000000e+00 0.000000000000000000e+00
1.899999999999999911e+00 8.923765263526942659e-01 7.721660082412844239e-02 3.040687282317704881e-02 0.000000000000000000e+00 7.074950752079509310e-15 -2.625000605656601649e-01 4.439703427944917270e-15 -1.647251634064824111e-01 4.845529239512745556e-02 -3.161535307159140188e-30 0.000000000000000000e+00 0.000000000000000000e+00 0.000000000000000000e+00 0.000000000000000000e+00 0.000000000000000000e+00 0.000000000000000000e+00
2.000000000000000000e+00 9.656210629920431998e-01 2.466585184195759992e-02 9.713085165999219353e-03 0.000000000000000000e+00 5.887556534780362582e-15 -1.543303794526702521e-01 3.694584718063392343e-15 -9.684606136525709952e-02 1.547842109625065937e-02 -1.349708474010273240e-30 0.000000000000000000e+00 0.000000000000000000e+00 0.000000000000000000e+00 0.000000000000000000e+00 0.000000000000000000e+00 0.000000000000000000e+00
2.099999999999999645e+00 9.984997314463017748e-01 1.076397500600270209e-03 4.238710530976379210e-04 0.000000000000000000e+00 -2.626474515593870183e-14 -3.278387906025777981e-02 -1.648176548347664611e-14 -2.057268034019562111e-02 6.754655743493805401e-04 1.314050703670331226e-30 0.000000000000000000e+00 0.000000000000000000e+00 0.000000000000000000e+00 0.000000000000000000e+00 0.000000000000000000e+00 0.000000000000000000e+00
2.199999999999999734e+00 9.881628303838451144e-01 8.492812675174855885e-03 3.344356940980718410e-03 0.000000000000000000e+00 -6.264506957056525928e-14 9.160939866495580730e-02 -3.931130263126422133e-14 5.748712260155816600e-02 5.329446220637719736e-03 -7.910762649323465111e-30 0.000000000000000000e+00 0.000000000000000000e+00 0.000000000000000000e+00 0.000000000000000000e+00 0.000000000000000000e+00 0.000000000000000000e+00
2.299999999999999822e+00 9.355069237115323233e-01 4.627183976617020578e-02 1.822123652229883442e-02 0.000000000000000000e+00 -3.393268536973365021e-14 2.080567855334597704e-01 -2.129358420072436523e-14 1.305606860469810948e-01 2.903670326847187372e-02 -3.684858417594876580e-30 0.000000000000000000e+00 0.000000000000000000e+00 0.000000000000000000e+00 0.000000000000000000e+00 0.000000000000000000e+00 0.000000000000000000e+00
2.399999999999999911e+00 8.450951019310150025e-01 1.111395987746457287e-01 4.376529929433968513e-02 0.000000000000000000e+00 -1.584289228496807099e-14 3.064694608373186302e-01 -9.941799688918128550e-15 1.923170299722520293e-01 6.974279750501297115e-02 -3.705330988453643424e-31 0.000000000000000000e+00 0.000000000000000000e+00 0.000000000000000000e+00 0.000000000000000000e+00 0.000000000000000000e+00 0.000000000000000000e+00
2.500000000000000000e+00 7.247691520767329809e-01 1.974698436906431320e-01 7.776100423262551076e-02 0.000000000000000000e+00 -6.614357271812464885e-17 3.783121079058386349e-01 -4.150669832536501074e-17 2.374000358672391231e-01 1.239171229130340696e-01 8.146933501865091679e-30 0.000000000000000000e+00 0.000000000000000000e+00 0.000000000000000000e+00 0.000000000000000000e+00 0.000000000000000000e+00 0.000000000000000000e+00
2.600000000000000089e+00 5.849516510949002157e-01 2.977846894734675343e-01 1.172636594316324027e-01 0.000000000000000000e+00 -3.653517168792929190e-15 4.173603305212508774e-01 -2.292670757259786431e-15 2.619037439318981919e-01 1.868671250123229710e-01 1.236151900502667445e-29 0.000000000000000000e+00 0.000000000000000000e+00 0.000000000000000000e+00 0.000000000000000000e+00 0.000000000000000000e+00 0.000000000000000000e+00
2.699999999999999734e+00 4.377721737233153942e-01 4.033815315801330126e-01 1.588462946965506495e-01 0.000000000000000000e+00 2.775665014109690111e-15 4.202251892735720529e-01 1.741797209591566016e-15 2.637015123784886561e-01 2.531317080899262439e-01 -3.957144778835243226e-29 0.000000000000000000e+00 0.000000000000000000e+00 0.000000000000000000e+00 0.000000000000000000e+00 0.000000000000000000e+00 0.000000000000000000e+00
2.799999999999999822e+00 2.959892076053948773e-01 5.051065394001413855e-01 1.989042529944647641e-01 0.000000000000000000e+00 1.460042897076459778e-14 3.866601661709206939e-01 9.162123783252853722e-15 2.426386451798589750e-01 3.169666211164892111e-01 -1.036988829921157293e-29 0.000000000000000000e+00 0.000000000000000000e+00 0.000000000000000000e+00 0.000000000000000000e+00 0.000000000000000000e+00 0.000000000000000000e+00
2.899999999999999911e+00 1.718893730120817642e-01 5.941444329505324307e-01 2.339661940373860272e-01 0.000000000000000000e+00 2.784988570146577082e-14 3.195733323107786128e-01 1.747647967448108612e-14 2.005400275786981823e-01 3.728400618039013903e-01 -6.346627113210014480e-30 0.000000000000000000e+00 0.000000000000000000e+00 0.000000000000000000e+00 0.000000000000000000e+00 0.000000000000000000e+00 0.000000000000000000e+00
3.000000000000000000e+00 7.623764006998974552e-02 6.627716703962420741e-01 2.609906895337681942e-01 0.000000000000000000e+00 5.085856050776752299e-14 2.247846696980774772e-01 3.191498193260409672e-14 1.410578396343885044e-01 4.159053200671547490e-01 -3.174452103395747352e-29 0.000000000000000000e+00 0.000000000000000000e+00 0.000000000000000000e+00 0.000000000000000000e+00 0.000000000000000000e+00 0.000000000000000000e+00
