1.000000000000000056e-01 4.439182806140604121e-02 4.427918093122179544e-02 -9.979514723751434779e-01
2.000000000000000111e-01 8.851644579860755424e-02 8.835143494733105340e-02 -9.918221663265286425e-01
2.999999999999999889e-01 1.321127922176050240e-01 1.320129610394550346e-01 -9.816601294084793539e-01
4.000000000000000222e-01 1.749256399020498454e-01 1.750553846984048145e-01 -9.675460716539828754e-01
5.000000000000000000e-01 2.167076212091227361e-01 2.172892696990292027e-01 -9.495897406065016977e-01
5.999999999999999778e-01 2.572269158432569092e-01 2.585289532986172478e-01 -9.279291300981916679e-01
6.999999999999999556e-01 2.962655521554552474e-01 2.986022406748261027e-01 -9.027276623664274302e-01
7.999999999999999334e-01 3.336200514977313292e-01 3.373315529212659314e-01 -8.741801426075944681e-01
8.999999999999999112e-01 3.691251302896523256e-01 3.745801936361256024e-01 -8.424856622954890462e-01
9.999999999999998890e-01 4.026068927652107776e-01 4.102068462061425613e-01 -8.078795398601126276e-01
1.099999999999999867e+00 4.339370602898434681e-01 4.440936639860398327e-01 -7.705994534283499009e-01
1.199999999999999956e+00 4.630087916434172390e-01 4.761343169007546949e-01 -7.308966610304999945e-01
1.300000000000000044e+00 4.897248965597078563e-01 5.062386472129152271e-01 -6.890392039096914223e-01
1.399999999999999911e+00 5.140281700813736920e-01 5.343424333695345751e-01 -6.452836250669204965e-01
1.500000000000000000e+00 5.358808792068951998e-01 5.603849779945817566e-01 -5.998983443706757956e-01
1.599999999999999867e+00 5.552573606226027803e-01 5.843317091896929050e-01 -5.531523836905263281e-01
1.699999999999999956e+00 5.721669074937589805e-01 6.061507605562301837e-01 -5.053123206984351246e-01
1.800000000000000044e+00 5.866271665933165957e-01 6.258490038746600259e-01 -4.566230985431179445e-01
1.899999999999999911e+00 5.986844313478703050e-01 6.434251370760278865e-01 -4.073356733653084594e-01
2.000000000000000000e+00 6.083998702705387673e-01 6.588997658490329812e-01 -3.576817940415281116e-01
2.099999999999999645e+00 6.158439236481094703e-01 6.723060568400041070e-01 -3.078883585685987523e-01
2.199999999999999734e+00 6.211028735760901753e-01 6.836913263186894518e-01 -2.581576103675415346e-01
2.299999999999999822e+00 6.242792293883036026e-01 6.931050174403377007e-01 -2.086822135912359544e-01
2.399999999999999911e+00 6.254718304449318200e-01 7.006142507519119711e-01 -1.596441374646037081e-01
2.500000000000000000e+00 6.248061047883735064e-01 7.062801381671388601e-01 -1.112121128699294775e-01
2.600000000000000089e+00 6.223954550500696570e-01 7.101858664674639554e-01 -6.351932155208248054e-02
2.699999999999999734e+00 6.183608988887627778e-01 7.124141228014313487e-01 -1.670188926243955374e-02
2.799999999999999822e+00 6.128321821222724175e-01 7.130470452196022713e-01 2.913235934394980964e-02
2.899999999999999911e+00 6.059365455796690281e-01 7.121728793480954778e-01 7.387588069718235839e-02
3.000000000000000000e+00 5.978019677587508296e-01 7.098803289273427630e-01 1.174526411754219790e-01
