0.000000000000000000e+00 -7.619348444960048866e-12 9.953196658196214947e-12 -1.000000000000000000e+00
2.068965517241379282e-01 -4.018273726497073595e-01 4.389159282249937011e-01 -7.947320554530575842e-01
4.137931034482758563e-01 -7.403620813761040420e-01 5.392159153988586029e-01 -3.108440246641133164e-01
6.206896551724138122e-01 -8.855073853242987347e-01 2.624613517266680685e-01 2.112294645506476998e-01
8.275862068965517127e-01 -7.208777535804854475e-01 -1.436640464483996127e-01 6.129511846025775812e-01
1.034482758620689724e+00 -3.328074123921722083e-01 -3.539692631872282114e-01 8.459779348241418528e-01
1.241379310344827624e+00 -6.078233442001361453e-03 -2.725255437577865925e-01 9.445531351249680796e-01
1.448275862068965525e+00 9.455415220481776239e-02 -9.269029400878864289e-02 9.752602983465469277e-01
1.655172413793103425e+00 5.615024738838909901e-02 6.104736416805429944e-03 9.848651489595751096e-01
1.862068965517241326e+00 1.049340623590364410e-02 1.841300247794603467e-02 9.904079776824842307e-01
2.068965517241379448e+00 -3.246913464567994893e-03 6.107419366161583908e-03 9.946860331961754342e-01
2.275862068965517349e+00 -1.926527202303824444e-03 2.367756129168386431e-05 9.975172284947736445e-01
2.482758620689655249e+00 -1.946597062752623353e-04 -4.038028275807646400e-04 9.990189395182965670e-01
2.689655172413793149e+00 5.891890444424293641e-05 -6.234449924476686319e-05 9.996683797046781450e-01
2.896551724137931050e+00 1.307067553319452126e-05 1.604674407358251824e-06 9.999029184561256667e-01
3.103448275862068950e+00 2.280371518248531357e-06 3.126858406453950126e-06 9.999751198779595063e-01
3.310344827586206851e+00 -1.890128760779770326e-06 -1.369727964337075487e-06 9.999943703116261906e-01
3.517241379310344751e+00 4.898013698515378339e-07 8.918841428999055444e-07 9.999988678964110145e-01
3.724137931034482651e+00 1.734394564565357481e-06 2.133385648009710607e-06 9.999997966026576979e-01
3.931034482758620552e+00 1.762769952235853928e-06 -1.819476918452145156e-06 9.999999672125914341e-01
4.137931034482758896e+00 4.120311888649812437e-06 -4.218644049506004518e-06 9.999999952291480643e-01
4.344827586206896797e+00 -6.442196512109739017e-06 -5.765080584891235314e-06 9.999999993472771243e-01
4.551724137931034697e+00 5.090084820009442058e-06 -1.028618386247606554e-07 9.999999999249363780e-01
4.758620689655172598e+00 3.363926029951115054e-06 3.179422577925645283e-06 9.999999999962959629e-01
4.965517241379310498e+00 -3.011454489287364254e-06 -1.099833160441983536e-06 1.000000000009411361e+00
5.172413793103448398e+00 6.671591703913786208e-07 4.031496873057734243e-07 1.000000000017146506e+00
5.379310344827586299e+00 1.867621260926390361e-07 -2.499029364783429164e-06 1.000000000022949864e+00
5.586206896551724199e+00 1.433310760540215345e-06 -3.307465817074888806e-07 1.000000000022921443e+00
5.793103448275862100e+00 9.689385092827381526e-09 -1.316280263799599823e-07 1.000000000024152236e+00
6.000000000000000000e+00 1.089034585608452632e-06 -4.670155425717149304e-07 1.000000000030467850e+00
