1.000000000000000056e-01 -9.746940064055157552e-05 -3.734766338326625437e-04 -9.997598071079930593e-01
2.000000000000000111e-01 -1.758962118012533592e-04 -6.494807663624415197e-04 -9.990420218194123736e-01
2.999999999999999889e-01 -2.135187380728957129e-04 -7.364102177583329092e-04 -9.978549031607115705e-01
4.000000000000000222e-01 -1.835893252768533651e-04 -5.542357817188191607e-04 -9.962118298293846097e-01
5.000000000000000000e-01 -5.297218865738902762e-05 -3.985198228271628884e-05 -9.941307787247686267e-01
5.999999999999999778e-01 2.180600584840045411e-04 8.481411749243346300e-04 -9.916337007334121711e-01
6.999999999999999556e-01 6.746086782985348963e-04 2.125479097451604509e-03 -9.887458773800053002e-01
7.999999999999999334e-01 1.364426031483170852e-03 3.779382298598541693e-03 -9.854953382047023647e-01
8.999999999999999112e-01 2.333760471683626447e-03 5.767117024955384537e-03 -9.819124007537339827e-01
9.999999999999998890e-01 3.622005171532109886e-03 8.016257660175206759e-03 -9.780293656503936672e-01
1.099999999999999867e+00 5.255544818685206447e-03 1.042689448306837775e-02 -9.738803631142480821e-01
1.199999999999999956e+00 7.241331936407269590e-03 1.287594244439566916e-02 -9.695013105547830579e-01
1.300000000000000044e+00 9.560828480150038167e-03 1.522357836606069194e-02 -9.649299098479753312e-01
1.399999999999999911e+00 1.216500518096844466e-02 1.732167093017058374e-02 -9.602055933125092091e-01
1.500000000000000000e+00 1.497109015839316257e-02 1.902388154744240334e-02 -9.553693233430815557e-01
1.599999999999999867e+00 1.786169245341092879e-02 2.019692049504304837e-02 -9.504631639565921386e-01
1.699999999999999956e+00 2.068679358467501866e-02 2.073226110326933935e-02 -9.455295723270029651e-01
1.800000000000000044e+00 2.326890465345310757e-02 2.055746618026996902e-02 -9.406104012604475928e-01
1.899999999999999911e+00 2.541143843114072182e-02 1.964618562209169764e-02 -9.357456538007186131e-01
2.000000000000000000e+00 2.691006156537787200e-02 1.802585960227951964e-02 -9.309720815899565904e-01
2.099999999999999645e+00 2.756649349636694155e-02 1.578222023588988360e-02 -9.263217615748446931e-01
2.199999999999999734e+00 2.720393151731521214e-02 1.305983153652237778e-02 -9.218208140659222005e-01
2.299999999999999822e+00 2.568303320540058637e-02 1.005814020294904139e-02 -9.174884335556303672e-01
2.399999999999999911e+00 2.291720500223269966e-02 7.022817050353878827e-03 -9.133363890561896348e-01
2.500000000000000000e+00 1.888585262146291049e-02 4.232531305357301391e-03 -9.093691129778731508e-01
2.600000000000000089e+00 1.364426295431341550e-02 1.981690988969315222e-03 -9.055844397902953480e-01
2.699999999999999734e+00 7.328917778878949081e-03 5.600705636484588218e-04 -9.019749838076909221e-01
2.799999999999999822e+00 1.572870308614722457e-04 2.305976663840193916e-04 -8.985300675295202488e-01
2.899999999999999911e+00 -7.578496957894101382e-03 1.206850159340310241e-03 -8.952380374426731624e-01
3.000000000000000000e+00 -1.552424369686350274e-02 3.631992315927068914e-03 -8.920887425833718964e-01
