1.000000000000000056e-01 -1.915533402729111684e-02 2.094903081766906483e-02 -9.986902604199560107e-01
2.000000000000000111e-01 -3.786245417360848547e-02 4.040293652000888358e-02 -9.948469214462085652e-01
2.999999999999999889e-01 -5.561449468969661275e-02 5.697221004646264159e-02 -9.887145631410906299e-01
4.000000000000000222e-01 -7.179920442717190043e-02 6.947341563589970459e-02 -9.806591420309824780e-01
5.000000000000000000e-01 -8.567447446570573832e-02 7.701924600424990552e-02 -9.711117138786059533e-01
5.999999999999999778e-01 -9.637350678338867105e-02 7.909289064930211111e-02 -9.605012531705564571e-01
6.999999999999999556e-01 -1.029430025798654391e-01 7.560148795519905374e-02 -9.491862680645998251e-01
7.999999999999999334e-01 -1.044131861462842398e-01 6.690378122627535507e-02 -9.373952410036260341e-01
8.999999999999999112e-01 -9.989390092745845107e-02 5.380787671686744489e-02 -9.251848877586696940e-01
9.999999999999998890e-01 -8.868697133607271466e-02 3.753631923332539228e-02 -9.124229511714264662e-01
1.099999999999999867e+00 -7.040201342428963061e-02 1.965759591270108825e-02 -8.987990242378691708e-01
1.199999999999999956e+00 -4.506128330822410655e-02 1.985596681946769949e-03 -8.838631492611414009e-01
1.300000000000000044e+00 -1.317920137715905375e-02 -1.354865359587086905e-02 -8.670881541574407825e-01
1.399999999999999911e+00 2.419607300177274711e-02 -2.504576752372718318e-02 -8.479483581197391207e-01
1.500000000000000000e+00 6.548836125740457870e-02 -3.079733076435208633e-02 -8.260048431682006642e-01
1.599999999999999867e+00 1.086513181747834345e-01 -2.944367775530497278e-02 -8.009862684183219894e-01
1.699999999999999956e+00 1.512779784479479639e-01 -2.011666974157433688e-02 -7.728543688514344367e-01
1.800000000000000044e+00 1.907560572750458261e-01 -2.553860135447676757e-03 -7.418448243832761468e-01
1.899999999999999911e+00 2.244579177167189687e-01 2.282843869892134045e-02 -7.084769303329382373e-01
2.000000000000000000e+00 2.499498731995332956e-01 5.491320304361482774e-02 -6.735291206642222139e-01
2.099999999999999645e+00 2.652026146125336936e-01 9.191817959321024745e-02 -6.379814573274473766e-01
2.199999999999999734e+00 2.687833666748952188e-01 1.314904625390320436e-01 -6.029302163192591379e-01
2.299999999999999822e+00 2.600110490336396407e-01 1.708565974117600972e-01 -5.694831935371720277e-01
2.399999999999999911e+00 2.390582225221971890e-01 2.070193256862979114e-01 -5.386469042969613819e-01
2.500000000000000000e+00 2.069877386149616416e-01 2.369872053237107035e-01 -5.112181543092413349e-01
2.600000000000000089e+00 1.657174193335433088e-01 2.580194159508922835e-01 -4.876923574300475739e-01
2.699999999999999734e+00 1.179122909571427430e-01 2.678655286199595476e-01 -4.681994687737803251e-01
2.799999999999999822e+00 6.681031619260091592e-02 2.649792155287963857e-01 -4.524756520465237353e-01
2.899999999999999911e+00 1.599363085680166954e-02 2.486859645747559466e-01 -4.398751064808674727e-01
3.000000000000000000e+00 -3.087756174821172997e-02 2.192878370554819101e-01 -4.294222433819567253e-01
