1.000000000000000056e-01 -1.372770198512853757e-01 1.980521305918599151e-01 -9.705309619015232148e-01
2.000000000000000111e-01 -2.715700998457296067e-01 3.788106439352822430e-01 -8.847327892985872300e-01
2.999999999999999889e-01 -3.994126103575588727e-01 5.271669272843705345e-01 -7.500429876450450672e-01
4.000000000000000222e-01 -5.165936026247605062e-01 6.320097177551858847e-01 -5.776630681377233900e-01
5.000000000000000000e-01 -6.182596716921480162e-01 6.874581672236732555e-01 -3.809935257117392782e-01
5.999999999999999778e-01 -6.993926851658377464e-01 6.932527543462104758e-01 -1.739260842190636924e-01
6.999999999999999556e-01 -7.555738555730785455e-01 6.543417588859418155e-01 3.073777048822080513e-02
7.999999999999999334e-01 -7.837889759101961396e-01 5.797870990785831680e-01 2.225344301844006945e-01
8.999999999999999112e-01 -7.831141260424353545e-01 4.811413960924783018e-01 3.939987892144846127e-01
9.999999999999998890e-01 -7.549997926084252020e-01 3.707205778652822303e-01 5.408709768224500003e-01
1.099999999999999867e+00 -7.031998284359159967e-01 2.599474830123488234e-01 6.617682261525329457e-01
1.199999999999999956e+00 -6.332349337071617734e-01 1.581387027066992745e-01 7.576315431104919673e-01
1.300000000000000044e+00 -5.516337148380588973e-01 7.173733177938451666e-02 8.309957382651256275e-01
1.399999999999999911e+00 -4.650686274911875473e-01 4.170155008410447728e-03 8.852647729471530003e-01
1.500000000000000000e+00 -3.795547180020751310e-01 -4.391175377149300618e-02 9.241265727207514935e-01
1.599999999999999867e+00 -2.998945934351880949e-01 -7.399130731154998641e-02 9.510985663897073561e-01
1.699999999999999956e+00 -2.293931944072165052e-01 -8.895134937926924001e-02 9.692607469311755874e-01
1.800000000000000044e+00 -1.698120925929187119e-01 -9.233351413585202949e-02 9.811413565119371238e-01
1.899999999999999911e+00 -1.215719394442444923e-01 -8.771592998925907547e-02 9.886992323179930597e-01
2.000000000000000000e+00 -8.406594433080415152e-02 -7.828397717962121138e-02 9.933803551685558286e-01
2.099999999999999645e+00 -5.603363260172489896e-02 -6.658427503823202698e-02 9.962061847949758020e-01
2.199999999999999734e+00 -3.586565447976665377e-02 -5.447949327199108627e-02 9.978705514094068363e-01
2.299999999999999822e+00 -2.192606534874701890e-02 -4.315073039176387654e-02 9.988279438101047569e-01
2.399999999999999911e+00 -1.265460394706320948e-02 -3.323987539346731634e-02 9.993672855113376885e-01
2.500000000000000000e+00 -6.770515429174030902e-03 -2.501880236254557313e-02 9.996640533741587564e-01
2.600000000000000089e+00 -3.200518280014949882e-03 -1.845357278051210775e-02 9.998245956927660494e-01
2.699999999999999734e+00 -1.165962904920934615e-03 -1.338042612134829681e-02 9.999097982436294663e-01
2.799999999999999822e+00 -1.014200691653666456e-04 -9.563352868706973334e-03 9.999542649292274543e-01
2.899999999999999911e+00 3.854594908184339613e-04 -6.760253771398164885e-03 9.999770749379846002e-01
3.000000000000000000e+00 5.526827622939572103e-04 -4.734816044507711950e-03 9.999886379796191216e-01
