1.000000000000000056e-01 5.036955390242545127e-02 2.222807400534961564e-01 -9.736794738562452034e-01
2.000000000000000111e-01 8.774687452938420562e-02 4.322151359942906779e-01 -8.974700977290248627e-01
2.999999999999999889e-01 1.007311387904426814e-01 6.182996253311581203e-01 -7.793444800859391508e-01
4.000000000000000222e-01 8.093929708584224336e-02 7.706609579463575832e-01 -6.316679525382367100e-01
5.000000000000000000e-01 2.409186382569136753e-02 8.817275730560024671e-01 -4.699148984705098786e-01
5.999999999999999778e-01 -6.934502538969063157e-02 9.467404335238637225e-01 -3.110599488903340593e-01
6.999999999999999556e-01 -1.940497023049054803e-01 9.640673044823264703e-01 -1.718087605124606343e-01
7.999999999999999334e-01 -3.402696571446208740e-01 9.352965872913787670e-01 -6.685673881660253448e-02
8.999999999999999112e-01 -4.947555187948132205e-01 8.651081471009923751e-01 -7.333327648418975359e-03
9.999999999999998890e-01 -6.421113846100929834e-01 7.609183761441347116e-01 3.724129772062009119e-04
1.099999999999999867e+00 -7.664107459583227033e-01 6.323353976965923051e-01 -4.468390931522331355e-02
1.199999999999999956e+00 -8.529231128035416054e-01 4.904564171546047513e-01 -1.378632970273774017e-01
1.300000000000000044e+00 -8.897666414500100540e-01 3.470568593328813289e-01 -2.693774132586316261e-01
1.399999999999999911e+00 -8.693101181981569558e-01 2.137279717276897861e-01 -4.252566967034352996e-01
1.500000000000000000e+00 -7.891660288130872836e-01 1.010294381466248503e-01 -5.887627232279050160e-01
1.599999999999999867e+00 -6.526788241217692521e-01 1.772296147529874022e-02 -7.420764215250614804e-01
1.699999999999999956e+00 -4.688211258671666770e-01 -2.987384212079859103e-02 -8.681414572867623969e-01
1.800000000000000044e+00 -2.515188306703650123e-01 -3.834176709617362344e-02 -9.524201675041985560e-01
1.899999999999999911e+00 -1.845571772914323533e-02 -7.396150433305829358e-03 -9.844163755505005442e-01
2.000000000000000000e+00 2.105456926329187239e-01 6.010603908343647994e-02 -9.588035524062916704e-01
2.099999999999999645e+00 4.153915263624722298e-01 1.584117906382022101e-01 -8.760337301846623514e-01
2.199999999999999734e+00 5.776709024598468689e-01 2.793356947634844101e-01 -7.423615369258239616e-01
2.299999999999999822e+00 6.824689168299916675e-01 4.129127497876085573e-01 -5.692890602158949820e-01
2.399999999999999911e+00 7.198972019186589133e-01 5.481944866771668590e-01 -3.724721040457843468e-01
2.500000000000000000e+00 6.861558182063436373e-01 6.741331522525211284e-01 -1.701876476095282031e-01
2.600000000000000089e+00 5.840212711183037086e-01 7.804605216420401614e-01 1.845721506634586534e-02
2.699999999999999734e+00 4.226975826528200919e-01 8.585298664779454914e-01 1.754339795247533695e-01
2.799999999999999822e+00 2.170510958608743990e-01 9.020124607180252108e-01 2.855979183751766182e-01
2.899999999999999911e+00 -1.372421043781275884e-02 9.074203574205930156e-01 3.382253410012215911e-01
3.000000000000000000e+00 -2.478729524081172975e-01 8.743963172181159482e-01 3.281199888970610656e-01
