1.000000000000000056e-01 -7.718234869929337799e-03 2.633713883899539421e-01 -9.646621684847510592e-01
2.000000000000000111e-01 -4.781923481196895254e-03 5.064461338039616400e-01 -8.622330570060339205e-01
2.999999999999999889e-01 1.803956199060886140e-02 7.107140372635276648e-01 -7.031032339348715077e-01
4.000000000000000222e-01 6.728831944993468595e-02 8.610754164050338222e-01 -5.034183626157610059e-01
5.000000000000000000e-01 1.458647202605407034e-01 9.471548458243852497e-01 -2.834483850616694722e-01
5.999999999999999778e-01 2.524846401861211564e-01 9.641918186468672047e-01 -6.553445249310418941e-02
6.999999999999999556e-01 3.816321709488738056e-01 9.134207760761765549e-01 1.281733408111684624e-01
7.999999999999999334e-01 5.240044336308914419e-01 8.019099716886169960e-01 2.779672107542128789e-01
8.999999999999999112e-01 6.674060934679810764e-01 6.418852213272806528e-01 3.685756263505174934e-01
9.999999999999998890e-01 7.980265703974591673e-01 4.495878595355389806e-01 3.907296424818640923e-01
1.099999999999999867e+00 9.019392272047326298e-01 2.437791700811522966e-01 3.421215165022375992e-01
1.199999999999999956e+00 9.666753440022415322e-01 4.403795478266327168e-02 2.276577414934390642e-01
1.300000000000000044e+00 9.827043183323651565e-01 -1.310066696260764330e-01 5.898940114593811263e-02
1.399999999999999911e+00 9.446505066021222419e-01 -2.653355191253761736e-01 -1.466412284991784887e-01
1.500000000000000000e+00 8.521105385449397884e-01 -3.469487861668971163e-01 -3.681137216532049949e-01
1.599999999999999867e+00 7.099747586419217216e-01 -3.688931705825601592e-01 -5.825452070635502855e-01
1.699999999999999956e+00 5.281994346798265516e-01 -3.298231386328135950e-01 -7.675894455590113186e-01
1.800000000000000044e+00 3.210378157658410614e-01 -2.340343750219497920e-01 -9.036937735825739670e-01
1.899999999999999911e+00 1.058063156613503752e-01 -9.099557326160348514e-02 -9.760714953192585197e-01
2.000000000000000000e+00 -9.871585414306272011e-02 8.560074916857926541e-02 -9.762177772847944190e-01
2.099999999999999645e+00 -2.740829341857617396e-01 2.791523607783485961e-01 -9.027940322871116363e-01
2.199999999999999734e+00 -4.040065577725138191e-01 4.717131991618420672e-01 -7.618040969984689603e-01
2.299999999999999822e+00 -4.760170872560707811e-01 6.456768867016703384e-01 -5.660278053936776965e-01
2.399999999999999911e+00 -4.827829141204046937e-01 7.853782656719495714e-01 -3.337966589455857447e-01
2.500000000000000000e+00 -4.229628596061771884e-01 8.785300481130705608e-01 -8.718705654591893395e-02
2.600000000000000089e+00 -3.014825304069692069e-01 9.173028278704392635e-01 1.501497351499603006e-01
2.699999999999999734e+00 -1.291988002060198149e-01 8.989900413247542410e-01 3.553220659772879375e-01
2.799999999999999822e+00 7.802711645862138445e-02 8.261884316991295885e-01 5.084730938895627439e-01
2.899999999999999911e+00 3.007644662953002923e-01 7.064843020926017125e-01 5.947520275531805733e-01
3.000000000000000000e+00 5.178265802456958333e-01 5.516797005935419884e-01 6.057991065506950212e-01
