1.000000000000000056e-01 2.408552582706632861e-01 1.876624048415278800e-01 -9.522438078732976541e-01
2.000000000000000111e-01 4.609256896026032169e-01 3.541654039521327513e-01 -8.136732197250258203e-01
2.999999999999999889e-01 6.413627149017862017e-01 4.805292787146506206e-01 -5.979219451858100998e-01
4.000000000000000222e-01 7.670132039737220797e-01 5.519180123446384423e-01 -3.262116425630670613e-01
5.000000000000000000e-01 8.278164512073010739e-01 5.591781805566243824e-01 -2.526226638766168944e-02
5.999999999999999778e-01 8.197231673816051112e-01 4.998060413744267461e-01 2.753356207930466870e-01
6.999999999999999556e-01 7.450433197308438116e-01 3.782368799107194701e-01 5.460480659270070536e-01
7.999999999999999334e-01 6.121878857999091261e-01 2.054336671890025778e-01 7.602931214006736216e-01
8.999999999999999112e-01 4.348413213565984203e-01 -2.187338741050225133e-03 8.970599583950011890e-01
9.999999999999998890e-01 2.306256726736850282e-01 -2.244038677601923604e-01 9.429806137663223620e-01
1.099999999999999867e+00 1.941891437913595073e-02 -4.391998773600671035e-01 8.936314244612060254e-01
1.199999999999999956e+00 -1.785488001108003209e-01 -6.249988234568362166e-01 7.539666338089120456e-01
1.300000000000000044e+00 -3.446079127636121897e-01 -7.628435451186109661e-01 5.378208101129452468e-01
1.399999999999999911e+00 -4.634016490853579695e-01 -8.383317832661821845e-01 2.665401267726575374e-01
1.500000000000000000e+00 -5.243109521684591323e-01 -8.431031307229986949e-01 -3.312736173407983958e-02
1.599999999999999867e+00 -5.224131268570060271e-01 -7.757270808784751948e-01 -3.316648696818150777e-01
1.699999999999999956e+00 -4.588894438560476852e-01 -6.419023349910486509e-01 -5.997007604047398521e-01
1.800000000000000044e+00 -3.408417154448784014e-01 -4.539392061052130445e-01 -8.108969441907845077e-01
1.899999999999999911e+00 -1.805453758035628353e-01 -2.295845159374362010e-01 -9.445303956582183913e-01
2.000000000000000000e+00 5.789740309927592088e-03 9.704211874153894149e-03 -9.875247811105600793e-01
2.099999999999999645e+00 1.996194608997114150e-01 2.408537266046297809e-01 -9.357246102556168177e-01
2.199999999999999734e+00 3.818882265420658895e-01 4.414599373341007715e-01 -7.942908024241053244e-01
2.299999999999999822e+00 5.348733167774787356e-01 5.919943665342066730e-01 -5.771738528432678317e-01
2.399999999999999911e+00 6.438853029901341340e-01 6.777437801530391548e-01 -3.057292318986454260e-01
2.500000000000000000e+00 6.986629641108057509e-01 6.902802546055250010e-01 -6.606493255860470572e-03
2.600000000000000089e+00 6.943251576486642040e-01 6.283126044093308993e-01 2.908916189242919392e-01
2.699999999999999734e+00 6.317902013172873588e-01 4.978340191403890502e-01 5.576740438841524261e-01
2.799999999999999822e+00 5.176309611333294036e-01 3.115506199486388073e-01 7.677345493840385116e-01
2.899999999999999911e+00 3.633863128174266710e-01 8.765505566959444494e-02 9.006838734599275087e-01
3.000000000000000000e+00 1.843875348436353478e-01 -1.519596731996354089e-01 9.437488926916736132e-01
