1.000000000000000056e-01 5.553760419444957186e-02 2.038571594993186520e-01 -9.774229097484433693e-01
2.000000000000000111e-01 1.167661522738157320e-01 3.929633933019464620e-01 -9.120910372793471499e-01
2.999999999999999889e-01 1.883730442514831016e-01 5.538084724410962112e-01 -8.109516474262555841e-01
4.000000000000000222e-01 2.731629746336211584e-01 6.752630652845156289e-01 -6.847680700166122181e-01
5.000000000000000000e-01 3.714151312460273191e-01 7.495077425548586358e-01 -5.469870288965648086e-01
5.999999999999999778e-01 4.805543318628258675e-01 7.726817977212436794e-01 -4.123237765189364246e-01
6.999999999999999556e-01 5.951997223227807332e-01 7.451947779463515831e-01 -2.951996793645405570e-01
7.999999999999999334e-01 7.075759227556687181e-01 6.716688477491452591e-01 -2.082146707236598171e-01
8.999999999999999112e-01 8.082661175708202306e-01 5.605250159582100267e-01 -1.607934298757032199e-01
9.999999999999998890e-01 8.872208171801952981e-01 4.232469435385695089e-01 -1.581649077796697944e-01
1.099999999999999867e+00 9.349250140152624011e-01 2.733767867941580554e-01 -2.007664761786381591e-01
1.199999999999999956e+00 9.435764471885498272e-01 1.253577332832473135e-01 -2.841488310862900213e-01
1.300000000000000044e+00 9.081623122235008561e-01 -6.724597302720417002e-03 -3.993926221693394618e-01
1.399999999999999911e+00 8.272879073834559227e-01 -1.103308383072859195e-01 -5.339893337980505805e-01
1.500000000000000000e+00 7.036693975058875283e-01 -1.755447999822525862e-01 -6.731074704790023233e-01
1.599999999999999867e+00 5.441988302806588518e-01 -1.959089974506326992e-01 -8.011229952796862230e-01
1.699999999999999956e+00 3.595881840195419565e-01 -1.689568659683308716e-01 -9.032263766451201770e-01
1.800000000000000044e+00 1.635578669375915561e-01 -9.639662203251242456e-02 -9.669917968390797647e-01
1.899999999999999911e+00 -2.829118720532925596e-02 1.605433341314897733e-02 -9.836907233787542948e-01
2.000000000000000000e+00 -1.999048615635706516e-01 1.592013717957987684e-01 -9.492631172937999740e-01
2.099999999999999645e+00 -3.362781530121550233e-01 3.211763490187946601e-01 -8.648108537883623104e-01
2.199999999999999734e+00 -4.249634099989617608e-01 4.884956697815284188e-01 -7.365697508502692115e-01
2.299999999999999822e+00 -4.573659148062718671e-01 6.472349381275328550e-01 -5.753553441603207474e-01
2.399999999999999911e+00 -4.297110036281683310e-01 7.842362681086392229e-01 -3.955528184349038079e-01
2.500000000000000000e+00 -3.435975582002933626e-01 8.882585998752178247e-01 -2.136970929142756326e-01
2.600000000000000089e+00 -2.060272655152085020e-01 9.509304421621895820e-01 -4.686148022820441073e-02
2.699999999999999734e+00 -2.891955974758016190e-02 9.674692085991418722e-01 8.905936818074502992e-02
2.799999999999999822e+00 1.718778134783994216e-01 9.370731825373525004e-01 1.809593339888823094e-01
2.899999999999999911e+00 3.779611509196834085e-01 8.629675680375379354e-01 2.198533709717653273e-01
3.000000000000000000e+00 5.700577038788288142e-01 7.520986123322230821e-01 2.018327964108465877e-01
