1.000000000000000056e-01 -1.234306479279550922e-01 -2.620723128834500648e-01 -9.571206051624339128e-01
2.000000000000000111e-01 -2.431117632419273755e-01 -4.973753674947392067e-01 -8.327464477459566305e-01
2.999999999999999889e-01 -3.553515569653326045e-01 -6.818092508573797561e-01 -6.392474476100415970e-01
4.000000000000000222e-01 -4.565849213799178519e-01 -7.963550031622184111e-01 -3.958685307571077616e-01
5.000000000000000000e-01 -5.434671619258256703e-01 -8.289775307552373906e-01 -1.268129283346625391e-01
5.999999999999999778e-01 -6.129953582114684441e-01 -7.758350013903241305e-01 1.411581937287664235e-01
6.999999999999999556e-01 -6.626598970847300540e-01 -6.416793429599574328e-01 3.813987987139879632e-01
7.999999999999999334e-01 -6.906137341624445369e-01 -4.394004122122037725e-01 5.700200876520387094e-01
8.999999999999999112e-01 -6.958483612116461714e-01 -1.887671040735707517e-01 6.882706814722147071e-01
9.999999999999998890e-01 -6.783560311523176845e-01 8.551916719917607157e-02 7.244066329732887777e-01
1.099999999999999867e+00 -6.392559012262728491e-01 3.562628416603038639e-01 6.748622484854148729e-01
1.199999999999999956e+00 -5.808584997613084333e-01 5.964641956790227573e-01 5.446076490799302006e-01
1.300000000000000044e+00 -5.066537504513516366e-01 7.819836059093039360e-01 3.466646628454127521e-01
1.399999999999999911e+00 -4.211982916762039841e-01 8.939473187523898634e-01 1.008168014201309554e-01
1.500000000000000000e+00 -3.299108796181766667e-01 9.206203836603402690e-01 -1.683527513273192500e-01
1.599999999999999867e+00 -2.387673018067121844e-01 8.585846114112836158e-01 -4.338943848452546659e-01
1.699999999999999956e+00 -1.539179366579023767e-01 7.130999340473103132e-01 -6.691648545798206671e-01
1.800000000000000044e+00 -8.125091731366507197e-02 4.976097710712517053e-01 -8.504726634221780879e-01
1.899999999999999911e+00 -2.593533216675739106e-02 2.324403724325041498e-01 -9.594288186291678455e-01
2.000000000000000000e+00 8.012141549285527187e-03 -5.717485268043047408e-02 -9.847722422683162780e-01
2.099999999999999645e+00 1.809857282180291765e-02 -3.435546864645493415e-01 -9.234932954695216356e-01
2.199999999999999734e+00 3.624396588265733216e-03 -5.992807243332276546e-01 -7.811370409998243947e-01
2.299999999999999822e+00 -3.418055788599404232e-02 -7.998638548378931290e-01 -5.712656275747541867e-01
2.399999999999999911e+00 -9.218638359856293207e-02 -9.261490324868952850e-01 -3.141149129664524420e-01
2.500000000000000000e+00 -1.655426207477515566e-01 -9.661716469606219659e-01 -3.461877434464803727e-02
2.600000000000000089e+00 -2.480348651812280814e-01 -9.163339489466244547e-01 2.400722812266813111e-01
2.699999999999999734e+00 -3.325605711491912975e-01 -7.817471490941449996e-01 4.832402021009493676e-01
2.799999999999999822e+00 -4.117133345063030414e-01 -5.757255101231708583e-01 6.712552284856213580e-01
2.899999999999999911e+00 -4.784148069134985803e-01 -3.184812091703962955e-01 7.858855502184809438e-01
3.000000000000000000e+00 -5.265375228510696948e-01 -3.514994420605527942e-02 8.160935483739449881e-01
