1.000000000000000056e-01 2.562421965833015514e-01 -1.069659270126813999e-01 -9.606743634911433238e-01
2.000000000000000111e-01 4.873847732538189037e-01 -2.135560995484937774e-01 -8.466427935010675254e-01
2.999999999999999889e-01 6.707946167203182597e-01 -3.190494291918830050e-01 -6.693476048820136137e-01
4.000000000000000222e-01 7.885341621530345124e-01 -4.220972711474421657e-01 -4.465774410744890455e-01
5.000000000000000000e-01 8.291209972969103559e-01 -5.205369498066100276e-01 -2.006913889971620457e-01
5.999999999999999778e-01 7.886669721110753928e-01 -6.113531652710864073e-01 4.362719143041880049e-02
6.999999999999999556e-01 6.712620265675560693e-01 -6.908014435135161335e-01 2.618443552106956562e-01
7.999999999999999334e-01 4.885832855911387274e-01 -7.546790945316969035e-01 4.320385666747143527e-01
8.999999999999999112e-01 2.587580201948778136e-01 -7.987347179276351739e-01 5.371013691802798418e-01
9.999999999999998890e-01 4.591401271267496476e-03 -8.191650539341904791e-01 5.664617939207471364e-01
1.099999999999999867e+00 -2.486568068943690868e-01 -8.131399938937294847e-01 5.171568352101643118e-01
1.199999999999999956e+00 -4.757439006201017451e-01 -7.792982737234657176e-01 3.941433924754357832e-01
1.300000000000000044e+00 -6.539172809396680552e-01 -7.181407662058184593e-01 2.098138727344907029e-01
1.399999999999999911e+00 -7.651338187862155582e-01 -6.322684224984396195e-01 -1.722763405316639004e-02
1.500000000000000000e+00 -7.978306804104650096e-01 -5.264205401022192810e-01 -2.640023711537084483e-01
1.599999999999999867e+00 -7.480608480253905235e-01 -4.072863115152878799e-01 -5.054686160835927256e-01
1.699999999999999956e+00 -6.198850855861300913e-01 -2.830982811973237756e-01 -7.169938889198389509e-01
1.800000000000000044e+00 -4.249834501027842659e-01 -1.630297395247167214e-01 -8.768290159405699447e-01
1.899999999999999911e+00 -1.815246229109724330e-01 -5.643813405243061632e-02 -9.682846947795783477e-01
2.000000000000000000e+00 8.759080859751612602e-02 2.796347432365777624e-02 -9.814066890804659105e-01
2.099999999999999645e+00 3.569560876169496910e-01 8.293170335728616838e-02 -9.139896557567120938e-01
2.199999999999999734e+00 6.011190487434430185e-01 1.034404450049636603e-01 -7.718169878807716877e-01
2.299999999999999822e+00 7.970422188693037091e-01 8.725124304022419119e-02 -5.681124188065446168e-01
2.399999999999999911e+00 9.263359524860154126e-01 3.525108703563563373e-02 -3.222465294689740301e-01
2.500000000000000000e+00 9.770272658024949930e-01 -4.848694955584773036e-02 -5.783169646727460977e-02
2.600000000000000089e+00 9.447050727878435472e-01 -1.569480264590040197e-01 1.995926566004136704e-01
2.699999999999999734e+00 8.329339216080060559e-01 -2.807085283034655987e-01 4.250957003223476693e-01
2.799999999999999822e+00 6.528934720238335210e-01 -4.087171801561947371e-01 5.968015058482342150e-01
2.899999999999999911e+00 4.222700622091384304e-01 -5.292701296803968836e-01 6.980673048975343242e-01
3.000000000000000000e+00 1.635450635614437154e-01 -6.310627266622034215e-01 7.191198223079906526e-01
