1.000000000000000056e-01 9.756232127554818057e-01 1.220323637087099115e-02 1.217355087364794392e-02 0.000000000000000000e+00 -5.901854452688093389e-02 9.177457207836163533e-02 1.089714339168191271e-01 1.423168560060257331e-03 -6.458153778317712694e-03 -1.033677747716282153e-02 0.000000000000000000e+00 0.000000000000000000e+00 0.000000000000000000e+00 0.000000000000000000e+00 0.000000000000000000e+00 0.000000000000000000e+00
2.000000000000000111e-01 9.059247756888320069e-01 4.728088258496778579e-02 4.679434172619816035e-02 0.000000000000000000e+00 -1.186981458169916737e-01 1.695395916720628948e-01 2.056121375438822452e-01 1.076115426816887273e-02 -2.492628348222867413e-02 -3.988932399302298065e-02 0.000000000000000000e+00 0.000000000000000000e+00 0.000000000000000000e+00 0.000000000000000000e+00 0.000000000000000000e+00 0.000000000000000000e+00
2.999999999999999889e-01 8.004258785998814574e-01 1.009605198789282204e-01 9.861360152118674172e-02 0.000000000000000000e+00 -1.779426450680213767e-01 2.216930939368158826e-01 2.789999965336273924e-01 3.304361624312822376e-02 -5.287242325079632987e-02 -8.462025370233450250e-02 0.000000000000000000e+00 0.000000000000000000e+00 0.000000000000000000e+00 0.000000000000000000e+00 0.000000000000000000e+00 0.000000000000000000e+00
4.000000000000000222e-01 6.726358872635853636e-01 1.671166514617244969e-01 1.602474612746907778e-01 0.000000000000000000e+00 -2.329455794943672553e-01 2.411327728072310550e-01 3.210915099095471570e-01 6.847215172984215392e-02 -8.665307507941757970e-02 -1.388209772090720495e-01 0.000000000000000000e+00 0.000000000000000000e+00 0.000000000000000000e+00 0.000000000000000000e+00 0.000000000000000000e+00 0.000000000000000000e+00
5.000000000000000000e-01 5.372915125971214900e-01 2.389360964911614593e-01 2.237723909117179111e-01 0.000000000000000000e+00 -2.775410679726286745e-01 2.266038223885463165e-01 3.281147400308823125e-01 1.121236986857441359e-01 -1.222011796465701516e-01 -1.963012309686275325e-01 0.000000000000000000e+00 0.000000000000000000e+00 0.000000000000000000e+00 0.000000000000000000e+00 0.000000000000000000e+00 0.000000000000000000e+00
5.999999999999999778e-01 4.076212503504990647e-01 3.101056920538626249e-01 2.822730575956408638e-01 0.000000000000000000e+00 -3.048142867636233766e-01 1.830134435242282698e-01 3.015421402895844816e-01 1.553474631219296520e-01 -1.557418270013089523e-01 -2.515531061136023205e-01 0.000000000000000000e+00 0.000000000000000000e+00 0.000000000000000000e+00 0.000000000000000000e+00 0.000000000000000000e+00 0.000000000000000000e+00
6.999999999999999556e-01 2.934103477035540641e-01 3.756696142471526167e-01 3.309200380492925420e-01 0.000000000000000000e+00 -3.094138691866649138e-01 1.203678101574595233e-01 2.481261434311342051e-01 1.884907965755384940e-01 -1.843338044630096206e-01 -3.005622257872599401e-01 0.000000000000000000e+00 0.000000000000000000e+00 0.000000000000000000e+00 0.000000000000000000e+00 0.000000000000000000e+00 0.000000000000000000e+00
7.999999999999999334e-01 2.001375205767393084e-01 4.324617352043071961e-01 3.674007442189587969e-01 0.000000000000000000e+00 -2.896498820050590894e-01 5.152441426344334802e-02 1.787334188241291311e-01 2.039241010471084248e-01 -2.061734536356500114e-01 -3.411440610283741348e-01 0.000000000000000000e+00 0.000000000000000000e+00 0.000000000000000000e+00 0.000000000000000000e+00 0.000000000000000000e+00 0.000000000000000000e+00
8.999999999999999112e-01 1.291721627700810615e-01 4.791095897775032308e-01 3.917182474524124047e-01 0.000000000000000000e+00 -2.485379587401923829e-01 -1.079374647781540693e-02 1.060485764310331869e-01 1.983753831714873128e-01 -2.206226922743280694e-01 -3.728291787072272045e-01 0.000000000000000000e+00 0.000000000000000000e+00 0.000000000000000000e+00 0.000000000000000000e+00 0.000000000000000000e+00 0.000000000000000000e+00
9.999999999999998890e-01 7.873781066242287185e-02 5.156902806669491079e-01 4.055719086706248699e-01 0.000000000000000000e+00 -1.932983345177633205e-01 -5.692167898509031126e-02 4.171836352989204827e-02 1.737625456957175296e-01 -2.280346112317712670e-01 -3.964211239206675841e-01 0.000000000000000000e+00 0.000000000000000000e+00 0.000000000000000000e+00 0.000000000000000000e+00 0.000000000000000000e+00 0.000000000000000000e+00
1.099999999999999867e+00 4.523251395375080947e-02 5.432333475563233538e-01 4.115341384899275923e-01 0.000000000000000000e+00 -1.334925000747216040e-01 -8.216789142709229887e-02 -6.153912955175561139e-03 1.362969295486096688e-01 -2.294307608435718349e-01 -4.134254390599466089e-01 0.000000000000000000e+00 0.000000000000000000e+00 0.000000000000000000e+00 0.000000000000000000e+00 0.000000000000000000e+00 0.000000000000000000e+00
1.199999999999999956e+00 2.442524258126266279e-02 5.632457962037271670e-01 4.123289612150111139e-01 0.000000000000000000e+00 -7.845220076783129826e-02 -8.719327606940337205e-02 -3.437414355879056527e-02 9.428495717581432400e-02 -2.261712273656237282e-01 -4.255456849339491754e-01 0.000000000000000000e+00 0.000000000000000000e+00 0.000000000000000000e+00 0.000000000000000000e+00 0.000000000000000000e+00 0.000000000000000000e+00
1.300000000000000044e+00 1.235973254958366158e-02 5.773194961288549143e-01 4.103207713215583641e-01 0.000000000000000000e+00 -3.495884137620059590e-02 -7.689859530382545105e-02 -4.454900057365194371e-02 5.555935140472348377e-02 -2.196693683699726396e-01 -4.343173373774105173e-01 0.000000000000000000e+00 0.000000000000000000e+00 0.000000000000000000e+00 0.000000000000000000e+00 0.000000000000000000e+00 0.000000000000000000e+00
1.399999999999999911e+00 5.839735064210437726e-03 5.869033631722502253e-01 4.072569017635385147e-01 0.000000000000000000e+00 -5.990237098562290093e-03 -5.823639061272304490e-02 -4.159654539402730250e-02 2.545584037096976920e-02 -2.111881937299626699e-01 -4.409308246729772840e-01 0.000000000000000000e+00 0.000000000000000000e+00 0.000000000000000000e+00 0.000000000000000000e+00 0.000000000000000000e+00 0.000000000000000000e+00
1.500000000000000000e+00 2.564101454007588089e-03 5.931921073717462134e-01 4.042437911742482459e-01 0.000000000000000000e+00 9.217387283185239644e-03 -3.789517775038954428e-02 -3.163962631131896075e-02 5.954504697195053646e-03 -2.017399542736067752e-01 -4.462008709377360827e-01 0.000000000000000000e+00 0.000000000000000000e+00 0.000000000000000000e+00 0.000000000000000000e+00 0.000000000000000000e+00 0.000000000000000000e+00
1.599999999999999867e+00 1.041085813158319946e-03 5.971148054980851549e-01 4.018441086887556968e-01 0.000000000000000000e+00 1.398515916784224405e-02 -2.064129504921678043e-02 -2.007548685272566094e-02 -3.915229068638097915e-03 -1.920528383283097440e-01 -4.506248706931575976e-01 0.000000000000000000e+00 0.000000000000000000e+00 0.000000000000000000e+00 0.000000000000000000e+00 0.000000000000000000e+00 0.000000000000000000e+00
1.699999999999999956e+00 3.883488470094820320e-04 5.993732758859930954e-01 4.002383752669963490e-01 0.000000000000000000e+00 1.255655066094807891e-02 -8.665965329133372766e-03 -1.039640093183996118e-02 -6.880912612764056822e-03 -1.826017658500062313e-01 -4.544763813751624970e-01 0.000000000000000000e+00 0.000000000000000000e+00 0.000000000000000000e+00 0.000000000000000000e+00 0.000000000000000000e+00 0.000000000000000000e+00
1.800000000000000044e+00 1.318276900002319423e-04 6.004841893224101002e-01 3.993839829875852621e-01 0.000000000000000000e+00 8.685227965477677198e-03 -1.930605583061539106e-03 -3.983893661181568333e-03 -6.064523507565348741e-03 -1.736572016211050951e-01 -4.578940309456622781e-01 0.000000000000000000e+00 0.000000000000000000e+00 0.000000000000000000e+00 0.000000000000000000e+00 0.000000000000000000e+00 0.000000000000000000e+00
1.899999999999999911e+00 4.030236593944114487e-05 6.008195102048952130e-01 3.991401874291684027e-01 0.000000000000000000e+00 4.841838913587984995e-03 8.780815374536849209e-04 -6.587573226576321070e-04 -3.956301515914752501e-03 -1.653390966843533427e-01 -4.609492325835991000e-01 0.000000000000000000e+00 0.000000000000000000e+00 0.000000000000000000e+00 0.000000000000000000e+00 0.000000000000000000e+00 0.000000000000000000e+00
2.000000000000000000e+00 1.094470297163891641e-05 6.006519452798787517e-01 3.993371100171511645e-01 0.000000000000000000e+00 2.131848249753446646e-03 1.424492857649973902e-03 5.400536372439332681e-04 -2.019645486210562297e-03 -1.576706351208327639e-01 -4.636837098427616377e-01 0.000000000000000000e+00 0.000000000000000000e+00 0.000000000000000000e+00 0.000000000000000000e+00 0.000000000000000000e+00 0.000000000000000000e+00
2.099999999999999645e+00 2.587743205763427555e-06 6.001713777036702391e-01 3.998260345531293170e-01 0.000000000000000000e+00 6.585361707598451049e-04 1.058013877179021919e-03 6.564533646343625106e-04 -7.769804749492783972e-04 -1.506194336804955736e-01 -4.661308058836455825e-01 0.000000000000000000e+00 0.000000000000000000e+00 0.000000000000000000e+00 0.000000000000000000e+00 0.000000000000000000e+00 0.000000000000000000e+00
2.199999999999999734e+00 5.132736435944212753e-07 5.995116848231292206e-01 4.004878019032259151e-01 0.000000000000000000e+00 6.794251421963741901e-05 5.505333518421497846e-04 4.137276826375126159e-04 -1.854246560981888587e-04 -1.441244015920598864e-01 -4.683217630376468321e-01 0.000000000000000000e+00 0.000000000000000000e+00 0.000000000000000000e+00 0.000000000000000000e+00 0.000000000000000000e+00 0.000000000000000000e+00
2.299999999999999822e+00 8.538848364028080930e-08 5.987562743921720498e-01 4.012436402193453322e-01 0.000000000000000000e+00 -7.340003439693516514e-05 2.138007567874200771e-04 1.848593958052941117e-04 8.333809458761749379e-06 -1.381158222566012117e-01 -4.702883868226112596e-01 0.000000000000000000e+00 0.000000000000000000e+00 0.000000000000000000e+00 0.000000000000000000e+00 0.000000000000000000e+00 0.000000000000000000e+00
2.399999999999999911e+00 9.620433441797949501e-09 5.979631135393815855e-01 4.020368768401845205e-01 0.000000000000000000e+00 -5.390021938529674923e-05 5.318582678989364898e-05 5.393327672642064802e-05 3.076361938265942945e-05 -1.325274479367173353e-01 -4.720589986151151329e-01 0.000000000000000000e+00 0.000000000000000000e+00 0.000000000000000000e+00 0.000000000000000000e+00 0.000000000000000000e+00 0.000000000000000000e+00
2.500000000000000000e+00 7.095256598855256802e-10 5.971615909255004739e-01 4.028384083649786396e-01 0.000000000000000000e+00 -1.990579893251623355e-05 3.737724802660587221e-06 7.208150530371200952e-06 1.499221930326285258e-05 -1.273002781536929640e-01 -4.736604944535829365e-01 0.000000000000000000e+00 0.000000000000000000e+00 0.000000000000000000e+00 0.000000000000000000e+00 0.000000000000000000e+00 0.000000000000000000e+00
2.600000000000000089e+00 8.638612328463219242e-11 5.963728520058424465e-01 4.036271479077711555e-01 0.000000000000000000e+00 -3.466979352349458760e-06 7.363483092551728638e-07 1.298084894340251817e-06 2.610958551716805191e-06 -1.223848802703500632e-01 -4.751149486403054567e-01 0.000000000000000000e+00 0.000000000000000000e+00 0.000000000000000000e+00 0.000000000000000000e+00 0.000000000000000000e+00 0.000000000000000000e+00
2.699999999999999734e+00 1.472465919894163590e-10 5.956037287835190819e-01 4.043962710692355911e-01 0.000000000000000000e+00 1.219326794385036208e-07 3.863443068978304515e-06 3.066336229884663021e-06 -8.612786174508219103e-07 -1.177414889245852470e-01 -4.764418838981435700e-01 0.000000000000000000e+00 0.000000000000000000e+00 0.000000000000000000e+00 0.000000000000000000e+00 0.000000000000000000e+00 0.000000000000000000e+00
2.799999999999999822e+00 6.503795981890375964e-11 5.948579291072358943e-01 4.051420708277267968e-01 0.000000000000000000e+00 1.262511730740330906e-07 3.411020249595724317e-06 2.714905763738817592e-06 -7.512669742753149948e-07 -1.133372781965082260e-01 -4.776574448439269149e-01 0.000000000000000000e+00 0.000000000000000000e+00 0.000000000000000000e+00 0.000000000000000000e+00 0.000000000000000000e+00 0.000000000000000000e+00
2.899999999999999911e+00 1.575781771185184782e-10 5.941359689464409399e-01 4.058640308959817200e-01 0.000000000000000000e+00 4.483018681441273253e-06 -1.488249406141384058e-06 -2.022855732978434094e-06 -3.339187553578235719e-06 -1.091462645172997792e-01 -4.787750120786999908e-01 0.000000000000000000e+00 0.000000000000000000e+00 0.000000000000000000e+00 0.000000000000000000e+00 0.000000000000000000e+00 0.000000000000000000e+00
3.000000000000000000e+00 7.829022427080764473e-11 5.934418130724762319e-01 4.065581868492325057e-01 0.000000000000000000e+00 -1.219783072953492450e-06 1.581017925952168684e-06 1.494399967189351278e-06 7.060495615047627043e-07 -1.051467566973940532e-01 -4.798049469047203086e-01 0.000000000000000000e+00 0.000000000000000000e+00 0.000000000000000000e+00 0.000000000000000000e+00 0.000000000000000000e+00 0.000000000000000000e+00
