1.000000000000000056e-01 8.002221777940003999e-01 0.000000000000000000e+00 1.997774638632955901e-01 3.583426999273110388e-07 0.000000000000000000e+00 0.000000000000000000e+00 1.501957635680648551e-01 3.705503877269179513e-01 0.000000000000000000e+00 0.000000000000000000e+00 0.000000000000000000e+00 0.000000000000000000e+00 1.861612105400329737e-05 2.669124124294495418e-04 -4.810774627944107060e-04 2.351983231229144591e-04
2.000000000000000111e-01 6.712739303905489452e-01 0.000000000000000000e+00 3.287241148643928468e-01 1.954745055188667443e-06 0.000000000000000000e+00 0.000000000000000000e+00 1.497555732958186503e-01 4.452383596279353428e-01 0.000000000000000000e+00 0.000000000000000000e+00 0.000000000000000000e+00 0.000000000000000000e+00 7.501208282560525365e-05 7.980883569836277371e-04 -1.046792912063049166e-03 4.651816805080169113e-04
3.000000000000000444e-01 5.259666906178547263e-01 0.000000000000000000e+00 4.740276185379641571e-01 5.690844177419935491e-06 0.000000000000000000e+00 0.000000000000000000e+00 1.488992311661761492e-01 4.766044028227325313e-01 0.000000000000000000e+00 0.000000000000000000e+00 0.000000000000000000e+00 0.000000000000000000e+00 1.707836799761118561e-04 1.633539178517582702e-03 -1.588773262705353052e-03 6.848313662035244304e-04
4.000000000000000222e-01 3.786434621900238162e-01 0.000000000000000000e+00 6.213440086360852987e-01 1.252917389178326967e-05 0.000000000000000000e+00 0.000000000000000000e+00 1.479611346553552365e-01 4.619256967239590561e-01 0.000000000000000000e+00 0.000000000000000000e+00 0.000000000000000000e+00 0.000000000000000000e+00 3.087761308505833791e-04 2.773009994787898648e-03 -1.988009363559143511e-03 8.898924379863070366e-04
5.000000000000000000e-01 2.437014537103567025e-01 0.000000000000000000e+00 7.562751840875119314e-01 2.336220213652909387e-05 0.000000000000000000e+00 0.000000000000000000e+00 1.476586549965702988e-01 4.031157195467162668e-01 0.000000000000000000e+00 0.000000000000000000e+00 0.000000000000000000e+00 0.000000000000000000e+00 4.932085819680810104e-04 4.174326175377897873e-03 -2.128735700929992522e-03 1.077908594484454970e-03
5.999999999999999778e-01 1.341493071906786072e-01 0.000000000000000000e+00 8.658118107029525445e-01 3.888210636835724905e-05 0.000000000000000000e+00 0.000000000000000000e+00 1.490074834321995501e-01 3.065041996330341023e-01 0.000000000000000000e+00 0.000000000000000000e+00 0.000000000000000000e+00 0.000000000000000000e+00 7.294493078020184264e-04 5.756082922981256567e-03 -1.912159388852323685e-03 1.248861119144465976e-03
7.000000000000000666e-01 6.028901189435943719e-02 0.000000000000000000e+00 9.396515205779693014e-01 5.946752766809664079e-05 0.000000000000000000e+00 0.000000000000000000e+00 1.531846986979701619e-01 1.821678063163506001e-01 0.000000000000000000e+00 0.000000000000000000e+00 0.000000000000000000e+00 0.000000000000000000e+00 1.023622565443152877e-03 7.404792340375257811e-03 -1.268674006945419951e-03 1.405597641472952197e-03
8.000000000000000444e-01 2.869647646939021968e-02 0.000000000000000000e+00 9.712184273929760359e-01 8.509613763371840043e-05 0.000000000000000000e+00 0.000000000000000000e+00 1.613384653309801464e-01 4.290042273733819106e-02 0.000000000000000000e+00 0.000000000000000000e+00 0.000000000000000000e+00 0.000000000000000000e+00 1.381911959202206585e-03 8.985391270104309269e-03 -1.673377713826586363e-04 1.553691530365543423e-03
9.000000000000000222e-01 4.157458079439738802e-02 0.000000000000000000e+00 9.583101194980679916e-01 1.152997075344359284e-04 0.000000000000000000e+00 0.000000000000000000e+00 1.743863274362488225e-01 -9.711204963486387565e-02 0.000000000000000000e+00 0.000000000000000000e+00 0.000000000000000000e+00 0.000000000000000000e+00 1.809680137332298237e-03 1.035460932132128281e-02 1.378615111759443849e-03 1.700869595729111693e-03
1.000000000000000000e+00 9.656474342757787044e-02 0.000000000000000000e+00 9.032860996333553771e-01 1.491569390712580714e-04 0.000000000000000000e+00 0.000000000000000000e+00 1.928084973541580871e-01 -2.237196319037249304e-01 0.000000000000000000e+00 0.000000000000000000e+00 0.000000000000000000e+00 0.000000000000000000e+00 2.310484058501781346e-03 1.137510672795083271e-02 3.310485630476581696e-03 1.855798060934794403e-03
1.100000000000000089e+00 1.870228094800963081e-01 0.000000000000000000e+00 8.127918536808043104e-01 1.853368391033136087e-04 0.000000000000000000e+00 0.000000000000000000e+00 2.164967705495894346e-01 -3.242526246234360698e-01 0.000000000000000000e+00 0.000000000000000000e+00 0.000000000000000000e+00 0.000000000000000000e+00 2.885008949820013976e-03 1.192966874295864170e-02 5.527640934009622579e-03 2.026672667507620554e-03
1.200000000000000178e+00 3.027379290519550126e-01 0.000000000000000000e+00 6.970398872539347312e-01 2.221836941109451365e-04 0.000000000000000000e+00 0.000000000000000000e+00 2.446513693876024576e-01 -3.888008736016272393e-01 0.000000000000000000e+00 0.000000000000000000e+00 0.000000000000000000e+00 0.000000000000000000e+00 3.530145063116927641e-03 1.193352306912438127e-02 7.895414770474009150e-03 2.219427188929185609e-03
1.300000000000000266e+00 4.309904551484765589e-01 0.000000000000000000e+00 5.687517142141121917e-01 2.578306374098298498e-04 0.000000000000000000e+00 0.000000000000000000e+00 2.757632740891830525e-01 -4.111948163976394399e-01 0.000000000000000000e+00 0.000000000000000000e+00 0.000000000000000000e+00 0.000000000000000000e+00 4.238183009025846444e-03 1.134369523853393479e-02 1.025615177879418694e-02 2.435958647328977534e-03
1.400000000000000133e+00 5.578977591987687168e-01 0.000000000000000000e+00 4.418118935409372505e-01 2.903472602980310580e-04 0.000000000000000000e+00 0.000000000000000000e+00 3.076943677480414308e-01 -3.896280811181644377e-01 0.000000000000000000e+00 0.000000000000000000e+00 0.000000000000000000e+00 0.000000000000000000e+00 4.996221413202204566e-03 1.016447954159118393e-02 1.244347635236029564e-02 2.672822897371934184e-03
1.500000000000000222e+00 6.698386636073077050e-01 0.000000000000000000e+00 3.298434457664490282e-01 3.178906262411182416e-04 0.000000000000000000e+00 0.000000000000000000e+00 3.378339460232350211e-01 -3.268181723528063021e-01 0.000000000000000000e+00 0.000000000000000000e+00 0.000000000000000000e+00 0.000000000000000000e+00 5.785991403553960091e-03 8.448458021238020726e-03 1.429712786574907288e-02 2.920199838151621950e-03
1.600000000000000089e+00 7.548717444385399933e-01 0.000000000000000000e+00 2.447893981711418421e-01 3.388573903185784818e-04 0.000000000000000000e+00 0.000000000000000000e+00 3.633461880191354298e-01 -2.297044803303377181e-01 0.000000000000000000e+00 0.000000000000000000e+00 0.000000000000000000e+00 0.000000000000000000e+00 6.584242018512785621e-03 6.292571321320670000e-03 1.567793002023138219e-02 3.161705185055408828e-03
1.700000000000000178e+00 8.039510892194312586e-01 0.000000000000000000e+00 1.956968995288508040e-01 3.520112517164735669e-04 0.000000000000000000e+00 0.000000000000000000e+00 3.814559247115503759e-01 -1.087295418117073115e-01 0.000000000000000000e+00 0.000000000000000000e+00 0.000000000000000000e+00 0.000000000000000000e+00 7.363143543239906996e-03 3.830356081448460862e-03 1.648052470991532431e-02 3.375223631044796824e-03
1.800000000000000266e+00 8.118485748999112461e-01 0.000000000000000000e+00 1.877948379268002954e-01 3.565871732884431174e-04 0.000000000000000000e+00 0.000000000000000000e+00 3.897706005201626578e-01 2.323468262445870305e-02 0.000000000000000000e+00 0.000000000000000000e+00 0.000000000000000000e+00 0.000000000000000000e+00 8.091698773528844743e-03 1.220508638529378383e-03 1.664341892935252212e-02 3.534316736840791093e-03
1.900000000000000133e+00 7.776923464707320433e-01 0.000000000000000000e+00 2.219553002794610874e-01 3.523532498065627704e-04 0.000000000000000000e+00 0.000000000000000000e+00 3.865774633197751053e-01 1.522195901882436864e-01 0.000000000000000000e+00 0.000000000000000000e+00 0.000000000000000000e+00 0.000000000000000000e+00 8.737131593088386106e-03 -1.367188047724101447e-03 1.615501389636566504e-02 3.610810383425623171e-03
2.000000000000000000e+00 7.050208038884063777e-01 0.000000000000000000e+00 2.946395710848789817e-01 3.396250267148593575e-04 0.000000000000000000e+00 0.000000000000000000e+00 3.711025914585641128e-01 2.645938278850685221e-01 0.000000000000000000e+00 0.000000000000000000e+00 0.000000000000000000e+00 0.000000000000000000e+00 9.267040832016815513e-03 -3.766819145962844919e-03 1.505466474633080677e-02 3.577677834439377431e-03
2.100000000000000089e+00 6.014197872722776284e-01 0.000000000000000000e+00 3.982609778050827942e-01 3.192349226375651981e-04 0.000000000000000000e+00 0.000000000000000000e+00 3.436739865838925878e-01 3.484396987588535000e-01 0.000000000000000000e+00 0.000000000000000000e+00 0.000000000000000000e+00 0.000000000000000000e+00 9.651222047052080213e-03 -5.830328082203655414e-03 1.342936418736736040e-02 3.412678826839224844e-03
2.200000000000000178e+00 4.777027398795775093e-01 0.000000000000000000e+00 5.220048024958346966e-01 2.924576245825031033e-04 0.000000000000000000e+00 0.000000000000000000e+00 3.057908896091008910e-01 3.947848226247330228e-01 0.000000000000000000e+00 0.000000000000000000e+00 0.000000000000000000e+00 0.000000000000000000e+00 9.864218373014448440e-03 -7.440529600404221545e-03 1.140563502937108967e-02 3.101499315649146327e-03
2.300000000000000266e+00 3.468093964975520471e-01 0.000000000000000000e+00 6.529296984867575260e-01 2.609050156881583698e-04 0.000000000000000000e+00 0.000000000000000000e+00 2.600664181079698212e-01 3.985067279528948792e-01 0.000000000000000000e+00 0.000000000000000000e+00 0.000000000000000000e+00 0.000000000000000000e+00 9.887288217367192975e-03 -8.520220965162072016e-03 9.138375872685580714e-03 2.640908405674971451e-03
2.400000000000000355e+00 2.224160907129425768e-01 0.000000000000000000e+00 7.773575284166683863e-01 2.263808703886666693e-04 0.000000000000000000e+00 0.000000000000000000e+00 2.100366977955562264e-01 3.588612663891135313e-01 0.000000000000000000e+00 0.000000000000000000e+00 0.000000000000000000e+00 0.000000000000000000e+00 9.710304109452894128e-03 -9.038189459109963880e-03 6.796070154162984871e-03 2.040631887836945671e-03
2.500000000000000444e+00 1.175534259966599104e-01 0.000000000000000000e+00 8.822558262945436880e-01 1.907477087959994681e-04 0.000000000000000000e+00 0.000000000000000000e+00 1.598790495283481661e-01 2.795547959409100391e-01 0.000000000000000000e+00 0.000000000000000000e+00 0.000000000000000000e+00 0.000000000000000000e+00 9.333405440811126663e-03 -9.009762522378330848e-03 4.546230456825769983e-03 1.324701908252634303e-03
2.600000000000000089e+00 4.321734530068831875e-02 0.000000000000000000e+00 9.566268872947493174e-01 1.557674045632223472e-04 0.000000000000000000e+00 0.000000000000000000e+00 1.140209341819981570e-01 1.683511225392240740e-01 0.000000000000000000e+00 0.000000000000000000e+00 0.000000000000000000e+00 0.000000000000000000e+00 8.767539997496296908e-03 -8.493617035581447691e-03 2.539749905867827798e-03 5.305883114656065845e-04
2.700000000000000178e+00 7.258403620144227714e-03 0.000000000000000000e+00 9.926186093377151742e-01 1.229870421383555694e-04 0.000000000000000000e+00 0.000000000000000000e+00 7.672589246093496074e-02 3.630376215834945491e-02 0.000000000000000000e+00 0.000000000000000000e+00 0.000000000000000000e+00 0.000000000000000000e+00 8.034925166355828471e-03 -7.584141679653738644e-03 8.984514800935721910e-04 -2.923600621418220966e-04
2.800000000000000266e+00 1.354321876496596480e-02 0.000000000000000000e+00 9.863631551086664562e-01 9.362612636833414644e-05 0.000000000000000000e+00 0.000000000000000000e+00 5.164292239638400978e-02 -1.033999013992607796e-01 0.000000000000000000e+00 0.000000000000000000e+00 0.000000000000000000e+00 0.000000000000000000e+00 7.168213846314623952e-03 -6.400474369432861653e-03 -2.956526874948048268e-04 -1.086548915687943337e-03
2.900000000000000355e+00 6.156438961528055281e-02 0.000000000000000000e+00 9.383670911768535738e-01 6.851920786943554434e-05 0.000000000000000000e+00 0.000000000000000000e+00 4.141459561366787889e-02 -2.367590059033212457e-01 0.000000000000000000e+00 0.000000000000000000e+00 0.000000000000000000e+00 0.000000000000000000e+00 6.209196665354813072e-03 -5.073662093648665695e-03 -1.006092231107367282e-03 -1.790564606503226028e-03
3.000000000000000444e+00 1.464853613010612954e-01 0.000000000000000000e+00 8.534665493551415461e-01 4.808934379463364409e-05 0.000000000000000000e+00 0.000000000000000000e+00 4.736614032248510908e-02 -3.503952098639613322e-01 0.000000000000000000e+00 0.000000000000000000e+00 0.000000000000000000e+00 0.000000000000000000e+00 5.206575571966569338e-03 -3.732856480389218530e-03 -1.243586699591389894e-03 -2.344755225001985809e-03
3.100000000000000089e+00 2.596390356697840796e-01 0.000000000000000000e+00 7.403285966638782911e-01 3.236766633504520920e-05 0.000000000000000000e+00 0.000000000000000000e+00 6.930564590887661192e-02 -4.329144595088504910e-01 0.000000000000000000e+00 0.000000000000000000e+00 0.000000000000000000e+00 0.000000000000000000e+00 4.213282400164414243e-03 -2.492179878432142313e-03 -1.062901606763450241e-03 -2.697063194073927046e-03
3.200000000000000178e+00 3.894248172885834691e-01 0.000000000000000000e+00 6.105541347477232428e-01 2.104796369463386919e-05 0.000000000000000000e+00 0.000000000000000000e+00 1.054777195357958219e-01 -4.760665741732632017e-01 0.000000000000000000e+00 0.000000000000000000e+00 0.000000000000000000e+00 0.000000000000000000e+00 3.283040532622154371e-03 -1.439640988777912255e-03 -5.553599735303399541e-04 -2.808589462483170041e-03
3.300000000000000266e+00 5.224993892311380339e-01 0.000000000000000000e+00 4.774870332046305399e-01 1.357756423401320936e-05 0.000000000000000000e+00 0.000000000000000000e+00 1.526774882004188483e-01 -4.755799271827790276e-01 0.000000000000000000e+00 0.000000000000000000e+00 0.000000000000000000e+00 0.000000000000000000e+00 2.467223769975332784e-03 -6.292199806884796231e-04 1.621931592892336964e-04 -2.658563988217808871e-03
3.400000000000000355e+00 6.451533846246493287e-01 0.000000000000000000e+00 3.548373541350036131e-01 9.261240348197809070e-06 0.000000000000000000e+00 0.000000000000000000e+00 2.065024417372469112e-01 -4.316031273332334162e-01 0.000000000000000000e+00 0.000000000000000000e+00 0.000000000000000000e+00 0.000000000000000000e+00 1.811171471653075411e-03 -7.675957517063582505e-05 9.606701128039624085e-04 -2.247672929330370075e-03
3.500000000000000444e+00 7.447377070924845466e-01 0.000000000000000000e+00 2.552549145867257230e-01 7.378320790209636813e-06 0.000000000000000000e+00 0.000000000000000000e+00 2.617519388765489063e-01 -3.486888021299794915e-01 0.000000000000000000e+00 0.000000000000000000e+00 0.000000000000000000e+00 0.000000000000000000e+00 1.351240074678186891e-03 2.397978525405153240e-04 1.713207028146181794e-03 -1.599948608416589153e-03
3.600000000000000089e+00 8.109576616264295712e-01 0.000000000000000000e+00 1.890350471264511112e-01 7.291247116176478453e-06 0.000000000000000000e+00 0.000000000000000000e+00 3.129162415074703274e-01 -2.353355962866500728e-01 0.000000000000000000e+00 0.000000000000000000e+00 0.000000000000000000e+00 0.000000000000000000e+00 1.112186303265957953e-03 3.759560635394957576e-04 2.309079707424871192e-03 -7.622622949738207471e-04
3.700000000000000178e+00 8.369490909538104262e-01 0.000000000000000000e+00 1.630423717507459569e-01 8.537295444112853984e-06 0.000000000000000000e+00 0.000000000000000000e+00 3.547182977111243973e-01 -1.031168898076769980e-01 0.000000000000000000e+00 0.000000000000000000e+00 0.000000000000000000e+00 0.000000000000000000e+00 1.105342341555060103e-03 4.125036674815152002e-04 2.665695072733073948e-03 1.983724255507681442e-04
3.800000000000000266e+00 8.199810890075441838e-01 0.000000000000000000e+00 1.800080179161110683e-01 1.089307634432120897e-05 0.000000000000000000e+00 0.000000000000000000e+00 3.826416925049772599e-01 3.447473286853424551e-02 0.000000000000000000e+00 0.000000000000000000e+00 0.000000000000000000e+00 0.000000000000000000e+00 1.327866279760471328e-03 4.445359459345299500e-04 2.737498831446932672e-03 1.199256600650180091e-03
3.900000000000000355e+00 7.617548069260494659e-01 0.000000000000000000e+00 2.382307898370708832e-01 1.440323687892456416e-05 0.000000000000000000e+00 0.000000000000000000e+00 3.934077763416565787e-01 1.634128751663335988e-01 0.000000000000000000e+00 0.000000000000000000e+00 0.000000000000000000e+00 0.000000000000000000e+00 1.762847950536266780e-03 5.689126688684906273e-04 2.520876705591291143e-03 2.148700849806886234e-03
4.000000000000000000e+00 6.682164958464721360e-01 0.000000000000000000e+00 3.317641325888265880e-01 1.937156469910515248e-05 0.000000000000000000e+00 0.000000000000000000e+00 3.853487511863509796e-01 2.705487114870490650e-01 0.000000000000000000e+00 0.000000000000000000e+00 0.000000000000000000e+00 0.000000000000000000e+00 2.380621245280629007e-03 8.714544313700565590e-04 2.054467306966332486e-03 2.953567827104654122e-03
4.099999999999999645e+00 5.489702983868648412e-01 0.000000000000000000e+00 4.510033863500053641e-01 2.631526313270012265e-05 0.000000000000000000e+00 0.000000000000000000e+00 3.586110915887098516e-01 3.449428156941743984e-01 0.000000000000000000e+00 0.000000000000000000e+00 0.000000000000000000e+00 0.000000000000000000e+00 3.140898159038471669e-03 1.415284930036933477e-03 1.414997328970326543e-03 3.527616745598594061e-03
4.200000000000000178e+00 4.162750440470416868e-01 0.000000000000000000e+00 5.836890688719554854e-01 3.588708100332940737e-05 0.000000000000000000e+00 0.000000000000000000e+00 3.151987608803067942e-01 3.789788011774045118e-01 0.000000000000000000e+00 0.000000000000000000e+00 0.000000000000000000e+00 0.000000000000000000e+00 3.995825227401307578e-03 2.231653473255841309e-03 7.088189502899441222e-04 3.799535614436199121e-03
4.299999999999999822e+00 2.838054361427686523e-01 0.000000000000000000e+00 7.161457900415996169e-01 4.877381563256030680e-05 0.000000000000000000e+00 0.000000000000000000e+00 2.588196819151192263e-01 3.691320041758163750e-01 0.000000000000000000e+00 0.000000000000000000e+00 0.000000000000000000e+00 0.000000000000000000e+00 4.893458692920135168e-03 3.314094724536449568e-03 6.030211408819865224e-05 3.720031748280533401e-03
4.399999999999999467e+00 1.652246461155224000e-01 0.000000000000000000e+00 8.347097685497580910e-01 6.558533471936765021e-05 0.000000000000000000e+00 0.000000000000000000e+00 1.945674802412395432e-01 3.163196470142632943e-01 0.000000000000000000e+00 0.000000000000000000e+00 0.000000000000000000e+00 0.000000000000000000e+00 5.781779993210519816e-03 4.616897072886532762e-03 -4.018987064028462452e-04 3.267229724250167618e-03
4.500000000000000000e+00 7.279243364583561082e-02 0.000000000000000000e+00 9.271208246488921167e-01 8.674170526865299634e-05 0.000000000000000000e+00 0.000000000000000000e+00 1.284328977700404661e-01 2.258148949227720692e-01 0.000000000000000000e+00 0.000000000000000000e+00 0.000000000000000000e+00 0.000000000000000000e+00 6.612360672626247521e-03 6.057782231116243601e-03 -5.594660885114493632e-04 2.449721642172979913e-03
4.599999999999999645e+00 1.610233610381026428e-02 0.000000000000000000e+00 9.837852901577636144e-01 1.123737384267758515e-04 0.000000000000000000e+00 0.000000000000000000e+00 6.674042649959036066e-02 1.067096721045231872e-01 0.000000000000000000e+00 0.000000000000000000e+00 0.000000000000000000e+00 0.000000000000000000e+00 7.343815536336712087e-03 7.524626462455643629e-03 -3.179768819828164583e-04 1.307046270826539439e-03
4.700000000000000178e+00 1.083974943514374621e-03 0.000000000000000000e+00 9.987737726174846786e-01 1.422524389999783704e-04 0.000000000000000000e+00 0.000000000000000000e+00 1.551976552796340524e-02 -2.901341887566147304e-02 0.000000000000000000e+00 0.000000000000000000e+00 0.000000000000000000e+00 0.000000000000000000e+00 7.944675594399224286e-03 8.885951479916333676e-03 3.815793173703250617e-04 -9.270804610646683720e-05
4.799999999999999822e+00 2.939319286175287940e-02 0.000000000000000000e+00 9.704310568269035597e-01 1.757503113430653049e-04 0.000000000000000000e+00 0.000000000000000000e+00 -2.011468581971355765e-02 -1.676885981601189124e-01 0.000000000000000000e+00 0.000000000000000000e+00 0.000000000000000000e+00 0.000000000000000000e+00 8.395266108769268085e-03 1.000365263020823632e-02 1.554598227875466461e-03 -1.658037175177461955e-03
4.900000000000000355e+00 9.823404147334174885e-02 0.000000000000000000e+00 9.015541194462555197e-01 2.118390803990884987e-04 0.000000000000000000e+00 0.000000000000000000e+00 -3.648664847541473188e-02 -2.953506805259061285e-01 0.000000000000000000e+00 0.000000000000000000e+00 0.000000000000000000e+00 0.000000000000000000e+00 8.688415963011184365e-03 1.074689811809458745e-02 3.169075097300205583e-03 -3.281276040455588169e-03
5.000000000000000000e+00 2.006400526613205948e-01 0.000000000000000000e+00 7.991108103268503848e-01 2.491370118272553448e-04 0.000000000000000000e+00 0.000000000000000000e+00 -3.175786479148473562e-02 -3.991554458720191212e-01 0.000000000000000000e+00 0.000000000000000000e+00 0.000000000000000000e+00 0.000000000000000000e+00 8.829376647248237536e-03 1.100591592825740823e-02 5.146556859533448804e-03 -4.847660862182935453e-03
5.099999999999999645e+00 3.261891369206940117e-01 0.000000000000000000e+00 6.735248744948488797e-01 2.859885844548456179e-04 0.000000000000000000e+00 0.000000000000000000e+00 -6.159349706240213607e-03 -4.686774535447300050e-01 0.000000000000000000e+00 0.000000000000000000e+00 0.000000000000000000e+00 0.000000000000000000e+00 8.834291551225930544e-03 1.070400462128726082e-02 7.367674865705125913e-03 -6.245297197074676371e-03
5.200000000000000178e+00 4.620653001824043815e-01 0.000000000000000000e+00 5.376141215263260387e-01 3.205782912701003436e-04 0.000000000000000000e+00 0.000000000000000000e+00 3.799841834174426392e-02 -4.969596991183340973e-01 0.000000000000000000e+00 0.000000000000000000e+00 0.000000000000000000e+00 0.000000000000000000e+00 8.727961770505063624e-03 9.806635345405097931e-03 9.681947030756749353e-03 -7.374822425583393674e-03
5.299999999999999822e+00 5.943688289455933971e-01 0.000000000000000000e+00 4.052801073881049376e-01 3.510636663006182863e-04 0.000000000000000000e+00 0.000000000000000000e+00 9.650966016708613371e-02 -4.812190164449854368e-01 0.000000000000000000e+00 0.000000000000000000e+00 0.000000000000000000e+00 0.000000000000000000e+00 8.540812107617657897e-03 8.326682723755697915e-03 1.192071613159094261e-02 -8.158298093026497555e-03
5.400000000000000355e+00 7.095529574963271857e-01 0.000000000000000000e+00 2.900713191319813644e-01 3.757233716915525440e-04 0.000000000000000000e+00 0.000000000000000000e+00 1.636667096674008504e-01 -4.231242866056291740e-01 0.000000000000000000e+00 0.000000000000000000e+00 0.000000000000000000e+00 0.000000000000000000e+00 8.305353947878511486e-03 6.325161083635525740e-03 1.391257686884782470e-02 -8.546100662572895038e-03
5.500000000000000000e+00 7.957997066722785062e-01 0.000000000000000000e+00 2.038071993837295426e-01 3.930939439895804184e-04 0.000000000000000000e+00 0.000000000000000000e+00 2.327898135280977443e-01 -3.286314091706230012e-01 0.000000000000000000e+00 0.000000000000000000e+00 0.000000000000000000e+00 0.000000000000000000e+00 8.052746979403840530e-03 3.907510359458369643e-03 1.549861014771711579e-02 -8.521568481241260581e-03
5.599999999999999645e+00 8.442519480533644538e-01 0.000000000000000000e+00 1.553459581248952948e-01 4.020938217407038712e-04 0.000000000000000000e+00 0.000000000000000000e+00 2.969028530014493072e-01 -2.073639787306320037e-01 0.000000000000000000e+00 0.000000000000000000e+00 0.000000000000000000e+00 0.000000000000000000e+00 7.809421253670769704e-03 1.215149227669905501e-03 1.654769627143602359e-02 -8.101989943030681735e-03
5.700000000000000178e+00 8.499147676337801549e-01 0.000000000000000000e+00 1.496831167662015516e-01 4.021156000136907860e-04 0.000000000000000000e+00 0.000000000000000000e+00 3.494041016056496085e-01 -7.165655466209873425e-02 0.000000000000000000e+00 0.000000000000000000e+00 0.000000000000000000e+00 0.000000000000000000e+00 7.594417540935536823e-03 -1.585792394095289753e-03 1.696843533814491531e-02 -7.337314843341739487e-03
5.799999999999999822e+00 8.121779397137094403e-01 0.000000000000000000e+00 1.874289799568703563e-01 3.930803294204658648e-04 0.000000000000000000e+00 0.000000000000000000e+00 3.847557333528963119e-01 6.472020112711324158e-02 0.000000000000000000e+00 0.000000000000000000e+00 0.000000000000000000e+00 0.000000000000000000e+00 7.417543668364687780e-03 -4.319107557707459188e-03 1.671820456098939076e-02 -6.304982786133079414e-03
5.900000000000000355e+00 7.348788115022947265e-01 0.000000000000000000e+00 2.647457427827275556e-01 3.754457149772761357e-04 0.000000000000000000e+00 0.000000000000000000e+00 3.990480767409526619e-01 1.879272800347462635e-01 0.000000000000000000e+00 0.000000000000000000e+00 0.000000000000000000e+00 0.000000000000000000e+00 7.278697631599855521e-03 -6.813091631432912319e-03 1.580730286229650033e-02 -5.102575374297386307e-03
6.000000000000000000e+00 6.259226586556263516e-01 0.000000000000000000e+00 3.737271702396666173e-01 3.501711047054260569e-04 0.000000000000000000e+00 0.000000000000000000e+00 3.904164684108173411e-01 2.854807651868411233e-01 0.000000000000000000e+00 0.000000000000000000e+00 0.000000000000000000e+00 0.000000000000000000e+00 7.167936731568179919e-03 -8.915668365289411423e-03 1.429848545679124165e-02 -3.838403127222823636e-03
