1.000000000000000056e-01 3.832309260936713696e-12 7.123262689023692638e-11 -1.000000000000000000e+00
2.000000000000000111e-01 6.744393705772763256e-12 1.305678202565018608e-10 -9.999999999999974465e-01
2.999999999999999889e-01 1.555983089152036643e-11 3.298977129293114042e-10 -9.999999999999984457e-01
4.000000000000000222e-01 1.720073087310528026e-11 4.185126707079946277e-10 -1.000000000000000000e+00
5.000000000000000000e-01 -5.700264804298679658e-12 -1.532411397044224574e-10 -9.999999999999976685e-01
5.999999999999999778e-01 -5.728704109487033440e-11 -2.272884622100116881e-09 -1.000000000000003331e+00
6.999999999999999556e-01 -1.094813384337319504e-10 -7.153097424908981643e-09 -1.000000000000000666e+00
7.999999999999999334e-01 -6.157288255091058239e-11 -1.627811545888160019e-08 -9.999999999999980016e-01
8.999999999999999112e-01 2.908535626100056970e-10 -3.126744593124752803e-08 -1.000000000000003775e+00
9.999999999999998890e-01 1.284480735061507249e-09 -5.370623439856972521e-08 -9.999999999999988898e-01
1.099999999999999867e+00 3.402315477204510880e-09 -8.492065582618451744e-08 -9.999999999999946709e-01
1.199999999999999956e+00 7.258581216414719667e-09 -1.257020505597500159e-07 -9.999999999999906741e-01
1.300000000000000044e+00 1.354868853742337415e-08 -1.760339448409385008e-07 -9.999999999999834577e-01
1.399999999999999911e+00 2.295401420041681581e-08 -2.348007746175203838e-07 -9.999999999999741318e-01
1.500000000000000000e+00 3.598630027799744920e-08 -2.995371812285593327e-07 -9.999999999999568123e-01
1.599999999999999867e+00 5.279107716332141287e-08 -3.662192004899149788e-07 -9.999999999999320544e-01
1.699999999999999956e+00 7.288664647185683825e-08 -4.291508820207184504e-07 -9.999999999999057421e-01
1.800000000000000044e+00 9.487204673629781433e-08 -4.809475544742742313e-07 -9.999999999998812061e-01
1.899999999999999911e+00 1.161157933782714502e-07 -5.126661795951846481e-07 -9.999999999998639977e-01
2.000000000000000000e+00 1.324453469732895379e-07 -5.140864042771888832e-07 -9.999999999998613331e-01
2.099999999999999645e+00 1.378832926930468226e-07 -4.741547147626863539e-07 -9.999999999998770983e-01
2.199999999999999734e+00 1.244517825475683778e-07 -3.816008331838063944e-07 -9.999999999999172884e-01
2.299999999999999822e+00 8.211020227748606479e-08 -2.257015037545270121e-07 -9.999999999999706901e-01
2.399999999999999911e+00 -1.141389308354563384e-09 2.823952241417685831e-09 -1.000000000000000000e+00
2.500000000000000000e+00 -1.389673524403863351e-07 3.108344797280792729e-07 -9.999999999999383826e-01
2.600000000000000089e+00 -3.461397358964411660e-07 7.017628694086986745e-07 -9.999999999996930233e-01
2.699999999999999734e+00 -6.377443371873254139e-07 1.174651164420132617e-06 -9.999999999991070476e-01
2.799999999999999822e+00 -1.028095307486673127e-06 1.723317996031827195e-06 -9.999999999979871657e-01
2.899999999999999911e+00 -1.529425338082638156e-06 2.335741235130275477e-06 -9.999999999960991204e-01
3.000000000000000000e+00 -2.150349080683726828e-06 2.993745856228758326e-06 -9.999999999932047690e-01
