1.000000000000000056e-01 5.549684418022112940e-08 -3.380893985278996444e-08 -9.999999999999998890e-01
2.000000000000000111e-01 4.407406627551659579e-07 -2.705562204263268841e-07 -9.999999999998674394e-01
2.999999999999999889e-01 1.440867707563865496e-06 -8.957403931062605434e-07 -9.999999999985570431e-01
4.000000000000000222e-01 3.254970911190585171e-06 -2.059322956026577111e-06 -9.999999999925794913e-01
5.000000000000000000e-01 5.961281142625651981e-06 -3.856722443817924715e-06 -9.999999999747960500e-01
5.999999999999999778e-01 9.491605391186055517e-06 -6.308689193017654202e-06 -9.999999999350567270e-01
6.999999999999999556e-01 1.361756244073264452e-05 -9.340517145388531066e-06 -9.999999998636591725e-01
7.999999999999999334e-01 1.795048546442135751e-05 -1.276149888392794322e-05 -9.999999997574641197e-01
8.999999999999999112e-01 2.195616241848722330e-05 -1.624619198772798864e-05 -9.999999996269960389e-01
9.999999999999998890e-01 2.498469727070534328e-05 -1.931950977135852388e-05 -9.999999995012641696e-01
1.099999999999999867e+00 2.631483897612090205e-05 -2.134815681320734345e-05 -9.999999994258935709e-01
1.199999999999999956e+00 2.521103922752178733e-05 -2.154116177491090700e-05 -9.999999994501876932e-01
1.300000000000000044e+00 2.099037142220812839e-05 -1.896224445409732748e-05 -9.999999995999192537e-01
1.399999999999999911e+00 1.309540364841043629e-05 -1.255653291347120807e-05 -9.999999998354218711e-01
1.500000000000000000e+00 1.168040388062695950e-06 -1.193519974341614444e-06 -9.999999999986054489e-01
1.599999999999999867e+00 -1.488139407012385509e-05 1.627280332955487771e-05 -9.999999997568701504e-01
1.699999999999999956e+00 -3.481620368374203260e-05 4.092690813386709071e-05 -9.999999985564119731e-01
1.800000000000000044e+00 -5.803298679582989358e-05 7.369962003625926087e-05 -9.999999956002681989e-01
1.899999999999999911e+00 -8.354522053190224274e-05 1.152644746643033863e-04 -9.999999898671486642e-01
2.000000000000000000e+00 -1.099962644008537589e-04 1.659278412680656933e-04 -9.999999801843890701e-01
2.099999999999999645e+00 -1.357059741777419089e-04 2.255198641064617385e-04 -9.999999653623390383e-01
2.199999999999999734e+00 -1.587532626520286015e-04 2.932947289545031924e-04 -9.999999443878027083e-01
2.299999999999999822e+00 -1.770945211086547716e-04 3.678498866477686682e-04 -9.999999166619917279e-01
2.399999999999999911e+00 -1.887150436737747728e-04 4.470743381439974446e-04 -9.999998822555775657e-01
2.500000000000000000e+00 -1.918075005251881112e-04 5.281358800660979026e-04 -9.999998421411726568e-01
2.600000000000000089e+00 -1.849683097599331256e-04 6.075161535081533481e-04 -9.999997983554004266e-01
2.699999999999999734e+00 -1.673998042828467715e-04 6.811003202683960263e-04 -9.999997540397989049e-01
2.799999999999999822e+00 -1.391034266077555094e-04 7.443252897283107869e-04 -9.999997133150076989e-01
2.899999999999999911e+00 -1.010473761279212046e-04 7.923866197082294607e-04 -9.999996809563823641e-01
3.000000000000000000e+00 -5.529116841881986152e-05 8.204997686049712597e-04 -9.999996618614507282e-01
