1.000000000000000056e-01 -1.132930599494048640e-11 -3.014832140738872713e-11 -1.000000000000000000e+00
2.000000000000000111e-01 -1.827371311450123856e-11 -4.985110135328370536e-11 -1.000000000000001110e+00
2.999999999999999889e-01 -5.628218298939432328e-12 -1.563792778743204692e-11 -1.000000000000000000e+00
4.000000000000000222e-01 6.128706573969331024e-12 1.759087110713015428e-11 -9.999999999999998890e-01
5.000000000000000000e-01 1.435306012297719999e-11 3.902021795269688298e-11 -1.000000000000000000e+00
5.999999999999999778e-01 1.781102927765255323e-11 5.064789887211048733e-11 -9.999999999999986677e-01
6.999999999999999556e-01 1.836543919192020084e-11 5.551571684623775018e-11 -9.999999999999995559e-01
7.999999999999999334e-01 1.807215096644346325e-11 5.515163108742496724e-11 -1.000000000000000000e+00
8.999999999999999112e-01 1.743827402970700471e-11 5.175795771288844774e-11 -9.999999999999997780e-01
9.999999999999998890e-01 1.362679759662525687e-11 4.497051694356336875e-11 -1.000000000000000000e+00
1.099999999999999867e+00 1.168989523969331804e-11 3.927510594079944406e-11 -9.999999999999985567e-01
1.199999999999999956e+00 8.980475802124095727e-12 3.216591945662545055e-11 -9.999999999999994449e-01
1.300000000000000044e+00 7.105806633820502795e-12 2.687683151047164283e-11 -9.999999999999994449e-01
1.399999999999999911e+00 5.628345098672558024e-12 2.222771366197129760e-11 -9.999999999999988898e-01
1.500000000000000000e+00 5.351798180723057915e-12 1.976503603736831440e-11 -1.000000000000000000e+00
1.599999999999999867e+00 4.714726062414250889e-12 1.871082697855179321e-11 -9.999999999999980016e-01
1.699999999999999956e+00 3.985266421118976000e-12 2.151316566391360646e-11 -9.999999999999971134e-01
1.800000000000000044e+00 4.611676852560446502e-12 2.637901038424869200e-11 -1.000000000000000000e+00
1.899999999999999911e+00 5.312384961986881918e-12 3.276092315794951256e-11 -9.999999999999978906e-01
2.000000000000000000e+00 6.727254485709237381e-12 4.007004475663831696e-11 -9.999999999999998890e-01
2.099999999999999645e+00 6.029635046397505762e-12 4.799692391377153660e-11 -1.000000000000000000e+00
2.199999999999999734e+00 5.425904918092661968e-12 5.312314864932531133e-11 -9.999999999999973355e-01
2.299999999999999822e+00 4.806320189687289873e-12 5.252137739814287958e-11 -9.999999999999960032e-01
2.399999999999999911e+00 2.683929660172970151e-12 4.238636397770976676e-11 -1.000000000000000000e+00
2.500000000000000000e+00 1.342848234525732229e-12 1.804367661452113563e-11 -1.000000000000000000e+00
2.600000000000000089e+00 -4.068379351605657439e-13 -2.634119682053485145e-11 -9.999999999999977796e-01
2.699999999999999734e+00 3.148638610214650023e-12 -9.652885906385190249e-11 -9.999999999999978906e-01
2.799999999999999822e+00 1.103770048221159280e-11 -1.984632752637398587e-10 -9.999999999999974465e-01
2.899999999999999911e+00 2.765181034392037688e-11 -3.396134355905706418e-10 -9.999999999999968914e-01
3.000000000000000000e+00 5.906222727123433266e-11 -5.247380694278419356e-10 -9.999999999999986677e-01
