1.000000000000000056e-01 -5.549701256685565830e-08 -3.380941071766726639e-08 -1.000000000000000000e+00
2.000000000000000111e-01 -4.407406886608336341e-07 -2.705562539217730918e-07 -9.999999999998693268e-01
2.999999999999999889e-01 -1.440867355230623035e-06 -8.957404770111980228e-07 -9.999999999985570431e-01
4.000000000000000222e-01 -3.254970978490744774e-06 -2.059322924988892820e-06 -9.999999999925797134e-01
5.000000000000000000e-01 -5.961281394271325884e-06 -3.856721717948890104e-06 -9.999999999747952728e-01
5.999999999999999778e-01 -9.491605305491593330e-06 -6.308689236467141815e-06 -9.999999999350565050e-01
6.999999999999999556e-01 -1.361756237004914098e-05 -9.340516882146213785e-06 -9.999999998636606158e-01
7.999999999999999334e-01 -1.795048523166315122e-05 -1.276149950520213586e-05 -9.999999997574636756e-01
8.999999999999999112e-01 -2.195616230449953302e-05 -1.624619136563063075e-05 -9.999999996269953728e-01
9.999999999999998890e-01 -2.498469700097332214e-05 -1.931950942105352363e-05 -9.999999995012623932e-01
1.099999999999999867e+00 -2.631483903656326226e-05 -2.134815685852647926e-05 -9.999999994258932379e-01
1.199999999999999956e+00 -2.521103941588638699e-05 -2.154116235386946304e-05 -9.999999994501874712e-01
1.300000000000000044e+00 -2.099037130162667288e-05 -1.896224465038532067e-05 -9.999999995999183655e-01
1.399999999999999911e+00 -1.309540365188793344e-05 -1.255653314993823113e-05 -9.999999998354217601e-01
1.500000000000000000e+00 -1.168040503821894221e-06 -1.193519893286994395e-06 -9.999999999986065591e-01
1.599999999999999867e+00 1.488139417167009504e-05 1.627280334195669705e-05 -9.999999997568691512e-01
1.699999999999999956e+00 3.481620378533885059e-05 4.092690807638069931e-05 -9.999999985564078653e-01
1.800000000000000044e+00 5.803298681410895945e-05 7.369961983165068686e-05 -9.999999956002675328e-01
1.899999999999999911e+00 8.354522049385321105e-05 1.152644745468985347e-04 -9.999999898671463328e-01
2.000000000000000000e+00 1.099962643745372177e-04 1.659278416559126744e-04 -9.999999801843875158e-01
2.099999999999999645e+00 1.357059740363689929e-04 2.255198644544389465e-04 -9.999999653623392604e-01
2.199999999999999734e+00 1.587532624442619092e-04 2.932947290511073407e-04 -9.999999443878024863e-01
2.299999999999999822e+00 1.770945210733247156e-04 3.678498870111228717e-04 -9.999999166619947255e-01
2.399999999999999911e+00 1.887150437705396812e-04 4.470743381106123118e-04 -9.999998822555744571e-01
2.500000000000000000e+00 1.918075005745524053e-04 5.281358800019519484e-04 -9.999998421411724348e-01
2.600000000000000089e+00 1.849683096505724714e-04 6.075161537472490922e-04 -9.999997983554009817e-01
2.699999999999999734e+00 1.673998040279701667e-04 6.811003207051437780e-04 -9.999997540397977946e-01
2.799999999999999822e+00 1.391034268225420042e-04 7.443252897567319542e-04 -9.999997133150085871e-01
2.899999999999999911e+00 1.010473758809474172e-04 7.923866198250139724e-04 -9.999996809563830302e-01
3.000000000000000000e+00 5.529116860302402169e-05 8.204997685345183931e-04 -9.999996618614493959e-01
