0.000000000000000000e+00 -7.522595052086817394e-12 1.008149082983378275e-11 -1.000000000000000000e+00
1.025641025641025605e-01 -1.992898198534143184e-01 2.467307837748870525e-01 -9.462677048468411956e-01
2.051282051282051211e-01 -3.929602294351246528e-01 4.413778623772319776e-01 -7.953518286498630907e-01
3.076923076923077094e-01 -5.716174899452882707e-01 5.464049708286401463e-01 -5.739893389177675997e-01
4.102564102564102422e-01 -7.207529097809740604e-01 5.469621149978531882e-01 -3.157931077596419778e-01
5.128205128205127750e-01 -8.225843476547148869e-01 4.510280123892772552e-01 -5.184715057500952073e-02
6.153846153846154188e-01 -8.602968148467970977e-01 2.844657747335225251e-01 1.947350123202992167e-01
7.179487179487179516e-01 -8.234287201029907299e-01 8.442913791294121006e-02 4.097425568774250570e-01
8.205128205128204844e-01 -7.132276751301619422e-01 -1.077054075790618293e-01 5.864404599354873238e-01
9.230769230769230171e-01 -5.459807448426114984e-01 -2.544913904232588009e-01 7.235415516132756020e-01
1.025641025641025550e+00 -3.518141840205816218e-01 -3.312789113084599890e-01 8.235513582668925192e-01
1.128205128205128194e+00 -1.673675276970258974e-01 -3.331670531819598824e-01 8.915999084749909320e-01
1.230769230769230838e+00 -2.426182356701188370e-02 -2.758588450579756435e-01 9.343612530975120567e-01
1.333333333333333259e+00 6.132230580190831115e-02 -1.884845137208651933e-01 9.589464257889955823e-01
1.435897435897435903e+00 9.204311638902855364e-02 -1.012999229789206673e-01 9.718416725759730923e-01
1.538461538461538325e+00 8.433432395966040940e-02 -3.496713602516451219e-02 9.781426191105095924e-01
1.641025641025640969e+00 5.877136281316901190e-02 3.609654925519178992e-03 9.813045162244208308e-01
1.743589743589743613e+00 3.174317698901769902e-02 1.850300745184690204e-02 9.833233127777983862e-01
1.846153846153846034e+00 1.189488348911883937e-02 1.872479536655731469e-02 9.851424001849751200e-01
1.948717948717948678e+00 1.016143671333794712e-03 1.291247859521581567e-02 9.870732481572324080e-01
2.051282051282051100e+00 -2.977045806230033467e-03 6.671951908448608623e-03 9.891152703988160821e-01
2.153846153846153744e+00 -3.178706239363191920e-03 2.380580906693071513e-03 9.911537878836677029e-01
2.256410256410256387e+00 -2.066730027754704480e-03 2.542714563642542534e-04 9.930626560983842888e-01
2.358974358974359031e+00 -9.588416480038271282e-04 -4.138600888151321676e-04 9.947477672377708080e-01
2.461538461538461675e+00 -2.901229497097061391e-04 -4.080695506691498181e-04 9.961582934830092162e-01
2.564102564102563875e+00 -1.386441787735667470e-05 -2.309521666775062227e-04 9.972830882527872198e-01
2.666666666666666519e+00 4.724336222951247267e-05 -8.883131859900903577e-05 9.981405848772090250e-01
2.769230769230769162e+00 3.672773565318962648e-05 -1.758041163719800923e-05 9.987673315840347454e-01
2.871794871794871806e+00 1.850373237293843678e-05 2.941533653614114682e-06 9.992075833942588581e-01
2.974358974358974450e+00 2.858345874389014688e-06 2.348785356653738010e-06 9.995054635951028388e-01
3.076923076923076650e+00 5.135558980575059425e-06 4.404293988740909163e-06 9.997000167095961842e-01
3.179487179487179294e+00 2.191596447955339066e-06 1.661744670417444679e-06 9.998229226317806306e-01
3.282051282051281937e+00 -1.015909948698196519e-06 3.748632190514162208e-06 9.998981674123879060e-01
3.384615384615384581e+00 -1.797485829356954184e-06 -7.271307187567149200e-07 9.999428882719521017e-01
3.487179487179487225e+00 -2.970738616701875316e-06 1.662386814029001543e-06 9.999687322523562738e-01
3.589743589743589425e+00 -4.015110561347716748e-06 -1.528510143561472210e-06 9.999832744975074572e-01
3.692307692307692069e+00 -5.486294431520164747e-08 2.979571324898743862e-06 9.999912520070304289e-01
3.794871794871794712e+00 -3.523692209067012842e-06 1.778013933667924651e-07 9.999955229481238828e-01
3.897435897435897356e+00 -3.626982319757023929e-06 -2.336681471125487321e-06 9.999977566175766164e-01
4.000000000000000000e+00 2.066417044592463251e-07 -3.137480146693752073e-07 9.999988987314536448e-01
