1.000000000000000056e-01 -1.153775661237260446e-11 -3.006967477006568971e-11 -9.999854420589593396e-01
2.000000000000000111e-01 -1.861705223789504761e-11 -4.972320455206717667e-11 -9.999418218608766562e-01
2.999999999999999889e-01 -5.733783245716938445e-12 -1.559849674077451882e-11 -9.998692999957208283e-01
4.000000000000000222e-01 6.252228087454268397e-12 1.754496402351667159e-11 -9.997681431649851902e-01
5.000000000000000000e-01 1.462220629774339397e-11 3.891110527746316644e-11 -9.996387227661339692e-01
5.999999999999999778e-01 1.816067212218476310e-11 5.050637228111443093e-11 -9.994815129249156049e-01
6.999999999999999556e-01 1.876220171792128756e-11 5.535665506093698498e-11 -9.992970879895424208e-01
7.999999999999999334e-01 1.851323466950270602e-11 5.497117687689926510e-11 -9.990861195044377085e-01
8.999999999999999112e-01 1.796933916469142093e-11 5.153964686534623460e-11 -9.988493726849115850e-01
9.999999999999998890e-01 1.433738940839182912e-11 4.470629795238910146e-11 -9.985877024175031647e-01
1.099999999999999867e+00 1.275440518247562905e-11 3.890786571924194350e-11 -9.983020488138384385e-01
1.199999999999999956e+00 1.061757274749893292e-11 3.165093145205779428e-11 -9.979934323489912940e-01
1.300000000000000044e+00 9.603653427682730233e-12 2.614971935735898587e-11 -9.976629486177139849e-01
1.399999999999999911e+00 9.287687126670744426e-12 2.124156736394192325e-11 -9.973117627444746391e-01
1.500000000000000000e+00 1.044208551629777504e-11 1.848833982904793703e-11 -9.969411034852031506e-01
1.599999999999999867e+00 1.137634899685625436e-11 1.717226166006806025e-11 -9.965522570603017050e-01
1.699999999999999956e+00 1.211116402051079041e-11 1.980167426349781127e-11 -9.961465607599754302e-01
1.800000000000000044e+00 1.365058498870679495e-11 2.465096267421480621e-11 -9.957253963638242888e-01
1.899999999999999911e+00 1.407375862816049760e-11 3.126393987254214680e-11 -9.952901834174537887e-01
2.000000000000000000e+00 1.313902942810206349e-11 3.910418858822991823e-11 -9.948423724090581510e-01
2.099999999999999645e+00 6.900099240811378088e-12 4.789185675690040166e-11 -9.943834378890371584e-01
2.199999999999999734e+00 -3.832395187992346702e-12 5.412237138905524549e-11 -9.939148715752481600e-01
2.299999999999999822e+00 -2.075165690757333558e-11 5.466345039119144082e-11 -9.934381754859199498e-01
2.399999999999999911e+00 -4.706362061378740090e-11 4.536029924360081008e-11 -9.929548551411693236e-01
2.500000000000000000e+00 -8.220995047419483435e-11 2.094517949421702073e-11 -9.924664128728755141e-01
2.600000000000000089e+00 -1.289596315608504920e-10 -2.519174849603958879e-11 -9.919743412809879368e-01
2.699999999999999734e+00 -1.828295441800898068e-10 -9.985630577331646998e-11 -9.914801168726711245e-01
2.799999999999999822e+00 -2.453630186128042881e-10 -2.101595071088916917e-10 -9.909851939184818326e-01
2.899999999999999911e+00 -3.119098756162067733e-10 -3.648473636956643706e-10 -9.904909985576278997e-01
3.000000000000000000e+00 -3.749245078193713362e-10 -5.698980978162895886e-10 -9.899989231818365765e-01
