1.000000000000000056e-01 9.755539713774480370e-01 0.000000000000000000e+00 2.444602862255208092e-02 0.000000000000000000e+00 0.000000000000000000e+00 0.000000000000000000e+00 -4.733632215551371661e-04 1.544286121001372525e-01 0.000000000000000000e+00 0.000000000000000000e+00 0.000000000000000000e+00 0.000000000000000000e+00 0.000000000000000000e+00 0.000000000000000000e+00 0.000000000000000000e+00 0.000000000000000000e+00
2.000000000000000111e-01 9.049037453717374557e-01 0.000000000000000000e+00 9.509625462826223896e-02 0.000000000000000000e+00 0.000000000000000000e+00 0.000000000000000000e+00 -3.615519373797266775e-03 2.933255614530291822e-01 0.000000000000000000e+00 0.000000000000000000e+00 0.000000000000000000e+00 0.000000000000000000e+00 0.000000000000000000e+00 0.000000000000000000e+00 0.000000000000000000e+00 0.000000000000000000e+00
2.999999999999999889e-01 7.957459382678366833e-01 0.000000000000000000e+00 2.042540617321640384e-01 0.000000000000000000e+00 0.000000000000000000e+00 0.000000000000000000e+00 -1.127586890000576748e-02 4.029977602529384306e-01 0.000000000000000000e+00 0.000000000000000000e+00 0.000000000000000000e+00 0.000000000000000000e+00 0.000000000000000000e+00 0.000000000000000000e+00 0.000000000000000000e+00 0.000000000000000000e+00
4.000000000000000222e-01 6.597452716161276154e-01 0.000000000000000000e+00 3.402547283838713299e-01 0.000000000000000000e+00 0.000000000000000000e+00 0.000000000000000000e+00 -2.383389105025164253e-02 4.731948792989669195e-01 0.000000000000000000e+00 0.000000000000000000e+00 0.000000000000000000e+00 0.000000000000000000e+00 0.000000000000000000e+00 0.000000000000000000e+00 0.000000000000000000e+00 0.000000000000000000e+00
5.000000000000000000e-01 5.109683560305415817e-01 0.000000000000000000e+00 4.890316439694550876e-01 0.000000000000000000e+00 0.000000000000000000e+00 0.000000000000000000e+00 -3.987278160737890709e-02 4.982869217493376413e-01 0.000000000000000000e+00 0.000000000000000000e+00 0.000000000000000000e+00 0.000000000000000000e+00 0.000000000000000000e+00 0.000000000000000000e+00 0.000000000000000000e+00 0.000000000000000000e+00
5.999999999999999778e-01 3.640348009042467803e-01 0.000000000000000000e+00 6.359651990957496670e-01 0.000000000000000000e+00 0.000000000000000000e+00 0.000000000000000000e+00 -5.624834939850679311e-02 4.778593807416372519e-01 0.000000000000000000e+00 0.000000000000000000e+00 0.000000000000000000e+00 0.000000000000000000e+00 0.000000000000000000e+00 0.000000000000000000e+00 0.000000000000000000e+00 0.000000000000000000e+00
6.999999999999999556e-01 2.322493621234010264e-01 0.000000000000000000e+00 7.677506378766002504e-01 0.000000000000000000e+00 0.000000000000000000e+00 0.000000000000000000e+00 -6.856317632352415536e-02 4.166637574158499890e-01 0.000000000000000000e+00 0.000000000000000000e+00 0.000000000000000000e+00 0.000000000000000000e+00 0.000000000000000000e+00 0.000000000000000000e+00 0.000000000000000000e+00 0.000000000000000000e+00
7.999999999999999334e-01 1.259702426997388880e-01 0.000000000000000000e+00 8.740297573002591136e-01 0.000000000000000000e+00 0.000000000000000000e+00 0.000000000000000000e+00 -7.196348314202394292e-02 3.239181960331601884e-01 0.000000000000000000e+00 0.000000000000000000e+00 0.000000000000000000e+00 0.000000000000000000e+00 0.000000000000000000e+00 0.000000000000000000e+00 0.000000000000000000e+00 0.000000000000000000e+00
8.999999999999999112e-01 5.148447400979851152e-02 0.000000000000000000e+00 9.485155259902037228e-01 0.000000000000000000e+00 0.000000000000000000e+00 0.000000000000000000e+00 -6.211149022280414850e-02 2.120754245895120904e-01 0.000000000000000000e+00 0.000000000000000000e+00 0.000000000000000000e+00 0.000000000000000000e+00 0.000000000000000000e+00 0.000000000000000000e+00 0.000000000000000000e+00 0.000000000000000000e+00
9.999999999999998890e-01 1.047795546129719722e-02 0.000000000000000000e+00 9.895220445387028496e-01 0.000000000000000000e+00 0.000000000000000000e+00 0.000000000000000000e+00 -3.618757060337658010e-02 9.517682287780564188e-02 0.000000000000000000e+00 0.000000000000000000e+00 0.000000000000000000e+00 0.000000000000000000e+00 0.000000000000000000e+00 0.000000000000000000e+00 0.000000000000000000e+00 0.000000000000000000e+00
1.099999999999999867e+00 2.074237480020853838e-04 0.000000000000000000e+00 9.997925762519974668e-01 0.000000000000000000e+00 0.000000000000000000e+00 0.000000000000000000e+00 6.334076118253349937e-03 -1.293290881682282283e-02 0.000000000000000000e+00 0.000000000000000000e+00 0.000000000000000000e+00 0.000000000000000000e+00 0.000000000000000000e+00 0.000000000000000000e+00 0.000000000000000000e+00 0.000000000000000000e+00
1.199999999999999956e+00 1.427735523254179684e-02 0.000000000000000000e+00 9.857226447674597436e-01 0.000000000000000000e+00 0.000000000000000000e+00 0.000000000000000000e+00 6.324687263650875801e-02 -1.003660572965747455e-01 0.000000000000000000e+00 0.000000000000000000e+00 0.000000000000000000e+00 0.000000000000000000e+00 0.000000000000000000e+00 0.000000000000000000e+00 0.000000000000000000e+00 0.000000000000000000e+00
1.300000000000000044e+00 4.389905709357829616e-02 0.000000000000000000e+00 9.561009429064215581e-01 0.000000000000000000e+00 0.000000000000000000e+00 0.000000000000000000e+00 1.296564632898994929e-01 -1.586226069209433764e-01 0.000000000000000000e+00 0.000000000000000000e+00 0.000000000000000000e+00 0.000000000000000000e+00 0.000000000000000000e+00 0.000000000000000000e+00 0.000000000000000000e+00 0.000000000000000000e+00
1.399999999999999911e+00 7.941248344141084436e-02 0.000000000000000000e+00 9.205875165585862829e-01 0.000000000000000000e+00 0.000000000000000000e+00 0.000000000000000000e+00 1.984872004056913719e-01 -1.836000332091384524e-01 0.000000000000000000e+00 0.000000000000000000e+00 0.000000000000000000e+00 0.000000000000000000e+00 0.000000000000000000e+00 0.000000000000000000e+00 0.000000000000000000e+00 0.000000000000000000e+00
1.500000000000000000e+00 1.118203331306904941e-01 0.000000000000000000e+00 8.881796668693091590e-01 0.000000000000000000e+00 0.000000000000000000e+00 0.000000000000000000e+00 2.614582924846592382e-01 -1.759434781610694221e-01 0.000000000000000000e+00 0.000000000000000000e+00 0.000000000000000000e+00 0.000000000000000000e+00 0.000000000000000000e+00 0.000000000000000000e+00 0.000000000000000000e+00 0.000000000000000000e+00
1.599999999999999867e+00 1.340895276680833248e-01 0.000000000000000000e+00 8.659104723319148711e-01 0.000000000000000000e+00 0.000000000000000000e+00 0.000000000000000000e+00 3.103090508264348402e-01 -1.407757762940149426e-01 0.000000000000000000e+00 0.000000000000000000e+00 0.000000000000000000e+00 0.000000000000000000e+00 0.000000000000000000e+00 0.000000000000000000e+00 0.000000000000000000e+00 0.000000000000000000e+00
1.699999999999999956e+00 1.420766647056523890e-01 0.000000000000000000e+00 8.579233352943452795e-01 0.000000000000000000e+00 0.000000000000000000e+00 0.000000000000000000e+00 3.381545326580288613e-01 -8.684698127558015956e-02 0.000000000000000000e+00 0.000000000000000000e+00 0.000000000000000000e+00 0.000000000000000000e+00 0.000000000000000000e+00 0.000000000000000000e+00 0.000000000000000000e+00 0.000000000000000000e+00
1.800000000000000044e+00 1.348734716477394957e-01 0.000000000000000000e+00 8.651265283522633354e-01 0.000000000000000000e+00 0.000000000000000000e+00 0.000000000000000000e+00 3.406608142858463806e-01 -2.515606987327544466e-02 0.000000000000000000e+00 0.000000000000000000e+00 0.000000000000000000e+00 0.000000000000000000e+00 0.000000000000000000e+00 0.000000000000000000e+00 0.000000000000000000e+00 0.000000000000000000e+00
1.899999999999999911e+00 1.146336372027350337e-01 0.000000000000000000e+00 8.853663627972699901e-01 0.000000000000000000e+00 0.000000000000000000e+00 0.000000000000000000e+00 3.168984814648014292e-01 3.268208759315424650e-02 0.000000000000000000e+00 0.000000000000000000e+00 0.000000000000000000e+00 0.000000000000000000e+00 0.000000000000000000e+00 0.000000000000000000e+00 0.000000000000000000e+00 0.000000000000000000e+00
2.000000000000000000e+00 8.589860854174816152e-02 0.000000000000000000e+00 9.141013914582503119e-01 0.000000000000000000e+00 0.000000000000000000e+00 0.000000000000000000e+00 2.696777850571357438e-01 7.611786766690099848e-02 0.000000000000000000e+00 0.000000000000000000e+00 0.000000000000000000e+00 0.000000000000000000e+00 0.000000000000000000e+00 0.000000000000000000e+00 0.000000000000000000e+00 0.000000000000000000e+00
2.099999999999999645e+00 5.456477011751315054e-02 0.000000000000000000e+00 9.454352298824897360e-01 0.000000000000000000e+00 0.000000000000000000e+00 0.000000000000000000e+00 2.052825716419398316e-01 9.719321896216516488e-02 0.000000000000000000e+00 0.000000000000000000e+00 0.000000000000000000e+00 0.000000000000000000e+00 0.000000000000000000e+00 0.000000000000000000e+00 0.000000000000000000e+00 0.000000000000000000e+00
2.199999999999999734e+00 2.670713063483753924e-02 0.000000000000000000e+00 9.732928693651633489e-01 0.000000000000000000e+00 0.000000000000000000e+00 0.000000000000000000e+00 1.326501003992389960e-01 9.163957036168357551e-02 0.000000000000000000e+00 0.000000000000000000e+00 0.000000000000000000e+00 0.000000000000000000e+00 0.000000000000000000e+00 0.000000000000000000e+00 0.000000000000000000e+00 0.000000000000000000e+00
2.299999999999999822e+00 7.441207996253684613e-03 0.000000000000000000e+00 9.925587920037484135e-01 0.000000000000000000e+00 0.000000000000000000e+00 0.000000000000000000e+00 6.206487805464798446e-02 5.944566704484647440e-02 0.000000000000000000e+00 0.000000000000000000e+00 0.000000000000000000e+00 0.000000000000000000e+00 0.000000000000000000e+00 0.000000000000000000e+00 0.000000000000000000e+00 0.000000000000000000e+00
2.399999999999999911e+00 3.588981451709004794e-05 0.000000000000000000e+00 9.999641101854834790e-01 0.000000000000000000e+00 0.000000000000000000e+00 0.000000000000000000e+00 3.618176724183151238e-03 4.774662679418357342e-03 0.000000000000000000e+00 0.000000000000000000e+00 0.000000000000000000e+00 0.000000000000000000e+00 0.000000000000000000e+00 0.000000000000000000e+00 0.000000000000000000e+00 0.000000000000000000e+00
2.500000000000000000e+00 5.400338843202194886e-03 0.000000000000000000e+00 9.945996611567957668e-01 0.000000000000000000e+00 0.000000000000000000e+00 0.000000000000000000e+00 -3.437910701012843184e-02 -6.472443147496625970e-02 0.000000000000000000e+00 0.000000000000000000e+00 0.000000000000000000e+00 0.000000000000000000e+00 0.000000000000000000e+00 0.000000000000000000e+00 0.000000000000000000e+00 0.000000000000000000e+00
2.600000000000000089e+00 2.202443237745429355e-02 0.000000000000000000e+00 9.779755676225472261e-01 0.000000000000000000e+00 0.000000000000000000e+00 0.000000000000000000e+00 -4.671045528714921208e-02 -1.391311969968223872e-01 0.000000000000000000e+00 0.000000000000000000e+00 0.000000000000000000e+00 0.000000000000000000e+00 0.000000000000000000e+00 0.000000000000000000e+00 0.000000000000000000e+00 0.000000000000000000e+00
2.699999999999999734e+00 4.635515777362057832e-02 0.000000000000000000e+00 9.536448422263825719e-01 0.000000000000000000e+00 0.000000000000000000e+00 0.000000000000000000e+00 -3.214591978720687804e-02 -2.077811275599458496e-01 0.000000000000000000e+00 0.000000000000000000e+00 0.000000000000000000e+00 0.000000000000000000e+00 0.000000000000000000e+00 0.000000000000000000e+00 0.000000000000000000e+00 0.000000000000000000e+00
2.799999999999999822e+00 7.352593908500437703e-02 0.000000000000000000e+00 9.264740609149958450e-01 0.000000000000000000e+00 0.000000000000000000e+00 0.000000000000000000e+00 6.337591780826783497e-03 -2.609208888422179795e-01 0.000000000000000000e+00 0.000000000000000000e+00 0.000000000000000000e+00 0.000000000000000000e+00 0.000000000000000000e+00 0.000000000000000000e+00 0.000000000000000000e+00 0.000000000000000000e+00
2.899999999999999911e+00 9.829491217003522019e-02 0.000000000000000000e+00 9.017050878299633920e-01 0.000000000000000000e+00 0.000000000000000000e+00 0.000000000000000000e+00 6.195257913894487017e-02 -2.911956392677750860e-01 0.000000000000000000e+00 0.000000000000000000e+00 0.000000000000000000e+00 0.000000000000000000e+00 0.000000000000000000e+00 0.000000000000000000e+00 0.000000000000000000e+00 0.000000000000000000e+00
3.000000000000000000e+00 1.160157341486850596e-01 0.000000000000000000e+00 8.839842658513158424e-01 0.000000000000000000e+00 0.000000000000000000e+00 0.000000000000000000e+00 1.251462982060300433e-01 -2.947787090672389088e-01 0.000000000000000000e+00 0.000000000000000000e+00 0.000000000000000000e+00 0.000000000000000000e+00 0.000000000000000000e+00 0.000000000000000000e+00 0.000000000000000000e+00 0.000000000000000000e+00
