1.000000000000000056e-01 -8.868900779405269885e-02 2.890301131926929501e-01 -9.498553331573403868e-01
2.000000000000000111e-01 -1.950878470291787514e-01 5.366690460251740680e-01 -8.069206328334985745e-01
3.000000000000000444e-01 -3.272305118447363936e-01 7.069520312672480378e-01 -5.918628975765851674e-01
4.000000000000000222e-01 -4.775688875281407508e-01 7.751886983010600751e-01 -3.336102174084545346e-01
5.000000000000000000e-01 -6.233572529302759957e-01 7.335110220125931058e-01 -6.300130729589638323e-02
5.999999999999999778e-01 -7.335010647719057975e-01 5.942733653910727831e-01 1.931860355209679692e-01
7.000000000000000666e-01 -7.795456516201257902e-01 3.889174384688705577e-01 4.161149769938174980e-01
8.000000000000000444e-01 -7.464422382171299608e-01 1.612622557891302821e-01 5.963208576315155440e-01
9.000000000000000222e-01 -6.387375533306813846e-01 -4.347019778546096225e-02 7.325730696690271326e-01
1.000000000000000000e+00 -4.795295554280726291e-01 -1.904507216944168468e-01 8.294776850581392358e-01
1.100000000000000089e+00 -3.028079483006733685e-01 -2.634088023064276030e-01 8.946359332486160110e-01
1.200000000000000178e+00 -1.424706792702583602e-01 -2.665298808320590851e-01 9.362855814603210369e-01
1.300000000000000266e+00 -2.260539218160324826e-02 -2.196249824935421202e-01 9.617681763926189120e-01
1.400000000000000133e+00 4.758584709691802972e-02 -1.493019890222403168e-01 9.768327080073868629e-01
1.500000000000000222e+00 7.300038268832573229e-02 -7.977852768271444239e-02 9.855550626065784359e-01
1.600000000000000089e+00 6.747584422559919914e-02 -2.671866171460113293e-02 9.905967788087673975e-01
1.700000000000000178e+00 4.714914030081322066e-02 4.490536571218029308e-03 9.935760775850069892e-01
1.800000000000000266e+00 2.502958268201796108e-02 1.660439050673247555e-02 9.954196375130985874e-01
1.900000000000000133e+00 8.485253852066422520e-03 1.643790124334173347e-02 9.966314299270029320e-01
2.000000000000000000e+00 -5.304046711039247641e-04 1.104822360411941359e-02 9.974770519280161674e-01
2.100000000000000089e+00 -3.544710740709501942e-03 5.339932276184697867e-03 9.980953582613818487e-01
2.200000000000000178e+00 -3.261893929465780901e-03 1.541952272037755900e-03 9.985606235374546724e-01
2.300000000000000266e+00 -1.965184022723749559e-03 -1.839521345054408326e-04 9.989157458594370986e-01
2.400000000000000355e+00 -8.681705022246516542e-04 -5.988031005162480682e-04 9.991878894354355722e-01
2.500000000000000444e+00 -2.461476275014945589e-04 -5.011172056231016957e-04 9.993960400549880552e-01
2.600000000000000089e+00 2.422086148802801445e-05 -2.732184911871848236e-04 9.995544212504202664e-01
2.700000000000000178e+00 9.094546505811368657e-05 -6.133808140145556435e-05 9.996740673701258739e-01
2.800000000000000266e+00 2.041658757682724641e-05 8.002544770339100938e-05 9.997637070242685331e-01
2.900000000000000355e+00 -9.709371541882781708e-05 8.397608477790017819e-05 9.998302681710978801e-01
3.000000000000000444e+00 -1.254171111347497679e-04 -8.225722946086604765e-06 9.998792337560034049e-01
3.100000000000000089e+00 -4.421765975630633655e-05 -3.801153003814832659e-05 9.999149044902592154e-01
3.200000000000000178e+00 4.129584771156697865e-06 4.614974840381043603e-05 9.999406200317352278e-01
3.300000000000000266e+00 -8.110988519777750374e-05 1.069667433558686731e-04 9.999589627166570738e-01
3.400000000000000355e+00 -1.628490717278265716e-04 4.398145121775310056e-05 9.999719167026736022e-01
3.500000000000000444e+00 -9.989718644651281979e-05 -5.188842754862432749e-05 9.999809805590771372e-01
3.600000000000000089e+00 1.534738031936075904e-06 2.016082426981446538e-06 9.999872488066706699e-01
3.700000000000000178e+00 -4.346251094084751116e-05 1.159307234375670230e-04 9.999915255537821235e-01
3.800000000000000266e+00 -1.666832711045453509e-04 7.375124329782887025e-05 9.999944172057680936e-01
3.900000000000000355e+00 -1.408540643491483957e-04 -4.710056584195921844e-05 9.999963659671371463e-01
4.000000000000000000e+00 -1.270562860842454093e-05 -2.291874632301480196e-05 9.999976648185905370e-01
4.099999999999999645e+00 -2.885494430285808127e-05 1.127666698790531449e-04 9.999985034435676656e-01
4.200000000000000178e+00 -1.737034500888054325e-04 9.763919434601517019e-05 9.999990389664737966e-01
4.299999999999999822e+00 -1.666681476673102346e-04 -5.029268963377484924e-05 9.999993961260241759e-01
4.399999999999999467e+00 -1.577749641342725246e-05 -2.887902036355624510e-05 9.999996348417682368e-01
4.500000000000000000e+00 -3.953498298113423194e-05 1.348461213610649314e-04 9.999997665322051255e-01
4.599999999999999645e+00 -1.989573468434468529e-04 1.048285510501909581e-04 9.999998389476593141e-01
4.700000000000000178e+00 -1.666043506638780543e-04 -5.878382600039810783e-05 9.999999027696299114e-01
4.799999999999999822e+00 -1.381360026058692254e-06 -8.839978185220658883e-06 9.999999513676917084e-01
4.900000000000000355e+00 -7.030838145609805058e-05 1.552913511794510530e-04 9.999999568267178285e-01
5.000000000000000000e+00 -2.306429514640206675e-04 8.083115071330530604e-05 9.999999534146695179e-01
5.099999999999999645e+00 -1.386362509151311531e-04 -7.745823194800461556e-05 9.999999777280047519e-01
5.200000000000000178e+00 1.198282856047486034e-05 3.923530109506812144e-05 9.999999936318277882e-01
5.299999999999999822e+00 -1.299782260137136256e-04 1.755425426118897674e-04 9.999999730156768907e-01
5.400000000000000355e+00 -2.508936506237714097e-04 1.705865392929386103e-05 9.999999666269303589e-01
5.500000000000000000e+00 -7.509128984541186213e-05 -7.776969009665289786e-05 9.999999931875519499e-01
5.599999999999999645e+00 -1.059395796605952769e-05 1.126195242724667623e-04 9.999999930717069496e-01
5.700000000000000178e+00 -2.182537223893706382e-04 1.519216276842331602e-04 9.999999643609666089e-01
5.799999999999999822e+00 -2.205890114738199258e-04 -6.291263655842661276e-05 9.999999735457327787e-01
5.900000000000000355e+00 -5.934539908829224951e-06 -1.664790735009470852e-05 9.999999997728479251e-01
6.000000000000000000e+00 -9.694057055058869800e-05 1.920095672008894847e-04 9.999999768386930166e-01
6.099999999999999645e+00 -2.892016184534655751e-04 6.379638680258790842e-05 9.999999561379115942e-01
6.200000000000000178e+00 -1.175921063352342461e-04 -9.645808825398852584e-05 9.999999884400495587e-01
6.299999999999999822e+00 1.911559432629413934e-06 1.108408109663421102e-04 9.999999938661245924e-01
6.400000000000000355e+00 -2.396275216744604263e-04 1.847413021101448828e-04 9.999999542393116503e-01
6.500000000000000000e+00 -2.524674654828642020e-04 -6.847116426978726886e-05 9.999999658024812943e-01
6.599999999999999645e+00 -2.126946227585965107e-06 -8.720816477897710034e-06 9.999999999752013924e-01
6.700000000000000178e+00 -1.234623989008585437e-04 2.155359870140085990e-04 9.999999691654073430e-01
6.799999999999999822e+00 -3.185499229050149455e-04 4.375702197495516174e-05 9.999999483242346665e-01
6.900000000000000355e+00 -9.425806787519251803e-05 -1.016339173431825976e-04 9.999999904113652249e-01
7.000000000000000000e+00 -2.958463663665662752e-05 1.708434787420669895e-04 9.999999849897075466e-01
7.099999999999999645e+00 -3.045067754433969007e-04 1.648183838861728295e-04 9.999999400753699641e-01
7.200000000000000178e+00 -2.129226208562008606e-04 -1.090929004396293852e-04 9.999999714054781386e-01
7.299999999999999822e+00 9.061895949786434546e-06 7.357607581429554408e-05 9.999999972728904618e-01
7.400000000000000355e+00 -2.297765591642840521e-04 2.331312090138210904e-04 9.999999464530775484e-01
7.500000000000000000e+00 -3.206153067675896894e-04 -5.156000944688627420e-05 9.999999473007813444e-01
7.599999999999999645e+00 -1.462402097672024137e-05 -2.940585902991687197e-05 9.999999994830975902e-01
7.700000000000000178e+00 -1.430785026978089857e-04 2.496765853026168113e-04 9.999999586222366732e-01
7.799999999999999822e+00 -3.640567540699001891e-04 3.230742097172393872e-05 9.999999332371157790e-01
7.900000000000000355e+00 -8.656591607282178855e-05 -1.049375371257575017e-04 9.999999907750056760e-01
8.000000000000000000e+00 -5.345788491720528823e-05 2.205952412581969305e-04 9.999999742662918356e-01
