1.000000000000000056e-01 -2.249425827886627760e-01 -2.184993531750220319e-01 -9.480801759519001948e-01
2.000000000000000111e-01 -4.448326021711994649e-01 -3.858450195774890679e-01 -8.012607062124972312e-01
3.000000000000000444e-01 -6.473564385427500456e-01 -4.623634331044252921e-01 -5.840372665057629309e-01
4.000000000000000222e-01 -8.102162113025798140e-01 -4.295685092468257138e-01 -3.302871572079250084e-01
5.000000000000000000e-01 -9.053929980671433508e-01 -2.957441211149486882e-01 -7.527720783635066804e-02
5.999999999999999778e-01 -9.092272240406902295e-01 -9.497446738386344789e-02 1.516212756736391443e-01
7.000000000000000666e-01 -8.139268620699697809e-01 1.215354515949105818e-01 3.315849535357993649e-01
8.000000000000000444e-01 -6.346874264857151893e-01 3.002681006782514372e-01 4.575522430200191781e-01
9.000000000000000222e-01 -4.081502154118950010e-01 4.015664935570246730e-01 5.325082911351575188e-01
1.000000000000000000e+00 -1.820289044617026120e-01 4.111938301171052523e-01 5.659536463718812804e-01
1.100000000000000089e+00 3.227241590780804970e-05 3.425233768842725901e-01 5.701878161452063054e-01
1.200000000000000178e+00 1.117605540960042582e-01 2.287949789577553017e-01 5.572813234852640463e-01
1.300000000000000266e+00 1.501830537548642930e-01 1.092104603723552947e-01 5.372568815283659260e-01
1.400000000000000133e+00 1.324338147259158105e-01 1.500203711084627939e-02 5.174157102965540878e-01
1.500000000000000222e+00 8.583702572241752593e-02 -3.895437426333745595e-02 5.024459804094562054e-01
1.600000000000000089e+00 3.639704589362486448e-02 -5.459780931836226425e-02 4.949208466000614703e-01
1.700000000000000178e+00 7.648651426502898988e-04 -4.485825488731819827e-02 4.958804665795161215e-01
1.800000000000000266e+00 -1.608752003302437936e-02 -2.535492234972951814e-02 5.053527784353319952e-01
1.900000000000000133e+00 -1.796727196300376694e-02 -7.867977153157526549e-03 5.227216404618036938e-01
2.000000000000000000e+00 -1.224935844297109049e-02 2.358439145659617549e-03 5.469775611028658835e-01
2.100000000000000089e+00 -5.350305244003259950e-03 5.558868065532171499e-03 5.768748754001884471e-01
2.200000000000000178e+00 -6.360876289738845012e-04 4.596285400849858815e-03 6.110382070357853745e-01
2.300000000000000266e+00 1.324467085468543446e-03 2.380842374803125803e-03 6.480439050850629323e-01
2.400000000000000355e+00 1.448828719176013108e-03 5.968665924695064394e-04 6.864925641620703844e-01
2.500000000000000444e+00 8.443934972323089609e-04 -2.572384710329958307e-04 7.250751559106012323e-01
2.600000000000000089e+00 2.542313499787783788e-04 -3.860166328125338043e-04 7.626329208398334725e-01
2.700000000000000178e+00 -1.046126334885725127e-05 -2.029774617643814434e-04 7.982039267672961236e-01
2.800000000000000266e+00 6.915394436270840940e-06 -3.826323133583958637e-05 8.310523977330027678e-01
2.900000000000000355e+00 7.756588385752152142e-05 -3.661169679449513531e-05 8.606791725144941063e-01
3.000000000000000444e+00 5.605777430839556109e-05 -8.559211801787969243e-05 8.868127741403483144e-01
3.100000000000000089e+00 -9.794702217044071443e-06 -5.133614813258581240e-05 9.093851271809657577e-01
3.200000000000000178e+00 2.318091266316281597e-05 3.213350183860279693e-05 9.284953313159014510e-01
3.300000000000000266e+00 1.284835900914492381e-04 2.198106018186577926e-05 9.443688727838178698e-01
3.400000000000000355e+00 1.353122954779788169e-04 -8.949574889866914872e-05 9.573159248250258102e-01
3.500000000000000444e+00 3.142728418004968652e-05 -1.077281027070330598e-04 9.676933254780102356e-01
3.600000000000000089e+00 -1.916475214250303605e-06 1.712921632877675905e-06 9.758729028122000715e-01
3.700000000000000178e+00 1.136589713642127539e-04 4.453435530783801270e-05 9.822169270513206873e-01
3.800000000000000266e+00 1.718974171177950136e-04 -6.870990640681659632e-05 9.870612950263856211e-01
3.900000000000000355e+00 6.328040023196135984e-05 -1.373439389744977130e-04 9.907051276874231371e-01
4.000000000000000000e+00 -5.352823750898995654e-06 -2.204448721826843366e-05 9.934060791468349860e-01
4.099999999999999645e+00 1.038026811527493370e-04 5.356803204765549692e-05 9.953797845447043269e-01
4.200000000000000178e+00 1.990961552298900375e-04 -6.165533417456875930e-05 9.968020904827298301e-01
4.299999999999999822e+00 7.894766086850719109e-05 -1.519049449703156892e-04 9.978131949908796150e-01
4.399999999999999467e+00 -3.857869717243015546e-06 -3.168300494883735506e-05 9.985224286469827071e-01
4.500000000000000000e+00 1.253878468718857392e-04 6.182011581607889622e-05 9.990134058418982388e-01
4.599999999999999645e+00 2.131015826020091891e-04 -7.823080927183963338e-05 9.993489235066901344e-01
4.700000000000000178e+00 7.308189365093321552e-05 -1.668965819665930625e-04 9.995753321710267869e-01
4.799999999999999822e+00 -3.333557074512333040e-06 -7.272884132778756057e-06 9.997262015057942763e-01
4.900000000000000355e+00 1.638230996478498200e-04 5.595068895845145107e-05 9.998254624056190920e-01
5.000000000000000000e+00 2.206069184122031216e-04 -1.191290161286817412e-04 9.998899828370109155e-01
5.099999999999999645e+00 3.621768514879618008e-05 -1.524061799519833046e-04 9.999314509635237602e-01
5.200000000000000178e+00 2.601533618405818920e-05 2.999745996006422538e-05 9.999577656323392905e-01
5.299999999999999822e+00 2.232938547827278129e-04 1.932080080108403202e-05 9.999742365899846330e-01
5.400000000000000355e+00 1.887107522676229510e-04 -1.754231751902504536e-04 9.999844525842228604e-01
5.500000000000000000e+00 -5.187802148569793422e-06 -1.162643490623491176e-04 9.999907428570030676e-01
5.599999999999999645e+00 9.572297152570095511e-05 7.441437140065543818e-05 9.999945362177550257e-01
5.700000000000000178e+00 2.689834148706798391e-04 -5.592512503881418636e-05 9.999967778291521947e-01
5.799999999999999822e+00 1.084714895210857615e-04 -2.035578067404360540e-04 9.999981344156073648e-01
5.900000000000000355e+00 -4.529993340347474746e-06 -1.461309536475811188e-05 9.999989488813209038e-01
6.000000000000000000e+00 2.114609630711888357e-04 6.478245951557270522e-05 9.999993810222497226e-01
6.099999999999999645e+00 2.502097983710906354e-04 -1.695839960759912258e-04 9.999996214012903950e-01
6.200000000000000178e+00 1.405419683734631991e-05 -1.518349484448528711e-04 9.999998037975786902e-01
6.299999999999999822e+00 8.534223607616912204e-05 7.539860904317317923e-05 9.999998921794720497e-01
6.400000000000000355e+00 2.985566731907978713e-04 -4.811493570917296640e-05 9.999998991754360800e-01
6.500000000000000000e+00 1.296703388865798464e-04 -2.315381514272128011e-04 9.999999351053155960e-01
6.599999999999999645e+00 -9.903032968729329292e-06 -1.520066078892819698e-05 9.999999839977242733e-01
6.700000000000000178e+00 2.446201805746381678e-04 6.335645736040313868e-05 9.999999596981343775e-01
6.799999999999999822e+00 2.525138027775708179e-04 -2.055015438435901667e-04 9.999999426184293938e-01
6.900000000000000355e+00 -2.604884664597137575e-06 -1.383959021294005115e-04 9.999999881481158592e-01
7.000000000000000000e+00 1.406222821974198337e-04 9.655687367744832832e-05 9.999999842884779166e-01
7.099999999999999645e+00 3.285978466221947387e-04 -1.115176838533490938e-04 9.999999392064894410e-01
7.200000000000000178e+00 6.968191184655635011e-05 -2.337506703592416037e-04 9.999999699644973594e-01
7.299999999999999822e+00 3.847514359790205616e-05 6.025605355209725280e-05 9.999999973098517847e-01
7.400000000000000355e+00 3.372373529098846891e-04 -1.175473409749449423e-05 9.999999430131690792e-01
7.500000000000000000e+00 1.824234997085186216e-04 -2.675777163727087828e-04 9.999999475498720924e-01
7.599999999999999645e+00 -1.284137190632705376e-05 -3.451511096772098488e-05 9.999999993263546383e-01
7.700000000000000178e+00 2.864696746005628816e-04 6.607309841661120748e-05 9.999999568005317752e-01
7.799999999999999822e+00 2.840925040828940818e-04 -2.479551381724887571e-04 9.999999289244849709e-01
7.900000000000000355e+00 -1.442844775348046303e-05 -1.332860515648669165e-04 9.999999910405357184e-01
8.000000000000000000e+00 2.028876962468889296e-04 1.038491081204239515e-04 9.999999740529829095e-01
