1.000000000000000056e-01 2.985603170002619766e-01 -7.434964566791196772e-02 -9.512492036887022495e-01
2.000000000000000111e-01 5.616610986061857380e-01 -1.496326544720921192e-01 -8.107565636400229092e-01
3.000000000000000444e-01 7.749907247209629757e-01 -1.994505435928985992e-01 -5.906084926415153813e-01
4.000000000000000222e-01 9.146277823488129233e-01 -2.293453756491088402e-01 -3.116013360191510206e-01
5.000000000000000000e-01 9.629128333838934406e-01 -2.416241925154179737e-01 -2.308447767944839159e-03
5.999999999999999778e-01 9.155291363869871857e-01 -2.341131030480549935e-01 3.069225102919425630e-01
7.000000000000000666e-01 7.774877971766555040e-01 -2.070552526491158674e-01 5.859376868864455412e-01
8.000000000000000444e-01 5.624165727054418751e-01 -1.629964578295745037e-01 8.074712553429272965e-01
9.000000000000000222e-01 2.914268028296041479e-01 -1.062147182881308105e-01 9.498577255714385492e-01
1.000000000000000000e+00 -8.908510186151349236e-03 -4.222501224059743707e-02 9.991733690247882604e-01
1.100000000000000089e+00 -3.091378878816096742e-01 2.277822803540702212e-02 9.506023991595464739e-01
1.200000000000000178e+00 -5.798217987873900414e-01 8.253271929853651934e-02 8.089111766894730993e-01
1.300000000000000266e+00 -7.944108925907957808e-01 1.313159589448359144e-01 5.879771954922137223e-01
1.400000000000000133e+00 -9.318399056841507599e-01 1.644962428092284767e-01 3.094398598769513287e-01
1.500000000000000222e+00 -9.786036652804086522e-01 1.789797049884402635e-01 5.717880394254220688e-04
1.600000000000000089e+00 -9.300735111166599234e-01 1.735014677365515623e-01 -3.083875340680128363e-01
1.700000000000000178e+00 -7.909547242002399337e-01 1.487420446773509153e-01 -5.871873214930608542e-01
1.800000000000000266e+00 -5.748275816918814174e-01 1.072527568615147947e-01 -8.085317680027025444e-01
1.900000000000000133e+00 -3.028188231962320454e-01 5.320050293232707339e-02 -9.507501305412067172e-01
2.000000000000000000e+00 -1.539103437723874073e-03 -8.042757906135743901e-03 -9.999173215968223394e-01
2.100000000000000089e+00 2.995339356326291447e-01 -7.042920753654628718e-02 -9.512205041344793388e-01
2.200000000000000178e+00 5.709267338057925079e-01 -1.278233366996533449e-01 -8.094285811783750173e-01
2.300000000000000266e+00 7.860773993750788113e-01 -1.746048026540159559e-01 -5.884168406225562808e-01
2.400000000000000355e+00 9.239107114887105121e-01 -2.062078081956661979e-01 -3.098222341115344780e-01
2.500000000000000444e+00 9.709215019805154112e-01 -2.195672346968015887e-01 -9.191564457981360025e-04
2.600000000000000089e+00 9.224942420914855612e-01 -2.134120079438090456e-01 3.080566508589853147e-01
2.700000000000000178e+00 7.833553724792485795e-01 -1.883831304134023776e-01 5.868561995683480026e-01
2.800000000000000266e+00 5.671119287880084237e-01 -1.469656798945789544e-01 8.081888597024773357e-01
2.900000000000000355e+00 2.949227390759063261e-01 -9.324134366171511756e-02 9.503869496196973854e-01
3.000000000000000444e+00 -6.572360051733225524e-03 -3.248532185102236125e-02 9.995303195482333480e-01
3.100000000000000089e+00 -3.078619707285902285e-01 2.935233167949392874e-02 9.508086320780836376e-01
3.200000000000000178e+00 -5.794492128998564029e-01 8.622898818205171345e-02 8.089917201828373816e-01
3.300000000000000266e+00 -7.947426273356503756e-01 1.326011777176215045e-01 5.879615488748166641e-01
3.400000000000000355e+00 -9.326570310125570362e-01 1.639645139673481522e-01 3.093523217344826270e-01
3.500000000000000444e+00 -9.796765911395127757e-01 1.772908898655929377e-01 4.414605802736461010e-04
3.600000000000000089e+00 -9.311856598738691426e-01 1.713233835456461629e-01 -3.085323304572807901e-01
3.700000000000000178e+00 -7.919181172303644267e-01 1.466943580767209598e-01 -5.873219467493560053e-01
3.800000000000000266e+00 -5.754906416570538807e-01 1.058591833477129929e-01 -8.086408393487942714e-01
3.900000000000000355e+00 -3.030796450839023937e-01 5.285453041071912217e-02 -9.508201713903299268e-01
4.000000000000000000e+00 -1.341632468184875788e-03 -7.100512286584721895e-03 -9.999421269177438676e-01
4.099999999999999645e+00 3.001914882957932296e-01 -6.811647067254955612e-02 -9.511973184133566406e-01
4.200000000000000178e+00 5.720001197734947418e-01 -1.242095617002940688e-01 -8.093606025095775314e-01
4.299999999999999822e+00 7.874883002825977529e-01 -1.698915436013768709e-01 -5.883085576949892426e-01
4.399999999999999467e+00 9.255495932396521352e-01 -2.006978560746134621e-01 -3.096849973553345570e-01
4.500000000000000000e+00 9.726658506057899167e-01 -2.136290618073312386e-01 -7.654285520242713097e-04
4.599999999999999645e+00 9.242187456585462257e-01 -2.074393098441841832e-01 3.082177328082876810e-01
4.700000000000000178e+00 7.849441354906334656e-01 -1.827559638909442841e-01 5.870108318927100832e-01
4.799999999999999822e+00 5.684680647633447714e-01 -1.420148940488303591e-01 8.083273479525527883e-01
4.900000000000000355e+00 2.959772315420744482e-01 -8.922060304765762340e-02 9.505012814472538762e-01
5.000000000000000000e+00 -5.865303069433495074e-03 -2.954974000139959714e-02 9.996164770210375083e-01
5.099999999999999645e+00 -3.075006246090990492e-01 3.115111062217184798e-02 9.508634887829945370e-01
5.200000000000000178e+00 -5.794101142582015473e-01 8.694612417294583784e-02 8.090160357692440796e-01
5.299999999999999822e+00 -7.949741801857035384e-01 1.323862562244745300e-01 5.879566063998764580e-01
5.400000000000000355e+00 -9.330829319864610838e-01 1.630413928921286837e-01 3.093261927729398231e-01
5.500000000000000000e+00 -9.802107448917535271e-01 1.759344521433600927e-01 3.999831122974299496e-04
5.599999999999999645e+00 -9.317368525589903028e-01 1.698303201861340317e-01 -3.085821223740029540e-01
5.700000000000000178e+00 -7.923984657071307947e-01 1.453540264836956086e-01 -5.873734503935248430e-01
5.799999999999999822e+00 -5.758296653516078445e-01 1.049284162888308447e-01 -8.086821460337501044e-01
5.900000000000000355e+00 -3.032241422921317930e-01 5.253358313721359640e-02 -9.508463131951745417e-01
6.000000000000000000e+00 -1.252180423684865060e-03 -6.685280902777705064e-03 -9.999513167958885562e-01
6.099999999999999645e+00 3.005140230776208732e-01 -6.691613810984398114e-02 -9.511881906693644417e-01
6.200000000000000178e+00 5.725528894934379665e-01 -1.222609299795696380e-01 -8.093279321051816133e-01
6.299999999999999822e+00 7.882231231080369938e-01 -1.673003108216282175e-01 -5.882611545676255105e-01
6.400000000000000355e+00 9.264159969574571329e-01 -1.976331218338051587e-01 -3.096256599960320877e-01
6.500000000000000000e+00 9.736008754128138154e-01 -2.103007567024238467e-01 -6.923487925678193907e-04
6.599999999999999645e+00 9.251515689320803926e-01 -2.040762651101225289e-01 3.082970293927292382e-01
6.700000000000000178e+00 7.858102077584768752e-01 -1.795840982358787308e-01 5.870864012823697742e-01
6.799999999999999822e+00 5.692089925488885704e-01 -1.392349657788580219e-01 8.083961708647728894e-01
6.900000000000000355e+00 2.965490808880448803e-01 -8.698983470750835945e-02 9.505588746524767929e-01
7.000000000000000000e+00 -5.480151487354064169e-03 -2.797066392893589326e-02 9.996590066381515483e-01
7.099999999999999645e+00 -3.073211541271515523e-01 3.204422224495725308e-02 9.508901720381867095e-01
7.200000000000000178e+00 -5.794215375019228231e-01 8.718187172162870924e-02 8.090252712160482806e-01
7.299999999999999822e+00 -7.951435620223514800e-01 1.320529889486297404e-01 5.879524228707484479e-01
7.400000000000000355e+00 -9.333685840481604767e-01 1.622777893361234403e-01 3.093118373560995726e-01
7.500000000000000000e+00 -9.805618908453925808e-01 1.749142116514696144e-01 3.754112251651566218e-04
7.599999999999999645e+00 -9.320992301844908123e-01 1.687435886876524072e-01 -3.086045487969092949e-01
7.700000000000000178e+00 -7.927152507407402293e-01 1.443883339577780311e-01 -5.874000573360967925e-01
7.799999999999999822e+00 -5.760504145820118937e-01 1.042512234203148147e-01 -8.087079437638938773e-01
7.900000000000000355e+00 -3.033190422439252520e-01 5.227874048763242465e-02 -9.508621244699482222e-01
8.000000000000000000e+00 -1.199260456633418096e-03 -6.431659689675350844e-03 -9.999564391055527635e-01
