0.000000000000000000e+00 8.197609046905788041e-12 9.146352716341072597e-12 -1.000000000000000000e+00
2.068965517241379282e-01 4.251800909652044824e-01 3.877968255127098862e-01 -8.017487334766301155e-01
4.137931034482758563e-01 7.465028278592017452e-01 4.145290466075672864e-01 -3.573606891921570772e-01
6.206896551724138122e-01 8.232045307688496960e-01 1.115176849079064780e-01 9.040773045177592782e-02
8.275862068965517127e-01 6.142703941430467385e-01 -2.227723830426681095e-01 4.346141645373982620e-01
1.034482758620689724e+00 2.698248538837171862e-01 -3.453116237638853003e-01 6.656600450024326987e-01
1.241379310344827624e+00 1.027101160917803790e-02 -2.505401346809746355e-01 7.812337213226725474e-01
1.448275862068965525e+00 -7.440708403739507149e-02 -9.643003439081643258e-02 7.850862332595397453e-01
1.655172413793103425e+00 -5.010641521816782545e-02 -5.690949527525739071e-03 7.175083961842959601e-01
1.862068965517241326e+00 -1.237038845436717188e-02 1.299640917550408566e-02 6.393391847924460025e-01
2.068965517241379448e+00 1.591482224428012165e-03 5.283625362085800706e-03 5.950633227813842963e-01
2.275862068965517349e+00 1.453856000887690861e-03 1.489097637235182580e-04 6.002431067169735623e-01
2.482758620689655249e+00 1.220953088540951200e-04 -3.064894540070398207e-04 6.486823511257232555e-01
2.689655172413793149e+00 -5.040609155770331840e-05 -3.226459356175112939e-05 7.228519487166916724e-01
2.896551724137931050e+00 -2.967082615575664846e-06 1.055601653149385426e-05 8.027536571555674572e-01
3.103448275862068950e+00 -4.200072283265273532e-07 2.716606199377289757e-06 8.728104601194845991e-01
3.310344827586206851e+00 4.045046289680947692e-07 -1.020035853925761601e-06 9.253337712186499031e-01
3.517241379310344751e+00 4.561690693873035905e-06 -2.490298929425168967e-06 9.598837129410938696e-01
3.724137931034482651e+00 -2.096178394120351224e-06 3.892179704364910946e-07 9.801713151784441358e-01
3.931034482758620552e+00 6.071570116536370103e-07 -2.852691109824440099e-06 9.909416621413453807e-01
4.137931034482758896e+00 -3.840317022280852002e-06 -2.230376824501859462e-06 9.961606023047973046e-01
4.344827586206896797e+00 7.455108295692337745e-07 1.526950674544269657e-06 9.984853307515421106e-01
4.551724137931034697e+00 1.966801388082832108e-06 -3.279501881658164557e-06 9.994423267952043943e-01
4.758620689655172598e+00 -1.562120869471870452e-06 3.121522223014986904e-06 9.998079143813917158e-01
4.965517241379310498e+00 4.558417860836658743e-06 -3.364574623543532889e-06 9.999379605133419391e-01
5.172413793103448398e+00 -2.356489317513763080e-06 1.680449430993203927e-06 9.999811659212226589e-01
5.379310344827586299e+00 -6.999090897812343718e-07 3.138156716914400955e-07 9.999946114504418837e-01
5.586206896551724199e+00 2.092755502665746981e-06 2.421795853720168520e-06 9.999985425642795578e-01
5.793103448275862100e+00 -1.028105632596505215e-07 2.075004401014581476e-06 9.999996259734874604e-01
6.000000000000000000e+00 5.311063733738636773e-06 -8.042400380803182442e-07 9.999999084968717034e-01
