1.000000000000000056e-01 9.855412276301995789e-01 0.000000000000000000e+00 1.445877236980009847e-02 0.000000000000000000e+00 0.000000000000000000e+00 0.000000000000000000e+00 3.274983135911846421e-03 1.193272419911938359e-01 0.000000000000000000e+00 0.000000000000000000e+00 0.000000000000000000e+00 0.000000000000000000e+00 0.000000000000000000e+00 0.000000000000000000e+00 0.000000000000000000e+00 0.000000000000000000e+00
2.000000000000000111e-01 9.434476138776778376e-01 0.000000000000000000e+00 5.655238612232312695e-02 0.000000000000000000e+00 0.000000000000000000e+00 0.000000000000000000e+00 4.122812263339072775e-03 2.309485138430837081e-01 0.000000000000000000e+00 0.000000000000000000e+00 0.000000000000000000e+00 0.000000000000000000e+00 0.000000000000000000e+00 0.000000000000000000e+00 0.000000000000000000e+00 0.000000000000000000e+00
2.999999999999999889e-01 8.773722600493540913e-01 0.000000000000000000e+00 1.226277399506473381e-01 0.000000000000000000e+00 0.000000000000000000e+00 0.000000000000000000e+00 6.447337532745830990e-04 3.280087823971261085e-01 0.000000000000000000e+00 0.000000000000000000e+00 0.000000000000000000e+00 0.000000000000000000e+00 0.000000000000000000e+00 0.000000000000000000e+00 0.000000000000000000e+00 0.000000000000000000e+00
4.000000000000000222e-01 7.928031613803870892e-01 0.000000000000000000e+00 2.071968386196139100e-01 0.000000000000000000e+00 0.000000000000000000e+00 0.000000000000000000e+00 -8.149670735969130608e-03 4.052158578442913162e-01 0.000000000000000000e+00 0.000000000000000000e+00 0.000000000000000000e+00 0.000000000000000000e+00 0.000000000000000000e+00 0.000000000000000000e+00 0.000000000000000000e+00 0.000000000000000000e+00
5.000000000000000000e-01 6.962945457066260779e-01 0.000000000000000000e+00 3.037054542933716461e-01 0.000000000000000000e+00 0.000000000000000000e+00 0.000000000000000000e+00 -2.213700357517889988e-02 4.593238560195436193e-01 0.000000000000000000e+00 0.000000000000000000e+00 0.000000000000000000e+00 0.000000000000000000e+00 0.000000000000000000e+00 0.000000000000000000e+00 0.000000000000000000e+00 0.000000000000000000e+00
5.999999999999999778e-01 5.946146582293068139e-01 0.000000000000000000e+00 4.053853417706956286e-01 0.000000000000000000e+00 0.000000000000000000e+00 0.000000000000000000e+00 -4.015888356418323424e-02 4.893212952994883125e-01 0.000000000000000000e+00 0.000000000000000000e+00 0.000000000000000000e+00 0.000000000000000000e+00 0.000000000000000000e+00 0.000000000000000000e+00 0.000000000000000000e+00 0.000000000000000000e+00
6.999999999999999556e-01 4.939868040565318918e-01 0.000000000000000000e+00 5.060131959434683857e-01 0.000000000000000000e+00 0.000000000000000000e+00 0.000000000000000000e+00 -6.031054576873627615e-02 4.963128845266363554e-01 0.000000000000000000e+00 0.000000000000000000e+00 0.000000000000000000e+00 0.000000000000000000e+00 0.000000000000000000e+00 0.000000000000000000e+00 0.000000000000000000e+00 0.000000000000000000e+00
7.999999999999999334e-01 3.994644829502566608e-01 0.000000000000000000e+00 6.005355170497420625e-01 0.000000000000000000e+00 0.000000000000000000e+00 0.000000000000000000e+00 -8.035038707206307307e-02 4.831525897251034429e-01 0.000000000000000000e+00 0.000000000000000000e+00 0.000000000000000000e+00 0.000000000000000000e+00 0.000000000000000000e+00 0.000000000000000000e+00 0.000000000000000000e+00 0.000000000000000000e+00
8.999999999999999112e-01 3.146605978776978452e-01 0.000000000000000000e+00 6.853394021222964927e-01 0.000000000000000000e+00 0.000000000000000000e+00 0.000000000000000000e+00 -9.812377823786762321e-02 4.538953955918806349e-01 0.000000000000000000e+00 0.000000000000000000e+00 0.000000000000000000e+00 0.000000000000000000e+00 0.000000000000000000e+00 0.000000000000000000e+00 0.000000000000000000e+00 0.000000000000000000e+00
9.999999999999998890e-01 2.416340018735711193e-01 0.000000000000000000e+00 7.583659981264331273e-01 0.000000000000000000e+00 0.000000000000000000e+00 0.000000000000000000e+00 -1.119290688835366532e-01 4.131814304941663352e-01 0.000000000000000000e+00 0.000000000000000000e+00 0.000000000000000000e+00 0.000000000000000000e+00 0.000000000000000000e+00 0.000000000000000000e+00 0.000000000000000000e+00 0.000000000000000000e+00
1.099999999999999867e+00 1.810641777898348570e-01 0.000000000000000000e+00 8.189358222101650320e-01 0.000000000000000000e+00 0.000000000000000000e+00 0.000000000000000000e+00 -1.207226802829805268e-01 3.656582773917019802e-01 0.000000000000000000e+00 0.000000000000000000e+00 0.000000000000000000e+00 0.000000000000000000e+00 0.000000000000000000e+00 0.000000000000000000e+00 0.000000000000000000e+00 0.000000000000000000e+00
1.199999999999999956e+00 1.325370522451670419e-01 0.000000000000000000e+00 8.674629477548331247e-01 0.000000000000000000e+00 0.000000000000000000e+00 0.000000000000000000e+00 -1.241763193888845151e-01 3.155173909503629637e-01 0.000000000000000000e+00 0.000000000000000000e+00 0.000000000000000000e+00 0.000000000000000000e+00 0.000000000000000000e+00 0.000000000000000000e+00 0.000000000000000000e+00 0.000000000000000000e+00
1.300000000000000044e+00 9.487685906531993785e-02 0.000000000000000000e+00 9.051231409346801593e-01 0.000000000000000000e+00 0.000000000000000000e+00 0.000000000000000000e+00 -1.226249715912017535e-01 2.661547615322951699e-01 0.000000000000000000e+00 0.000000000000000000e+00 0.000000000000000000e+00 0.000000000000000000e+00 0.000000000000000000e+00 0.000000000000000000e+00 0.000000000000000000e+00 0.000000000000000000e+00
1.399999999999999911e+00 6.650902329791014145e-02 0.000000000000000000e+00 9.334909767020911353e-01 0.000000000000000000e+00 0.000000000000000000e+00 0.000000000000000000e+00 -1.168521149220874134e-01 2.200707986329525911e-01 0.000000000000000000e+00 0.000000000000000000e+00 0.000000000000000000e+00 0.000000000000000000e+00 0.000000000000000000e+00 0.000000000000000000e+00 0.000000000000000000e+00 0.000000000000000000e+00
1.500000000000000000e+00 4.572572161336727059e-02 0.000000000000000000e+00 9.542742783866321465e-01 0.000000000000000000e+00 0.000000000000000000e+00 0.000000000000000000e+00 -1.079253144505725043e-01 1.788491169473114262e-01 0.000000000000000000e+00 0.000000000000000000e+00 0.000000000000000000e+00 0.000000000000000000e+00 0.000000000000000000e+00 0.000000000000000000e+00 0.000000000000000000e+00 0.000000000000000000e+00
1.599999999999999867e+00 3.087435986610052863e-02 0.000000000000000000e+00 9.691256401339005677e-01 0.000000000000000000e+00 0.000000000000000000e+00 0.000000000000000000e+00 -9.696860884150473869e-02 1.432418327816768200e-01 0.000000000000000000e+00 0.000000000000000000e+00 0.000000000000000000e+00 0.000000000000000000e+00 0.000000000000000000e+00 0.000000000000000000e+00 0.000000000000000000e+00 0.000000000000000000e+00
1.699999999999999956e+00 2.051078593328232655e-02 0.000000000000000000e+00 9.794892140667138536e-01 0.000000000000000000e+00 0.000000000000000000e+00 0.000000000000000000e+00 -8.503562931648542267e-02 1.133976865908920134e-01 0.000000000000000000e+00 0.000000000000000000e+00 0.000000000000000000e+00 0.000000000000000000e+00 0.000000000000000000e+00 0.000000000000000000e+00 0.000000000000000000e+00 0.000000000000000000e+00
1.800000000000000044e+00 1.342673483486937595e-02 0.000000000000000000e+00 9.865732651651294427e-01 0.000000000000000000e+00 0.000000000000000000e+00 0.000000000000000000e+00 -7.299917061382255046e-02 8.898077724240052722e-02 0.000000000000000000e+00 0.000000000000000000e+00 0.000000000000000000e+00 0.000000000000000000e+00 0.000000000000000000e+00 0.000000000000000000e+00 0.000000000000000000e+00 0.000000000000000000e+00
1.899999999999999911e+00 8.679587108904804338e-03 0.000000000000000000e+00 9.913204128910974022e-01 0.000000000000000000e+00 0.000000000000000000e+00 0.000000000000000000e+00 -6.150744884086446068e-02 6.943403872292241985e-02 0.000000000000000000e+00 0.000000000000000000e+00 0.000000000000000000e+00 0.000000000000000000e+00 0.000000000000000000e+00 0.000000000000000000e+00 0.000000000000000000e+00 0.000000000000000000e+00
2.000000000000000000e+00 5.547794878787981609e-03 0.000000000000000000e+00 9.944522051212131286e-01 0.000000000000000000e+00 0.000000000000000000e+00 0.000000000000000000e+00 -5.097700841015832818e-02 5.402186215519410445e-02 0.000000000000000000e+00 0.000000000000000000e+00 0.000000000000000000e+00 0.000000000000000000e+00 0.000000000000000000e+00 0.000000000000000000e+00 0.000000000000000000e+00 0.000000000000000000e+00
2.099999999999999645e+00 3.515123734395329911e-03 0.000000000000000000e+00 9.964848762656073333e-01 0.000000000000000000e+00 0.000000000000000000e+00 0.000000000000000000e+00 -4.165801357675473493e-02 4.204018990377043907e-02 0.000000000000000000e+00 0.000000000000000000e+00 0.000000000000000000e+00 0.000000000000000000e+00 0.000000000000000000e+00 0.000000000000000000e+00 0.000000000000000000e+00 0.000000000000000000e+00
2.199999999999999734e+00 2.210576173636529754e-03 0.000000000000000000e+00 9.977894238263602666e-01 0.000000000000000000e+00 0.000000000000000000e+00 0.000000000000000000e+00 -3.361738690635228399e-02 3.279574382234007324e-02 0.000000000000000000e+00 0.000000000000000000e+00 0.000000000000000000e+00 0.000000000000000000e+00 0.000000000000000000e+00 0.000000000000000000e+00 0.000000000000000000e+00 0.000000000000000000e+00
2.299999999999999822e+00 1.382498262431182921e-03 0.000000000000000000e+00 9.986175017375693574e-01 0.000000000000000000e+00 0.000000000000000000e+00 0.000000000000000000e+00 -2.683047930832508504e-02 2.570432665342929635e-02 0.000000000000000000e+00 0.000000000000000000e+00 0.000000000000000000e+00 0.000000000000000000e+00 0.000000000000000000e+00 0.000000000000000000e+00 0.000000000000000000e+00 0.000000000000000000e+00
2.399999999999999911e+00 8.617661104979721298e-04 0.000000000000000000e+00 9.991382338895009596e-01 0.000000000000000000e+00 0.000000000000000000e+00 0.000000000000000000e+00 -2.121112122126943278e-02 2.027589341563481792e-02 0.000000000000000000e+00 0.000000000000000000e+00 0.000000000000000000e+00 0.000000000000000000e+00 0.000000000000000000e+00 0.000000000000000000e+00 0.000000000000000000e+00 0.000000000000000000e+00
2.500000000000000000e+00 5.356135951556709445e-04 0.000000000000000000e+00 9.994643864048503579e-01 0.000000000000000000e+00 0.000000000000000000e+00 0.000000000000000000e+00 -1.661446050669823649e-02 1.610237447786033380e-02 0.000000000000000000e+00 0.000000000000000000e+00 0.000000000000000000e+00 0.000000000000000000e+00 0.000000000000000000e+00 0.000000000000000000e+00 0.000000000000000000e+00 0.000000000000000000e+00
2.600000000000000089e+00 3.329530164041569315e-04 0.000000000000000000e+00 9.996670469835992057e-01 0.000000000000000000e+00 0.000000000000000000e+00 0.000000000000000000e+00 -1.291287147776683415e-02 1.288797775047443098e-02 0.000000000000000000e+00 0.000000000000000000e+00 0.000000000000000000e+00 0.000000000000000000e+00 0.000000000000000000e+00 0.000000000000000000e+00 0.000000000000000000e+00 0.000000000000000000e+00
2.699999999999999734e+00 2.070725530783330088e-04 0.000000000000000000e+00 9.997929274469186112e-01 0.000000000000000000e+00 0.000000000000000000e+00 0.000000000000000000e+00 -9.950250579687245148e-03 1.039337666667144652e-02 0.000000000000000000e+00 0.000000000000000000e+00 0.000000000000000000e+00 0.000000000000000000e+00 0.000000000000000000e+00 0.000000000000000000e+00 0.000000000000000000e+00 0.000000000000000000e+00
2.799999999999999822e+00 1.289893002287253792e-04 0.000000000000000000e+00 9.998710106997729108e-01 0.000000000000000000e+00 0.000000000000000000e+00 0.000000000000000000e+00 -7.600233362043674196e-03 8.438558085590274968e-03 0.000000000000000000e+00 0.000000000000000000e+00 0.000000000000000000e+00 0.000000000000000000e+00 0.000000000000000000e+00 0.000000000000000000e+00 0.000000000000000000e+00 0.000000000000000000e+00
2.899999999999999911e+00 8.070500709179574531e-05 0.000000000000000000e+00 9.999192949929088803e-01 0.000000000000000000e+00 0.000000000000000000e+00 0.000000000000000000e+00 -5.757074270642791210e-03 6.895987767156672513e-03 0.000000000000000000e+00 0.000000000000000000e+00 0.000000000000000000e+00 0.000000000000000000e+00 0.000000000000000000e+00 0.000000000000000000e+00 0.000000000000000000e+00 0.000000000000000000e+00
3.000000000000000000e+00 5.057589822167376636e-05 0.000000000000000000e+00 9.999494241017792273e-01 0.000000000000000000e+00 0.000000000000000000e+00 0.000000000000000000e+00 -4.310908616618417365e-03 5.655921063892660645e-03 0.000000000000000000e+00 0.000000000000000000e+00 0.000000000000000000e+00 0.000000000000000000e+00 0.000000000000000000e+00 0.000000000000000000e+00 0.000000000000000000e+00 0.000000000000000000e+00
