1.000000000000000056e-01 9.855642314779612390e-01 0.000000000000000000e+00 1.443576852203940636e-02 0.000000000000000000e+00 0.000000000000000000e+00 0.000000000000000000e+00 1.161972803286940026e-01 2.693639073999307826e-02 0.000000000000000000e+00 0.000000000000000000e+00 0.000000000000000000e+00 0.000000000000000000e+00 0.000000000000000000e+00 0.000000000000000000e+00 0.000000000000000000e+00 0.000000000000000000e+00
2.000000000000000111e-01 9.437997727299078932e-01 0.000000000000000000e+00 5.620022727009509750e-02 0.000000000000000000e+00 0.000000000000000000e+00 0.000000000000000000e+00 2.247524045624068878e-01 5.028039610400684978e-02 0.000000000000000000e+00 0.000000000000000000e+00 0.000000000000000000e+00 0.000000000000000000e+00 0.000000000000000000e+00 0.000000000000000000e+00 0.000000000000000000e+00 0.000000000000000000e+00
2.999999999999999889e-01 8.790807527584640901e-01 0.000000000000000000e+00 1.209192472415385883e-01 0.000000000000000000e+00 0.000000000000000000e+00 0.000000000000000000e+00 3.190840740173950252e-01 6.695622584151519896e-02 0.000000000000000000e+00 0.000000000000000000e+00 0.000000000000000000e+00 0.000000000000000000e+00 0.000000000000000000e+00 0.000000000000000000e+00 0.000000000000000000e+00 0.000000000000000000e+00
4.000000000000000222e-01 7.978963942637324891e-01 0.000000000000000000e+00 2.021036057362676219e-01 0.000000000000000000e+00 0.000000000000000000e+00 0.000000000000000000e+00 3.945359459217558373e-01 7.482730517043487128e-02 0.000000000000000000e+00 0.000000000000000000e+00 0.000000000000000000e+00 0.000000000000000000e+00 0.000000000000000000e+00 0.000000000000000000e+00 0.000000000000000000e+00 0.000000000000000000e+00
5.000000000000000000e-01 7.078102622061778204e-01 0.000000000000000000e+00 2.921897377938226237e-01 0.000000000000000000e+00 0.000000000000000000e+00 0.000000000000000000e+00 4.488761215749624278e-01 7.297343516314348799e-02 0.000000000000000000e+00 0.000000000000000000e+00 0.000000000000000000e+00 0.000000000000000000e+00 0.000000000000000000e+00 0.000000000000000000e+00 0.000000000000000000e+00 0.000000000000000000e+00
5.999999999999999778e-01 6.163290118980763177e-01 0.000000000000000000e+00 3.836709881019244039e-01 0.000000000000000000e+00 0.000000000000000000e+00 0.000000000000000000e+00 4.823427727385051211e-01 6.174957919788909289e-02 0.000000000000000000e+00 0.000000000000000000e+00 0.000000000000000000e+00 0.000000000000000000e+00 0.000000000000000000e+00 0.000000000000000000e+00 0.000000000000000000e+00 0.000000000000000000e+00
6.999999999999999556e-01 5.298617630460590311e-01 0.000000000000000000e+00 4.701382369539402473e-01 0.000000000000000000e+00 0.000000000000000000e+00 0.000000000000000000e+00 4.972811501696182135e-01 4.265832493788801472e-02 0.000000000000000000e+00 0.000000000000000000e+00 0.000000000000000000e+00 0.000000000000000000e+00 0.000000000000000000e+00 0.000000000000000000e+00 0.000000000000000000e+00 0.000000000000000000e+00
7.999999999999999334e-01 4.529873813701214558e-01 0.000000000000000000e+00 5.470126186298788218e-01 0.000000000000000000e+00 0.000000000000000000e+00 0.000000000000000000e+00 4.974586832130569181e-01 1.801865905212501895e-02 0.000000000000000000e+00 0.000000000000000000e+00 0.000000000000000000e+00 0.000000000000000000e+00 0.000000000000000000e+00 0.000000000000000000e+00 0.000000000000000000e+00 0.000000000000000000e+00
8.999999999999999112e-01 3.881125708485012593e-01 0.000000000000000000e+00 6.118874291515008501e-01 0.000000000000000000e+00 0.000000000000000000e+00 0.000000000000000000e+00 4.872287915986220352e-01 -9.450279968845669287e-03 0.000000000000000000e+00 0.000000000000000000e+00 0.000000000000000000e+00 0.000000000000000000e+00 0.000000000000000000e+00 0.000000000000000000e+00 0.000000000000000000e+00 0.000000000000000000e+00
9.999999999999998890e-01 3.355784920826096474e-01 0.000000000000000000e+00 6.644215079173887428e-01 0.000000000000000000e+00 0.000000000000000000e+00 0.000000000000000000e+00 4.707329872934457038e-01 -3.709477371327245254e-02 0.000000000000000000e+00 0.000000000000000000e+00 0.000000000000000000e+00 0.000000000000000000e+00 0.000000000000000000e+00 0.000000000000000000e+00 0.000000000000000000e+00 0.000000000000000000e+00
1.099999999999999867e+00 2.940907353656282419e-01 0.000000000000000000e+00 7.059092646343725352e-01 0.000000000000000000e+00 0.000000000000000000e+00 0.000000000000000000e+00 4.512947918669917291e-01 -6.272468070324391243e-02 0.000000000000000000e+00 0.000000000000000000e+00 0.000000000000000000e+00 0.000000000000000000e+00 0.000000000000000000e+00 0.000000000000000000e+00 0.000000000000000000e+00 0.000000000000000000e+00
1.199999999999999956e+00 2.613795462742815601e-01 0.000000000000000000e+00 7.386204537257167191e-01 0.000000000000000000e+00 0.000000000000000000e+00 0.000000000000000000e+00 4.311041600736731372e-01 -8.490866962618467961e-02 0.000000000000000000e+00 0.000000000000000000e+00 0.000000000000000000e+00 0.000000000000000000e+00 0.000000000000000000e+00 0.000000000000000000e+00 0.000000000000000000e+00 0.000000000000000000e+00
1.300000000000000044e+00 2.348995753455954960e-01 0.000000000000000000e+00 7.651004246544035325e-01 0.000000000000000000e+00 0.000000000000000000e+00 0.000000000000000000e+00 4.112156528287995716e-01 -1.030701300277081789e-01 0.000000000000000000e+00 0.000000000000000000e+00 0.000000000000000000e+00 0.000000000000000000e+00 0.000000000000000000e+00 0.000000000000000000e+00 0.000000000000000000e+00 0.000000000000000000e+00
1.399999999999999911e+00 2.124235075573646936e-01 0.000000000000000000e+00 7.875764924426357227e-01 0.000000000000000000e+00 0.000000000000000000e+00 0.000000000000000000e+00 3.918028599234310017e-01 -1.174320224817544944e-01 0.000000000000000000e+00 0.000000000000000000e+00 0.000000000000000000e+00 0.000000000000000000e+00 0.000000000000000000e+00 0.000000000000000000e+00 0.000000000000000000e+00 0.000000000000000000e+00
1.500000000000000000e+00 1.924105277082716614e-01 0.000000000000000000e+00 8.075894722917296153e-01 0.000000000000000000e+00 0.000000000000000000e+00 0.000000000000000000e+00 3.725565660657476630e-01 -1.288034225049219383e-01 0.000000000000000000e+00 0.000000000000000000e+00 0.000000000000000000e+00 0.000000000000000000e+00 0.000000000000000000e+00 0.000000000000000000e+00 0.000000000000000000e+00 0.000000000000000000e+00
1.599999999999999867e+00 1.741095422673318016e-01 0.000000000000000000e+00 8.258904577326652285e-01 0.000000000000000000e+00 0.000000000000000000e+00 0.000000000000000000e+00 3.530934066787556058e-01 -1.382767360465189110e-01 0.000000000000000000e+00 0.000000000000000000e+00 0.000000000000000000e+00 0.000000000000000000e+00 0.000000000000000000e+00 0.000000000000000000e+00 0.000000000000000000e+00 0.000000000000000000e+00
1.699999999999999956e+00 1.574425788649757019e-01 0.000000000000000000e+00 8.425574211350234100e-01 0.000000000000000000e+00 0.000000000000000000e+00 0.000000000000000000e+00 3.332741095941412213e-01 -1.469107929617048669e-01 0.000000000000000000e+00 0.000000000000000000e+00 0.000000000000000000e+00 0.000000000000000000e+00 0.000000000000000000e+00 0.000000000000000000e+00 0.000000000000000000e+00 0.000000000000000000e+00
1.800000000000000044e+00 1.427148669099694567e-01 0.000000000000000000e+00 8.572851330900309597e-01 0.000000000000000000e+00 0.000000000000000000e+00 0.000000000000000000e+00 3.133377765578109209e-01 -1.554566547327093928e-01 0.000000000000000000e+00 0.000000000000000000e+00 0.000000000000000000e+00 0.000000000000000000e+00 0.000000000000000000e+00 0.000000000000000000e+00 0.000000000000000000e+00 0.000000000000000000e+00
1.899999999999999911e+00 1.303036345760564263e-01 0.000000000000000000e+00 8.696963654239432406e-01 0.000000000000000000e+00 0.000000000000000000e+00 0.000000000000000000e+00 2.938602741245423533e-01 -1.642276978283269961e-01 0.000000000000000000e+00 0.000000000000000000e+00 0.000000000000000000e+00 0.000000000000000000e+00 0.000000000000000000e+00 0.000000000000000000e+00 0.000000000000000000e+00 0.000000000000000000e+00
2.000000000000000000e+00 1.203758085762196978e-01 0.000000000000000000e+00 8.796241914237815651e-01 0.000000000000000000e+00 0.000000000000000000e+00 0.000000000000000000e+00 2.755583971484132921e-01 -1.730694748158703722e-01 0.000000000000000000e+00 0.000000000000000000e+00 0.000000000000000000e+00 0.000000000000000000e+00 0.000000000000000000e+00 0.000000000000000000e+00 0.000000000000000000e+00 0.000000000000000000e+00
2.099999999999999645e+00 1.127548688031762836e-01 0.000000000000000000e+00 8.872451311968222454e-01 0.000000000000000000e+00 0.000000000000000000e+00 0.000000000000000000e+00 2.590490006692137137e-01 -1.814795406385892318e-01 0.000000000000000000e+00 0.000000000000000000e+00 0.000000000000000000e+00 0.000000000000000000e+00 0.000000000000000000e+00 0.000000000000000000e+00 0.000000000000000000e+00 0.000000000000000000e+00
2.199999999999999734e+00 1.069200886175809273e-01 0.000000000000000000e+00 8.930799113824161584e-01 0.000000000000000000e+00 0.000000000000000000e+00 0.000000000000000000e+00 2.446254539872239897e-01 -1.888029940620050695e-01 0.000000000000000000e+00 0.000000000000000000e+00 0.000000000000000000e+00 0.000000000000000000e+00 0.000000000000000000e+00 0.000000000000000000e+00 0.000000000000000000e+00 0.000000000000000000e+00
2.299999999999999822e+00 1.021495388329936860e-01 0.000000000000000000e+00 8.978504611670048430e-01 0.000000000000000000e+00 0.000000000000000000e+00 0.000000000000000000e+00 2.321511015928205968e-01 -1.944759024351625232e-01 0.000000000000000000e+00 0.000000000000000000e+00 0.000000000000000000e+00 0.000000000000000000e+00 0.000000000000000000e+00 0.000000000000000000e+00 0.000000000000000000e+00 0.000000000000000000e+00
2.399999999999999911e+00 9.770970498883176092e-02 0.000000000000000000e+00 9.022902950111679754e-01 0.000000000000000000e+00 0.000000000000000000e+00 0.000000000000000000e+00 2.210904113300869722e-01 -1.981957331513655718e-01 0.000000000000000000e+00 0.000000000000000000e+00 0.000000000000000000e+00 0.000000000000000000e+00 0.000000000000000000e+00 0.000000000000000000e+00 0.000000000000000000e+00 0.000000000000000000e+00
2.500000000000000000e+00 9.306019393111990279e-02 0.000000000000000000e+00 9.069398060688804719e-01 0.000000000000000000e+00 0.000000000000000000e+00 0.000000000000000000e+00 2.106595030261025348e-01 -2.000564120707310212e-01 0.000000000000000000e+00 0.000000000000000000e+00 0.000000000000000000e+00 0.000000000000000000e+00 0.000000000000000000e+00 0.000000000000000000e+00 0.000000000000000000e+00 0.000000000000000000e+00
2.600000000000000089e+00 8.797222197922743847e-02 0.000000000000000000e+00 9.120277780207698415e-01 0.000000000000000000e+00 0.000000000000000000e+00 0.000000000000000000e+00 2.000745697163433534e-01 -2.005075479067872646e-01 0.000000000000000000e+00 0.000000000000000000e+00 0.000000000000000000e+00 0.000000000000000000e+00 0.000000000000000000e+00 0.000000000000000000e+00 0.000000000000000000e+00 0.000000000000000000e+00
2.699999999999999734e+00 8.255704966177632165e-02 0.000000000000000000e+00 9.174429503382235396e-01 0.000000000000000000e+00 0.000000000000000000e+00 0.000000000000000000e+00 1.887876609374255499e-01 -2.002513478405695824e-01 0.000000000000000000e+00 0.000000000000000000e+00 0.000000000000000000e+00 0.000000000000000000e+00 0.000000000000000000e+00 0.000000000000000000e+00 0.000000000000000000e+00 0.000000000000000000e+00
2.799999999999999822e+00 7.718134186761049786e-02 0.000000000000000000e+00 9.228186581323896132e-01 0.000000000000000000e+00 0.000000000000000000e+00 0.000000000000000000e+00 1.766446819152317493e-01 -2.000525901719059363e-01 0.000000000000000000e+00 0.000000000000000000e+00 0.000000000000000000e+00 0.000000000000000000e+00 0.000000000000000000e+00 0.000000000000000000e+00 0.000000000000000000e+00 0.000000000000000000e+00
2.899999999999999911e+00 7.231204486657707986e-02 0.000000000000000000e+00 9.276879551334248353e-01 0.000000000000000000e+00 0.000000000000000000e+00 0.000000000000000000e+00 1.639226090556161752e-01 -2.005302756636429540e-01 0.000000000000000000e+00 0.000000000000000000e+00 0.000000000000000000e+00 0.000000000000000000e+00 0.000000000000000000e+00 0.000000000000000000e+00 0.000000000000000000e+00 0.000000000000000000e+00
3.000000000000000000e+00 6.834492991223364844e-02 0.000000000000000000e+00 9.316550700877658242e-01 0.000000000000000000e+00 0.000000000000000000e+00 0.000000000000000000e+00 1.512468723154795081e-01 -2.019858519301215849e-01 0.000000000000000000e+00 0.000000000000000000e+00 0.000000000000000000e+00 0.000000000000000000e+00 0.000000000000000000e+00 0.000000000000000000e+00 0.000000000000000000e+00 0.000000000000000000e+00
