0.000000000000000000e+00 7.944480857583594054e-12 9.516651446885712527e-12 -1.000000000000000000e+00
1.025641025641025605e-01 2.102486231542109452e-01 2.324638504624081670e-01 -9.490272347497844541e-01
2.051282051282051211e-01 4.162496022106408899e-01 4.149469485087894371e-01 -8.049494056331977232e-01
3.076923076923077094e-01 6.099813537838443267e-01 5.127192622650451614e-01 -5.896380525231402769e-01
4.102564102564102422e-01 7.756139201579377307e-01 5.098190905577127952e-01 -3.309380138658415960e-01
5.128205128205127750e-01 8.898442164030775370e-01 4.094100688594530246e-01 -5.860655015720175193e-02
6.153846153846154188e-01 9.294110800190316102e-01 2.353073281783074899e-01 2.002830105626755564e-01
7.179487179487179516e-01 8.815753667923540426e-01 2.824787766391229082e-02 4.260341321776501267e-01
8.205128205128204844e-01 7.515851621269191707e-01 -1.648354409336885706e-01 6.083330229576749959e-01
9.230769230769230171e-01 5.636357322435756600e-01 -3.041114291142641979e-01 7.452511714065991333e-01
1.025641025641025550e+00 3.547452894950460789e-01 -3.676809149567457080e-01 8.408493052169985216e-01
1.128205128205128194e+00 1.637043338022563799e-01 -3.560960946357948353e-01 9.024645553339419868e-01
1.230769230769230838e+00 1.969026359146371780e-02 -2.891277051682649701e-01 9.383289731586116345e-01
1.333333333333333259e+00 -6.497572982776236850e-02 -1.964155962493940866e-01 9.560295160356777622e-01
1.435897435897435903e+00 -9.516179545370864745e-02 -1.063929717348641030e-01 9.617192811173680411e-01
1.538461538461538325e+00 -8.734806864116899383e-02 -3.792255552118490441e-02 9.599931647305779414e-01
1.641025641025640969e+00 -6.137901903601918063e-02 2.555210595087488434e-03 9.541005197755767497e-01
1.743589743589743613e+00 -3.341233444854863066e-02 1.874672686897015800e-02 9.462876740237178286e-01
1.846153846153846034e+00 -1.250747580987694903e-02 1.940785193773211098e-02 9.381022705414145957e-01
1.948717948717948678e+00 -9.319185555528939485e-04 1.340213467376763154e-02 9.306146060143778431e-01
2.051282051282051100e+00 3.273308133108105214e-03 6.789201113922348901e-03 9.245507879885499491e-01
2.153846153846153744e+00 3.387605522892514574e-03 2.259171513561833173e-03 9.203668894241529008e-01
2.256410256410256387e+00 2.114475081458884985e-03 8.877203927097946333e-05 9.182917450083013522e-01
2.358974358974359031e+00 9.121557011905624245e-04 -5.170782484662924880e-04 9.183590525111628988e-01
2.461538461538461675e+00 2.328114707184903136e-04 -4.458426252181406650e-04 9.204398745567821116e-01
2.564102564102563875e+00 -2.243624218017240056e-05 -2.251241402624289719e-04 9.242793972210604503e-01
2.666666666666666519e+00 -6.397696047910346288e-05 -7.269822797593104846e-05 9.295365505015927843e-01
2.769230769230769162e+00 -3.669007906466127428e-05 -8.375474468505297323e-06 9.358242449736129398e-01
2.871794871794871806e+00 -1.761330364095609698e-05 8.421504356805962745e-06 9.427465879707527252e-01
2.974358974358974450e+00 -4.182496490766120922e-06 4.065198122643050707e-06 9.499304911326714729e-01
3.076923076923076650e+00 -7.426349060683789404e-07 5.857882384355170134e-06 9.570495277676280832e-01
3.179487179487179294e+00 1.570170153656476643e-06 -1.680706829243631827e-06 9.638392182572910194e-01
3.282051282051281937e+00 -3.979754294569474654e-06 -1.755919498831692964e-06 9.701040439524245551e-01
3.384615384615384581e+00 1.256730606130249559e-06 -3.817235065498868200e-07 9.757168989777028623e-01
3.487179487179487225e+00 1.216904553797787772e-06 -5.343007993130433131e-07 9.806130856845066690e-01
3.589743589743589425e+00 6.910441975186488123e-07 -6.944181232231278154e-07 9.847801708819843292e-01
3.692307692307692069e+00 1.544688453704277346e-06 1.582445111355120190e-06 9.882461615294674262e-01
3.794871794871794712e+00 2.155963179986772772e-06 -4.185467800314779542e-06 9.910673523585642464e-01
3.897435897435897356e+00 -7.754326286880460342e-07 1.081194967278098255e-06 9.933171296307720111e-01
4.000000000000000000e+00 -1.987201254279518652e-06 -3.189415873314614499e-06 9.950765358077379164e-01
