8.000000000000000444e-01 -7.534113790358311080e-01 -9.125845209482247311e-02 5.679465663798591857e-01
8.517241379310345195e-01 -6.749215279612837959e-01 -1.762149008780643511e-01 6.439746907011019150e-01
9.034482758620689946e-01 -5.846629141868776580e-01 -2.458938201679422841e-01 7.093254835711810813e-01
9.551724137931034697e-01 -4.871060486944495116e-01 -2.976811504471614800e-01 7.647002094708861275e-01
1.006896551724137945e+00 -3.870177344291579891e-01 -3.303222159605300190e-01 8.109839009418102762e-01
1.058620689655172420e+00 -2.891014719649597220e-01 -3.439326401916446563e-01 8.491706086230087491e-01
1.110344827586206895e+00 -1.976159155027752690e-01 -3.398952447015637368e-01 8.803061917595247365e-01
1.162068965517241370e+00 -1.161133514263412853e-01 -3.206754245870325204e-01 9.054066694984371777e-01
1.213793103448275845e+00 -4.717713182951542572e-02 -2.894950105633848358e-01 9.254443953831525960e-01
1.265517241379310320e+00 7.681441069860902443e-03 -2.500231940922615914e-01 9.413031001298940437e-01
1.317241379310344795e+00 4.804559686128324902e-02 -2.060335485977942416e-01 9.537640701350746930e-01
1.368965517241379271e+00 7.452906018124108578e-02 -1.610437863856251095e-01 9.635070076544606232e-01
1.420689655172413746e+00 8.856555363646619050e-02 -1.181038977455192845e-01 9.710994392292798816e-01
1.472413793103448221e+00 9.221553447385416602e-02 -7.955806081525444717e-02 9.770114179552918943e-01
1.524137931034482696e+00 8.787262593074957051e-02 -4.700057403854904226e-02 9.816205218656852693e-01
1.575862068965517171e+00 7.802497164441535293e-02 -2.119945153372013169e-02 9.852279760605886505e-01
1.627586206896551646e+00 6.501141102793353554e-02 -2.250603306639939460e-03 9.880668947564389404e-01
1.679310344827586121e+00 5.084268734543781476e-02 1.034496607868262003e-02 9.903175374156041322e-01
1.731034482758620596e+00 3.710516695344501237e-02 1.749851138258137068e-02 9.921158223199539883e-01
1.782758620689655071e+00 2.490093112658775185e-02 2.033911793639881990e-02 9.935643775939019262e-01
1.834482758620689546e+00 1.486243937920349485e-02 2.006591726695542560e-02 9.947400907096548561e-01
1.886206896551724022e+00 7.216000706688013855e-03 1.780961323317607065e-02 9.957004067603136832e-01
1.937931034482758497e+00 1.880783685086243398e-03 1.452892120678360086e-02 9.964885819200973716e-01
1.989655172413792972e+00 -1.451206147995006898e-03 1.096249046481376915e-02 9.971375838065875685e-01
2.041379310344827225e+00 -3.188921770599917153e-03 7.632231193785457904e-03 9.976726410235950970e-01
2.093103448275861922e+00 -3.773444255528790765e-03 4.822887729970458739e-03 9.981138293481686130e-01
2.144827586206896619e+00 -3.606969652481976235e-03 2.667147018005215295e-03 9.984770837497727314e-01
2.196551724137930872e+00 -3.045283670894292569e-03 1.152696647919096559e-03 9.987753990145886718e-01
2.248275862068965125e+00 -2.326024375526793142e-03 1.994354435596358294e-04 9.990195932423112657e-01
2.299999999999999822e+00 -1.625744689717183037e-03 -3.206967805307755180e-04 9.992186640315220414e-01
