8.000000000000000444e-01 -7.900480321970556608e-01 -1.210750860970144782e-01 5.868750805921087998e-01
8.517241379310345195e-01 -7.057702554729543554e-01 -2.094388564380066375e-01 6.664068016280983997e-01
9.034482758620689946e-01 -6.085137771448417832e-01 -2.811977989067195316e-01 7.344910046967474404e-01
9.551724137931034697e-01 -5.033365072191813283e-01 -3.334307781632271928e-01 7.917277354462587402e-01
1.006896551724137945e+00 -3.956486887684964038e-01 -3.648025498272067235e-01 8.389872300615638379e-01
1.058620689655172420e+00 -2.907332050396173595e-01 -3.755344305404251237e-01 8.773434981354216733e-01
1.110344827586206895e+00 -1.933670760228206886e-01 -3.673305894290351814e-01 9.079321986842503467e-01
1.162068965517241370e+00 -1.074252205478326561e-01 -3.430748802155209054e-01 9.319125433311985507e-01
1.213793103448275845e+00 -3.563710343835867211e-02 -3.064919108101133993e-01 9.503938980892072674e-01
1.265517241379310320e+00 2.053196827380967399e-02 -2.617234033509814317e-01 9.643994472054512324e-01
1.317241379310344795e+00 6.086361644799344328e-02 -2.129335789998570982e-01 9.748360148493397936e-01
1.368965517241379271e+00 8.625722002240110431e-02 -1.639414148034933905e-01 9.824842021507520506e-01
1.420689655172413746e+00 9.850633671910688505e-02 -1.179416581095400485e-01 9.879957999210050579e-01
1.472413793103448221e+00 1.000145180311572818e-01 -7.731678036580449942e-02 9.919013523062231164e-01
1.524137931034482696e+00 9.348238312370399372e-02 -4.356996520436629688e-02 9.946223260501396712e-01
1.575862068965517171e+00 8.162208431435327705e-02 -1.733366017275238258e-02 9.964866983279249135e-01
1.627586206896551646e+00 6.692716636161608057e-02 1.493345732190454189e-03 9.977420316836796976e-01
1.679310344827586121e+00 5.148699103239087749e-02 1.360730482313988673e-02 9.985727535007922206e-01
1.731034482758620596e+00 3.688450321557528583e-02 2.009146505202175081e-02 9.991130496920901383e-01
1.782758620689655071e+00 2.417261968008368664e-02 2.222460507125473272e-02 9.994583122955038590e-01
1.834482758620689546e+00 1.391671094696440673e-02 2.130286385608366057e-02 9.996749264452231554e-01
1.886206896551724022e+00 6.258214010105697320e-03 1.851008509429585142e-02 9.998084241604530131e-01
1.937931034482758497e+00 1.036838529791393043e-03 1.482838363966094281e-02 9.998891777004816905e-01
1.989655172413792972e+00 -2.118899103337069413e-03 1.100232234051028851e-02 9.999370581430134797e-01
2.041379310344827225e+00 -3.669718131604290598e-03 7.518769771443055069e-03 9.999649165895155845e-01
2.093103448275861922e+00 -4.080539157664207425e-03 4.640625368890576724e-03 9.999808663875341397e-01
2.144827586206896619e+00 -3.785572605840067419e-03 2.472747670330739233e-03 9.999897582547395691e-01
2.196551724137930872e+00 -3.127275651769757629e-03 9.843051627100567885e-04 9.999946166705355743e-01
2.248275862068965125e+00 -2.344691797071786488e-03 6.688252642958014520e-05 9.999972448641697431e-01
2.299999999999999822e+00 -1.609535156614929404e-03 -4.127959672197193362e-04 9.999986176440202046e-01
