0.000000000000000000e+00 -7.097438687494492612e-12 1.029081029375894169e-11 -1.000000000000000000e+00
2.105263157894736725e-01 -3.827513593528463764e-01 4.587292670684630091e-01 -7.815829022321947317e-01
4.210526315789473450e-01 -6.993905069045256440e-01 5.547330046691990590e-01 -2.810263220207183110e-01
6.315789473684210176e-01 -8.167619255798576061e-01 2.756295875178750299e-01 2.285909383036363596e-01
8.421052631578946901e-01 -6.503801680871538204e-01 -1.052806465274807313e-01 5.971972670230260016e-01
1.052631578947368363e+00 -3.026554046543133425e-01 -3.002159376140727254e-01 8.114281028636407544e-01
1.263157894736842035e+00 -1.125154330332298058e-02 -2.386740257962532974e-01 9.167214472250390100e-01
1.473684210526315708e+00 8.357097796936689693e-02 -8.129922037192180428e-02 9.628443043358547726e-01
1.684210526315789380e+00 4.874717018919637324e-02 7.959397872506084742e-03 9.825527890662799635e-01
1.894736842105263053e+00 7.059911685709043677e-03 1.660665519268668400e-02 9.915363211177307123e-01
2.105263157894736725e+00 -3.491371683484378093e-03 4.412279011970983954e-03 9.959364769343750368e-01
2.315789473684210620e+00 -1.437771831943735271e-03 -3.262838418622864998e-04 9.981235447835458130e-01
2.526315789473684070e+00 -5.450085053534782314e-05 -3.158362064073076984e-04 9.991757207384462935e-01
2.736842105263157521e+00 4.535993545418381810e-05 -2.480493835190412485e-05 9.996563574176337008e-01
2.947368421052631415e+00 3.924566162368182720e-06 4.430841454415504200e-06 9.998639359165025775e-01
3.157894736842105310e+00 -1.445263847667715852e-06 -6.233360995940613752e-07 9.999487535562022744e-01
3.368421052631578760e+00 -1.921927450071551434e-06 1.977446030662393966e-06 9.999816074662026821e-01
3.578947368421052211e+00 1.741571628101509249e-06 1.674488122405109096e-06 9.999936980474867232e-01
3.789473684210526105e+00 -9.347904029597531775e-07 2.887002385023442192e-07 9.999979347505211225e-01
4.000000000000000000e+00 -4.097694803707836271e-06 -1.168688762928726761e-06 9.999993514045066867e-01
