1.000000000000000056e-01 1.772803633861427808e-01 -2.548546560681143602e-01 -9.502596309849341560e-01
2.000000000000000111e-01 3.512705989559354314e-01 -4.679993914711074732e-01 -8.087137288348615893e-01
2.999999999999999889e-01 5.155085511608079596e-01 -6.066947098405377492e-01 -5.962500592661297283e-01
4.000000000000000222e-01 6.589794504925794438e-01 -6.535719019469647950e-01 -3.414742887277394390e-01
5.000000000000000000e-01 7.673165067228326919e-01 -6.090118124246886033e-01 -7.411801206188294022e-02
5.999999999999999778e-01 8.262579034339336825e-01 -4.895325188647174919e-01 1.805046033383250204e-01
6.999999999999999556e-01 8.260414426995081882e-01 -3.231962772290828401e-01 4.045800770396245638e-01
7.999999999999999334e-01 7.652514587516701106e-01 -1.433168838420651459e-01 5.885835007925578344e-01
8.999999999999999112e-01 6.527619247462782548e-01 1.840224029299214470e-02 7.302149808640799877e-01
9.999999999999998890e-01 5.067724861570802597e-01 1.381505670384451934e-01 8.325565128690105565e-01
1.099999999999999867e+00 3.508849678746252532e-01 2.043448257049942651e-01 9.019320139824921201e-01
1.199999999999999956e+00 2.082278796296501699e-01 2.187291249535627535e-01 9.459709759849899147e-01
1.300000000000000044e+00 9.575683593910098990e-02 1.937695095121171884e-01 9.720832140219006767e-01
1.399999999999999911e+00 2.078664646732899385e-02 1.472990841912457105e-01 9.865096275657918579e-01
1.500000000000000000e+00 -1.887599323397629383e-02 9.648064004171913455e-02 9.939168944846282772e-01
1.599999999999999867e+00 -3.194293649625535442e-02 5.340744074971654626e-02 9.974441246095210323e-01
1.699999999999999956e+00 -2.933985853958480383e-02 2.350843752823474769e-02 9.989993472492785243e-01
1.800000000000000044e+00 -2.053894366570645225e-02 6.589958044442657814e-03 9.996338230380970025e-01
1.899999999999999911e+00 -1.165023730651056251e-02 -7.179682567800133031e-04 9.998737089163497460e-01
2.000000000000000000e+00 -5.344585748845430764e-03 -2.505178479099610944e-03 9.999582557245312309e-01
2.099999999999999645e+00 -1.884295071930742853e-03 -2.004780865152960834e-03 9.999864407388879828e-01
2.199999999999999734e+00 -4.264246463725672410e-04 -1.071502054785970466e-03 9.999955576687991066e-01
2.299999999999999822e+00 -7.872767027487608243e-06 -4.196498100458839601e-04 9.999985073058630380e-01
2.399999999999999911e+00 3.677776988079091750e-05 -1.173830275752172535e-04 9.999994896221575669e-01
2.500000000000000000e+00 8.529685087383614923e-06 -2.092039865090694574e-05 9.999998263945718557e-01
2.600000000000000089e+00 -5.160157519293362991e-06 -2.581243709667952400e-06 9.999999423955117095e-01
2.699999999999999734e+00 -4.402821508740197633e-06 -7.091145056935896582e-07 9.999999815501491307e-01
2.799999999999999822e+00 -7.129755165614823739e-07 3.931114128761758481e-07 9.999999943064786789e-01
2.899999999999999911e+00 -9.943549836277018425e-07 -1.121520705382316384e-06 9.999999983049396857e-01
3.000000000000000000e+00 2.276120166261373823e-06 -3.208061342171095566e-07 9.999999995145426590e-01
