0.000000000000000000e+00 2.653831638813094660e-09 -7.634115718028377849e-10 -1.000000000000000000e+00
1.230769230769230699e-01 8.522458809995123175e-02 3.266796924852232720e-01 -9.412821161557012317e-01
2.461538461538461398e-01 1.701356540015626639e-01 6.050100465812141559e-01 -7.778212579084472500e-01
3.692307692307691958e-01 2.542656002399140691e-01 7.998726381882201864e-01 -5.436331475022678772e-01
4.923076923076922795e-01 3.366071995224723667e-01 8.979617562981933032e-01 -2.834455179835459471e-01
6.153846153846153078e-01 4.152225535377007115e-01 9.088521665650013404e-01 -3.947079527348960892e-02
7.384615384615383915e-01 4.870022381150143076e-01 8.586806673201154982e-01 1.596140217687583296e-01
8.615384615384614753e-01 5.479377571656998125e-01 7.793636526033882461e-01 3.038713038599142879e-01
9.846153846153845590e-01 5.940754189635962801e-01 6.977188920207066936e-01 4.003061009696025074e-01
1.107692307692307532e+00 6.229498551313861210e-01 6.284869718727732479e-01 4.657474180677123043e-01
1.230769230769230616e+00 6.349115182113851397e-01 5.732977821589656520e-01 5.178810940789435602e-01
1.353846153846153699e+00 6.336506544055440227e-01 5.249842172143106556e-01 5.682103990601281573e-01
1.476923076923076783e+00 6.254419774182417013e-01 4.745199358264511336e-01 6.193857762272795275e-01
1.599999999999999867e+00 6.171963251637770931e-01 4.171096534986834525e-01 6.671392530834299173e-01
1.723076923076922951e+00 6.140177610091638316e-01 3.548059222879119123e-01 7.050406563941380433e-01
1.846153846153846034e+00 6.173342862175636991e-01 2.949203043004532954e-01 7.293204703408960876e-01
1.969230769230769118e+00 6.245067137983101313e-01 2.456261445985886138e-01 7.413820960194887899e-01
2.092307692307691980e+00 6.302187970949113538e-01 2.112852820621230476e-01 7.471085534850092635e-01
2.215384615384615064e+00 6.291222652600816367e-01 1.899846346556914034e-01 7.537238062549007633e-01
2.338461538461538147e+00 6.185273933673208768e-01 1.744886693193804517e-01 7.661373593042788421e-01
2.461538461538461231e+00 5.998896674340498114e-01 1.559261173765538189e-01 7.847348683204145026e-01
2.584615384615384315e+00 5.783089380650661138e-01 1.282873285892900395e-01 8.056619150881988434e-01
2.707692307692307399e+00 5.602158960474296068e-01 9.137419680258124233e-02 8.232857374384151550e-01
2.830769230769230482e+00 5.503114574843610551e-01 5.074073842503207254e-02 8.334107541359671023e-01
2.953846153846153566e+00 5.492603924026250306e-01 1.472901112152247283e-02 8.355159819304970314e-01
3.076923076923076650e+00 5.532941947442195918e-01 -9.888212667254370203e-03 8.329216986579995874e-01
3.199999999999999734e+00 5.559724587787013839e-01 -2.138944290434147133e-02 8.309198807601813064e-01
3.323076923076922817e+00 5.513246834586441603e-01 -2.400398024148267528e-02 8.339398839957303800e-01
3.446153846153845901e+00 5.368371649160751380e-01 -2.582248331874750780e-02 8.432853483396498540e-01
3.569230769230768985e+00 5.147863903304552569e-01 -3.474039342073981240e-02 8.566093833219359244e-01
3.692307692307692069e+00 4.912320028070962241e-01 -5.454686222359650394e-02 8.693145257070744591e-01
3.815384615384615152e+00 4.730925050450527913e-01 -8.308480437500866123e-02 8.770818979600149001e-01
3.938461538461538236e+00 4.647430996385742419e-01 -1.133814333131122343e-01 8.781519223006973851e-01
4.061538461538461320e+00 4.657898027525132489e-01 -1.371948539079101970e-01 8.741908167312429923e-01
4.184615384615383959e+00 4.711740770358556762e-01 -1.491532081061956727e-01 8.693332470364547593e-01
4.307692307692307487e+00 4.736320711059771593e-01 -1.494632271881573271e-01 8.679431687275412921e-01
4.430769230769230127e+00 4.672687886600633278e-01 -1.438077209794212108e-01 8.723366923365092340e-01
4.553846153846153655e+00 4.505345873475841145e-01 -1.405115579829116501e-01 8.816277609105455104e-01
4.676923076923076295e+00 4.270695903593894061e-01 -1.464232629733684121e-01 8.922805637679475099e-01
4.799999999999999822e+00 4.039644317314556310e-01 -1.635058018470587071e-01 9.000398341255027024e-01
