0.000000000000000000e+00 2.145194524136990791e-09 -1.722283026065043950e-09 -1.000000000000000000e+00
1.230769230769230699e-01 -2.197564313170273509e-01 3.159060650593059627e-02 -9.750421291868713869e-01
2.461538461538461398e-01 -4.239794412290364134e-01 6.435566197321354598e-02 -9.033801074235954243e-01
3.692307692307691958e-01 -6.000460610749041024e-01 9.903957855836423296e-02 -7.938069670863482363e-01
4.923076923076922795e-01 -7.402389778617946003e-01 1.356443365397735912e-01 -6.585123043289164979e-01
6.153846153846153078e-01 -8.422886330145774592e-01 1.734479320348852882e-01 -5.103485295278212819e-01
7.384615384615383915e-01 -9.085191772753770101e-01 2.112612061195397462e-01 -3.604863246257127285e-01
8.615384615384614753e-01 -9.441767182086656662e-01 2.477995161930016677e-01 -2.170570564071105379e-01
9.846153846153845590e-01 -9.556380168927872676e-01 2.820132364084749210e-01 -8.492476493755095335e-02
1.107692307692307532e+00 -9.490658137140517425e-01 3.132473283874120940e-01 3.373187368612758086e-02
1.230769230769230616e+00 -9.297045466316845586e-01 3.412367566962468124e-01 1.385450543135040014e-01
1.353846153846153699e+00 -9.017030555973346573e-01 3.659788714124844744e-01 2.301720359688449735e-01
1.476923076923076783e+00 -8.682139476903578679e-01 3.876007035816972923e-01 3.097720227826708528e-01
1.599999999999999867e+00 -8.315536121597573160e-01 4.062836094123030706e-01 3.787362059602276676e-01
1.723076923076922951e+00 -7.933573345221163198e-01 4.222420976652223046e-01 4.385032234108381388e-01
1.846153846153846034e+00 -7.547160199410910542e-01 4.357482085763150770e-01 4.904253143905767387e-01
1.969230769230769118e+00 -7.163375473679993721e-01 4.471003450302024063e-01 5.356790017174463125e-01
2.092307692307691980e+00 -6.786917231406450757e-01 4.565915094257226303e-01 5.752324321769913817e-01
2.215384615384615064e+00 -6.421220011378427905e-01 4.644657831002551029e-01 6.098703630067062731e-01
2.338461538461538147e+00 -6.068649796321754497e-01 4.708882545250187013e-01 6.402893873786588141e-01
2.461538461538461231e+00 -5.730454875090389422e-01 4.759740088544073822e-01 6.671276626567953505e-01
2.584615384615384315e+00 -5.406799459696460808e-01 4.798401490863514196e-01 6.909491012663383502e-01
2.707692307692307399e+00 -5.097012022234288509e-01 4.826488797723841873e-01 7.122127928937543873e-01
2.830769230769230482e+00 -4.800396660265074389e-01 4.845719496333208420e-01 7.312623026660838299e-01
2.953846153846153566e+00 -4.516775186867207359e-01 4.857700330130274580e-01 7.483366603576998566e-01
3.076923076923076650e+00 -4.246306315750016935e-01 4.863302087221468839e-01 7.636523186879716762e-01
3.199999999999999734e+00 -3.989011582979071768e-01 4.862731906518145686e-01 7.774378345123318379e-01
3.323076923076922817e+00 -3.744262281730460495e-01 4.856044896291565327e-01 7.899283702882875513e-01
3.446153846153845901e+00 -3.510823307423504569e-01 4.843620858384266592e-01 8.013290902488856560e-01
3.569230769230768985e+00 -3.287244972859758030e-01 4.826430639383799126e-01 8.117818730618745482e-01
3.692307692307692069e+00 -3.072875234643094311e-01 4.805712659962129152e-01 8.213523859122717763e-01
3.815384615384615152e+00 -2.867643053287829424e-01 4.782358768076929167e-01 8.300909335036997794e-01
3.938461538461538236e+00 -2.671959954633793544e-01 4.756562604322415178e-01 8.380643463995841591e-01
4.061538461538461320e+00 -2.485857002419229189e-01 4.727892204727111580e-01 8.453816125758453204e-01
4.184615384615383959e+00 -2.308432918425127600e-01 4.695915755822265836e-01 8.521677309331416872e-01
4.307692307692307487e+00 -2.138350622366463893e-01 4.660880244826237084e-01 8.585053094971838439e-01
4.430769230769230127e+00 -1.974438693873366291e-01 4.623616803383641116e-01 8.644261401106830833e-01
4.553846153846153655e+00 -1.816434029589270305e-01 4.585251223817699007e-01 8.699169246355394902e-01
4.676923076923076295e+00 -1.664873018723444786e-01 4.546309832881196833e-01 8.749787599943511518e-01
4.799999999999999822e+00 -1.520344866565808695e-01 4.506585713385587999e-01 8.796520113830986753e-01
