0.000000000000000000e+00 4.160112644858103902e-09 1.084918581952085753e-09 -1.000000000000000000e+00
1.230769230769230699e-01 1.596784125684235223e-01 -2.301800719870005785e-01 -9.599556460360197940e-01
2.461538461538461398e-01 3.345465525106493532e-01 -4.108540146209128663e-01 -8.480960461083831836e-01
3.692307692307691958e-01 5.282419194107409455e-01 -4.993535794202450528e-01 -6.867244706353287098e-01
4.923076923076922795e-01 7.255303450770645979e-01 -4.669469431358233003e-01 -5.055157821778938354e-01
6.153846153846153078e-01 8.919442046146580649e-01 -3.058091476898476269e-01 -3.330070251924794333e-01
7.384615384615383915e-01 9.813407154715890757e-01 -3.423994805740485092e-02 -1.891403780187383976e-01
8.615384615384614753e-01 9.497614400579382776e-01 3.022066834064837115e-01 -8.123978093713855875e-02
9.846153846153845590e-01 7.717440799973362964e-01 6.358980944765105781e-01 -4.488473280782836854e-03
1.107692307692307532e+00 4.539434330816460861e-01 8.894007501833777196e-01 5.363926337717075943e-02
1.230769230769230616e+00 4.105694510104984651e-02 9.933973311947810192e-01 1.070126930594054171e-01
1.353846153846153699e+00 -3.892095940010026900e-01 9.062299082356247704e-01 1.650429378545741621e-01
1.476923076923076783e+00 -7.423831456065188572e-01 6.294139447749118599e-01 2.295249814717054415e-01
1.599999999999999867e+00 -9.313233128698150676e-01 2.134245714793980842e-01 2.950657314563697731e-01
1.723076923076922951e+00 -9.017994514587129862e-01 -2.498734900259697855e-01 3.525600917297186387e-01
1.846153846153846034e+00 -6.517795642460498806e-01 -6.480407880962836265e-01 3.939602732244537608e-01
1.969230769230769118e+00 -2.375432594488094407e-01 -8.776369338869834946e-01 4.162992750332243919e-01
2.092307692307691980e+00 2.368737240118519161e-01 -8.745009418334274143e-01 4.232227644889933194e-01
2.215384615384615064e+00 6.456304034839325245e-01 -6.353944738138683768e-01 4.235727025493888909e-01
2.338461538461538147e+00 8.759106415869732931e-01 -2.232488919618263457e-01 4.276904362933754977e-01
2.461538461538461231e+00 8.616741558337491780e-01 2.472392932262871823e-01 4.431357367130811520e-01
2.584615384615384315e+00 6.056576868401369884e-01 6.408854667186951737e-01 4.716184354411190882e-01
2.707692307692307399e+00 1.817150459657704831e-01 8.416588656501184929e-01 5.084978074416599547e-01
2.830769230769230482e+00 -2.846414309509054941e-01 7.886837497923512297e-01 5.449201197890005677e-01
2.953846153846153566e+00 -6.528508057994824032e-01 4.968920995268366614e-01 5.717213879501550355e-01
3.076923076923076650e+00 -8.103308898575762864e-01 5.475668015593193605e-02 5.833927302542778470e-01
3.199999999999999734e+00 -7.085009958625289039e-01 -4.013945055797557004e-01 5.804224826939483606e-01
3.323076923076922817e+00 -3.797080413589790093e-01 -7.293443270622117502e-01 5.690868750688606870e-01
3.446153846153845901e+00 7.131106901837053202e-02 -8.262260442760863688e-01 5.587899653974567338e-01
3.569230769230768985e+00 4.997363355518353867e-01 -6.623861757429552188e-01 5.581121223376165341e-01
3.692307692307692069e+00 7.669913681816151740e-01 -2.922274026123589108e-01 5.712343059170720272e-01
3.815384615384615152e+00 7.861962928846115695e-01 1.623416352304429267e-01 5.962569761306266702e-01
3.938461538461538236e+00 5.515508480933377644e-01 5.512039092803551199e-01 6.260578392154938498e-01
4.061538461538461320e+00 1.412781801835695239e-01 7.454991674843715055e-01 6.513482861500975440e-01
4.184615384615383959e+00 -3.076017760417347757e-01 6.809293313418027793e-01 6.646050473230197264e-01
4.307692307692307487e+00 -6.447823681734706769e-01 3.799626763914396022e-01 6.632250399171264466e-01
4.430769230769230127e+00 -7.574185932619735828e-01 -5.500799688147678390e-02 6.505953354139060174e-01
4.553846153846153655e+00 -6.088636340390808366e-01 -4.759057275927229824e-01 6.346506644400989883e-01
4.676923076923076295e+00 -2.517371098672340768e-01 -7.393008211905136573e-01 6.245359809784969407e-01
4.799999999999999822e+00 1.896290059339872935e-01 -7.557578714220393179e-01 6.267802006413556448e-01
