0.000000000000000000e+00 6.721858572826991722e-10 1.958172346132807796e-09 -1.000000000000000000e+00
1.230769230769230699e-01 -6.247692692987299318e-02 5.293426924517329046e-02 -9.966412621943994132e-01
2.461538461538461398e-01 -1.302273491370396497e-01 9.756041266676064583e-02 -9.866718052191665311e-01
3.692307692307691958e-01 -2.066686528531582190e-01 1.249322760169246233e-01 -9.704007665563608720e-01
4.923076923076922795e-01 -2.915432821940407981e-01 1.253156491576702947e-01 -9.483118218464495763e-01
6.153846153846153078e-01 -3.791819737466987084e-01 8.907195352629890261e-02 -9.210229073840781044e-01
7.384615384615383915e-01 -4.573506558822195700e-01 8.831583673884035868e-03 -8.892398662232545714e-01
8.615384615384614753e-01 -5.074112623613160622e-01 -1.171205479592017928e-01 -8.537042459002002204e-01
9.846153846153845590e-01 -5.065930323010221503e-01 -2.808311549175293576e-01 -8.151630918140522208e-01
1.107692307692307532e+00 -4.330611376232117449e-01 -4.613612851877382792e-01 -7.743362653546759233e-01
1.230769230769230616e+00 -2.735276012465110984e-01 -6.241299044714206934e-01 -7.318719605062425915e-01
1.353846153846153699e+00 -3.198818585671067694e-02 -7.246505082188389180e-01 -6.883674827289467668e-01
1.476923076923076783e+00 2.632284217641457369e-01 -7.180118031292253011e-01 -6.443295653744413043e-01
1.599999999999999867e+00 5.578850102088726004e-01 -5.731695832663969981e-01 -6.001925131355526633e-01
1.723076923076922951e+00 7.791562739632428292e-01 -2.887942231174999708e-01 -5.563299910779863078e-01
1.846153846153846034e+00 8.530856810457724260e-01 9.511541302380849272e-02 -5.130176411901218314e-01
1.969230769230769118e+00 7.294236262185347375e-01 4.965532803238844051e-01 -4.704942125076697068e-01
2.092307692307691980e+00 4.067669461680738507e-01 8.065616674098117223e-01 -4.289374755199915623e-01
2.215384615384615064e+00 -5.255886125311765023e-02 9.199527785640926325e-01 -3.884746205437950017e-01
2.338461538461538147e+00 -5.277599220905977440e-01 7.742831648414991719e-01 -3.492032289382560051e-01
2.461538461538461231e+00 -8.695447696759452949e-01 3.834640081936349087e-01 -3.111829214050980119e-01
2.584615384615384315e+00 -9.497894759281491073e-01 -1.502079319365947629e-01 -2.744538456185678377e-01
2.707692307692307399e+00 -7.150114216007885659e-01 -6.569721142585234208e-01 -2.390262637767400222e-01
2.830769230769230482e+00 -2.213732070318470413e-01 -9.534125782637867808e-01 -2.049035314046599998e-01
2.953846153846153566e+00 3.689002553451189992e-01 -9.133960788107241546e-01 -1.720673806297654262e-01
3.076923076923076650e+00 8.371464891507824913e-01 -5.286148478315333410e-01 -1.404953841709664364e-01
3.199999999999999734e+00 9.913629535951220539e-01 7.107067871363947908e-02 -1.101599504342475194e-01
3.323076923076922817e+00 7.514290703740977850e-01 6.548098738033505395e-01 -8.102541898905971096e-02
3.446153846153845901e+00 1.973240657941986997e-01 9.788950723926769237e-01 -5.305022706697362644e-02
3.569230769230768985e+00 -4.487023390881714202e-01 8.932897955723567707e-01 -2.619604712977611008e-02
3.692307692307692069e+00 -9.080878258244353685e-01 4.187636421117406638e-01 -4.112855452377472075e-04
3.815384615384615152e+00 -9.687483604415659810e-01 -2.468218103348501780e-01 2.433683493134842710e-02
3.938461538461538236e+00 -5.899406672437845778e-01 -8.060042666083191421e-01 4.810226168240346739e-02
4.061538461538461320e+00 6.494192447113084077e-02 -9.953590398271959794e-01 7.091993313395103526e-02
4.184615384615383959e+00 6.926085537178835461e-01 -7.153039347275541582e-01 9.284616998053735193e-02
4.307692307692307487e+00 9.894097601373714745e-01 -8.989390509256961481e-02 1.139043232651101717e-01
4.430769230769230127e+00 8.026146320145811641e-01 5.812094124331828038e-01 1.341350176646069481e-01
4.553846153846153655e+00 2.161670619818079064e-01 9.641935462965023351e-01 1.535889119247152157e-01
4.676923076923076295e+00 -4.798511763574019318e-01 8.602597385763973703e-01 1.722874806811261206e-01
4.799999999999999822e+00 -9.296862208372376202e-01 3.153766773067804841e-01 1.902841774510392048e-01
