0.000000000000000000e+00 -7.081413751736694863e-10 2.396428420433075537e-09 -1.000000000000000000e+00
1.230769230769230699e-01 -4.338727466575369451e-01 9.396919739969863961e-02 -8.960579058051816315e-01
2.461538461538461398e-01 -7.775070371248730128e-01 1.457445745726639319e-01 -6.117451135069957857e-01
3.692307692307691958e-01 -9.662473065087264779e-01 1.352964720479414573e-01 -2.192001901619475834e-01
4.923076923076922795e-01 -9.786854910906338523e-01 7.473028773536091740e-02 1.912530377014159677e-01
6.153846153846153078e-01 -8.405894434328258225e-01 8.988747692732466932e-04 5.416627816221558644e-01
7.384615384615383915e-01 -6.136386441596417551e-01 -4.496588301009796229e-02 7.883013529343170234e-01
8.615384615384614753e-01 -3.727323146885141436e-01 -3.905057004289941291e-02 9.271148889389561054e-01
9.846153846153845590e-01 -1.801709232117970905e-01 1.374944006236503147e-02 9.835383788681808515e-01
1.107692307692307532e+00 -6.671879771418876004e-02 8.467897015831822582e-02 9.941715611831767330e-01
1.230769230769230616e+00 -2.689600943577709347e-02 1.384905520120057465e-01 9.899978222753839097e-01
1.353846153846153699e+00 -2.951047841970541596e-02 1.527294727503291649e-01 9.878266165671713006e-01
1.476923076923076783e+00 -3.753525906578185356e-02 1.281110621810150896e-01 9.910486600309785787e-01
1.599999999999999867e+00 -2.695353001571888091e-02 8.487807625714352544e-02 9.960263068252913632e-01
1.723076923076922951e+00 4.458158447111563311e-03 4.862602757576239138e-02 9.988068742548537049e-01
1.846153846153846034e+00 4.163577582714056424e-02 3.488749871583229217e-02 9.985233168498326428e-01
1.969230769230769118e+00 6.563532485949127859e-02 4.178127291993612158e-02 9.969682100810917103e-01
2.092307692307691980e+00 6.697220100386805375e-02 5.422324227233488864e-02 9.962799680264216029e-01
2.215384615384615064e+00 5.098724145388424528e-02 5.582378262083390053e-02 9.971375577171956994e-01
2.338461538461538147e+00 3.280168127212089446e-02 4.008436501947148373e-02 9.986575013684122482e-01
2.461538461538461231e+00 2.632997969950453057e-02 1.373564277325794482e-02 9.995587884198057216e-01
2.584615384615384315e+00 3.514387404420281358e-02 -9.180483397774568191e-03 9.993399195354918385e-01
2.707692307692307399e+00 5.114417891745302175e-02 -1.772167435034239721e-02 9.985337784641576953e-01
2.830769230769230482e+00 6.131574259167545810e-02 -1.142360048917497387e-02 9.980527541223090937e-01
2.953846153846153566e+00 5.736823050997796880e-02 1.471337706597450334e-04 9.983528073596249497e-01
3.076923076923076650e+00 4.136986395670775446e-02 4.823776104074087995e-03 9.991320565146620813e-01
3.199999999999999734e+00 2.367481415156636251e-02 -3.359959381710419385e-03 9.997139458087517250e-01
3.323076923076922817e+00 1.510922242834668999e-02 -2.032086305286480432e-02 9.996792090229383865e-01
3.446153846153845901e+00 1.920305780880143809e-02 -3.546964202073663031e-02 9.991860482747618732e-01
3.569230769230768985e+00 3.004792943751139617e-02 -3.970540636027569681e-02 9.987592961672659975e-01
3.692307692307692069e+00 3.710238426073100143e-02 -3.200405320400985520e-02 9.987986231455379116e-01
3.815384615384615152e+00 3.307655712390659281e-02 -1.980657379273693952e-02 9.992563581734568157e-01
3.938461538461538236e+00 1.915613019362845393e-02 -1.325722886622409183e-02 9.997284901333411966e-01
4.061538461538461320e+00 3.815455717293676427e-03 -1.768239901092873850e-02 9.998362807923211193e-01
4.184615384615383959e+00 -3.682520262907600095e-03 -2.990408527525195703e-02 9.995458409972940439e-01
4.307692307692307487e+00 -1.428674447169903106e-04 -4.088422003264373383e-02 9.991636841223305865e-01
4.430769230769230127e+00 9.425905571673578315e-03 -4.263718657306348608e-02 9.990459476996590427e-01
4.553846153846153655e+00 1.579174731212957053e-02 -3.414425212075042348e-02 9.992919627613511269e-01
4.676923076923076295e+00 1.248180432732219625e-02 -2.190163457045165435e-02 9.996820847716735292e-01
4.799999999999999822e+00 5.445141980229188747e-04 -1.488777080486130590e-02 9.998889442993720289e-01
