0.000000000000000000e+00 1.766963663816563820e-09 1.053196495594989610e-09 -1.000000000000000000e+00
1.230769230769230699e-01 8.360313015770666489e-02 2.052964342195985892e-01 -9.751208540115890999e-01
2.461538461538461398e-01 1.659056871797124355e-01 3.926770422886745049e-01 -9.045846429296732216e-01
3.692307692307691958e-01 2.453418451178518145e-01 5.483285730443296924e-01 -7.994579570419070302e-01
4.923076923076922795e-01 3.199387050409279176e-01 6.652952443847524044e-01 -6.745429981434579725e-01
6.153846153846153078e-01 3.875461775266282327e-01 7.439400837023882884e-01 -5.443762134972159883e-01
7.384615384615383915e-01 4.463077011041465814e-01 7.902313822034546797e-01 -4.199123483954470548e-01
8.615384615384614753e-01 4.952078269596891236e-01 8.127335261969339530e-01 -3.069443472055274902e-01
9.846153846153845590e-01 5.344359254092454492e-01 8.195724234375441064e-01 -2.065429086922088431e-01
1.107692307692307532e+00 5.653802506393141858e-01 8.164858000101506974e-01 -1.169461203620030254e-01
1.230769230769230616e+00 5.902253520984703794e-01 8.064299577610648528e-01 -3.584504034691397834e-02
1.353846153846153699e+00 6.112650870304850992e-01 7.905006357374917414e-01 3.799803475786200230e-02
1.476923076923076783e+00 6.302099450844336204e-01 7.693639722467362496e-01 1.043778982665097416e-01
1.599999999999999867e+00 6.477615470432100953e-01 7.443287928021551370e-01 1.623578835836038681e-01
1.723076923076922951e+00 6.636271215669456991e-01 7.175344065622872858e-01 2.114808058105510646e-01
1.846153846153846034e+00 6.769507695414678228e-01 6.912993600682468820e-01 2.526337904475132179e-01
1.969230769230769118e+00 6.869636744760740932e-01 6.671465489832028029e-01 2.880584008890643699e-01
2.092307692307691980e+00 6.935618747163865283e-01 6.451418985227276304e-01 3.205392076324992678e-01
2.215384615384615064e+00 6.975178842991133221e-01 6.240267425150112235e-01 3.521949141189698596e-01
2.338461538461538147e+00 7.002636076626668205e-01 6.020382631032671350e-01 3.836182669402786738e-01
2.461538461538461231e+00 7.033010781514417165e-01 5.780350945782821714e-01 4.137940711649912839e-01
2.584615384615384315e+00 7.075631405775322236e-01 5.522468455358031658e-01 4.408635427037663201e-01
2.707692307692307399e+00 7.130019293075307019e-01 5.262503414754881037e-01 4.633270522419719595e-01
2.830769230769230482e+00 7.186345624834840073e-01 5.021755846562570014e-01 4.810066891911762843e-01
2.953846153846153566e+00 7.230320236570542125e-01 4.815497932435817696e-01 4.952959511861877440e-01
3.076923076923076650e+00 7.250470449734207623e-01 4.644247074081984117e-01 5.085275386600309755e-01
3.199999999999999734e+00 7.244040979113145484e-01 4.492896348926309069e-01 5.228398613297792208e-01
3.323076923076922817e+00 7.218961796040602730e-01 4.338210243298374902e-01 5.391191803840149621e-01
3.446153846153845901e+00 7.190617475366611888e-01 4.160917962896579780e-01 5.565989322300325393e-01
3.569230769230768985e+00 7.174707963249353782e-01 3.956253348917805335e-01 5.733245927775669770e-01
3.692307692307692069e+00 7.179811970803204879e-01 3.736830546440987888e-01 5.872385039277779883e-01
3.815384615384615152e+00 7.203101088528803819e-01 3.526470394555456522e-01 5.973095334350728702e-01
3.938461538461538236e+00 7.231475026158467045e-01 3.347804331442587600e-01 6.041234528265179149e-01
4.061538461538461320e+00 7.247849473277515608e-01 3.210170023457971089e-01 6.096067216503233688e-01
4.184615384615383959e+00 7.239396779189419817e-01 3.104236103311515116e-01 6.160634213365031586e-01
4.307692307692307487e+00 7.204262499268756503e-01 3.006159406545699242e-01 6.249814862521698711e-01
4.430769230769230127e+00 7.152764090477162773e-01 2.889704034376441855e-01 6.362874932497393221e-01
4.553846153846153655e+00 7.102767151130128243e-01 2.739687791455676091e-01 6.484090877215110682e-01
4.676923076923076295e+00 7.071191701829289133e-01 2.560140430078865492e-01 6.591098268643947877e-01
4.799999999999999822e+00 7.065617724974750935e-01 2.372519938403175599e-01 6.666847687610969464e-01
