0.000000000000000000e+00 5.913902491373043454e-09 -2.352111249159819254e-10 -1.000000000000000000e+00
1.230769230769230699e-01 2.015077514360601868e-02 -1.182719631923350861e-01 -9.927763032162445489e-01
2.461538461538461398e-01 5.576811039027777805e-02 -2.305655957401280542e-01 -9.714564365103066645e-01
3.692307692307691958e-01 1.200357949384029677e-01 -3.279187996251093917e-01 -9.370474286673519115e-01
4.923076923076922795e-01 2.210050738972921813e-01 -3.963613642835130957e-01 -8.910951926037373738e-01
6.153846153846153078e-01 3.578874827096840128e-01 -4.169385626653507315e-01 -8.355082290818489632e-01
7.384615384615383915e-01 5.172051464026258261e-01 -3.686946789662630120e-01 -7.723712547653841520e-01
8.615384615384614753e-01 6.703792535241117623e-01 -2.351278687790556710e-01 -7.037754826672831809e-01
9.846153846153845590e-01 7.751072893082846527e-01 -1.347113235706476342e-02 -6.316801342961566590e-01
1.107692307692307532e+00 7.828225105812306461e-01 2.757178325628471538e-01 -5.578176766632400030e-01
1.230769230769230616e+00 6.529363724856516171e-01 5.828864299474421085e-01 -4.836411317633401152e-01
1.353846153846153699e+00 3.716301550600173975e-01 8.327704333549346138e-01 -4.103354058735391163e-01
1.476923076923076783e+00 -3.082149209960199920e-02 9.403468960692860090e-01 -3.388038631474226681e-01
1.599999999999999867e+00 -4.731269864927276636e-01 8.386911570147922435e-01 -2.696997894326417788e-01
1.723076923076922951e+00 -8.348092577682892923e-01 5.115439234830679860e-01 -2.034849042531601537e-01
1.846153846153846034e+00 -9.899337753741432877e-01 1.729578445462798264e-02 -1.404335071291913650e-01
1.969230769230769118e+00 -8.558917905803049564e-01 -5.108088084913843252e-01 -8.070382632190103989e-02
2.092307692307691980e+00 -4.397116005037864372e-01 -8.978035319306392203e-01 -2.433112475183306367e-02
2.215384615384615064e+00 1.416847081503062600e-01 -9.894903475828734640e-01 2.870142608458308223e-02
2.338461538461538147e+00 6.860043593170397358e-01 -7.233438362111034303e-01 7.849359431263873421e-02
2.461538461538461231e+00 9.765660005766222396e-01 -1.750506685184302080e-01 1.251627222745984869e-01
2.584615384615384315e+00 8.770327242491332553e-01 4.497682275292227971e-01 1.688544591094280067e-01
2.707692307692307399e+00 4.076455580811409463e-01 8.887233922946921050e-01 2.097273845283602056e-01
2.830769230769230482e+00 -2.411144434950047155e-01 9.382822929398609846e-01 2.479518274655724552e-01
2.953846153846153566e+00 -7.782713990757037514e-01 5.601754665994826965e-01 2.837027529990172048e-01
3.076923076923076650e+00 -9.449916372467204173e-01 -8.005981854547059018e-02 3.171300395885165990e-01
3.199999999999999734e+00 -6.496031710706035023e-01 -6.757412022546598340e-01 3.483962376234998048e-01
3.323076923076922817e+00 -3.105753687677819189e-02 -9.254152391133141364e-01 3.776673669474415185e-01
3.446153846153845901e+00 5.955743424381126916e-01 -6.936871888326882063e-01 4.050678811631306941e-01
3.569230769230768985e+00 8.972007836648693280e-01 -9.736350075782784774e-02 4.307458500363435250e-01
3.692307692307692069e+00 7.063421508105025559e-01 5.424055021715484814e-01 4.548275622826663533e-01
3.815384615384615152e+00 1.259124045619282040e-01 8.696034035067592427e-01 4.774172674225811153e-01
3.938461538461538236e+00 -5.156005388342458362e-01 6.967846065448333182e-01 4.986368029221219245e-01
4.061538461538461320e+00 -8.460909649297311264e-01 1.232460336420229674e-01 5.185865831182456809e-01
4.184615384615383959e+00 -6.702142932223742466e-01 -5.119137830681181889e-01 5.373535023228301899e-01
4.307692307692307487e+00 -9.474537420030332280e-02 -8.264176917394232547e-01 5.550215691240106830e-01
4.430769230769230127e+00 5.268686182028670117e-01 -6.289572943640718838e-01 5.716766427734375489e-01
4.553846153846153655e+00 8.080650646660835212e-01 -4.473333506235055435e-02 5.873856306104995317e-01
4.676923076923076295e+00 5.735074131143164111e-01 5.553490761794197539e-01 6.022200422676261544e-01
4.799999999999999822e+00 -2.304397982708433767e-02 7.872194401620973281e-01 6.162361248606660347e-01
