0.000000000000000000e+00 3.465796036555325354e-10 -4.231279957856095628e-09 -1.000000000000000000e+00
1.230769230769230699e-01 1.047837751944988988e-01 -3.211657177050808998e-01 -9.412066791160511592e-01
2.461538461538461398e-01 2.485466051623896888e-01 -5.788573866393451617e-01 -7.766225170247442744e-01
3.692307692307691958e-01 4.462976424385322050e-01 -7.153218968344903228e-01 -5.377024255728584112e-01
4.923076923076922795e-01 6.743160841229136615e-01 -6.890439302679950417e-01 -2.655285204365558926e-01
6.153846153846153078e-01 8.715859786341508819e-01 -4.902297514017591729e-01 1.093854355023767553e-03
7.384615384615383915e-01 9.596462113088688461e-01 -1.549119465625612979e-01 2.346708555320259904e-01
8.615384615384614753e-01 8.759889711624841979e-01 2.326794005046720071e-01 4.224849806215262848e-01
9.846153846153845590e-01 6.083836988223580988e-01 5.577876388839141386e-01 5.645647808719432836e-01
1.107692307692307532e+00 2.136016857012267844e-01 7.124412475430578207e-01 6.684265953800386795e-01
1.230769230769230616e+00 -1.927443093150354447e-01 6.400994154117369828e-01 7.437174712928413811e-01
1.353846153846153699e+00 -4.768233417324375667e-01 3.668837027525025385e-01 7.987678133915716572e-01
1.476923076923076783e+00 -5.433746830640052705e-01 1.681409540962852667e-04 8.394872115543156044e-01
1.599999999999999867e+00 -3.825147537740752335e-01 -3.115679375356668057e-01 8.698294790625968886e-01
1.723076923076922951e+00 -8.058167577374406032e-02 -4.435506902703731935e-01 8.926170937413101525e-01
1.846153846153846034e+00 2.156902205554616092e-01 -3.539904018031986288e-01 9.100356089850711871e-01
1.969230769230769118e+00 3.681451854738135854e-01 -1.059348860377080925e-01 9.237118251975892091e-01
2.092307692307691980e+00 3.155701466971108093e-01 1.635898333133416760e-01 9.346928595547944196e-01
2.215384615384615064e+00 1.041165317344468211e-01 3.143872742083501093e-01 9.435663789814882074e-01
2.338461538461538147e+00 -1.392553853317144985e-01 2.770755415635409724e-01 9.507020635301903777e-01
2.461538461538461231e+00 -2.780296237729006359e-01 8.879922267368062228e-02 9.564579116257544422e-01
2.584615384615384315e+00 -2.426895994589152727e-01 -1.310352717032510772e-01 9.612123524081475079e-01
2.707692307692307399e+00 -6.812093625360116089e-02 -2.522001124506800807e-01 9.652732472488806392e-01
2.830769230769230482e+00 1.308900974985591215e-01 -2.104610206352084123e-01 9.687991879002733064e-01
2.953846153846153566e+00 2.316706445320046714e-01 -4.347763095223174112e-02 9.718211941065801884e-01
3.076923076923076650e+00 1.789980532132623703e-01 1.363598197493543773e-01 9.743530265683131297e-01
3.199999999999999734e+00 1.674841888444877913e-02 2.149870336241695712e-01 9.764723600987301744e-01
3.323076923076922817e+00 -1.439342495364922536e-01 1.489495491599992227e-01 9.783124467832368110e-01
3.446153846153845901e+00 -1.988419443998285796e-01 -9.507651272139976129e-03 9.799846117034307635e-01
3.569230769230768985e+00 -1.183791010157129175e-01 -1.503418968305539893e-01 9.815203117768325214e-01
3.692307692307692069e+00 3.577985040204221395e-02 -1.807196144537426274e-01 9.828828517142200738e-01
3.815384615384615152e+00 1.555083431663723537e-01 -8.646719224344702470e-02 9.840422335267143827e-01
3.938461538461538236e+00 1.611439666555040395e-01 6.130709775972736919e-02 9.850241863707985823e-01
4.061538461538461320e+00 5.492425459277897742e-02 1.580345735237624061e-01 9.859041659999193685e-01
4.184615384615383959e+00 -8.353188607576007840e-02 1.391138738141274311e-01 9.867463844182748911e-01
4.307692307692307487e+00 -1.554888674264135462e-01 2.355970325766795770e-02 9.875560050233633813e-01
4.430769230769230127e+00 -1.132059674093616741e-01 -1.022782749918965672e-01 9.882926258638105033e-01
4.553846153846153655e+00 7.917707292325701363e-03 -1.482397775220210268e-01 9.889191363321430117e-01
4.676923076923076295e+00 1.174045972658702558e-01 -8.491371943684009049e-02 9.894466305592779509e-01
4.799999999999999822e+00 1.366107824232565271e-01 3.714002376563134422e-02 9.899277529236173434e-01
