0.000000000000000000e+00 -9.135386984167356002e-10 -2.291358161833437461e-09 -1.000000000000000000e+00
1.230769230769230699e-01 5.272508309936716625e-02 1.077893816242804503e-01 -9.927742423600247612e-01
2.461538461538461398e-01 8.941017199108469704e-02 2.198439180590928410e-01 -9.714282447504528628e-01
3.692307692307691958e-01 9.406323265437344094e-02 3.366691613109875636e-01 -9.369116617688166837e-01
4.923076923076922795e-01 5.183515157965309927e-02 4.516405630680610517e-01 -8.906910201848494690e-01
6.153846153846153078e-01 -4.795600382993341071e-02 5.487641319608720369e-01 -8.345980411769331475e-01
7.384615384615383915e-01 -2.068043365438685943e-01 6.027587857535501303e-01 -7.706546319483424945e-01
8.615384615384614753e-01 -4.110509583126017441e-01 5.828710031628682176e-01 -7.009226290847242469e-01
9.846153846153845590e-01 -6.273068415690633559e-01 4.614218430369987356e-01 -6.273509520338989010e-01
1.107692307692307532e+00 -8.027046968246418501e-01 2.264294584100415286e-01 -5.517131980146279258e-01
1.230769230769230616e+00 -8.734518344613131369e-01 -1.047354224208029150e-01 -4.755043514407214511e-01
1.353846153846153699e+00 -7.828989288659280454e-01 -4.765292738023994001e-01 -3.999757834424168546e-01
1.476923076923076783e+00 -5.063814388547570600e-01 -7.982680382508184902e-01 -3.260937876020078008e-01
1.599999999999999867e+00 -7.446808828047873918e-02 -9.641740844567009416e-01 -2.545854961436750941e-01
1.723076923076922951e+00 4.175012437298935564e-01 -8.894411860099485923e-01 -1.859510353664191318e-01
1.846153846153846034e+00 8.249132911689969205e-01 -5.522478767705694125e-01 -1.205444372751999366e-01
1.969230769230769118e+00 9.980051839198845753e-01 -2.343483486168951302e-02 -5.854034200367697754e-02
2.092307692307691980e+00 8.440867895410253396e-01 5.361977054527995445e-01 -1.682444451098980809e-05
2.215384615384615064e+00 3.832263168124788733e-01 9.220082046186541813e-01 5.503596615881282961e-02
2.338461538461538147e+00 -2.336746572002773581e-01 9.664396029200141847e-01 1.066826497181153910e-01
2.461538461538461231e+00 -7.660298052104556055e-01 6.238185316243693990e-01 1.550463832380711282e-01
2.584615384615384315e+00 -9.796165723918122126e-01 1.517089454399328519e-02 2.002797636547439253e-01
2.707692307692307399e+00 -7.608915277258190279e-01 -6.018458914669142512e-01 2.425210368475078093e-01
2.830769230769230482e+00 -1.916762146933692623e-01 -9.400781695605716637e-01 2.819649324912062438e-01
2.953846153846153566e+00 4.661249874610420285e-01 -8.252883561868188389e-01 3.187753303111295344e-01
3.076923076923076650e+00 8.858633435961773550e-01 -3.008802901434541321e-01 3.531409832855004205e-01
3.199999999999999734e+00 8.444946050219671596e-01 3.720677824457205851e-01 3.852089221850833467e-01
3.323076923076922817e+00 3.550772537298316767e-01 8.375935053525336293e-01 4.151492461756710606e-01
3.446153846153845901e+00 -3.205147654836790205e-01 8.372011566900474655e-01 4.431211261579027227e-01
3.569230769230768985e+00 -8.035903948318998680e-01 3.660932078640938281e-01 4.692656397227450982e-01
3.692307692307692069e+00 -8.136512946989289397e-01 -3.069363926505332962e-01 4.937142529062370500e-01
3.815384615384615152e+00 -3.427959609561247456e-01 -7.846084907048376245e-01 5.165973093741192956e-01
3.938461538461538236e+00 3.249132792349272991e-01 -7.777839592030997284e-01 5.380297632769965865e-01
4.061538461538461320e+00 7.770028451406462144e-01 -2.911436453018930171e-01 5.581169701458827959e-01
4.184615384615383959e+00 7.294519892311214226e-01 3.674210249599250133e-01 5.769699919740673977e-01
4.307692307692307487e+00 2.152102282902444430e-01 7.746282041635108584e-01 5.946668414907456679e-01
4.430769230769230127e+00 -4.270189278335880800e-01 6.663070452693724555e-01 6.112960783634348028e-01
4.553846153846153655e+00 -7.700112953538270633e-01 1.184097740564410972e-01 6.269409657397434499e-01
4.676923076923076295e+00 -5.852771170608850326e-01 -4.956853846924158535e-01 6.416697291420115912e-01
4.799999999999999822e+00 -4.610337219531857045e-03 -7.551317833570733162e-01 6.555518693660528085e-01
