0.000000000000000000e+00 1.325249443563726658e-09 1.704076848826343002e-09 -1.000000000000000000e+00
1.230769230769230699e-01 -3.901297064439215867e-03 -1.671937087006468425e-01 -9.859155420299964279e-01
2.461538461538461398e-01 1.751109768582774506e-02 -3.267729376461115942e-01 -9.449389161245470570e-01
3.692307692307691958e-01 8.517074586689568627e-02 -4.660850162092759486e-01 -8.806280131421649893e-01
4.923076923076922795e-01 2.105724686876577767e-01 -5.645145112883840355e-01 -7.981076673223223006e-01
6.153846153846153078e-01 3.900299718793364123e-01 -5.945211843911440974e-01 -7.031449694320741628e-01
7.384615384615383915e-01 5.999018665553468299e-01 -5.277892937642734150e-01 -6.012873977037881401e-01
8.615384615384614753e-01 7.955473017251002421e-01 -3.461702897514498667e-01 -4.972522327438132494e-01
9.846153846153845590e-01 9.171808304396598110e-01 -5.478904097343822999e-02 -3.946717100646557896e-01
1.107692307692307532e+00 9.042911120859588037e-01 3.075402581209583652e-01 -2.960812626825893856e-01
1.230769230769230616e+00 7.170129002077879621e-01 6.668117525167838178e-01 -2.030807299434181923e-01
1.353846153846153699e+00 3.584893030232441102e-01 9.262265859248811628e-01 -1.165189638914281151e-01
1.476923076923076783e+00 -1.112209586007040230e-01 9.931105630625510772e-01 -3.671695063964584838e-02
1.599999999999999867e+00 -5.793079660709163914e-01 8.142878143429813642e-01 3.639299863556005876e-02
1.723076923076922951e+00 -9.074757466333439604e-01 4.072435867321234082e-01 1.030889477212269256e-01
1.846153846153846034e+00 -9.780936709000683793e-01 -1.284185446088883520e-01 1.637942645695673327e-01
1.969230769230769118e+00 -7.444709863048560861e-01 -6.307183002069531863e-01 2.189625900199537456e-01
2.092307692307691980e+00 -2.636747393153100472e-01 -9.263159608790232369e-01 2.690759999145168058e-01
2.215384615384615064e+00 3.076783938627146719e-01 -8.979689166387088139e-01 3.146006109602891287e-01
2.338461538461538147e+00 7.617349871872098888e-01 -5.413033570841655484e-01 3.560035262530746869e-01
2.461538461538461231e+00 9.190572520001293322e-01 1.776274906054636782e-02 3.937087226414625607e-01
2.584615384615384315e+00 7.085501469629674753e-01 5.609451955044334470e-01 4.281188021068130789e-01
2.707692307692307399e+00 2.099087111292174956e-01 8.629708311349976180e-01 4.595742175607071545e-01
2.830769230769230482e+00 -3.679560744706835140e-01 7.912654187713942244e-01 4.883609838204794329e-01
2.953846153846153566e+00 -7.715812088333725560e-01 3.737520524608684003e-01 5.147437660003628679e-01
3.076923076923076650e+00 -8.175439635143260109e-01 -2.027988577486733723e-01 5.389657023912012290e-01
3.199999999999999734e+00 -4.837519956603076876e-01 -6.715361208035385276e-01 5.612602692846385688e-01
3.323076923076922817e+00 7.121058519138595555e-02 -8.101714752221204074e-01 5.818431370260668256e-01
3.446153846153845901e+00 5.776371992279090151e-01 -5.525068706736537827e-01 6.008841229778755233e-01
3.569230769230768985e+00 7.852586757052694155e-01 -2.800789147311313898e-02 6.185263775361055094e-01
3.692307692307692069e+00 5.914393558436885634e-01 4.971086519747590637e-01 6.348804568547411487e-01
3.815384615384615152e+00 9.893571284162286372e-02 7.534175828004285869e-01 6.500497276835309757e-01
3.938461538461538236e+00 -4.325201490152785211e-01 6.097647833454722388e-01 6.641569773000675081e-01
4.061538461538461320e+00 -7.209609819065240233e-01 1.464577522061992210e-01 6.773157884386520333e-01
4.184615384615383959e+00 -6.140762868961712195e-01 -3.838050221125016148e-01 6.896343306884336055e-01
4.307692307692307487e+00 -1.749098122136209521e-01 -6.911922230110442156e-01 7.011786781649624878e-01
4.430769230769230127e+00 3.498491400514417982e-01 -6.088169928330742220e-01 7.119966672106343708e-01
4.553846153846153655e+00 6.657576447905958483e-01 -1.878628625394443696e-01 7.221262316223865385e-01
4.676923076923076295e+00 5.970446034348445563e-01 3.290414677129366861e-01 7.316156973486178661e-01
4.799999999999999822e+00 1.883526808984096745e-01 6.450712947596708435e-01 7.405393954606992457e-01
