0.000000000000000000e+00 -2.192660121684880749e-09 2.079384801104627939e-09 -1.000000000000000000e+00
1.230769230769230699e-01 -2.634634030615969416e-02 -1.927217126177349985e-02 -9.994667867919835302e-01
2.461538461538461398e-01 -5.050867671638631373e-02 -3.813427655312917608e-02 -9.979947659841673646e-01
3.692307692307691958e-01 -7.053581275652874572e-02 -5.639884336998654546e-02 -9.959128132819493606e-01
4.923076923076922795e-01 -8.490423767557046808e-02 -7.437231659887713620e-02 -9.936086351900685898e-01
6.153846153846153078e-01 -9.273772060293962449e-02 -9.285907639097809585e-02 -9.913499339831701729e-01
7.384615384615383915e-01 -9.396823484545743788e-02 -1.130268825705204871e-01 -9.891372066499151128e-01
8.615384615384614753e-01 -8.943017213490474238e-02 -1.361118553453297408e-01 -9.866473809240370318e-01
9.846153846153845590e-01 -8.080917552818539518e-02 -1.630358818406305865e-01 -9.833036631546457906e-01
1.107692307692307532e+00 -7.044127570640787428e-02 -1.940347372630536471e-01 -9.784605409108767526e-01
1.230769230769230616e+00 -6.093861874872771867e-02 -2.284014128735152860e-01 -9.716559161259243904e-01
1.353846153846153699e+00 -5.469086365533662453e-02 -2.644237827647579753e-01 -9.628521615093927899e-01
1.476923076923076783e+00 -5.333895245022984843e-02 -2.995721790044486577e-01 -9.525786674283449607e-01
1.599999999999999867e+00 -5.731658613872872565e-02 -3.309122086998214085e-01 -9.419161032023698477e-01
1.723076923076922951e+00 -6.560563826395446330e-02 -3.556795087811960854e-01 -9.322990335462872924e-01
1.846153846153846034e+00 -7.577672942988994409e-02 -3.719052912982159786e-01 -9.251688878012107597e-01
1.969230769230769118e+00 -8.437231299558499431e-02 -3.789448499962557726e-01 -9.215612085611567528e-01
2.092307692307691980e+00 -8.758036608039131143e-02 -3.777705211168195798e-01 -9.217440370785041637e-01
2.215384615384615064e+00 -8.208731213596204279e-02 -3.709553452941687368e-01 -9.250118518121481781e-01
2.338461538461538147e+00 -6.592281139675967849e-02 -3.622933594263951229e-01 -9.297263410828765506e-01
2.461538461538461231e+00 -3.909772462486385547e-02 -3.561190502903060495e-01 -9.336188518578534268e-01
2.584615384615384315e+00 -3.860630451128799559e-03 -3.564482918526645228e-01 -9.343036542100072728e-01
2.707692307692307399e+00 3.553936239403912567e-02 -3.660982562458740541e-01 -9.298937538633702538e-01
2.830769230769230482e+00 7.357783665621929481e-02 -3.860018225814937920e-01 -9.195551859984714138e-01
2.953846153846153566e+00 1.045491507317912738e-01 -4.148652435106362502e-01 -9.038519796541848450e-01
3.076923076923076650e+00 1.238050387296055488e-01 -4.492818542515386593e-01 -8.847651540395925496e-01
3.199999999999999734e+00 1.288773306758001225e-01 -4.843078981843931818e-01 -8.653478720965657178e-01
3.323076923076922817e+00 1.201913349451017854e-01 -5.144152125591310298e-01 -8.490705751463057949e-01
3.446153846153845901e+00 1.011816112180454752e-01 -5.346377360297842607e-01 -8.389959498927166415e-01
3.569230769230768985e+00 7.773579676351485834e-02 -5.416691975971228423e-01 -8.369832636983894902e-01
3.692307692307692069e+00 5.704465254654499801e-02 -5.346777971953167174e-01 -8.431222603932109205e-01
3.815384615384615152e+00 4.606521245183795021e-02 -5.156363926179134971e-01 -8.555624861740053211e-01
3.938461538461538236e+00 4.996339848140479711e-02 -4.890594850077557010e-01 -8.708129226765238817e-01
4.061538461538461320e+00 7.084743005644938973e-02 -4.611776380010243481e-01 -8.844699346409503615e-01
4.184615384615383959e+00 1.071422788347510535e-01 -4.386943660753404028e-01 -8.922215859827424822e-01
4.307692307692307487e+00 1.537466484706785652e-01 -4.273678908859606662e-01 -8.909041306613275646e-01
4.430769230769230127e+00 2.030258355758080002e-01 -4.307343078651885704e-01 -8.793403698163413384e-01
4.553846153846153655e+00 2.464043232476467726e-01 -4.492389632431286750e-01 -8.587545920273580435e-01
4.676923076923076295e+00 2.762564733211303469e-01 -4.800247424894474313e-01 -8.326150404694523388e-01
4.799999999999999822e+00 2.876716159772610415e-01 -5.174102521315329106e-01 -8.059279927107536601e-01
