0.000000000000000000e+00 2.920466416925503794e-09 2.955555859852916369e-09 -1.000000000000000000e+00
1.230769230769230699e-01 -6.496613934171623084e-02 2.123647135230861682e-01 -9.750275656331757190e-01
2.461538461538461398e-01 -1.600389656795388471e-01 3.983611454554526476e-01 -9.031566948556095653e-01
3.692307692307691958e-01 -3.046047380374608538e-01 5.279433725629381069e-01 -7.927709224784500464e-01
4.923076923076922795e-01 -4.978187022570602638e-01 5.677637774592294573e-01 -6.556011622896350532e-01
6.153846153846153078e-01 -7.124011573929287522e-01 4.880808805881150514e-01 -5.042341752368235674e-01
7.384615384615383915e-01 -8.952717850100457841e-01 2.757827780174920140e-01 -3.498880712547380867e-01
8.615384615384614753e-01 -9.782549637938469100e-01 -5.074168810225127002e-02 -2.010752641928333639e-01
9.846153846153845590e-01 -8.995237195415684006e-01 -4.322630356942034902e-01 -6.319932287276738836e-02
1.107692307692307532e+00 -6.313265826268156244e-01 -7.731074337321286460e-01 6.099222127321354131e-02
1.230769230769230616e+00 -2.039540072425934936e-01 -9.639670059980103289e-01 1.707600152387290793e-01
1.353846153846153699e+00 2.870897899570381551e-01 -9.200586558088053035e-01 2.665717967361471707e-01
1.476923076923076783e+00 7.006346131732149596e-01 -6.220171889374617180e-01 3.495641711130560991e-01
1.599999999999999867e+00 8.960347510350678002e-01 -1.404253766723402297e-01 4.211796887584744464e-01
1.723076923076922951e+00 7.920295852232405176e-01 3.734746784837015832e-01 4.829038466838792565e-01
1.846153846153846034e+00 4.128616938733910002e-01 7.362595724796596741e-01 5.361509732817190121e-01
1.969230769230769118e+00 -1.045209809597238970e-01 8.063117640974537537e-01 5.821751647321894430e-01
2.092307692307691980e+00 -5.549753469078034795e-01 5.523054826034274889e-01 6.220552543801856071e-01
2.215384615384615064e+00 -7.498337448269566385e-01 8.043533307606262617e-02 6.567127209350278605e-01
2.338461538461538147e+00 -6.058845974071929152e-01 -4.012554795791234419e-01 6.869427783369120855e-01
2.461538461538461231e+00 -1.934429136593049936e-01 -6.734960135666184788e-01 7.134254174617691291e-01
2.584615384615384315e+00 2.877966867720740396e-01 -6.118827567200723072e-01 7.367263224724837078e-01
2.707692307692307399e+00 6.015813174985460421e-01 -2.541083183812312130e-01 7.573125516146870240e-01
2.830769230769230482e+00 5.944972506764154563e-01 2.123340633451670234e-01 7.755520594247273802e-01
2.953846153846153566e+00 2.791743721049078086e-01 5.432911759053851153e-01 7.917640479180290125e-01
3.076923076923076650e+00 -1.680332480867051670e-01 5.672297993201753652e-01 8.062315779908220126e-01
3.199999999999999734e+00 -5.001762963490707925e-01 2.805859008586599201e-01 8.192006206026918314e-01
3.323076923076922817e+00 -5.364899379973044891e-01 -1.477038612599350653e-01 8.308770983546329703e-01
3.446153846153845901e+00 -2.658948041504377580e-01 -4.704316438132041256e-01 8.414207729778859779e-01
3.569230769230768985e+00 1.454415538782981021e-01 -5.046907218310462406e-01 8.509577256376080756e-01
3.692307692307692069e+00 4.512299371575629880e-01 -2.397254155017337629e-01 8.596036584447485085e-01
3.815384615384615152e+00 4.722615063079702580e-01 1.564465422891880841e-01 8.674611771565333695e-01
3.938461538461538236e+00 2.050185950764502885e-01 4.392852815578053294e-01 8.746378094824831528e-01
4.061538461538461320e+00 -1.767607994318045050e-01 4.384105476485728459e-01 8.812192681975611341e-01
4.184615384615383959e+00 -4.313152177826749534e-01 1.634424598878984058e-01 8.872708000149055474e-01
4.307692307692307487e+00 -4.018987759170715157e-01 -2.032692120590885165e-01 8.928353147334527895e-01
4.430769230769230127e+00 -1.162107305394635970e-01 -4.244727641984155642e-01 8.979498516246399165e-01
4.553846153846153655e+00 2.331784877526758837e-01 -3.616948899642821735e-01 9.026630836745233033e-01
4.676923076923076295e+00 4.160738700899706544e-01 -6.461256932948492016e-02 9.070302832492336265e-01
4.799999999999999822e+00 3.168134158629496433e-01 2.636962633116598509e-01 9.110926440374074176e-01
