0.000000000000000000e+00 -3.943084550202710326e-09 3.760073176841943456e-09 -1.000000000000000000e+00
1.230769230769230699e-01 -5.428948065477773310e-02 1.580161999083294910e-01 -9.859419523679171515e-01
2.461538461538461398e-01 -1.041022102836964836e-01 3.090110784754330764e-01 -9.453416261512639363e-01
3.692307692307691958e-01 -1.458674707749083310e-01 4.470839338812210295e-01 -8.825147968646334107e-01
4.923076923076922795e-01 -1.775778380194796835e-01 5.682471237932086305e-01 -8.034630923695060822e-01
6.153846153846153078e-01 -1.988716289234080947e-01 6.707065718822483591e-01 -7.145575356286402169e-01
7.384615384615383915e-01 -2.106524182704325732e-01 7.546232374881919336e-01 -6.214156238492187789e-01
8.615384615384614753e-01 -2.144689838439866325e-01 8.215335747686118850e-01 -5.282729666297261151e-01
9.846153846153845590e-01 -2.119540753888404239e-01 8.736631474091979266e-01 -4.379198410113690487e-01
1.107692307692307532e+00 -2.044805916858872807e-01 9.133790747795426102e-01 -3.520101605601502759e-01
1.230769230769230616e+00 -1.931376700274007319e-01 9.428580628708921330e-01 -2.714787566867459812e-01
1.353846153846153699e+00 -1.788428390910492549e-01 9.639794011519742245e-01 -1.968317586263848840e-01
1.476923076923076783e+00 -1.624747385710352821e-01 9.783331362233607109e-01 -1.282566343258421115e-01
1.599999999999999867e+00 -1.448742083362811739e-01 9.872632790628603772e-01 -6.562064566239816932e-02
1.723076923076922951e+00 -1.267420477522261391e-01 9.918911733265837194e-01 -8.467058343670782333e-03
1.846153846153846034e+00 -1.085171508986716993e-01 9.931187352015641290e-01 4.384703229008027336e-02
1.969230769230769118e+00 -9.032798189882507156e-02 9.916491319410545291e-01 9.195807639978570425e-02
2.092307692307691980e+00 -7.211585973620265877e-02 9.880296279057352304e-01 1.363095869306946151e-01
2.215384615384615064e+00 -5.382187073602551219e-02 9.827073373279107127e-01 1.771248041855420507e-01
2.338461538461538147e+00 -3.554702403003373590e-02 9.760760275410437226e-01 2.144664630298979968e-01
2.461538461538461231e+00 -1.758508212119325176e-02 9.684695626143982050e-01 2.484784233709401713e-01
2.584615384615384315e+00 -2.879789665403142962e-04 9.601419834444212542e-01 2.794844101075353859e-01
2.707692307692307399e+00 1.610910294257072994e-02 9.512400171642778623e-01 3.080054733297030167e-01
2.830769230769230482e+00 3.164405881272785992e-02 9.418204710572254390e-01 3.346005185365926171e-01
2.953846153846153566e+00 4.659310354794160558e-02 9.319150994650308162e-01 3.596500916370751755e-01
3.076923076923076650e+00 6.129658948284150144e-02 9.215958749980059928e-01 3.832607941316590883e-01
3.199999999999999734e+00 7.595433428839709622e-02 9.110172572113275358e-01 4.052946615546341724e-01
3.323076923076922817e+00 9.047043226563133977e-02 9.003838754892120599e-01 4.255695727237534531e-01
3.446153846153845901e+00 1.045267886598726381e-01 8.898668639768153588e-01 4.440684532309320254e-01
3.569230769230768985e+00 1.177632085714946097e-01 8.795194215790578252e-01 4.610458537825836700e-01
3.692307692307692069e+00 1.300234557501094290e-01 8.692479955133063374e-01 4.769568881630792956e-01
3.815384615384615152e+00 1.414625347140415212e-01 8.588851561269092993e-01 4.922305060657389264e-01
3.938461538461538236e+00 1.524803542537595813e-01 8.483063331099746085e-01 5.070626381715090947e-01
4.061538461538461320e+00 1.634834820740052319e-01 8.375308780923305108e-01 5.213461211652937743e-01
4.184615384615383959e+00 1.746445007075562716e-01 8.267418758365397968e-01 5.347746627015218523e-01
4.307692307692307487e+00 1.857945317290591314e-01 8.161965175797045724e-01 5.470745568604238329e-01
4.430769230769230127e+00 1.965303325275761792e-01 8.060708118481992868e-01 5.582228696370783450e-01
4.553846153846153655e+00 2.064607348394591757e-01 7.963435706652517432e-01 5.685051683210589069e-01
4.676923076923076295e+00 2.154597567725257956e-01 7.868048112629748569e-01 5.783620525045860550e-01
4.799999999999999822e+00 2.237635930671421913e-01 7.771699599414504389e-01 5.881532406896725629e-01
