0.000000000000000000e+00 -1.612798730246472093e-09 2.556958841142613977e-09 -1.000000000000000000e+00
1.230769230769230699e-01 8.121848285209165574e-02 8.772452369689841267e-03 -9.966570109193980675e-01
2.461538461538461398e-01 1.602608558433376018e-01 1.774732231846989916e-02 -9.869137506379930258e-01
3.692307692307691958e-01 2.352898661902366462e-01 2.712515891750294506e-02 -9.715445505965858430e-01
4.923076923076922795e-01 3.050786096109800449e-01 3.718141740344130253e-02 -9.515982063693496640e-01
6.153846153846153078e-01 3.690886808657384832e-01 4.816077150342626401e-02 -9.281418700248281750e-01
7.384615384615383915e-01 4.273763890007129529e-01 6.015614305562588804e-02 -9.020657571404925301e-01
8.615384615384614753e-01 4.803719788177235328e-01 7.298777505112033492e-02 -8.740173302945308809e-01
9.846153846153845590e-01 5.286134915704803205e-01 8.619353856126631130e-02 -8.444690812514249467e-01
1.107692307692307532e+00 5.725289945588959428e-01 9.912104526772369528e-02 -8.138636486689685423e-01
1.230769230769230616e+00 6.123413188304179799e-01 1.111418669306387663e-01 -7.827343227433303241e-01
1.353846153846153699e+00 6.481003899094296417e-01 1.218747469383430482e-01 -7.517305971355610072e-01
1.476923076923076783e+00 6.798114767406400194e-01 1.313405308962529716e-01 -7.215203443590636478e-01
1.599999999999999867e+00 7.076012518598239209e-01 1.399627101698734943e-01 -6.926006812418549208e-01
1.723076923076922951e+00 7.318243014821508297e-01 1.483763737796581217e-01 -6.651328687540342122e-01
1.846153846153846034e+00 7.530771819720557536e-01 1.571501506107492729e-01 -6.388756042891422515e-01
1.969230769230769118e+00 7.720956582160539705e-01 1.664876870692003075e-01 -6.132968327793560936e-01
2.092307692307691980e+00 7.895883837443564701e-01 1.760939723815313496e-01 -5.878123882926620247e-01
2.215384615384615064e+00 8.060557000089165758e-01 1.852389543795142646e-01 -5.620876357750551611e-01
2.338461538461538147e+00 8.216820947815938192e-01 1.930371566139026107e-01 -5.362429103125487817e-01
2.461538461538461231e+00 8.363358455623467469e-01 1.988326542654732243e-01 -5.108705589104912681e-01
2.584615384615384315e+00 8.496859103589796680e-01 2.025144296167485092e-01 -4.868286504675783388e-01
2.707692307692307399e+00 8.613855507674348377e-01 2.046325619561316367e-01 -4.648875851365358303e-01
2.830769230769230482e+00 8.712586809793074760e-01 2.062392559227096966e-01 -4.453688233933356111e-01
2.953846153846153566e+00 8.794176177594338339e-01 2.084903594040456443e-01 -4.279437719856861722e-01
3.076923076923076650e+00 8.862660697036777169e-01 2.121811600673846332e-01 -4.116926302662479720e-01
3.199999999999999734e+00 8.923876359659412838e-01 2.173922955650056665e-01 -3.954287357100551570e-01
3.323076923076922817e+00 8.983631006065826430e-01 2.234142768726647965e-01 -3.781647259430764851e-01
3.446153846153845901e+00 9.045791603809177905e-01 2.289999627877518651e-01 -3.595470569457142052e-01
3.569230769230768985e+00 9.111163936502951755e-01 2.328667622494628997e-01 -3.400268840590051078e-01
3.692307692307692069e+00 9.177360092037820660e-01 2.342404765673544165e-01 -3.207336833847131974e-01
3.815384615384615152e+00 9.239925146739422779e-01 2.332115514260400535e-01 -3.030315177044351493e-01
3.938461538461538236e+00 9.294124521087332447e-01 2.307668605981109122e-01 -2.879529375134999847e-01
4.061538461538461320e+00 9.336882756992508359e-01 2.284184964425367559e-01 -2.757332441465591422e-01
4.184615384615383959e+00 9.367974714022396787e-01 2.276311361791733545e-01 -2.656541025527718869e-01
4.307692307692307487e+00 9.390268654915197022e-01 2.291943565465361377e-01 -2.562731907933692432e-01
4.430769230769230127e+00 9.408704711743460791e-01 2.328911483638607116e-01 -2.459712185369374582e-01
4.553846153846153655e+00 9.428580723188348944e-01 2.375316321254603014e-01 -2.336121879962366199e-01
4.676923076923076295e+00 9.453692591598070738e-01 2.414205180423931729e-01 -2.190211416156997437e-01
4.799999999999999822e+00 9.485048475445424510e-01 2.430344453317922482e-01 -2.031006245404010091e-01
