0.000000000000000000e+00 -2.379187105374580219e-09 -1.877793620177888894e-09 -1.000000000000000000e+00
1.230769230769230699e-01 -4.088437007997384187e-01 1.151617171667881911e-01 -9.053046395119945799e-01
2.461538461538461398e-01 -7.465953722640121804e-01 1.686766544761145736e-01 -6.435266982154195237e-01
3.692307692307691958e-01 -9.536414432628909088e-01 1.223773447159809125e-01 -2.748976731649847571e-01
4.923076923076922795e-01 -9.924588855079897742e-01 -2.326358171332901237e-02 1.202500849968191343e-01
6.153846153846153078e-01 -8.558068064594626101e-01 -2.275070328959098442e-01 4.645585693006376027e-01
7.384615384615383915e-01 -5.705203585419587053e-01 -4.221959694037905053e-01 7.044442877927137303e-01
8.615384615384614753e-01 -1.948502550419989321e-01 -5.348976753326020184e-01 8.221351943477176460e-01
9.846153846153845590e-01 1.917906959725444449e-01 -5.145747190036293883e-01 8.357141399775600554e-01
1.107692307692307532e+00 5.057473261168001777e-01 -3.509667991353440097e-01 7.880540537641751442e-01
1.230769230769230616e+00 6.794144945014146675e-01 -8.080723797297409416e-02 7.292815080401712224e-01
1.353846153846153699e+00 6.796088450560485716e-01 2.217878112475416275e-01 6.992327995739866520e-01
1.476923076923076783e+00 5.181550068736245906e-01 4.680243745113051856e-01 7.158586212942857907e-01
1.599999999999999867e+00 2.504152993715362263e-01 5.829877604019645387e-01 7.729192463123608636e-01
1.723076923076922951e+00 -3.917211585739066582e-02 5.305750677906805324e-01 8.467260443426349870e-01
1.846153846153846034e+00 -2.612681902209535445e-01 3.263028275541163814e-01 9.084368078661678725e-01
1.969230769230769118e+00 -3.485513577064431323e-01 3.331812751025771402e-02 9.366938466684586739e-01
2.092307692307691980e+00 -2.768517438630818672e-01 -2.574661938484599788e-01 9.257738319176012087e-01
2.215384615384615064e+00 -7.320922132156527928e-02 -4.567867384671204789e-01 8.865536040319313971e-01
2.338461538461538147e+00 1.924620213470885077e-01 -5.062664825697341664e-01 8.406198491355026947e-01
2.461538461538461231e+00 4.301151957605022780e-01 -3.976553522398578178e-01 8.104684746386829897e-01
2.584615384615384315e+00 5.594588758219565250e-01 -1.752802693206219620e-01 8.101052942889992448e-01
2.707692307692307399e+00 5.370740014444552735e-01 7.922480635260609194e-02 8.397999948069674314e-01
2.830769230769230482e+00 3.713084700946003291e-01 2.749018892084565957e-01 8.868765428854931132e-01
2.953846153846153566e+00 1.195131643483204331e-01 3.426701005488383966e-01 9.318192157828379951e-01
3.076923076923076650e+00 -1.317666890696745641e-01 2.589364335170831755e-01 9.568616409550779744e-01
3.199999999999999734e+00 -2.969849060267840124e-01 5.339553454038611230e-02 9.533852285748258826e-01
3.323076923076922817e+00 -3.216003512356723215e-01 -2.017722059873738871e-01 9.251238127728883542e-01
3.446153846153845901e+00 -2.013059716931709930e-01 -4.175683217093360544e-01 8.860607168002557765e-01
3.569230769230768985e+00 1.656026680442815313e-02 -5.197913974541733539e-01 8.541266357444428081e-01
3.692307692307692069e+00 2.501402678513799938e-01 -4.752882521198768528e-01 8.435165345082804578e-01
3.815384615384615152e+00 4.125788797216609627e-01 -3.035278329905317651e-01 8.588593401633920488e-01
3.938461538461538236e+00 4.434457959950036110e-01 -6.928296508315306967e-02 8.936145919576968799e-01
4.061538461538461320e+00 3.305455370117282854e-01 1.409715350889202412e-01 9.331987928631809703e-01
4.184615384615383959e+00 1.141750193624971321e-01 2.504377690942503065e-01 9.613740317372050370e-01
4.307692307692307487e+00 -1.278154845720870236e-01 2.198238851925805315e-01 9.671277650132399373e-01
4.430769230769230127e+00 -3.087309197738939970e-01 6.142108230302295580e-02 9.491611633082807087e-01
4.553846153846153655e+00 -3.649372933315689904e-01 -1.656409603157052990e-01 9.161747994469796597e-01
4.676923076923076295e+00 -2.792713691170492507e-01 -3.773449097468882241e-01 8.829548029751257410e-01
4.799999999999999822e+00 -8.716883288915724948e-02 -4.958493186817886644e-01 8.640168397437519854e-01
