0.000000000000000000e+00 1.713667626911549054e-09 1.420042600898806379e-09 -1.000000000000000000e+00
1.230769230769230699e-01 3.776306384054572973e-04 3.875918575583291448e-01 -9.218286596424738466e-01
2.461538461538461398e-01 5.008810581355369052e-03 7.086377071205072209e-01 -7.055483058897934479e-01
3.692307692307691958e-01 1.845973995731325923e-02 9.165422851527748049e-01 -3.994954734199853696e-01
4.923076923076922795e-01 4.481393590203730515e-02 9.968220988554997719e-01 -6.574932404248845508e-02
6.153846153846153078e-01 8.582071901170196249e-02 9.671303719148376388e-01 2.393318526375121102e-01
7.384615384615383915e-01 1.389941207934110023e-01 8.662208856727590112e-01 4.799269968592895785e-01
8.615384615384614753e-01 1.971837059788305591e-01 7.374532550796881747e-01 6.459653659170792039e-01
9.846153846153845590e-01 2.505265334246774001e-01 6.141218942465234143e-01 7.483865268511507018e-01
1.107692307692307532e+00 2.901732240125410311e-01 5.121505987036640839e-01 8.083898069080452942e-01
1.230769230769230616e+00 3.119290410443349426e-01 4.315950612273917186e-01 8.464157575076367568e-01
1.353846153846153699e+00 3.177755983057932720e-01 3.641728307545487597e-01 8.754377083990914077e-01
1.476923076923076783e+00 3.143170531087737252e-01 3.018255428253864836e-01 9.000562016388226061e-01
1.599999999999999867e+00 3.090059742565389733e-01 2.418691576796090648e-01 9.197881390238727972e-01
1.723076923076922951e+00 3.063274332493920449e-01 1.869939816125198162e-01 9.333770866692884249e-01
1.846153846153846034e+00 3.060753880130159255e-01 1.415620354999138353e-01 9.414214507053876302e-01
1.969230769230769118e+00 3.045975265549615285e-01 1.074297358405311431e-01 9.464014382347910592e-01
2.092307692307691980e+00 2.980051616511936730e-01 8.213959768228262792e-02 9.510219004637676665e-01
2.215384615384615064e+00 2.851419885164247492e-01 6.040983298699065251e-02 9.565780462631153780e-01
2.338461538461538147e+00 2.685125759968955417e-01 3.753114379785536803e-02 9.625432530615748439e-01
2.461538461538461231e+00 2.526158231527870224e-01 1.218964947468267890e-02 9.674884878937908272e-01
2.584615384615384315e+00 2.409601425480971115e-01 -1.313413775184396615e-02 9.704448227366320179e-01
2.707692307692307399e+00 2.338458387996764642e-01 -3.431921586728756829e-02 9.716665171654683686e-01
2.830769230769230482e+00 2.283457053323620922e-01 -4.872334667215821175e-02 9.723588878338101926e-01
2.953846153846153566e+00 2.204722941685939575e-01 -5.709961870008561230e-02 9.737192637037920262e-01
3.076923076923076650e+00 2.079726289154106844e-01 -6.312288552691926180e-02 9.760945668754840154e-01
3.199999999999999734e+00 1.918851225098064384e-01 -7.089434474297436062e-02 9.788523648203555361e-01
3.323076923076922817e+00 1.757903225270680270e-01 -8.226954423854047904e-02 9.809829047472206076e-01
3.446153846153845901e+00 1.633360568256174983e-01 -9.573856204555381000e-02 9.819131768195049625e-01
3.569230769230768985e+00 1.557608914541669942e-01 -1.076366082957981446e-01 9.819118755560934941e-01
3.692307692307692069e+00 1.510955082859407050e-01 -1.147641011278673628e-01 9.818336758040551171e-01
3.815384615384615152e+00 1.455666225501043298e-01 -1.166325652380222067e-01 9.824486014243942744e-01
3.938461538461538236e+00 1.362254330605303654e-01 -1.158003586651814021e-01 9.838856866453218331e-01
4.061538461538461320e+00 1.229644107890119353e-01 -1.161314216089623930e-01 9.855919462481474991e-01
4.184615384615383959e+00 1.085585846811690791e-01 -1.201708246072445974e-01 9.867990295986044380e-01
4.307692307692307487e+00 9.673827637876787622e-02 -1.274690725111338185e-01 9.871127995751004525e-01
4.430769230769230127e+00 8.960373394737009001e-02 -1.349746106017223057e-01 9.867883980071464611e-01
4.553846153846153655e+00 8.619825006006762158e-02 -1.391822970808886950e-01 9.865071973009835737e-01
4.676923076923076295e+00 8.320258348919247482e-02 -1.385735846344617050e-01 9.868500452500331699e-01
4.799999999999999822e+00 7.722237575849125180e-02 -1.346628852473391036e-01 9.878770179008240504e-01
