0.000000000000000000e+00 4.181385751236435729e-09 3.994178928528526283e-09 -1.000000000000000000e+00
1.230769230769230699e-01 -3.637797622660864094e-02 -3.889019014109884598e-02 -9.985808814164740532e-01
2.461538461538461398e-01 -6.844241899164715814e-02 -8.124390623187133231e-02 -9.943411152339906023e-01
3.692307692307691958e-01 -9.139418958938057280e-02 -1.296919123678518249e-01 -9.873327197877145300e-01
4.923076923076922795e-01 -9.966544835915397416e-02 -1.851607324833817458e-01 -9.776403623459113401e-01
6.153846153846153078e-01 -8.706898362200791996e-02 -2.458827947119261448e-01 -9.653800387867673694e-01
7.384615384615383915e-01 -4.762682659138989250e-02 -3.064546989728352266e-01 -9.506917048731163833e-01
8.615384615384614753e-01 2.285936921198902794e-02 -3.572190934230067283e-01 -9.337392881510130360e-01
9.846153846153845590e-01 1.244459794661557095e-01 -3.844812098125894861e-01 -9.147043591501801130e-01
1.107692307692307532e+00 2.503659890293657986e-01 -3.721160356094039279e-01 -8.937800676750367046e-01
1.230769230769230616e+00 3.847718902252763029e-01 -3.049867176871877694e-01 -8.711655945953105107e-01
1.353846153846153699e+00 5.021248576063994662e-01 -1.741884081333576195e-01 -8.470680987120223771e-01
1.476923076923076783e+00 5.696865407259620318e-01 1.672963018188100559e-02 -8.216887250110825880e-01
1.599999999999999867e+00 5.539945401094917843e-01 2.463863479127494927e-01 -7.952221966887565996e-01
1.723076923076922951e+00 4.312247234472190160e-01 4.737383836016910155e-01 -7.678614919529882510e-01
1.846153846153846034e+00 1.994298061379931042e-01 6.426059469210756436e-01 -7.397831282330309399e-01
1.969230769230769118e+00 -1.114521867244498421e-01 6.941380350958665790e-01 -7.111569106507897864e-01
2.092307692307691980e+00 -4.371946045933298164e-01 5.861177210649660685e-01 -6.821436619896988907e-01
2.215384615384615064e+00 -6.892370212166606391e-01 3.141728369484399486e-01 -6.528709787367852346e-01
2.338461538461538147e+00 -7.783834586822198087e-01 -7.346830916514851539e-02 -6.234692868618544326e-01
2.461538461538461231e+00 -6.478372945559607299e-01 -4.768536853796792596e-01 -5.940618949167305596e-01
2.584615384615384315e+00 -3.046629884826934642e-01 -7.669706678367178565e-01 -5.647373007933141897e-01
2.707692307692307399e+00 1.652158377296882863e-01 -8.281567720776199515e-01 -5.355852858078347101e-01
2.830769230769230482e+00 6.111918935353409799e-01 -6.080248839237506475e-01 -5.066967116831037066e-01
2.953846153846153566e+00 8.646551096449904827e-01 -1.541566435247798406e-01 -4.781196289731247662e-01
3.076923076923076650e+00 8.062983238005608788e-01 3.840008742694996924e-01 -4.499079449314223322e-01
3.199999999999999734e+00 4.278954991298863364e-01 7.991897435324898380e-01 -4.221277646258284610e-01
3.323076923076922817e+00 -1.430711210275030787e-01 9.075544974605305182e-01 -3.947987112225713746e-01
3.446153846153845901e+00 -6.778421486791957884e-01 6.364957393988841527e-01 -3.679586800035711258e-01
3.569230769230768985e+00 -9.367109733281804296e-01 7.650173395651942154e-02 -3.416288442113297186e-01
3.692307692307692069e+00 -7.818094792317552555e-01 -5.376000221407502000e-01 -3.158326367489686648e-01
3.815384615384615152e+00 -2.585984846771939294e-01 -9.212371908067595871e-01 -2.905836765628430074e-01
3.938461538461538236e+00 4.031487576951683915e-01 -8.756521956154379449e-01 -2.658838322271254717e-01
4.061538461538461320e+00 8.843019268071352634e-01 -3.994488074626952878e-01 -2.417448026719597465e-01
4.184615384615383959e+00 9.322452521846688045e-01 2.886310259731393324e-01 -2.181757354630771417e-01
4.307692307692307487e+00 5.016992783342071327e-01 8.427333760407769159e-01 -1.951613341990234285e-01
4.430769230769230127e+00 -2.007640317194828716e-01 9.642906361147720595e-01 -1.727048267808981019e-01
4.553846153846153655e+00 -8.074235908624147751e-01 5.703625946335925123e-01 -1.508085262048610153e-01
4.676923076923076295e+00 -9.813945884216557225e-01 -1.417524968772533311e-01 -1.294619905767271928e-01
4.799999999999999822e+00 -6.105011688209374121e-01 -7.845210342765362999e-01 -1.086484419165673204e-01
