0.000000000000000000e+00 2.390866352432005415e-13 -4.063040821030793111e-13 -1.000000000000000000e+00
1.230769230769230699e-01 -8.613952207980160591e-02 1.419170937079911043e-01 -9.861234817206427916e-01
2.461538461538461398e-01 -1.758151071306111313e-01 2.646960258346585659e-01 -9.481693212665004422e-01
3.692307692307691958e-01 -2.696831576886467574e-01 3.521934048358817404e-01 -8.962314432386644381e-01
4.923076923076922795e-01 -3.635148755727506953e-01 3.938412509348130364e-01 -8.442428583315900736e-01
6.153846153846153078e-01 -4.476909166632435655e-01 3.864223946372304375e-01 -8.063811603340368395e-01
7.384615384615383915e-01 -5.084937127371423893e-01 3.347662324571372694e-01 -7.933257293984221636e-01
8.615384615384614753e-01 -5.309601084862172193e-01 2.512318614889507140e-01 -8.092984088494261652e-01
9.846153846153845590e-01 -5.027255342579478592e-01 1.539660209909592681e-01 -8.506241832306609130e-01
1.107692307692307532e+00 -4.178789186435697967e-01 6.416115122597366993e-02 -9.062342719980029937e-01
1.230769230769230616e+00 -2.798912346497360870e-01 2.658273507128355861e-03 -9.600280362674848966e-01
1.353846153846153699e+00 -1.027219754307484578e-01 -1.359998623646804100e-02 -9.946171303927759944e-01
1.476923076923076783e+00 9.034944293616865851e-02 2.530918150582045847e-02 -9.955884809796344825e-01
1.599999999999999867e+00 2.701605740112767440e-01 1.201201887129854096e-01 -9.552928367230029139e-01
1.723076923076922951e+00 4.068123324086664883e-01 2.616583688728566504e-01 -8.752363248611551017e-01
1.846153846153846034e+00 4.755758182891782759e-01 4.317363812966343861e-01 -7.664406943630994729e-01
1.969230769230769118e+00 4.622765899263664435e-01 6.057380939861061186e-01 -6.475968781121833606e-01
2.092307692307691980e+00 3.670240802374088451e-01 7.564846153153513830e-01 -5.413172366936693791e-01
2.215384615384615064e+00 2.052950632885557347e-01 8.588503491752924601e-01 -4.692867080215621378e-01
2.338461538461538147e+00 5.998384850377985744e-03 8.943511515560833569e-01 -4.473254266322708173e-01
2.461538461538461231e+00 -1.933088426048402975e-01 8.548546091654969370e-01 -4.815135383177714390e-01
2.584615384615384315e+00 -3.532336763979034844e-01 7.446734966751888951e-01 -5.662926372904318884e-01
2.707692307692307399e+00 -4.401070756586763499e-01 5.805573576208818976e-01 -6.850247553870031370e-01
2.830769230769230482e+00 -4.328124711084123111e-01 3.893908246211627011e-01 -8.130486763207710466e-01
2.953846153846153566e+00 -3.274285435507631181e-01 2.039214055722556040e-01 -9.226085887138673058e-01
3.076923076923076650e+00 -1.386809678817002567e-01 5.712798461724506727e-02 -9.886880104256028368e-01
3.199999999999999734e+00 1.022291164233937177e-01 -2.375249533485612741e-02 -9.944772617882542409e-01
3.323076923076922817e+00 3.531501397085595184e-01 -2.246908081394106971e-02 -9.352968080544249441e-01
3.446153846153845901e+00 5.688432233661019355e-01 6.277602012708717594e-02 -8.200466807265854863e-01
3.569230769230768985e+00 7.096970894857050904e-01 2.183993799600659758e-01 -6.697997854970120235e-01
3.692307692307692069e+00 7.495981820360139158e-01 4.173463975065931919e-01 -5.137358739143851327e-01
3.815384615384615152e+00 6.813361896149568997e-01 6.236369392690362945e-01 -3.832205132894133670e-01
3.938461538461538236e+00 5.184238788533968023e-01 7.987951429714660323e-01 -3.052261486579315175e-01
4.061538461538461320e+00 2.928674684018754415e-01 9.090176028047934897e-01 -2.965057366150057883e-01
4.184615384615383959e+00 4.923077499783973243e-02 9.317419276468327238e-01 -3.597684175752682845e-01
4.307692307692307487e+00 -1.638723032167091476e-01 8.603021493753790772e-01 -4.827277494908143729e-01
4.430769230769230127e+00 -3.032631327607021587e-01 7.057017937358510684e-01 -6.403252668798601333e-01
4.553846153846153655e+00 -3.397441395132330677e-01 4.950385191670887974e-01 -7.996941814222493505e-01
4.676923076923076295e+00 -2.640177027363718731e-01 2.667766982207712134e-01 -9.268898773800335888e-01
4.799999999999999822e+00 -8.874680235587062427e-02 6.363792587883494722e-02 -9.940192206616275117e-01
