0.000000000000000000e+00 -2.390866352373835190e-13 -4.063040820998440473e-13 -1.000000000000000000e+00
1.230769230769230699e-01 8.613989157030177424e-02 1.419175083158720763e-01 -9.861233897316931118e-01
2.461538461538461398e-01 1.758141305001463539e-01 2.646952706160022317e-01 -9.481697132697937125e-01
3.692307692307691958e-01 2.696833470823869483e-01 3.521934117018379329e-01 -8.962313832480084397e-01
4.923076923076922795e-01 3.635158967750332093e-01 3.938412274454258788e-01 -8.442424292026541321e-01
6.153846153846153078e-01 4.476911499638421832e-01 3.864222551567793595e-01 -8.063810976200125324e-01
7.384615384615383915e-01 5.084926833973160143e-01 3.347664952421323115e-01 -7.933262783452758038e-01
8.615384615384614753e-01 5.309601255053996161e-01 2.512321499381715562e-01 -8.092983081556236469e-01
9.846153846153845590e-01 5.027261599383761048e-01 1.539658030995358917e-01 -8.506238526646345832e-01
1.107692307692307532e+00 4.178790135220855073e-01 6.416032533589668962e-02 -9.062342866837890254e-01
1.230769230769230616e+00 2.798909441469024095e-01 2.657823963332778261e-03 -9.600281221810849086e-01
1.353846153846153699e+00 1.027222615629572733e-01 -1.359972490301562462e-02 -9.946171043291263114e-01
1.476923076923076783e+00 -9.034966977351847894e-02 2.530878468134488066e-02 -9.955884705249949951e-01
1.599999999999999867e+00 -2.701592651018622226e-01 1.201217570899587861e-01 -9.552930099732723779e-01
1.723076923076922951e+00 -4.068134881924656554e-01 2.616576718416178116e-01 -8.752359956763956506e-01
1.846153846153846034e+00 -4.755756732797600250e-01 4.317356942491747951e-01 -7.664411712140521971e-01
1.969230769230769118e+00 -4.622773174963060727e-01 6.057392704605777389e-01 -6.475952571322520779e-01
2.092307692307691980e+00 -3.670247682727121319e-01 7.564848613468522220e-01 -5.413164259992702121e-01
2.215384615384615064e+00 -2.052952687545425980e-01 8.588504503705404192e-01 -4.692864332733386323e-01
2.338461538461538147e+00 -5.998908868375424364e-03 8.943512512586297980e-01 -4.473252190018152663e-01
2.461538461538461231e+00 1.933083288195059923e-01 8.548538132290295355e-01 -4.815151578016339529e-01
2.584615384615384315e+00 3.532331099320640266e-01 7.446736648469884923e-01 -5.662927709598974957e-01
2.707692307692307399e+00 4.401078354554215366e-01 5.805562406002534592e-01 -6.850252138732719764e-01
2.830769230769230482e+00 4.328127996357367113e-01 3.893918873474538356e-01 -8.130479923570758105e-01
2.953846153846153566e+00 3.274270463920157526e-01 2.039208504038009240e-01 -9.226092428871631723e-01
3.076923076923076650e+00 1.386813845730806849e-01 5.712815825605364189e-02 -9.886879410451683281e-01
3.199999999999999734e+00 -1.022271192635810094e-01 -2.375117604449423700e-02 -9.944774996440194359e-01
3.323076923076922817e+00 -3.531503687778130840e-01 -2.246924608008700475e-02 -9.352967175363703367e-01
3.446153846153845901e+00 -5.688431004982048567e-01 6.277655754479341543e-02 -8.200467244397576794e-01
3.569230769230768985e+00 -7.096973115391154163e-01 2.183989241677899429e-01 -6.697996992270468519e-01
3.692307692307692069e+00 -7.495983688537468659e-01 4.173461996666968377e-01 -5.137357609686945548e-01
3.815384615384615152e+00 -6.813361265511983511e-01 6.236374009870047086e-01 -3.832198778812472284e-01
3.938461538461538236e+00 -5.184235094453344406e-01 7.987951292849313489e-01 -3.052268060869655630e-01
4.061538461538461320e+00 -2.928669406046046086e-01 9.090179087707022099e-01 -2.965053018783295746e-01
4.184615384615383959e+00 -4.923008055138725081e-02 9.317426050114288039e-01 -3.597667578238080144e-01
4.307692307692307487e+00 1.638731751019872618e-01 8.603025215048152319e-01 -4.827267891742255679e-01
4.430769230769230127e+00 3.032634318455023070e-01 7.057021003148807869e-01 -6.403247882026922300e-01
4.553846153846153655e+00 3.397452665098080193e-01 4.950409343896268743e-01 -7.996922055804077667e-01
4.676923076923076295e+00 2.640178511647438553e-01 2.667778549693356482e-01 -9.268895004558346251e-01
4.799999999999999822e+00 8.874806623866865474e-02 6.363863180854240076e-02 -9.940190676373330536e-01
