0.000000000000000000e+00 -1.413520919754130757e-09 -2.236989354674348368e-09 -1.000000000000000000e+00
1.230769230769230699e-01 -1.996870030264680240e-01 3.321949586394996046e-01 -9.218289267238795048e-01
2.461538461538461398e-01 -4.159401035100108723e-01 5.737901664285135483e-01 -7.055156070500478993e-01
3.692307692307691958e-01 -6.408159851647717842e-01 6.558451851082123252e-01 -3.990149171159537711e-01
4.923076923076922795e-01 -8.320331263229490126e-01 5.510978846334015913e-01 -6.326009817300233540e-02
6.153846153846153078e-01 -9.253907852625578023e-01 2.873573885301002329e-01 2.471192046137143383e-01
7.384615384615383915e-01 -8.657391851234087499e-01 -5.385137386383670455e-02 4.975814473188620024e-01
8.615384615384614753e-01 -6.417408565431070855e-01 -3.593874437503583041e-01 6.774973163240179952e-01
9.846153846153845590e-01 -3.048700137479429806e-01 -5.246125770061688121e-01 7.948777781857687685e-01
1.107692307692307532e+00 4.166268378935175654e-02 -4.971353983941801946e-01 8.666697777064162889e-01
1.230769230769230616e+00 2.835435179553966734e-01 -3.028175681379214335e-01 9.098908186322234304e-01
1.353846153846153699e+00 3.478003898266714966e-01 -3.723594415920442047e-02 9.368274465942890705e-01
1.476923076923076783e+00 2.393524413120303729e-01 1.779874871120993296e-01 9.544781837449773931e-01
1.599999999999999867e+00 3.946285293989280907e-02 2.543184699415154126e-01 9.663140658133708705e-01
1.723076923076922951e+00 -1.363810922638432621e-01 1.795594381770111436e-01 9.742468614772993307e-01
1.846153846153846034e+00 -1.996274785618457615e-01 2.009522410829579428e-02 9.796650345210260458e-01
1.969230769230769118e+00 -1.341561193397446117e-01 -1.205131670396230453e-01 9.836042868747026935e-01
2.092307692307691980e+00 8.569190732118925347e-04 -1.628315802075406549e-01 9.866529045259092578e-01
2.215384615384615064e+00 1.124318988596137714e-01 -9.585684591020771084e-02 9.890244965354739737e-01
2.338461538461538147e+00 1.334376526486972525e-01 2.264789609018533212e-02 9.907979019176369473e-01
2.461538461538461231e+00 6.235501952682316607e-02 1.088075942618773051e-01 9.921047568091303503e-01
2.584615384615384315e+00 -4.171789153663900407e-02 1.092949658180733252e-01 9.931331114462016441e-01
2.707692307692307399e+00 -1.037250465178279346e-01 3.404775132021399531e-02 9.940226716951567898e-01
2.830769230769230482e+00 -8.509136128792756104e-02 -5.591531759301895249e-02 9.948025923035211937e-01
2.953846153846153566e+00 -7.521476965069315290e-03 -9.511324953841444885e-02 9.954376928514012679e-01
3.076923076923076650e+00 6.714875602655238918e-02 -6.032701799837033446e-02 9.959171828354523859e-01
3.199999999999999734e+00 8.454664744079337657e-02 1.590907533613175606e-02 9.962921937676192385e-01
3.323076923076922817e+00 3.699099871154910152e-02 7.318375348271827230e-02 9.966319288678548993e-01
3.446153846153845901e+00 -3.409293901944062538e-02 6.998849205340379465e-02 9.969647488129076418e-01
3.569230769230768985e+00 -7.261051890193973013e-02 1.365332224955762702e-02 9.972666416006907841e-01
3.692307692307692069e+00 -5.141514413880010625e-02 -4.838186219881921574e-02 9.975044643661975519e-01
3.815384615384615152e+00 8.604120270671498927e-03 -6.753599050188986708e-02 9.976794847759573592e-01
3.938461538461538236e+00 5.761969079417089690e-02 -3.188780453016672178e-02 9.978289688819342862e-01
4.061538461538461320e+00 5.759867922888235736e-02 2.655111415011270418e-02 9.979864524610811971e-01
4.184615384615383959e+00 1.175661684685041716e-02 5.962377333335427965e-02 9.981514591761636579e-01
4.307692307692307487e+00 -4.020242051145316020e-02 4.227747071675921897e-02 9.982965214315046021e-01
4.430769230769230127e+00 -5.587016327371586294e-02 -8.461540402218623025e-03 9.984019756880003760e-01
4.553846153846153655e+00 -2.460646696900233021e-02 -4.935154844504058280e-02 9.984781086204332912e-01
4.676923076923076295e+00 2.529513096995928897e-02 -4.744181800790595732e-02 9.985534668147749704e-01
4.799999999999999822e+00 5.162235685297739823e-02 -6.638642263054033571e-03 9.986444157759943874e-01
