0.000000000000000000e+00 2.368772061743198308e-09 8.938592932940602539e-11 -1.000000000000000000e+00
1.230769230769230699e-01 5.424218533402853926e-02 -1.070314024952973841e-01 -9.927745663746917471e-01
2.461538461538461398e-01 1.068946381142021895e-01 -2.118953791772968664e-01 -9.714280303931532856e-01
3.692307692307691958e-01 1.564815706036249421e-01 -3.125838219840138543e-01 -9.369112142000363130e-01
4.923076923076922795e-01 2.017626724961201490e-01 -4.073795314280794222e-01 -8.906911229370770844e-01
6.153846153846153078e-01 2.418102920302736547e-01 -4.949447862689571043e-01 -8.345978454785834000e-01
7.384615384615383915e-01 2.760231258086494055e-01 -5.743643702464900080e-01 -7.706569622276365772e-01
8.615384615384614753e-01 3.041366099196889938e-01 -6.451355435511493264e-01 -7.009248723326023667e-01
9.846153846153845590e-01 3.261590067641754742e-01 -7.071348990924365419e-01 -6.273551620059792944e-01
1.107692307692307532e+00 3.423306056674513820e-01 -7.605366147627025120e-01 -5.517129651117029798e-01
1.230769230769230616e+00 3.530583083635440156e-01 -8.057507663433184364e-01 -4.755085882161113053e-01
1.353846153846153699e+00 3.588557224533059364e-01 -8.433461049731209025e-01 -3.999779922292569512e-01
1.476923076923076783e+00 3.602885106174962826e-01 -8.739836176615922714e-01 -3.260935030788378874e-01
1.599999999999999867e+00 3.579376675217540438e-01 -8.983660929762775638e-01 -2.545798160011686906e-01
1.723076923076922951e+00 3.523706585521597101e-01 -9.171967793470169328e-01 -1.859480891195992580e-01
1.846153846153846034e+00 3.441157143567158960e-01 -9.311533992325385922e-01 -1.205376076278260461e-01
1.969230769230769118e+00 3.336603616367004310e-01 -9.408697532571591582e-01 -5.853543946993376712e-02
2.092307692307691980e+00 3.214356081116599984e-01 -9.469269538578554135e-01 -1.101790257417833285e-05
2.215384615384615064e+00 3.078200202667734642e-01 -9.498468821750257751e-01 5.503869843739412487e-02
2.338461538461538147e+00 2.931437632463370635e-01 -9.500927347110075250e-01 1.066869328117755478e-01
2.461538461538461231e+00 2.776841696847358598e-01 -9.480727260877589435e-01 1.550524345753508115e-01
2.584615384615384315e+00 2.616830465347284029e-01 -9.441415737260158147e-01 2.002758475819638173e-01
2.707692307692307399e+00 2.453294336118433949e-01 -9.386096539558547169e-01 2.425226560202841664e-01
2.830769230769230482e+00 2.287948678001774927e-01 -9.317407681082606752e-01 2.819645830587738655e-01
2.953846153846153566e+00 2.122116175641207969e-01 -9.237628791436818254e-01 3.187796790586097107e-01
3.076923076923076650e+00 1.956909233066155551e-01 -9.148714809095355172e-01 3.531394750108188818e-01
3.199999999999999734e+00 1.793188413949941551e-01 -9.052360769334358848e-01 3.852074671036861964e-01
3.323076923076922817e+00 1.631690370503696419e-01 -8.949954546956979673e-01 4.151524353651317445e-01
3.446153846153845901e+00 1.472958973578207265e-01 -8.842722842740985412e-01 4.431243011943218901e-01
3.569230769230768985e+00 1.317402790492975262e-01 -8.731709492560623120e-01 4.692652122568226614e-01
3.692307692307692069e+00 1.165374371891487737e-01 -8.617751737643378762e-01 4.937160846883625887e-01
3.815384615384615152e+00 1.017126090842430663e-01 -8.501611312200426651e-01 5.165982386333203280e-01
3.938461538461538236e+00 8.728241013902804379e-02 -8.383895222630735056e-01 5.380316607441645305e-01
4.061538461538461320e+00 7.325391887580512407e-02 -8.265157556542557238e-01 5.581209547921827108e-01
4.184615384615383959e+00 5.963738830869286245e-02 -8.145842771168986252e-01 5.769656877118438665e-01
4.307692307692307487e+00 4.643559186221862811e-02 -8.026282790181743509e-01 5.946640105783190799e-01
4.430769230769230127e+00 3.364795057636488229e-02 -7.906818593142345142e-01 6.112968522244275338e-01
4.553846153846153655e+00 2.126884917441335121e-02 -7.787727097813801347e-01 6.269407137091720372e-01
4.676923076923076295e+00 9.296257604771762661e-03 -7.669222106736595101e-01 6.416681234221747188e-01
4.799999999999999822e+00 -2.278455931372824761e-03 -7.551477502447876411e-01 6.555462474369242454e-01
