0.000000000000000000e+00 3.956639236667767860e-09 -2.145249762141697554e-09 -1.000000000000000000e+00
1.230769230769230699e-01 7.039156997200057310e-03 -3.214269528090275829e-02 -9.994581367116484039e-01
2.461538461538461398e-01 1.769574482021464210e-02 -6.290372239289994394e-02 -9.978620181306844250e-01
3.692307692307691958e-01 3.507424468171488341e-02 -9.041714954279721217e-02 -9.952851515663860837e-01
4.923076923076922795e-01 6.137060092486769369e-02 -1.120133200956363734e-01 -9.918084710923612546e-01
6.153846153846153078e-01 9.730171863216510730e-02 -1.241331830186336305e-01 -9.874816907430333801e-01
7.384615384615383915e-01 1.415694694545997223e-01 -1.226093934965676729e-01 -9.823040064156220996e-01
8.615384615384614753e-01 1.904575315627573817e-01 -1.033188170149738350e-01 -9.762410831790158117e-01
9.846153846153845590e-01 2.377183274346791886e-01 -6.320393043779168329e-02 -9.692729806247076807e-01
1.107692307692307532e+00 2.749486809127560938e-01 -1.486585520062769228e-03 -9.614547343904429333e-01
1.230769230769230616e+00 2.925511261276048103e-01 7.916235468426902067e-02 -9.529641629781675505e-01
1.353846153846153699e+00 2.813275299160548082e-01 1.718175581405103902e-01 -9.441008648236979273e-01
1.476923076923076783e+00 2.345177255388163629e-01 2.652005718241027821e-01 -9.352338711201305665e-01
1.599999999999999867e+00 1.499828632101579962e-01 3.445800364581175224e-01 -9.266938459803835126e-01
1.723076923076922951e+00 3.200399152386243506e-02 3.937341032261431062e-01 -9.186623232362900460e-01
1.846153846153846034e+00 -1.078006708953859194e-01 3.978651556974675541e-01 -9.110835018886882519e-01
1.969230769230769118e+00 -2.509592858664971837e-01 3.470319163952531594e-01 -9.036474221583100652e-01
2.092307692307691980e+00 -3.742969352592332433e-01 2.393748390569431783e-01 -8.958746849686410885e-01
2.215384615384615064e+00 -4.536425821694410887e-01 8.337605510010215326e-02 -8.872690296160207213e-01
2.338461538461538147e+00 -4.686362859643840029e-01 -1.016879471497408038e-01 -8.775127257746482279e-01
2.461538461538461231e+00 -4.077255128083420721e-01 -2.875894948399134177e-01 -8.666260194462189759e-01
2.584615384615384315e+00 -2.722179376228414105e-01 -4.413692735071197970e-01 -8.550312561229312935e-01
2.707692307692307399e+00 -7.825859458120384970e-02 -5.314075981435983920e-01 -8.434861722051809618e-01
2.830769230769230482e+00 1.441771774421127805e-01 -5.343282375168962872e-01 -8.328824498278221133e-01
2.953846153846153566e+00 3.555384087511936353e-01 -4.411927026051064571e-01 -8.239708422038592994e-01
3.076923076923076650e+00 5.137871100744710873e-01 -2.614681195316572726e-01 -8.170945110620179141e-01
3.199999999999999734e+00 5.831489538330280054e-01 -2.341002943493358801e-02 -8.120192562850497842e-01
3.323076923076922817e+00 5.426259518196974163e-01 2.297222836284061875e-01 -8.079422006450018845e-01
3.446153846153845901e+00 3.923215238025763996e-01 4.473945304627678921e-01 -8.036837583486036163e-01
3.569230769230768985e+00 1.556998441649703468e-01 5.821316769769736554e-01 -7.980386448851576331e-01
3.692307692307692069e+00 -1.232272751959906931e-01 6.003818292740853435e-01 -7.901530246838546212e-01
3.815384615384615152e+00 -3.878055202078835029e-01 4.913559176151491847e-01 -7.798467442587238008e-01
3.938461538461538236e+00 -5.803926478801398892e-01 2.715109040586851652e-01 -7.677307211447894630e-01
4.061538461538461320e+00 -6.553944952286165915e-01 -1.689504610640829574e-02 -7.550870046395877777e-01
4.184615384615383959e+00 -5.906857710724444654e-01 -3.134521857090696861e-01 -7.435195996582365519e-01
4.307692307692307487e+00 -3.944836997293053593e-01 -5.521959138689525037e-01 -7.344694158375362214e-01
4.430769230769230127e+00 -1.055950474625855784e-01 -6.765918156517882753e-01 -7.287359085421660776e-01
4.553846153846153655e+00 2.136633050648797383e-01 -6.534420980381240307e-01 -7.261846628649698543e-01
4.676923076923076295e+00 4.907003876807268794e-01 -4.822279261665497474e-01 -7.257079812797573304e-01
4.799999999999999822e+00 6.593384490991712754e-01 -1.971900023049834860e-01 -7.255147200756866255e-01
