0.000000000000000000e+00 2.967236662190176351e-09 -5.758867321991360440e-10 -1.000000000000000000e+00
1.230769230769230699e-01 -3.207465538976990438e-02 -4.181382560762955669e-02 -9.986099800757940459e-01
2.461538461538461398e-01 -6.169734283676028136e-02 -8.114856401172797218e-02 -9.947897336795157308e-01
3.692307692307691958e-01 -8.648015166086694960e-02 -1.161077046579238048e-01 -9.894633559910835929e-01
4.923076923076922795e-01 -1.041807065221914824e-01 -1.459328428675846223e-01 -9.837921218851632954e-01
6.153846153846153078e-01 -1.129514511551496236e-01 -1.711903369156529409e-01 -9.787401768140189251e-01
7.384615384615383915e-01 -1.116928020099895308e-01 -1.936763119767956343e-01 -9.746847523570343341e-01
8.615384615384614753e-01 -1.004206104781223824e-01 -2.159980681595196628e-01 -9.712138949933878385e-01
9.846153846153845590e-01 -8.054336904353084914e-02 -2.409352351378895862e-01 -9.671910762371668246e-01
1.107692307692307532e+00 -5.490160751857089960e-02 -2.707096046327854832e-01 -9.610917243583462222e-01
1.230769230769230616e+00 -2.748617387340393514e-02 -3.063337115513612430e-01 -9.515244289408596456e-01
1.353846153846153699e+00 -2.822470051622248677e-03 -3.471945555162191388e-01 -9.377855574359043045e-01
1.476923076923076783e+00 1.490568278492002130e-02 -3.909811531396956696e-01 -9.202741004117898083e-01
1.599999999999999867e+00 2.280695379163788505e-02 -4.340184366296514495e-01 -9.006107730191854621e-01
1.723076923076922951e+00 2.008160015473237081e-02 -4.719373719090197428e-01 -8.813982794149332056e-01
1.846153846153846034e+00 8.446038045005536954e-03 -5.005840446390604770e-01 -8.656412117719538557e-01
1.969230769230769118e+00 -7.985278060037681591e-03 -5.169683608303110578e-01 -8.559614454914913351e-01
2.092307692307691980e+00 -2.339458365125660078e-02 -5.200471234071140092e-01 -8.538112468528235022e-01
2.215384615384615064e+00 -3.145215253482641637e-02 -5.111566900386130818e-01 -8.589061421593845447e-01
2.338461538461538147e+00 -2.675189897232999048e-02 -4.939532292779020839e-01 -8.690714076063242866e-01
2.461538461538461231e+00 -6.182620411253392234e-03 -4.738514595736577073e-01 -8.805780003905280262e-01
2.584615384615384315e+00 3.011845544973260069e-02 -4.570348332101928923e-01 -8.889338800614832170e-01
2.707692307692307399e+00 7.847947528524640282e-02 -4.492155130578930899e-01 -8.899650803832293011e-01
2.830769230769230482e+00 1.322254190613240121e-01 -4.544056118175886505e-01 -8.809216992926071077e-01
2.953846153846153566e+00 1.829537272990495178e-01 -4.739683829357246303e-01 -8.613200128066481609e-01
3.076923076923076650e+00 2.223082004061079087e-01 -5.061686063989963014e-01 -8.332836241102742347e-01
3.199999999999999734e+00 2.438908797603716316e-01 -5.463640143600773103e-01 -8.012438260731029605e-01
3.323076923076922817e+00 2.448366283973493762e-01 -5.878433577387158770e-01 -7.710267826474831443e-01
3.446153846153845901e+00 2.266705738626701994e-01 -6.231493373601373342e-01 -7.485263899049279246e-01
3.569230769230768985e+00 1.952158894031505443e-01 -6.456525739083714965e-01 -7.382476605917468460e-01
3.692307692307692069e+00 1.594887420737743366e-01 -6.510355360931593394e-01 -7.420931773338378390e-01
3.815384615384615152e+00 1.298003555976094403e-01 -6.383425028899532006e-01 -7.587209131712595589e-01
3.938461538461538236e+00 1.154721713846088293e-01 -6.103541627670443503e-01 -7.836590219006621671e-01
4.061538461538461320e+00 1.226668598998111870e-01 -5.731673301233053408e-01 -8.101977700515081704e-01
4.184615384615383959e+00 1.528494807875200312e-01 -5.350253798929260896e-01 -8.308874665044250207e-01
4.307692307692307487e+00 2.022821318630368959e-01 -5.046136424880337534e-01 -8.393071105920913988e-01
4.430769230769230127e+00 2.626788944975148588e-01 -4.891865982246677569e-01 -8.316762611762958946e-01
4.553846153846153655e+00 3.229651058594364965e-01 -4.929272388984695663e-01 -8.079013374013414017e-01
4.676923076923076295e+00 3.717138771138725484e-01 -5.159157948105590474e-01 -7.717815733522044308e-01
4.799999999999999822e+00 3.997629507889612910e-01 -5.539596877465450264e-01 -7.302767391408886422e-01
