0.000000000000000000e+00 -3.558049459638638917e-09 -4.643774099129490060e-09 -1.000000000000000000e+00
1.230769230769230699e-01 3.313184649749752186e-02 7.490528709490711090e-02 -9.966397812693361669e-01
2.461538461538461398e-01 5.687496948209297409e-02 1.526104525857318595e-01 -9.866478884318998777e-01
3.692307692307691958e-01 6.167441639678948595e-02 2.339768214189877349e-01 -9.702830713793861861e-01
4.923076923076922795e-01 3.812174043912969212e-02 3.161055111707539167e-01 -9.479564889841386455e-01
6.153846153846153078e-01 -2.174311776544346139e-02 3.908241783632117605e-01 -9.202067736326680070e-01
7.384615384615383915e-01 -1.219632486146074030e-01 4.440584218234596703e-01 -8.876560311679062565e-01
8.615384615384614753e-01 -2.592216231129123027e-01 4.567532570515270285e-01 -8.509853502907562817e-01
9.846153846153845590e-01 -4.192752685479438357e-01 4.082187164559955561e-01 -8.109010666737107575e-01
1.107692307692307532e+00 -5.747806020226274848e-01 2.822356720300709387e-01 -7.680914855563599763e-01
1.230769230769230616e+00 -6.864936690040814860e-01 7.530925754963319063e-02 -7.232209257815777059e-01
1.353846153846153699e+00 -7.097893740121462569e-01 -1.949458589024111177e-01 -6.768959300544535873e-01
1.476923076923076783e+00 -6.069655208762957388e-01 -4.848549932209668123e-01 -6.296832423890665886e-01
1.599999999999999867e+00 -3.636014773301717296e-01 -7.273216506558983774e-01 -5.820559964445081169e-01
1.723076923076922951e+00 -3.878606394770112153e-03 -8.451991468014186104e-01 -5.344295712847796365e-01
1.846153846153846034e+00 4.023624565942938158e-01 -7.750966936961656284e-01 -4.871558267537351994e-01
1.969230769230769118e+00 7.482180674454884661e-01 -4.960840555276987973e-01 -4.405236932936174021e-01
2.092307692307691980e+00 9.172756701579621863e-01 -5.247614651568786176e-02 -3.947685377538872054e-01
2.215384615384615064e+00 8.257051637268505440e-01 4.423301323661349427e-01 -3.500648339942343812e-01
2.338461538461538147e+00 4.651540273005038695e-01 8.304481865361484916e-01 -3.065577717265880464e-01
2.461538461538461231e+00 -7.344086046560333036e-02 9.616237431293368498e-01 -2.643409516318677155e-01
2.584615384615384315e+00 -6.131898256062748853e-01 7.576570700382233570e-01 -2.234811507187011992e-01
2.707692307692307399e+00 -9.473574742463786169e-01 2.619897094674126237e-01 -1.840241416771344063e-01
2.830769230769230482e+00 -9.236531978843351975e-01 -3.543175748631917643e-01 -1.459910229400431525e-01
2.953846153846153566e+00 -5.227068889560138043e-01 -8.454602475677086559e-01 -1.093799183638894945e-01
3.076923076923076650e+00 1.103803421573844312e-01 -9.911115580488738530e-01 -7.418552542017500806e-02
3.199999999999999734e+00 7.088543785370264860e-01 -7.041901649010879893e-01 -4.038686243234927004e-02
3.323076923076922817e+00 9.957464523908516885e-01 -9.173474519555099849e-02 -7.946783701329796987e-03
3.446153846153845901e+00 8.193340230961859705e-01 5.728386781737589972e-01 2.317387730958284792e-02
3.569230769230768985e+00 2.445581352468423619e-01 9.681794081278767283e-01 5.300356030456109674e-02
3.692307692307692069e+00 -4.570687327252678789e-01 8.856742187576718273e-01 8.160154406528181970e-02
3.815384615384615152e+00 -9.301623136734801234e-01 3.505821369656175746e-01 1.089941938777872626e-01
3.938461538461538236e+00 -9.189848133673987896e-01 -3.703581101736974635e-01 1.352452286952481320e-01
4.061538461538461320e+00 -4.159873250483390184e-01 -8.951049758947782209e-01 1.604095836983416568e-01
4.184615384615383959e+00 3.150511032372168563e-01 -9.309607343238884836e-01 1.845118262971828793e-01
4.307692307692307487e+00 8.699854579700729840e-01 -4.472262276206184772e-01 2.076143875961143637e-01
4.430769230769230127e+00 9.289942782991372772e-01 2.901280961944021630e-01 2.297500856455319540e-01
4.553846153846153655e+00 4.495717017142904504e-01 8.572561637975593118e-01 2.509721552790531995e-01
4.676923076923076295e+00 -2.929572275123599190e-01 9.168145493409481928e-01 2.713246935710625918e-01
4.799999999999999822e+00 -8.563135651016181571e-01 4.267626952664354545e-01 2.908447849326441514e-01
