0.000000000000000000e+00 -3.539549318545232198e-09 3.127116894130614332e-09 -1.000000000000000000e+00
1.230769230769230699e-01 -3.655229105534679168e-01 -2.159091071153084462e-01 -9.054117938546667466e-01
2.461538461538461398e-01 -6.329172563794012163e-01 -4.281747226058585376e-01 -6.450350378609053248e-01
3.692307692307691958e-01 -7.324591516119325352e-01 -6.201166320286748412e-01 -2.809674525571608794e-01
4.923076923076922795e-01 -6.433420419860798045e-01 -7.580657919622044716e-01 1.069120845038680351e-01
6.153846153846153078e-01 -4.001800451139961301e-01 -8.004453674327948187e-01 4.462380178782558438e-01
7.384615384615383915e-01 -8.274921432797996412e-02 -7.169022232595352317e-01 6.922374270597294599e-01
8.615384615384614753e-01 2.089486641710842085e-01 -5.081990952912915915e-01 8.355036169190578343e-01
9.846153846153845590e-01 3.872189322605358863e-01 -2.159638641252834834e-01 8.963342411158404799e-01
1.107692307692307532e+00 4.061349578190556198e-01 8.484084168967039041e-02 9.098630897411077445e-01
1.230769230769230616e+00 2.770908315516961151e-01 3.099809260147377565e-01 9.094651748396457291e-01
1.353846153846153699e+00 6.376315080666732082e-02 3.975454031897845963e-01 9.153614144610997538e-01
1.476923076923076783e+00 -1.428247770459026289e-01 3.333979629888419449e-01 9.319024091711161084e-01
1.599999999999999867e+00 -2.601364035209897674e-01 1.583952236607765185e-01 9.524894199707973907e-01
1.723076923076922951e+00 -2.467261489049985268e-01 -4.728663810733836625e-02 9.679292365093568051e-01
1.846153846153846034e+00 -1.178241797757661607e-01 -1.969582792358112178e-01 9.733046903827957674e-01
1.969230769230769118e+00 6.305382036600168383e-02 -2.334729134872504108e-01 9.703151884252676496e-01
2.092307692307691980e+00 2.132333992457350891e-01 -1.524826608682462448e-01 9.650270624779578865e-01
2.215384615384615064e+00 2.680335019606255864e-01 -2.193420556743624905e-03 9.634053251868470724e-01
2.338461538461538147e+00 2.092132146795722125e-01 1.405235367412390191e-01 9.677188561665815980e-01
2.461538461538461231e+00 7.160274368789565358e-02 2.065773751902611755e-01 9.758053598193869860e-01
2.584615384615384315e+00 -7.501293529371026725e-02 1.666697568189066947e-01 9.831541000174595091e-01
2.707692307692307399e+00 -1.601370802185070052e-01 4.373172706051263459e-02 9.861245328623827744e-01
2.830769230769230482e+00 -1.463456304697214327e-01 -9.992696595341055144e-02 9.841724243817427942e-01
2.953846153846153566e+00 -4.633526129154835749e-02 -1.942394069760273179e-01 9.798579546291196207e-01
3.076923076923076650e+00 8.493324844784003180e-02 -1.960742705515027551e-01 9.769025317874797665e-01
3.199999999999999734e+00 1.788491579788066832e-01 -1.098397770766955661e-01 9.777246966016525098e-01
3.323076923076922817e+00 1.879585871267397679e-01 1.612329990497601839e-02 9.820434140272261692e-01
3.446153846153845901e+00 1.093967206911822532e-01 1.151684094693406768e-01 9.873027052785285917e-01
3.569230769230768985e+00 -1.482105825535593932e-02 1.367409072028998862e-01 9.904951095766643121e-01
3.692307692307692069e+00 -1.204636825790369320e-01 7.184580993474654065e-02 9.901136038751944257e-01
3.815384615384615152e+00 -1.547474141414923454e-01 -4.334663994739006848e-02 9.870016822937155432e-01
3.938461538461538236e+00 -1.034594014377142740e-01 -1.473322379198637178e-01 9.836600674421958068e-01
4.061538461538461320e+00 2.477842767214424868e-03 -1.859614377870055513e-01 9.825527435743725002e-01
4.184615384615383959e+00 1.042202291818180859e-01 -1.407139426221948320e-01 9.845484022410234681e-01
4.307692307692307487e+00 1.466427093305704976e-01 -3.772446428146412900e-02 9.884689725097038915e-01
4.430769230769230127e+00 1.074570504792082964e-01 6.692554782165291427e-02 9.919538251855506417e-01
4.553846153846153655e+00 8.456882429001860713e-03 1.176178746193325825e-01 9.930221850442463305e-01
4.676923076923076295e+00 -9.695902529244025680e-02 8.887639433163754821e-02 9.913114097517047307e-01
4.799999999999999822e+00 -1.529770070660884940e-01 -1.515298982860006916e-03 9.882276294381203696e-01
