0.000000000000000000e+00 -5.498282406235233381e-12 2.904537679667356334e-09 -1.000000000000000000e+00
1.230769230769230699e-01 2.736743061482404538e-01 5.913754964261211389e-02 -9.599996982797833756e-01
2.461538461538461398e-01 5.197884955940262897e-01 9.662450021712487569e-02 -8.488060451377137383e-01
3.692307692307691958e-01 7.168929131880716898e-01 9.720626763813478011e-02 -6.903605958137499776e-01
4.923076923076922795e-01 8.540700032808132836e-01 5.660009936912308026e-02 -5.170480398562323776e-01
6.153846153846153078e-01 9.324655456715276181e-01 -1.738585480322427101e-02 -3.608057736192901710e-01
7.384615384615383915e-01 9.636239095279548472e-01 -1.073839037020707099e-01 -2.446862432777324736e-01
8.615384615384614753e-01 9.652502312059397793e-01 -1.918631338276856613e-01 -1.773518662029066884e-01
9.846153846153845590e-01 9.557646229621412637e-01 -2.517280887138352852e-01 -1.520524474506073920e-01
1.107692307692307532e+00 9.493094591737134547e-01 -2.760722598393385852e-01 -1.502286196779377137e-01
1.230769230769230616e+00 9.526475430518662746e-01 -2.653224991314785397e-01 -1.484574012044556357e-01
1.353846153846153699e+00 9.647194195735414590e-01 -2.308383283836938915e-01 -1.265028230917648322e-01
1.476923076923076783e+00 9.787700526901073061e-01 -1.911068243577437875e-01 -7.389194304598203922e-02
1.599999999999999867e+00 9.861253273673178388e-01 -1.657725540490814220e-01 6.989342953015207499e-03
1.723076923076922951e+00 9.802309079347051313e-01 -1.693683101181563955e-01 1.021493638086599931e-01
1.846153846153846034e+00 9.595491202748589465e-01 -2.067167231410880213e-01 1.910678834114270253e-01
1.969230769230769118e+00 9.283640621658261205e-01 -2.714355484806969532e-01 2.538438513878799041e-01
2.092307692307691980e+00 8.952993660103965023e-01 -3.479961473262409566e-01 2.780499318404774933e-01
2.215384615384615064e+00 8.701511544310613910e-01 -4.166731756464309155e-01 2.630481157456897034e-01
2.338461538461538147e+00 8.602154833987385452e-01 -4.598232223936042917e-01 2.203756009742953437e-01
2.461538461538461231e+00 8.674562495320125022e-01 -4.675024894872492620e-01 1.701004879666838665e-01
2.584615384615384315e+00 8.875389517201066614e-01 -4.406716068631458261e-01 1.343727374884382542e-01
2.707692307692307399e+00 9.111293015594527089e-01 -3.909558845287685602e-01 1.302680454827478962e-01
2.830769230769230482e+00 9.270298076513336927e-01 -3.370567996843720771e-01 1.642605024860759599e-01
2.953846153846153566e+00 9.260982725809854266e-01 -2.989199461143478564e-01 2.301356644619600988e-01
3.076923076923076650e+00 9.045897181226918438e-01 -2.915020984734831289e-01 3.109957954527204915e-01
3.199999999999999734e+00 8.657361557678312503e-01 -3.200774477579607646e-01 3.847424545532758811e-01
3.323076923076922817e+00 8.189668633436630873e-01 -3.785701095583773323e-01 4.312239842486064179e-01
3.446153846153845901e+00 7.769462252451764250e-01 -4.514335817106704951e-01 4.387921955868495094e-01
3.569230769230768985e+00 7.514049685962992386e-01 -5.184901137232638124e-01 4.080862179257828126e-01
3.692307692307692069e+00 7.491083146284099881e-01 -5.612357837160406593e-01 3.518892814415724435e-01
3.815384615384615152e+00 7.693734569706570658e-01 -5.686217016277345104e-01 2.910464198465565477e-01
3.938461538461538236e+00 8.039971001732761913e-01 -5.405207353279568583e-01 2.477896681693761705e-01
4.061538461538461320e+00 8.397063288437259798e-01 -4.877869516536594841e-01 2.386017864630293195e-01
4.184615384615383959e+00 8.623879862063384971e-01 -4.288849679600187370e-01 2.689211503209557041e-01
4.307692307692307487e+00 8.617362548017023505e-01 -3.841464300042203295e-01 3.313862022164961174e-01
4.430769230769230127e+00 8.347913399705415571e-01 -3.694334297841243009e-01 4.081888632085985957e-01
4.553846153846153655e+00 7.871530742948916748e-01 -3.911936126188267915e-01 4.767961837875280828e-01
4.676923076923076295e+00 7.314118037734882449e-01 -4.444586674282585692e-01 5.171760700526124577e-01
4.799999999999999822e+00 6.832358657170273242e-01 -5.143904364484288561e-01 5.182365056395074054e-01
