0.000000000000000000e+00 1.884084672312123555e-09 1.763207030115066984e-09 -1.000000000000000000e+00
1.230769230769230699e-01 1.891591544512302714e-01 1.164522294306152006e-01 -9.750159711596392276e-01
2.461538461538461398e-01 3.672518646726816161e-01 2.230370661717458736e-01 -9.029824407025669464e-01
3.692307692307691958e-01 5.250306611270502133e-01 3.116744389398796722e-01 -7.919576110972795790e-01
4.923076923076922795e-01 6.563360553277256537e-01 3.773506287257246128e-01 -6.533168381132191671e-01
6.153846153846153078e-01 7.585590106249365805e-01 4.185181236624092582e-01 -4.994225705125114323e-01
7.384615384615383915e-01 8.322854797828485029e-01 4.366368170782313207e-01 -3.415264790779446447e-01
8.615384615384614753e-01 8.803987087591718108e-01 4.351892797093662169e-01 -1.884118217675020412e-01
9.846153846153845590e-01 9.070176290317062406e-01 4.185693790412020054e-01 -4.592463967674702968e-02
1.107692307692307532e+00 9.165800629411354761e-01 3.911752871546428922e-01 8.278464608549425396e-02
1.230769230769230616e+00 9.132276835940379422e-01 3.568491019967117706e-01 1.966330295853997434e-01
1.353846153846153699e+00 9.004939558545697054e-01 3.186538533694152076e-01 2.959076262058197293e-01
1.476923076923076783e+00 8.812143425507493744e-01 2.788708250321319526e-01 3.816853590562157006e-01
1.599999999999999867e+00 8.575660963765479039e-01 2.391068258759320164e-01 4.554120098740013223e-01
1.723076923076922951e+00 8.311670827600278200e-01 2.004254154354651041e-01 5.186358726061290891e-01
1.846153846153846034e+00 8.031983197245097239e-01 1.634859788551148718e-01 5.728328296982633239e-01
1.969230769230769118e+00 7.744939654375838645e-01 1.286570256417817193e-01 6.193541323088324058e-01
2.092307692307691980e+00 7.456465180310229979e-01 9.611545686082764717e-02 6.593683023817006328e-01
2.215384615384615064e+00 7.170539559823932985e-01 6.591990451534629480e-02 6.938890507645895100e-01
2.338461538461538147e+00 6.889869477412594589e-01 3.803241385610403591e-02 7.237711493706480148e-01
2.461538461538461231e+00 6.616117247467918627e-01 1.236304178062652692e-02 7.497409901013074585e-01
2.584615384615384315e+00 6.350377968530558359e-01 -1.120979266808254035e-02 7.723963265197383299e-01
2.707692307692307399e+00 6.093264604714262456e-01 -3.281903472868363814e-02 7.922368257043954642e-01
2.830769230769230482e+00 5.845092254061896586e-01 -5.260214174290989142e-02 8.096772427212638457e-01
2.953846153846153566e+00 5.605954461191117177e-01 -7.068319250109306173e-02 8.250649072764578706e-01
3.076923076923076650e+00 5.375620112082638569e-01 -8.718977268859245955e-02 8.387017936428988740e-01
3.199999999999999734e+00 5.153935738485918572e-01 -1.022548415366667518e-01 8.508285777146434858e-01
3.323076923076922817e+00 4.940598345563634308e-01 -1.159964999118239248e-01 8.616529010300925107e-01
3.446153846153845901e+00 4.735360585723065174e-01 -1.285234059253831940e-01 8.713446694217464872e-01
3.569230769230768985e+00 4.538011618338039233e-01 -1.399294998479309327e-01 8.800457838273644251e-01
3.692307692307692069e+00 4.348127869106422905e-01 -1.502902842197172684e-01 8.878891547828050568e-01
3.815384615384615152e+00 4.165392911808744603e-01 -1.596997762211358474e-01 8.949791110038516351e-01
3.938461538461538236e+00 3.989410889363281809e-01 -1.682316741056484599e-01 9.014104685580740517e-01
4.061538461538461320e+00 3.819857957196346465e-01 -1.759630371588172815e-01 9.072599943062980010e-01
4.184615384615383959e+00 3.656557161411879697e-01 -1.829594851480726980e-01 9.125889880838266022e-01
4.307692307692307487e+00 3.499244972607757909e-01 -1.892724061094411270e-01 9.174561785106044587e-01
4.430769230769230127e+00 3.347638923565353641e-01 -1.949458966228986845e-01 9.219145067882770217e-01
4.553846153846153655e+00 3.201408279536882007e-01 -2.000243965270916413e-01 9.260115022785122552e-01
4.676923076923076295e+00 3.060235093069028633e-01 -2.045626720477967120e-01 9.297854663545475074e-01
4.799999999999999822e+00 2.923943213521029150e-01 -2.086107274010249590e-01 9.332654996914482304e-01
