0.000000000000000000e+00 2.441736082293281112e-09 5.432766828295295932e-10 -1.000000000000000000e+00
1.230769230769230699e-01 -8.361061835876523740e-03 2.803963195571884115e-01 -9.598463509542982663e-01
2.461538461538461398e-01 -9.487197093633797929e-03 5.324723034835273650e-01 -8.463905499618390449e-01
3.692307692307691958e-01 1.764812510012044033e-03 7.346051266285118508e-01 -6.784856282024419594e-01
4.923076923076922795e-01 2.705257463863591783e-02 8.761560681331569400e-01 -4.812553758245951552e-01
6.153846153846153078e-01 6.442935119302828362e-02 9.580294616961880783e-01 -2.793113736095148569e-01
7.384615384615383915e-01 1.094016287620108718e-01 9.897872620868481963e-01 -9.131372884195546047e-02
8.615384615384614753e-01 1.566529262823742052e-01 9.849816873088450553e-01 7.250272859142165016e-02
9.846153846153845590e-01 2.017123174035250766e-01 9.567462163672106890e-01 2.096065895315205041e-01
1.107692307692307532e+00 2.419611519428422897e-01 9.151496826170527621e-01 3.224012637278435012e-01
1.230769230769230616e+00 2.766919446047604314e-01 8.666736395548905181e-01 4.150973144370520562e-01
1.353846153846153699e+00 3.064572267156896457e-01 8.151248346913964049e-01 4.915725855119869037e-01
1.476923076923076783e+00 3.321326805234033341e-01 7.629145122082316988e-01 5.546513966478942015e-01
1.599999999999999867e+00 3.542639992351447886e-01 7.118335032791416328e-01 6.064483323152198846e-01
1.723076923076922951e+00 3.729199926605720194e-01 6.631750163119900510e-01 6.489373426637696785e-01
1.846153846153846034e+00 3.880003336594092245e-01 6.175230033959745457e-01 6.841869024404911848e-01
1.969230769230769118e+00 3.996617323999938076e-01 5.747077741187067712e-01 7.141236555325498614e-01
2.092307692307691980e+00 4.085161493714224434e-01 5.341503897519286337e-01 7.401280244587837842e-01
2.215384615384615064e+00 4.154636772115345433e-01 4.953819623622187640e-01 7.628752409683706714e-01
2.338461538461538147e+00 4.212700926491022568e-01 4.584234365109537412e-01 7.825419049396997728e-01
2.461538461538461231e+00 4.262323660697300842e-01 4.236990776020728156e-01 7.992482505377721536e-01
2.584615384615384315e+00 4.301340250017555711e-01 3.916249110122240196e-01 8.133926707482899143e-01
2.707692307692307399e+00 4.325475155339660316e-01 3.621688857642716974e-01 8.256691822798998270e-01
2.830769230769230482e+00 4.332710487443149905e-01 3.347628702337758777e-01 8.367816444168336698e-01
2.953846153846153566e+00 4.325827467935579040e-01 3.086007386212059611e-01 8.471313255188024360e-01
3.076923076923076650e+00 4.311456655311383113e-01 2.831516782974746183e-01 8.566986072940039332e-01
3.199999999999999734e+00 4.296225369638331237e-01 2.584780700812246979e-01 8.652212031134463022e-01
3.323076923076922817e+00 4.282806010285050147e-01 2.351154337580272924e-01 8.725198060157478563e-01
3.446153846153845901e+00 4.268374192544309720e-01 2.136122234822615262e-01 8.787343977268969875e-01
3.569230769230768985e+00 4.247235722929144086e-01 1.940617352658157158e-01 8.842763028100959488e-01
3.692307692307692069e+00 4.215082021550146107e-01 1.759644062449357560e-01 8.895853814699306028e-01
3.815384615384615152e+00 4.172627170133539343e-01 1.585185084658993493e-01 8.948511827560419185e-01
3.938461538461538236e+00 4.125340177607217940e-01 1.411469657948386247e-01 8.999379351538310257e-01
4.061538461538461320e+00 4.080162931685201722e-01 1.238771910407658744e-01 9.045287986214157749e-01
4.184615384615383959e+00 4.040777882416972666e-01 1.072874736107751192e-01 9.084084161166154914e-01
4.307692307692307487e+00 4.005252450510987106e-01 9.205489560974941532e-02 9.116473159294625761e-01
4.430769230769230127e+00 3.967368215144564947e-01 7.843669054779142669e-02 9.145726169065251376e-01
4.553846153846153655e+00 3.921307669151785080e-01 6.604574053319600679e-02 9.175331078823919517e-01
4.676923076923076295e+00 3.865804257116288722e-01 5.409118113655156379e-02 9.206657336415666748e-01
4.799999999999999822e+00 3.805319948211451919e-01 4.191531304710058303e-02 9.238150687843689202e-01
