0.000000000000000000e+00 -2.410416528128883525e-10 -4.909032070630985233e-09 -1.000000000000000000e+00
1.230769230769230699e-01 -1.409843031642576960e-02 2.213698136406802297e-01 -9.750866336684744784e-01
2.461538461538461398e-01 -2.259620437013791505e-02 4.268049752108077910e-01 -9.040582446604107369e-01
3.692307692307691958e-01 -2.145070802627185858e-02 6.036259979032151390e-01 -7.969736232473055848e-01
4.923076923076922795e-01 -9.212789859803088843e-03 7.445970042207727957e-01 -6.674422829889499198e-01
6.153846153846153078e-01 1.295622588136294273e-02 8.483999974063345384e-01 -5.291844811195535181e-01
7.384615384615383915e-01 4.211607369365288900e-02 9.184853790889482283e-01 -3.931869067051869115e-01
8.615384615384614753e-01 7.481464336068766041e-02 9.609754518198398987e-01 -2.662950414087711382e-01
9.846153846153845590e-01 1.082267560378432636e-01 9.825169657880638008e-01 -1.514295700365839159e-01
1.107692307692307532e+00 1.407301886042823802e-01 9.888332468443771228e-01 -4.885812496048912157e-02
1.230769230769230616e+00 1.718080998370103418e-01 9.842149043231840366e-01 4.226446494484430855e-02
1.353846153846153699e+00 2.015189809974802793e-01 9.717409955520358578e-01 1.228534817579704508e-01
1.476923076923076783e+00 2.298935728740369444e-01 9.537630488561595898e-01 1.935683261283574486e-01
1.599999999999999867e+00 2.566301794363748945e-01 9.322339127939101022e-01 2.550782421586078597e-01
1.723076923076922951e+00 2.811846208270804004e-01 9.087356932953700728e-01 3.084137442822842412e-01
1.846153846153846034e+00 3.031202720613539459e-01 8.843422494509951548e-01 3.550234477649537590e-01
1.969230769230769118e+00 3.224476861083022672e-01 8.595326123265771834e-01 3.965051239387162307e-01
2.092307692307691980e+00 3.396934483958658491e-01 8.343602490925938753e-01 4.340931338761012670e-01
2.215384615384615064e+00 3.556431094666449577e-01 8.087816278651447366e-01 4.683760703966974859e-01
2.338461538461538147e+00 3.709275389892311425e-01 7.829812771876191180e-01 4.993388993871334391e-01
2.461538461538461231e+00 3.856987249471630630e-01 7.574518888798578153e-01 5.267729493210819847e-01
2.584615384615384315e+00 3.995935559836276685e-01 7.328104424532806416e-01 5.507275055643890971e-01
2.707692307692307399e+00 4.120221240611621205e-01 7.094459931486658544e-01 5.717616484930411191e-01
2.830769230769230482e+00 4.225945089810716482e-01 6.872769029900587245e-01 5.908061037135327043e-01
2.953846153846153566e+00 4.314236722407541191e-01 6.658004315207959323e-01 6.087455859204881081e-01
3.076923076923076650e+00 4.391219561644053582e-01 6.444137739570260370e-01 6.260118798743457003e-01
3.199999999999999734e+00 4.464928557079578253e-01 6.228194416732986127e-01 6.424394253897258711e-01
3.323076923076922817e+00 4.540752569277162198e-01 6.012461405908735568e-01 6.575008280107825787e-01
3.446153846153845901e+00 4.618593989380227471e-01 5.803362167204717537e-01 6.707343782154792100e-01
3.569230769230768985e+00 4.693030384059692084e-01 5.607327608937822117e-01 6.821454974812515282e-01
3.692307692307692069e+00 4.756940697659006734e-01 5.426616074672114820e-01 6.922591728342031292e-01
3.815384615384615152e+00 4.805916067756333954e-01 5.257451649626232459e-01 7.018640537997855589e-01
3.938461538461538236e+00 4.841417977701382713e-01 5.091957528128849830e-01 7.115588533005925420e-01
4.061538461538461320e+00 4.870067289717415759e-01 4.922965884852236740e-01 7.214279644871514074e-01
4.184615384615383959e+00 4.900147192793732343e-01 4.748376955024906643e-01 7.310299115247034241e-01
4.307692307692307487e+00 4.936718305072785307e-01 4.572746146100944431e-01 7.397149522686248257e-01
4.430769230769230127e+00 4.978702175726905654e-01 4.404368190944917272e-01 7.470816349632950493e-01
4.553846153846153655e+00 5.019595384862002296e-01 4.250328330597690774e-01 7.532424305027000111e-01
4.676923076923076295e+00 5.051373304587996049e-01 4.111629101907741113e-01 7.587963546445172236e-01
4.799999999999999822e+00 5.069537490188431583e-01 3.982406198915448003e-01 7.644560127616596423e-01
