0.000000000000000000e+00 1.782108283019206704e-09 -4.004905253118640185e-09 -1.000000000000000000e+00
1.230769230769230699e-01 -4.343511965556928756e-01 9.340526044561579810e-02 -8.958835541250592671e-01
2.461538461538461398e-01 -7.809545270165549891e-01 1.374748377414474199e-01 -6.092584608289104420e-01
3.692307692307691958e-01 -9.722101357329088200e-01 1.055917979005678992e-01 -2.088973761036271026e-01
4.923076923076922795e-01 -9.764866164777921131e-01 6.646602649628094092e-03 2.154298753680284895e-01
6.153846153846153078e-01 -8.057299182937439630e-01 -1.175529567850980839e-01 5.804870854261757751e-01
7.384615384615383915e-01 -5.125261425986857855e-01 -2.094828513102531264e-01 8.327211707699175847e-01
8.615384615384614753e-01 -1.764939159500201471e-01 -2.205642410601605929e-01 9.592690208631414750e-01
9.846153846153845590e-01 1.172122925186734055e-01 -1.328549552934329969e-01 9.841789703387076038e-01
1.107692307692307532e+00 3.016326790549208603e-01 3.163108909765441346e-02 9.528969496254322546e-01
1.230769230769230616e+00 3.468667040127015322e-01 2.180456879522693625e-01 9.122132807301552848e-01
1.353846153846153699e+00 2.678208289477804760e-01 3.598899147989254033e-01 8.937247999967589118e-01
1.476923076923076783e+00 1.174072875439561570e-01 4.055903349241218869e-01 9.064796056491347676e-01
1.599999999999999867e+00 -3.302000946243022206e-02 3.394311688699596652e-01 9.400483527582376153e-01
1.723076923076922951e+00 -1.194910995474997017e-01 1.881087716494422302e-01 9.748505895415301437e-01
1.846153846153846034e+00 -1.082811146339650032e-01 9.992321765253817101e-03 9.940692946416042064e-01
1.969230769230769118e+00 -7.081727748296240410e-03 -1.285593823355010989e-01 9.916755798633024588e-01
2.092307692307691980e+00 1.399073551489635192e-01 -1.799270891999619482e-01 9.736779751306077202e-01
2.215384615384615064e+00 2.709913791224747848e-01 -1.340579254144323440e-01 9.531985894955565808e-01
2.338461538461538147e+00 3.328620566633579414e-01 -2.140734948033778950e-02 9.427297831069217926e-01
2.461538461538461231e+00 3.024685819198048575e-01 1.011026967235265361e-01 9.477795755133676670e-01
2.584615384615384315e+00 1.959682913207629607e-01 1.749430823536609891e-01 9.648768884658961431e-01
2.707692307692307399e+00 6.101638970504805887e-02 1.650011996136873105e-01 9.844028780562834591e-01
2.830769230769230482e+00 -4.426951984747440338e-02 7.403748819961392114e-02 9.962717436328792919e-01
2.953846153846153566e+00 -7.659510370351751973e-02 -5.956547465943219655e-02 9.952807239675316442e-01
3.076923076923076650e+00 -2.588248421105500754e-02 -1.794578592985742460e-01 9.834237722831089545e-01
3.199999999999999734e+00 8.086775270475721200e-02 -2.364633484185309220e-01 9.682674025450006550e-01
3.323076923076922817e+00 1.922737220584990192e-01 -2.102591424773556095e-01 9.585497403564331442e-01
3.446153846153845901e+00 2.558700088467233402e-01 -1.177699698004088386e-01 9.595084800220424759e-01
3.569230769230768985e+00 2.416215034479187174e-01 -4.905178916240732212e-03 9.703563224360746142e-01
3.692307692307692069e+00 1.550868543255011500e-01 7.455370349674410313e-02 9.850823801796115831e-01
3.815384615384615152e+00 3.441224341938351611e-02 8.330753393231353499e-02 9.959288753968388308e-01
3.938461538461538236e+00 -6.742936812479370656e-02 1.711277380877865295e-02 9.975767620033133554e-01
4.061538461538461320e+00 -1.069182697576684660e-01 -9.392198727846784445e-02 9.898207249048676104e-01
4.184615384615383959e+00 -6.972288485223931964e-02 -1.994514671841754461e-01 9.774224836383076376e-01
4.307692307692307487e+00 2.304178819600122274e-02 -2.523115971242845257e-01 9.673697060091801525e-01
4.430769230769230127e+00 1.250219837669144796e-01 -2.301114123565848879e-01 9.650980880538970741e-01
4.553846153846153655e+00 1.862967813384235338e-01 -1.452044987784277819e-01 9.717024498051868298e-01
4.676923076923076295e+00 1.765278418590652265e-01 -3.858835162976306798e-02 9.835376010802748814e-01
4.799999999999999822e+00 9.883508028739368401e-02 3.939763512418500979e-02 9.943228329173610103e-01
