0.000000000000000000e+00 2.396474462140579863e-13 -2.416770620020209707e-13 -1.000000000000000000e+00
1.230769230769230699e-01 7.556863942701186679e-03 -7.529316314758719396e-03 -9.999430999773937234e-01
2.461538461538461398e-01 1.417247881808332555e-02 -1.362108464422747897e-02 -9.998067847746660020e-01
3.692307692307691958e-01 1.884624998495654929e-02 -1.706458667369425281e-02 -9.996767571191003121e-01
4.923076923076922795e-01 2.049896984838154440e-02 -1.708289001296138879e-02 -9.996439201452097523e-01
6.153846153846153078e-01 1.802075574576068873e-02 -1.349838400578502740e-02 -9.997464908577889942e-01
7.384615384615383915e-01 1.040268663017131223e-02 -6.827147140175231221e-03 -9.999225840862725478e-01
8.615384615384614753e-01 -3.066349838984142040e-03 1.711167240383499764e-03 -9.999938346917486287e-01
9.846153846153845590e-01 -2.256094423126806317e-02 1.030329489166418797e-02 -9.996923756061636412e-01
1.107692307692307532e+00 -4.751069429857941034e-02 1.676663006993111757e-02 -9.987300005689332405e-01
1.230769230769230616e+00 -7.645204645395303755e-02 1.888999905877483329e-02 -9.968943035357111793e-01
1.353846153846153699e+00 -1.070240342446869830e-01 1.483187500175346674e-02 -9.941457999570088022e-01
1.476923076923076783e+00 -1.361321427493068226e-01 3.559046017720043920e-03 -9.906842953702835741e-01
1.599999999999999867e+00 -1.602842452888781910e-01 -1.480169763290799245e-02 -9.869599132731848856e-01
1.723076923076922951e+00 -1.760899350725544099e-01 -3.873766856399460390e-02 -9.836115736148994815e-01
1.846153846153846034e+00 -1.808408967221116770e-01 -6.534040587602218952e-02 -9.813394931613947936e-01
1.969230769230769118e+00 -1.730753682661181347e-01 -9.056957664730205804e-02 -9.807354729813434480e-01
2.092307692307691980e+00 -1.530458080517270170e-01 -1.097547581867713284e-01 -9.821053269256928564e-01
2.215384615384615064e+00 -1.229468327449138171e-01 -1.183146752816799374e-01 -9.853353305400429640e-01
2.338461538461538147e+00 -8.684457293601116623e-02 -1.125902714018059414e-01 -9.898391032046830462e-01
2.461538461538461231e+00 -5.025843577200720530e-02 -9.062879503929638370e-02 -9.946157604012582087e-01
2.584615384615384315e+00 -1.943918572922506346e-02 -5.279095927487169326e-02 -9.984163620167965103e-01
2.707692307692307399e+00 -4.022669123058596283e-04 -2.020086422142998873e-03 -9.999978786277925469e-01
2.830769230769230482e+00 2.121946437597527213e-03 5.630491175143928495e-02 -9.984113652409202233e-01
2.953846153846153566e+00 -1.436121947746726163e-02 1.149888147705351721e-01 -9.932629702218395140e-01
3.076923076923076650e+00 -4.942735461875354119e-02 1.660372334890873047e-01 -9.848799793742846198e-01
3.199999999999999734e+00 -9.948687997389868420e-02 2.019332662356095598e-01 -9.743332674863360854e-01
3.323076923076922817e+00 -1.580738700380324158e-01 2.169715036946022746e-01 -9.632943569388797700e-01
3.446153846153845901e+00 -2.166668182241194285e-01 2.084228276877935215e-01 -9.537376025349010300e-01
3.569230769230768985e+00 -2.659527803683576774e-01 1.772623136337413974e-01 -9.475479883263152603e-01
3.692307692307692069e+00 -2.973675827584445486e-01 1.283270399304054510e-01 -9.460997269298326851e-01
3.815384615384615152e+00 -3.046331725749636954e-01 6.978746201910196456e-02 -9.499096476806579981e-01
3.938461538461538236e+00 -2.850299395968760030e-01 1.198161904567633662e-02 -9.584437247711042884e-01
4.061538461538461320e+00 -2.401530574573725318e-01 -3.422869413932118354e-02 -9.701313855780542283e-01
4.184615384615383959e+00 -1.759517332902482967e-01 -5.932543865245547277e-02 -9.826095260932323772e-01
4.307692307692307487e+00 -1.019998155943794560e-01 -5.689511735069390647e-02 -9.931560715677127948e-01
4.430769230769230127e+00 -3.006352284471411687e-02 -2.494721610960249844e-02 -9.992366189540698995e-01
4.553846153846153655e+00 2.781715419529427052e-02 3.345872909701259890e-02 -9.990529114141728506e-01
4.676923076923076295e+00 6.145281088387966745e-02 1.104750357313757508e-01 -9.919772265660765642e-01
4.799999999999999822e+00 6.439362379107720080e-02 1.945954492553291781e-01 -9.787676278322920975e-01
