0.000000000000000000e+00 -2.396474462105779106e-13 -2.416770620019915873e-13 -1.000000000000000000e+00
1.230769230769230699e-01 -7.556743583991491764e-03 -7.529830640171045891e-03 -9.999430970169245203e-01
2.461538461538461398e-01 -1.417286144508684426e-02 -1.362122002039285740e-02 -9.998067775086094677e-01
3.692307692307691958e-01 -1.884618028238767978e-02 -1.706510658762390095e-02 -9.996767495478895427e-01
4.923076923076922795e-01 -2.049863207768943402e-02 -1.708332952910805030e-02 -9.996439195623494367e-01
6.153846153846153078e-01 -1.802117066415013721e-02 -1.349785709597820481e-02 -9.997464904525781293e-01
7.384615384615383915e-01 -1.040234613289153440e-02 -6.827074492706619244e-03 -9.999225881347031386e-01
8.615384615384614753e-01 3.065718370362553822e-03 1.710925491408470415e-03 -9.999938370370528018e-01
9.846153846153845590e-01 2.256162371394546812e-02 1.030283738691343924e-02 -9.996923650485944890e-01
1.107692307692307532e+00 4.751097783245145090e-02 1.676717367581036580e-02 -9.987299779630770535e-01
1.230769230769230616e+00 7.645295016714524772e-02 1.888991797448356588e-02 -9.968942357534319454e-01
1.353846153846153699e+00 1.070247904898738861e-01 1.483259843352873614e-02 -9.941457076430721962e-01
1.476923076923076783e+00 1.361327774883706876e-01 3.559193039012822912e-03 -9.906842074349612171e-01
1.599999999999999867e+00 1.602847766348390879e-01 -1.480300409044414678e-02 -9.869598071844876142e-01
1.723076923076922951e+00 1.760913747179008171e-01 -3.873647450692591088e-02 -9.836113629402257752e-01
1.846153846153846034e+00 1.808410451261418250e-01 -6.534078504005401411e-02 -9.813394405381049568e-01
1.969230769230769118e+00 1.730758182110982146e-01 -9.057006751813730105e-02 -9.807353485133915028e-01
2.092307692307691980e+00 1.530460871310073689e-01 -1.097535777478757801e-01 -9.821054154715858076e-01
2.215384615384615064e+00 1.229471834718772472e-01 -1.183141692518737131e-01 -9.853353475678602313e-01
2.338461538461538147e+00 8.684392975317317687e-02 -1.125906147876950952e-01 -9.898391208299400779e-01
2.461538461538461231e+00 5.025927274970165559e-02 -9.062890595729139465e-02 -9.946157079844806237e-01
2.584615384615384315e+00 1.943987162450533726e-02 -5.279053476402521816e-02 -9.984163711711857569e-01
2.707692307692307399e+00 4.008370658828263461e-04 -2.019737808214400101e-03 -9.999978796190815977e-01
2.830769230769230482e+00 -2.121903545928584961e-03 5.630544344720177230e-02 -9.984113353054979711e-01
2.953846153846153566e+00 1.436242977519517489e-02 1.149884763585515696e-01 -9.932629919870588076e-01
3.076923076923076650e+00 4.942766024606654041e-02 1.660371244823220516e-01 -9.848799824079018661e-01
3.199999999999999734e+00 9.948727181297468969e-02 2.019319622891371235e-01 -9.743334980834646997e-01
3.323076923076922817e+00 1.580746766322150831e-01 2.169716060683402337e-01 -9.632942023298747269e-01
3.446153846153845901e+00 2.166662473938115452e-01 2.084230974325051999e-01 -9.537376735192663046e-01
3.569230769230768985e+00 2.659512156758085943e-01 1.772621916076312365e-01 -9.475484518700167946e-01
3.692307692307692069e+00 2.973673671393643470e-01 1.283287982607788091e-01 -9.460995556295251907e-01
3.815384615384615152e+00 3.046319372466122499e-01 6.978847251478670355e-02 -9.499099707122836689e-01
3.938461538461538236e+00 2.850309250867125721e-01 1.198165588088792588e-02 -9.584434313308359821e-01
4.061538461538461320e+00 2.401537008892129510e-01 -3.422962488763954536e-02 -9.701311927425336767e-01
4.184615384615383959e+00 1.759509119525986820e-01 -5.932630954143840174e-02 -9.826096197702632873e-01
4.307692307692307487e+00 1.019989100661097825e-01 -5.689526473348304608e-02 -9.931561556517656264e-01
4.430769230769230127e+00 3.006382634474404764e-02 -2.494731901139792679e-02 -9.992366071290846863e-01
4.553846153846153655e+00 -2.781978083585225775e-02 3.345841331749890846e-02 -9.990528469778766629e-01
4.676923076923076295e+00 -6.145266964197370479e-02 1.104751095820279555e-01 -9.919772269211246662e-01
4.799999999999999822e+00 -6.439430272930056487e-02 1.945932921977086283e-01 -9.787680130485454377e-01
