2.299999999999999822e+00 -1.625744689717183037e-03 -3.206967805307755180e-04 9.992186640315220414e-01
2.334482758620689324e+00 -1.211126137005759688e-03 -4.899053903666153410e-04 9.993301279692261563e-01
2.368965517241379271e+00 -8.616765291848579563e-04 -5.595582528662120577e-04 9.994268977009351795e-01
2.403448275862068773e+00 -5.810971511040541109e-04 -5.587682517277203342e-04 9.995107291210292288e-01
2.437931034482758275e+00 -3.587030709527818826e-04 -5.119494984617543355e-04 9.995831939165007451e-01
2.472413793103448221e+00 -1.975492247360616173e-04 -4.416770829213018438e-04 9.996456853809125853e-01
2.506896551724137723e+00 -8.254946832767382707e-05 -3.609327813202401749e-04 9.996994537490768717e-01
2.541379310344827225e+00 -9.938011738359767491e-06 -2.828818242035942808e-04 9.997456075836805844e-01
2.575862068965517171e+00 3.849223620507567778e-05 -2.151895850388264820e-04 9.997851333463571022e-01
2.610344827586206673e+00 6.004694723516929022e-05 -1.529101876686110367e-04 9.998189052631709650e-01
2.644827586206896619e+00 6.586721833391656383e-05 -1.036320383232709616e-04 9.998476926816972643e-01
2.679310344827586121e+00 6.263864375181779534e-05 -6.809802412505287794e-05 9.998721746968356472e-01
2.713793103448275623e+00 5.583594417595381417e-05 -3.739938952293487499e-05 9.998929469120363400e-01
2.748275862068965125e+00 4.568303443647996987e-05 -1.690347254332393595e-05 9.999105311807491292e-01
2.782758620689655071e+00 3.647738149743659725e-05 -6.206415791046224060e-06 9.999253827217381430e-01
2.817241379310344573e+00 2.724014705992718345e-05 5.118529183708714879e-06 9.999378977526268697e-01
2.851724137931034520e+00 2.141509912815906810e-05 5.010361043825961049e-06 9.999484201870728617e-01
2.886206896551724022e+00 1.042951972209769426e-05 4.961166943178735892e-06 9.999572476116207476e-01
2.920689655172413524e+00 3.744292229222964442e-06 5.933215775831201425e-06 9.999646364896328521e-01
2.955172413793103026e+00 9.316056826606320930e-06 4.112075014942065999e-06 9.999708075587019351e-01
2.989655172413792972e+00 3.514325971532451945e-06 5.779225703904174887e-06 9.999759503192295895e-01
3.024137931034482474e+00 -3.087227924406192880e-06 1.909426370646694018e-07 9.999802269148700962e-01
3.058620689655172420e+00 -3.483329424655976804e-07 2.191893473266686703e-06 9.999837753987960154e-01
3.093103448275861922e+00 -1.301593660312498233e-07 2.710926963359428939e-06 9.999867135180338096e-01
3.127586206896551424e+00 -5.614078576164551779e-07 3.484124711490909151e-06 9.999891410270315140e-01
3.162068965517240926e+00 1.122390964773873954e-06 7.200224553848710418e-07 9.999911424627272449e-01
3.196551724137930872e+00 2.396460067698584850e-06 1.137094174775908994e-06 9.999927891054667395e-01
3.231034482758620374e+00 1.434125213559256512e-06 2.542256126024298071e-06 9.999941410495907235e-01
3.265517241379310320e+00 -6.856175057546082290e-07 -1.930075680653215114e-06 9.999952487309990978e-01
3.299999999999999822e+00 -2.684570650779204388e-06 -2.289949245332610041e-06 9.999961544012481163e-01
