1.000000000000000000e+00 3.308826149405450501e-01 -3.825095535844375561e-01 7.130137063488352078e-01
1.051724137931034475e+00 2.335666122405221923e-01 -3.839960058845290902e-01 7.572776687862852185e-01
1.103448275862068950e+00 1.445633018060323571e-01 -3.685098225491887369e-01 7.956923509282258777e-01
1.155172413793103425e+00 6.713349139343803562e-02 -3.389657239366895558e-01 8.289067611075481290e-01
1.206896551724137900e+00 3.491147699420986406e-03 -2.989663104491843693e-01 8.575057302170752127e-01
1.258620689655172376e+00 -4.528226604356867802e-02 -2.523807479496836259e-01 8.820326041386088445e-01
1.310344827586206851e+00 -7.921851892192541267e-02 -2.030530669002268140e-01 9.029656828194424500e-01
1.362068965517241326e+00 -9.933180656344410553e-02 -1.544502805467765638e-01 9.207373783080515794e-01
1.413793103448275801e+00 -1.074197854202325747e-01 -1.094312749527825007e-01 9.357342076773592643e-01
1.465517241379310276e+00 -1.057965373558452660e-01 -7.009832575995725290e-02 9.483029356505890961e-01
1.517241379310344751e+00 -9.703112965743404539e-02 -3.771604133214582349e-02 9.587573972718339554e-01
1.568965517241379448e+00 -8.366364568028838988e-02 -1.277276853294211784e-02 9.673820251644691393e-01
1.620689655172413701e+00 -6.801021544113525219e-02 4.932924146324312031e-03 9.744343454358400658e-01
1.672413793103448398e+00 -5.199452521645782366e-02 1.614337535462870635e-02 9.801474001581716999e-01
1.724137931034482651e+00 -3.707695867606367046e-02 2.193456040549419950e-02 9.847297893406552483e-01
1.775862068965517349e+00 -2.420111948966395532e-02 2.355911675082565659e-02 9.883683397016688188e-01
1.827586206896551602e+00 -1.386380397981168237e-02 2.227452060760773400e-02 9.912271611388649983e-01
1.879310344827586299e+00 -6.165806399721441081e-03 1.922491734640917327e-02 9.934494510743657747e-01
1.931034482758620552e+00 -9.211686621898255295e-04 1.536696010556774621e-02 9.951580714338024158e-01
1.982758620689655249e+00 2.249362695412872662e-03 1.140390270485126117e-02 9.964575001485977968e-01
2.034482758620689502e+00 3.810058928058756428e-03 7.817024077666588980e-03 9.974347031413353104e-01
2.086206896551724199e+00 4.225645766896604476e-03 4.854957690719195404e-03 9.981615146528828308e-01
2.137931034482758896e+00 3.924276210557115993e-03 2.613972082837638655e-03 9.986960092191132787e-01
2.189655172413793149e+00 3.249661885597303866e-03 1.067958602418968804e-03 9.990846739115722963e-01
2.241379310344827402e+00 2.453186651533397974e-03 1.095078327015676454e-04 9.993641556482006916e-01
2.293103448275862100e+00 1.694905658567052043e-03 -4.019089484021368553e-04 9.995628835814431845e-01
2.344827586206896797e+00 1.063685541030796530e-03 -6.003231925654197105e-04 9.997026159725624916e-01
2.396551724137931050e+00 5.913676352606671814e-04 -6.062086589543719782e-04 9.997997740521018528e-01
2.448275862068965303e+00 2.743995782594826015e-04 -5.119619256325562938e-04 9.998665832967962297e-01
2.500000000000000000e+00 7.674299642128655030e-05 -3.860719385087695976e-04 9.999120179632867700e-01
