0.000000000000000000e+00 1.001074734139591083e-11 9.194549413912943938e-12 -1.000000000000000000e+00
2.105263157894736725e-01 5.060123645371310541e-01 3.557102559786521345e-01 -7.380467829608803321e-01
4.210526315789473450e-01 7.759202112637630933e-01 2.082153804058374524e-01 -2.578130782685918998e-01
6.315789473684210176e-01 6.092309093966247202e-01 -2.310166556450843900e-01 -5.513981785706932072e-03
8.421052631578946901e-01 1.551555053555805641e-01 -4.384075923044180589e-01 -4.766002755999564772e-02
1.052631578947368363e+00 -1.913042966272580636e-01 -2.756014846708388921e-01 -2.113015114751916890e-01
1.263157894736842035e+00 -2.292681112308055658e-01 -7.363208628404449563e-03 -3.574788190716191028e-01
1.473684210526315708e+00 -8.581820572343032416e-02 1.102452943730182489e-01 -4.401417090188156078e-01
1.684210526315789380e+00 2.351454758682301055e-02 7.055399878229241806e-02 -4.607883273009221736e-01
1.894736842105263053e+00 3.350424458161966462e-02 7.165822557870210607e-03 -4.315594747761730687e-01
2.105263157894736725e+00 8.552761753099900888e-03 -1.044014976829220689e-02 -3.629737657752557523e-01
2.315789473684210620e+00 -2.001339128798908587e-03 -4.002605678325587765e-03 -2.632419496144996485e-01
2.526315789473684070e+00 -1.217608882631166954e-03 1.120239264441385760e-04 -1.398039308207733034e-01
2.736842105263157521e+00 -6.173008908679622877e-05 2.621446004316837727e-04 -2.726780142594901210e-04
2.947368421052631415e+00 4.003257228619289381e-05 2.287114725812054844e-05 1.473287217222709611e-01
3.157894736842105310e+00 4.608387033951934244e-06 -3.620685462594705122e-06 2.948448215284841245e-01
3.368421052631578760e+00 -2.078798773915473212e-06 -1.578163511746559033e-06 4.346945252249461156e-01
3.578947368421052211e+00 -4.713369019785695064e-07 2.863389766754114192e-06 5.607542548577075792e-01
3.789473684210526105e+00 3.411981565879124534e-06 -2.650152249434003962e-06 6.690470322765914579e-01
4.000000000000000000e+00 -2.997895098639827013e-06 -2.757273793078247171e-06 7.579561055767799482e-01
