1.000000000000000000e+00 3.733906138174327705e-01 -3.723477531168153942e-01 7.768199529426416117e-01
1.051724137931034475e+00 2.731445153180510066e-01 -3.798221019284451216e-01 8.214100721590399390e-01
1.103448275862068950e+00 1.800541401680507969e-01 -3.695606151333405975e-01 8.586142266860301575e-01
1.155172413793103425e+00 9.774749625782974682e-02 -3.442371578713544489e-01 8.892398016866289723e-01
1.206896551724137900e+00 2.882514160744396176e-02 -3.072903110972126095e-01 9.141231205549877892e-01
1.258620689655172376e+00 -2.525703101715035329e-02 -2.625833766138135350e-01 9.340829858871068092e-01
1.310344827586206851e+00 -6.419866504175179844e-02 -2.140397804159623607e-01 9.498939379547116646e-01
1.362068965517241326e+00 -8.877380844700789864e-02 -1.653011137821639442e-01 9.622665902530070925e-01
1.413793103448275801e+00 -1.006115030922403314e-01 -1.194470755347167013e-01 9.718367127892270085e-01
1.465517241379310276e+00 -1.019540934377138885e-01 -7.881359422330633246e-02 9.791571710099205017e-01
1.517241379310344751e+00 -9.537758356604705834e-02 -4.490555020599811681e-02 9.846973479473052349e-01
1.568965517241379448e+00 -8.349807189255763207e-02 -1.838922988015961185e-02 9.888493653810420669e-01
1.620689655172413701e+00 -6.874638053480842947e-02 7.847565031989800488e-04 9.919320573273637809e-01
1.672413793103448398e+00 -5.316301433739552967e-02 1.325954211784984016e-02 9.942024959902305836e-01
1.724137931034482651e+00 -3.835726718227272514e-02 2.007063004171147358e-02 9.958603349052440601e-01
1.775862068965517349e+00 -2.539539237909815145e-02 2.245749703663086141e-02 9.970623737742116965e-01
1.827586206896551602e+00 -1.486211346839429528e-02 2.171303133937703411e-02 9.979278462676965944e-01
1.879310344827586299e+00 -6.934285885796276708e-03 1.900787647270444497e-02 9.985471282366109591e-01
1.931034482758620552e+00 -1.469526151327737312e-03 1.534865888737543815e-02 9.989873598161236323e-01
1.982758620689655249e+00 1.887388179570215728e-03 1.148091094704075180e-02 9.992985680411532456e-01
2.034482758620689502e+00 3.589025702459188068e-03 7.927938236169615807e-03 9.995171197490616555e-01
2.086206896551724199e+00 4.102314999810247748e-03 4.960825835185647507e-03 9.996698106915542503e-01
2.137931034482758896e+00 3.863669250348093949e-03 2.704021925069347975e-03 9.997757410250087684e-01
2.189655172413793149e+00 3.231119317202739080e-03 1.132483525782355255e-03 9.998487544996359500e-01
2.241379310344827402e+00 2.451717755304303002e-03 1.555302569835107212e-04 9.998987668080989710e-01
2.293103448275862100e+00 1.701839322019098148e-03 -3.760179496575238173e-04 9.999327672847020398e-01
2.344827586206896797e+00 1.073896397493192840e-03 -5.838005135172089945e-04 9.999557075048500776e-01
2.396551724137931050e+00 5.987599208774769524e-04 -5.999134770694811289e-04 9.999710625813775788e-01
2.448275862068965303e+00 2.810182837940547289e-04 -5.109213074949771902e-04 9.999812548797515355e-01
2.500000000000000000e+00 8.035962666202159854e-05 -3.869170805999994078e-04 9.999879647722648146e-01
