1.000000000000000000e+00 3.983396337580151769e-01 -3.671551449308002035e-01 8.175432180499356827e-01
1.051724137931034475e+00 2.944497677934790891e-01 -3.780681674443721607e-01 8.586444275422646655e-01
1.103448275862068950e+00 1.976095995512871517e-01 -3.703910139469481222e-01 8.918587361215229992e-01
1.155172413793103425e+00 1.116806580342628863e-01 -3.468175266159833070e-01 9.182852447526349549e-01
1.206896551724137900e+00 3.945165812781000619e-02 -3.108854084975945509e-01 9.389945264530510372e-01
1.258620689655172376e+00 -1.749473053085576907e-02 -2.665867027656824706e-01 9.549888692612044094e-01
1.310344827586206851e+00 -5.880961276556952166e-02 -2.180025991722559786e-01 9.671654645792353566e-01
1.362068965517241326e+00 -8.525457883927926861e-02 -1.689172160909882814e-01 9.763090034572008413e-01
1.413793103448275801e+00 -9.849582768705673896e-02 -1.225443419286910002e-01 9.830837235103074834e-01
1.465517241379310276e+00 -1.008364627753491755e-01 -8.132747138626078565e-02 9.880391255774045867e-01
1.517241379310344751e+00 -9.492558875385032069e-02 -4.683581588012367125e-02 9.916196498576221874e-01
1.568965517241379448e+00 -8.344811111409641824e-02 -1.980940103868605862e-02 9.941770915332729386e-01
1.620689655172413701e+00 -6.890617592085822307e-02 -1.988454561674748988e-04 9.959845278712473604e-01
1.672413793103448398e+00 -5.342097779496703114e-02 1.261736626849094614e-02 9.972491913095974381e-01
1.724137931034482651e+00 -3.862878560109062054e-02 1.967626794489377509e-02 9.981262621926870748e-01
1.775862068965517349e+00 -2.563124203079214514e-02 2.224023320131608000e-02 9.987300174086231053e-01
1.827586206896551602e+00 -1.505332080219319059e-02 2.160747724857007418e-02 9.991425437116687736e-01
1.879310344827586299e+00 -7.070059842136738881e-03 1.896532372752979950e-02 9.994232383548901089e-01
1.931034482758620552e+00 -1.560056936346566892e-03 1.534377696791466329e-02 9.996129566873767081e-01
1.982758620689655249e+00 1.830695083675237984e-03 1.149320391724535650e-02 9.997409616927417364e-01
2.034482758620689502e+00 3.551640887271119429e-03 7.943760923445297023e-03 9.998270035717407023e-01
2.086206896551724199e+00 4.082619269158331912e-03 4.977793524579978736e-03 9.998847828777351898e-01
2.137931034482758896e+00 3.856447364115872696e-03 2.717655087965415578e-03 9.999234606434631578e-01
2.189655172413793149e+00 3.227604054180964206e-03 1.142582884480570875e-03 9.999493137500033990e-01
2.241379310344827402e+00 2.453103272038607667e-03 1.589598667526819636e-04 9.999665677264788499e-01
2.293103448275862100e+00 1.701746125849925607e-03 -3.685677664894528374e-04 9.999780577745265298e-01
2.344827586206896797e+00 1.073977823989722639e-03 -5.842905477187343042e-04 9.999856690174558915e-01
2.396551724137931050e+00 5.998093533250454124e-04 -5.995890730182995045e-04 9.999906968132830087e-01
2.448275862068965303e+00 2.769596892810782481e-04 -5.098946640155787354e-04 9.999940014382693310e-01
2.500000000000000000e+00 8.046635156795612850e-05 -3.884481887865186495e-04 9.999961581824799994e-01
