1.000000000000000000e+00 3.497301205508709931e-01 -3.778777652063636250e-01 7.405981822454011931e-01
1.051724137931034475e+00 2.515073280570403469e-01 -3.820287499545577670e-01 7.857386581869106879e-01
1.103448275862068950e+00 1.610164068093297429e-01 -3.689555451919229179e-01 8.243667620765341431e-01
1.155172413793103425e+00 8.164732484569417470e-02 -3.414484109188222760e-01 8.571454621333468582e-01
1.206896551724137900e+00 1.577443685839060444e-02 -3.030017379938879096e-01 8.847250200467988712e-01
1.258620689655172376e+00 -3.535247581501456404e-02 -2.574543759349606775e-01 9.077331293188247718e-01
1.310344827586206851e+00 -7.160448537642494227e-02 -2.086472001285446243e-01 9.267609179971179056e-01
1.362068965517241326e+00 -9.385641968929435419e-02 -1.601046344529257759e-01 9.423567001615579253e-01
1.413793103448275801e+00 -1.038122027574880230e-01 -1.147685528860680065e-01 9.550227822842677350e-01
1.465517241379310276e+00 -1.037224577233856193e-01 -7.484475089039760443e-02 9.652128853044099621e-01
1.517241379310344751e+00 -9.612753066725261697e-02 -4.171619063173637870e-02 9.733329899913071293e-01
1.568965517241379448e+00 -8.357855085123874761e-02 -1.596705817091136070e-02 9.797418533639369320e-01
1.620689655172413701e+00 -6.844264807721500699e-02 2.524972209527152900e-03 9.847499161949547775e-01
1.672413793103448398e+00 -5.269264306852760454e-02 1.443836332135809905e-02 9.886253769949046033e-01
1.724137931034482651e+00 -3.785691389655828493e-02 2.080810252019602014e-02 9.915940730558747696e-01
1.775862068965517349e+00 -2.493843141036578698e-02 2.288474072988520153e-02 9.938457354179250913e-01
1.827586206896551602e+00 -1.449422747040670680e-02 2.192148651198463916e-02 9.955362903595992297e-01
1.879310344827586299e+00 -6.659473977927597363e-03 1.908636533153777737e-02 9.967928563772830985e-01
1.931034482758620552e+00 -1.280230103173419717e-03 1.535593646795823525e-02 9.977172926996324964e-01
1.982758620689655249e+00 2.010828431652032788e-03 1.145738673201003761e-02 9.983906517173876116e-01
2.034482758620689502e+00 3.660493725536431188e-03 7.890050887982525199e-03 9.988761210218543019e-01
2.086206896551724199e+00 4.141497969274325792e-03 4.924139798619928121e-03 9.992226385890689011e-01
2.137931034482758896e+00 3.884645946933126901e-03 2.675317932753220555e-03 9.994674023907844651e-01
2.189655172413793149e+00 3.237491001280649525e-03 1.114377424540475853e-03 9.996385761681455540e-01
2.241379310344827402e+00 2.451955364617688059e-03 1.407943826856289209e-04 9.997570888363166430e-01
2.293103448275862100e+00 1.698772028242851069e-03 -3.820563584860433431e-04 9.998383027912115528e-01
2.344827586206896797e+00 1.070735203825678734e-03 -5.897459465180881089e-04 9.998933902707877186e-01
2.396551724137931050e+00 5.973629265591010821e-04 -6.024935705702137495e-04 9.999303828699608321e-01
2.448275862068965303e+00 2.787973387620171434e-04 -5.118661340633601665e-04 9.999549739278147387e-01
2.500000000000000000e+00 7.849606956233988551e-05 -3.852570692492642696e-04 9.999711581952767103e-01
