1.000000000000000000e+00 3.866764430332985114e-01 -3.694825260940064471e-01 7.981234333612575726e-01
1.051724137931034475e+00 2.847337902060169679e-01 -3.787988947598034950e-01 8.413599233612748529e-01
1.103448275862068950e+00 1.897875674987423433e-01 -3.699829192903746899e-01 8.768105634451418551e-01
1.155172413793103425e+00 1.056018126027634951e-01 -3.456679082643582812e-01 9.054449480774221515e-01
1.206896551724137900e+00 3.490502462396925798e-02 -3.093319633799608281e-01 9.282320075961675299e-01
1.258620689655172376e+00 -2.075785002141110336e-02 -2.648921751180345896e-01 9.461117469044924011e-01
1.310344827586206851e+00 -6.104425236638845453e-02 -2.163545549721883898e-01 9.599486271756780820e-01
1.362068965517241326e+00 -8.669309585548218289e-02 -1.674322501783989670e-01 9.705197391312960775e-01
1.413793103448275801e+00 -9.935282567086933803e-02 -1.212818757270846953e-01 9.784960608283505001e-01
1.465517241379310276e+00 -1.012875945659527654e-01 -8.030995284965482262e-02 9.844444493109153482e-01
1.517241379310344751e+00 -9.510971758559019773e-02 -4.606143063612100352e-02 9.888328454917175714e-01
1.568965517241379448e+00 -8.346577605156131618e-02 -1.923863383216354445e-02 9.920396315001948073e-01
1.620689655172413701e+00 -6.884003289975137996e-02 1.921795001187456831e-04 9.943608209687447852e-01
1.672413793103448398e+00 -5.331714109819202935e-02 1.287487015563171938e-02 9.960280472179424693e-01
1.724137931034482651e+00 -3.851978865728197116e-02 1.983134372643242591e-02 9.972167046652268274e-01
1.775862068965517349e+00 -2.553462966389515726e-02 2.232745554676714150e-02 9.980589335641694149e-01
1.827586206896551602e+00 -1.497810137724834428e-02 2.164846308616209802e-02 9.986521336845495256e-01
1.879310344827586299e+00 -7.012470768473990854e-03 1.898365974717251825e-02 9.990682231338677832e-01
1.931034482758620552e+00 -1.523050838987372382e-03 1.534786849922997742e-02 9.993584320778574615e-01
1.982758620689655249e+00 1.849031265596792067e-03 1.148949149835626522e-02 9.995602679068650298e-01
2.034482758620689502e+00 3.567946016141696278e-03 7.936442357932754765e-03 9.996999378586375329e-01
2.086206896551724199e+00 4.093688758134589670e-03 4.970543105435044386e-03 9.997962831235504000e-01
2.137931034482758896e+00 3.859058994953319232e-03 2.711451143440807114e-03 9.998624352345689692e-01
2.189655172413793149e+00 3.226651831811418007e-03 1.139488456742628227e-03 9.999076335159259310e-01
2.241379310344827402e+00 2.450509611875376775e-03 1.553916670954283256e-04 9.999383767468519313e-01
2.293103448275862100e+00 1.701089373916671310e-03 -3.723664319317846697e-04 9.999591689484768064e-01
2.344827586206896797e+00 1.071218021169572689e-03 -5.852914317144472219e-04 9.999731415001000823e-01
2.396551724137931050e+00 5.997359884537133059e-04 -6.014330948399202728e-04 9.999824646458983501e-01
2.448275862068965303e+00 2.783419893170280225e-04 -5.088220295855906249e-04 9.999886469917390608e-01
2.500000000000000000e+00 7.971942662201024791e-05 -3.842689757409661075e-04 9.999927103723290633e-01
