0.000000000000000000e+00 8.029559829728502713e-12 9.400718601408283831e-12 -1.000000000000000000e+00
1.025641025641025605e-01 2.120182177840121140e-01 2.288600794756321111e-01 -9.487373868972189817e-01
2.051282051282051211e-01 4.171282957710407135e-01 4.042224064066701206e-01 -8.051422609909195671e-01
3.076923076923077094e-01 6.046630851248384619e-01 4.901373468925081522e-01 -5.945800018488379690e-01
4.102564102564102422e-01 7.589768173412043684e-01 4.755558655467798657e-01 -3.468083608376361648e-01
5.128205128205127750e-01 8.613561889290024531e-01 3.715438645456891065e-01 -8.802031852752363605e-02
6.153846153846154188e-01 8.944645552501200303e-01 2.048845020061378641e-01 1.612694522177078871e-01
7.179487179487179516e-01 8.484133149768861015e-01 1.213910942587048680e-02 3.852300811869899810e-01
8.205128205128204844e-01 7.268022431436517161e-01 -1.666831356643522222e-01 5.720291909204413550e-01
9.230769230769230171e-01 5.495666886309454879e-01 -2.965007192369477074e-01 7.146519624233570456e-01
1.025641025641025550e+00 3.497932650969768908e-01 -3.562551585870992188e-01 8.118840640555331500e-01
1.128205128205128194e+00 1.644435860016302542e-01 -3.447292135402328372e-01 8.681287121558401987e-01
1.230769230769230838e+00 2.296477248216147529e-02 -2.793652695402029096e-01 8.917432947757084616e-01
1.333333333333333259e+00 -6.099120584316390647e-02 -1.883105828482941058e-01 8.927484933765776898e-01
1.435897435897435903e+00 -9.100820387425614943e-02 -9.958649673949974968e-02 8.807725405201992652e-01
1.538461538461538325e+00 -8.291662887587425423e-02 -3.234996595970851541e-02 8.637882430800302158e-01
1.641025641025640969e+00 -5.659386926327152068e-02 6.623107330198947651e-03 8.476197995479292091e-01
1.743589743589743613e+00 -2.859610977539635626e-02 2.099180756653892463e-02 8.359720360456498467e-01
1.846153846153846034e+00 -8.267136441893703502e-03 1.984401099870954435e-02 8.307343911457794050e-01
1.948717948717948678e+00 2.162883323585607954e-03 1.249690837305180401e-02 8.323726895140222126e-01
2.051282051282051100e+00 4.998583257599083576e-03 5.282203265057901914e-03 8.403264862454846718e-01
2.153846153846153744e+00 3.964596997517878980e-03 8.413328400218556512e-04 8.533721089157434436e-01
2.256410256410256387e+00 2.002587300435789645e-03 -8.725359857341275904e-04 8.699422873675169976e-01
2.358974358974359031e+00 5.709236918042908098e-04 -9.822195089367324883e-04 8.883947781745542560e-01
2.461538461538461675e+00 -6.595593408942139989e-05 -5.663120641069543590e-04 9.072229168846187575e-01
2.564102564102563875e+00 -1.923506384993579996e-04 -1.969536856746132076e-04 9.251994615152833168e-01
2.666666666666666519e+00 -1.230105057599865470e-04 -1.587387576686784046e-05 9.414503649702165022e-01
2.769230769230769162e+00 -4.516168478756995484e-05 2.779397445625003552e-05 9.554640443888984258e-01
2.871794871794871806e+00 -8.339561438063811057e-06 2.242806897547209915e-05 9.670504557550287927e-01
2.974358974358974450e+00 2.595650470690383193e-06 5.279114735824108608e-06 9.762699545218735953e-01
3.076923076923076650e+00 -1.928810660999040616e-07 -1.229329284167603634e-06 9.833508630651799365e-01
3.179487179487179294e+00 1.476703267067478748e-06 2.637896534936870218e-06 9.886123324465388995e-01
3.282051282051281937e+00 -1.452150069722658099e-06 1.377003591462799650e-06 9.924018537818901642e-01
3.384615384615384581e+00 2.052236549082712278e-06 2.250455345235665740e-06 9.950516231197364947e-01
3.487179487179487225e+00 -6.374075287335866690e-08 -9.185492411756932441e-07 9.968527855002979887e-01
3.589743589743589425e+00 3.448677851370618976e-07 -7.063716043279112693e-07 9.980442966393833215e-01
3.692307692307692069e+00 6.650717211702578658e-07 -1.558267831846820617e-06 9.988121096999192927e-01
3.794871794871794712e+00 6.326617363433379225e-07 -1.503174543691884300e-07 9.992944754376770211e-01
3.897435897435897356e+00 -1.317023202932234236e-06 -1.572604088033054606e-06 9.995901144051668741e-01
4.000000000000000000e+00 2.740294040422728547e-07 1.057655507024398483e-06 9.997669927680420399e-01
