1.000000000000000056e-01 9.978751121883298880e-02 2.890979616339853786e-01 -9.217089631693290430e-01
2.000000000000000111e-01 2.057713693692174994e-01 4.934084157702847695e-01 -7.164689322005884931e-01
2.999999999999999889e-01 3.093367749092349461e-01 5.648813908545043949e-01 -4.559036087422473904e-01
4.000000000000000222e-01 3.875291589941363135e-01 5.077789267996325462e-01 -2.154322193856733902e-01
5.000000000000000000e-01 4.178019843751383244e-01 3.671521917087707809e-01 -4.251550947026271066e-02
5.999999999999999778e-01 3.928221117938739404e-01 2.016821201935168340e-01 5.205044527980944025e-02
6.999999999999999556e-01 3.238463714758227363e-01 5.865123671681354844e-02 8.327756258995215599e-02
7.999999999999999334e-01 2.330835942480274092e-01 -3.785704749160307553e-02 7.529272396465283568e-02
8.999999999999999112e-01 1.428979999425280811e-01 -8.537464297512084577e-02 4.936515861147126871e-02
9.999999999999998890e-01 6.863400125205136593e-02 -9.456494423019808082e-02 1.934674644252399461e-02
1.099999999999999867e+00 1.682536724699568165e-02 -8.039375376271795659e-02 -7.843089032565912777e-03
1.199999999999999956e+00 -1.297204169276267721e-02 -5.631857721726064164e-02 -2.987080365596474912e-02
1.300000000000000044e+00 -2.517510449254543176e-02 -3.182550577245916307e-02 -4.675385986159154295e-02
1.399999999999999911e+00 -2.557388189762202849e-02 -1.221673785710358437e-02 -5.938853400606889515e-02
1.500000000000000000e+00 -1.964884396916319678e-02 5.542526564546396486e-04 -6.878872238686002671e-02
1.599999999999999867e+00 -1.171580055681287549e-02 6.789231156922569295e-03 -7.577877395110767245e-02
1.699999999999999956e+00 -4.627485809724087018e-03 8.048675626471228986e-03 -8.091563867776344066e-02
1.800000000000000044e+00 1.846919129684593611e-04 6.351673899722815736e-03 -8.450121139822158733e-02
1.899999999999999911e+00 2.464394861022217893e-03 3.580562065225753425e-03 -8.661598792899957711e-02
2.000000000000000000e+00 2.750820861643218755e-03 1.094491011922367994e-03 -8.714696170764139882e-02
2.099999999999999645e+00 1.939366097504081074e-03 -4.328523103192635129e-04 -8.580517641381901761e-02
2.199999999999999734e+00 8.783883688850669356e-04 -9.499711635844391554e-04 -8.214030541556836817e-02
2.299999999999999822e+00 1.037063240429981494e-04 -7.951069760106461775e-04 -7.556751813292961195e-02
2.399999999999999911e+00 -2.267999944076937971e-04 -4.031581283980113306e-04 -6.542619201983834731e-02
2.500000000000000000e+00 -2.273767917621786604e-04 -8.563127360346070929e-05 -5.108932404389233267e-02
2.600000000000000089e+00 -1.000777640898670861e-04 5.052607831977420634e-05 -3.213108650882012113e-02
2.699999999999999734e+00 3.631757719640461247e-06 4.683871682486350624e-05 -8.534357815077366072e-03
2.799999999999999822e+00 3.188412060163691445e-05 -2.372934268140884427e-06 1.911152445528872812e-02
2.899999999999999911e+00 7.006079374455953248e-06 -3.125232049441006198e-05 4.950058058732048627e-02
3.000000000000000000e+00 -2.527237846783164023e-05 -1.840826553590039054e-05 8.066150713438412223e-02
