1.000000000000000056e-01 -8.724905471567651061e-02 2.817124858106067609e-01 -9.233771825315896242e-01
2.000000000000000111e-01 -1.815367255906390753e-01 4.839050876158969561e-01 -7.213091841736536391e-01
2.999999999999999889e-01 -2.758968193657141965e-01 5.609247441527283051e-01 -4.612523305187676836e-01
4.000000000000000222e-01 -3.494809629352062519e-01 5.155352504933757851e-01 -2.149518501748760579e-01
5.000000000000000000e-01 -3.810324868309257207e-01 3.886404404368121734e-01 -2.874883131801905800e-02
5.999999999999999778e-01 -3.627319084072343491e-01 2.344996977309170560e-01 8.502221815992483389e-02
6.999999999999999556e-01 -3.037502666382320693e-01 9.761276671647899084e-02 1.385027221208516846e-01
7.999999999999999334e-01 -2.236296850190577501e-01 1.522984747203769140e-03 1.530720558869332337e-01
8.999999999999999112e-01 -1.425454608980012972e-01 -5.013849711010762850e-02 1.481793659381599737e-01
9.999999999999998890e-01 -7.465393885485550884e-02 -6.612799025349461179e-02 1.368682310921495449e-01
1.099999999999999867e+00 -2.627537278750870231e-02 -5.956840209760093374e-02 1.259717265439914691e-01
1.199999999999999956e+00 2.593996975053415067e-03 -4.256517710080282707e-02 1.181093634964007072e-01
1.300000000000000044e+00 1.563546284371628362e-02 -2.383168217448190448e-02 1.136685424396435828e-01
1.399999999999999911e+00 1.786866940017542080e-02 -8.387358648362028268e-03 1.121404147877060886e-01
1.500000000000000000e+00 1.411816799880510204e-02 1.752666741139087547e-03 1.128285747356017471e-01
1.599999999999999867e+00 8.219289583631193136e-03 6.622581258076112344e-03 1.151474421172138524e-01
1.699999999999999956e+00 2.738630459974090211e-03 7.417773913914765815e-03 1.187088571581990104e-01
1.800000000000000044e+00 -1.001450074352600549e-03 5.782933620313546706e-03 1.233212998437994978e-01
1.899999999999999911e+00 -2.706602813965119925e-03 3.282267275666622512e-03 1.289649126797766943e-01
2.000000000000000000e+00 -2.784539440192369906e-03 1.056297389007766633e-03 1.357676048281368231e-01
2.099999999999999645e+00 -1.967175212076436100e-03 -3.244576482733481978e-04 1.439875730110068419e-01
2.199999999999999734e+00 -9.620702581196924862e-04 -8.155790676173235026e-04 1.539967666594060647e-01
2.299999999999999822e+00 -2.240935651318152295e-04 -7.071750161647639629e-04 1.662538750137686205e-01
2.399999999999999911e+00 1.112039235175026639e-04 -3.787316851580736581e-04 1.812522816312701068e-01
2.500000000000000000e+00 1.425532742540485233e-04 -1.069304821522802537e-04 1.994303386082044438e-01
2.600000000000000089e+00 5.518814139243662559e-05 1.125372559428516192e-05 2.210415020309892120e-01
2.699999999999999734e+00 -1.734049987837024744e-05 1.186173564746192487e-05 2.460009884266797231e-01
2.799999999999999822e+00 -2.682289846876653711e-05 -2.198246269713893512e-05 2.737500285312121640e-01
2.899999999999999911e+00 -1.794568391223429658e-06 -2.991582861803588475e-05 3.031955295204034062e-01
3.000000000000000000e+00 1.065416247483259911e-05 -3.512668184868529000e-06 3.327763926219690083e-01
