1.000000000000000056e-01 1.003673297908576623e-01 -1.939032264789974924e-02 -9.945725777025684611e-01
2.000000000000000111e-01 1.975504778341450884e-01 -4.608646483271129635e-02 -9.784249588175411017e-01
2.999999999999999889e-01 2.875529802309515492e-01 -8.677659114527289108e-02 -9.519541394077247753e-01
4.000000000000000222e-01 3.648913546061555158e-01 -1.467955444950558019e-01 -9.158021812833169184e-01
5.000000000000000000e-01 4.222120875373866489e-01 -2.292168561439147656e-01 -8.708335495074221999e-01
5.999999999999999778e-01 4.504461834632147443e-01 -3.337473740412876255e-01 -8.180776779231517803e-01
6.999999999999999556e-01 4.395152385301315245e-01 -4.555657636227077312e-01 -7.587106736088922165e-01
7.999999999999999334e-01 3.799542349933133778e-01 -5.843305479287230764e-01 -6.939912804402131874e-01
8.999999999999999112e-01 2.652683806163051994e-01 -7.038275754773670734e-01 -6.252150314861270042e-01
9.999999999999998890e-01 9.496392519087587525e-02 -7.926554802200925787e-01 -5.536776287632944049e-01
1.099999999999999867e+00 -1.223077720383920486e-01 -8.265463255011212818e-01 -4.806261020180313537e-01
1.199999999999999956e+00 -3.663717229841891854e-01 -7.825476895112787323e-01 -4.072250435837529992e-01
1.300000000000000044e+00 -6.050175567955733413e-01 -6.449251368885423608e-01 -3.345112480353070183e-01
1.399999999999999911e+00 -7.965796558436745167e-01 -4.118819794580020899e-01 -2.634099195060906062e-01
1.500000000000000000e+00 -8.963830295596953990e-01 -1.015404171069886896e-01 -1.946953097063997828e-01
1.599999999999999867e+00 -8.670230781217361793e-01 2.452909731999784460e-01 -1.289983849235022129e-01
1.699999999999999956e+00 -6.908364127262162091e-01 5.679403684103936367e-01 -6.676122297824961527e-02
1.800000000000000044e+00 -3.813260721977045353e-01 7.960496397432448301e-01 -8.356648504023601876e-03
1.899999999999999911e+00 1.095679244651004414e-02 8.667674568070518060e-01 4.603526895662084922e-02
2.000000000000000000e+00 4.026682339125787768e-01 7.457628219758113408e-01 9.636640226485132521e-02
2.099999999999999645e+00 6.947023085615471327e-01 4.457338803393429139e-01 1.426330717307059681e-01
2.199999999999999734e+00 8.003300924164742369e-01 3.422213215881658721e-02 1.849504879315473360e-01
2.299999999999999822e+00 6.774939144197253960e-01 -3.764337957093759623e-01 2.234862264699830348e-01
2.399999999999999911e+00 3.532130276772794675e-01 -6.591598278016459478e-01 2.585028950122538749e-01
2.500000000000000000e+00 -7.279357447854101215e-02 -7.161305904555026469e-01 2.902569172768190708e-01
2.600000000000000089e+00 -4.536174526638412363e-01 -5.217512794879468618e-01 3.190325089039423023e-01
2.699999999999999734e+00 -6.467962122036128303e-01 -1.446390421120832825e-01 3.451421663053361177e-01
2.799999999999999822e+00 -5.750310042984536629e-01 2.676140349562137200e-01 3.689069931411650405e-01
2.899999999999999911e+00 -2.687899303289624231e-01 5.431268126536974439e-01 3.906476384755752651e-01
3.000000000000000000e+00 1.351093436007270443e-01 5.621799163247094278e-01 4.106148479068135182e-01
