1.000000000000000056e-01 -3.052265838518211649e-03 4.362442797561410374e-02 -9.990111112455850595e-01
2.000000000000000111e-01 -3.851081366625923319e-03 8.725008872578340902e-02 -9.960492238236802187e-01
2.999999999999999889e-01 -1.500064737810363757e-04 1.306877485510414549e-01 -9.911282685443383311e-01
4.000000000000000222e-01 1.022324612294429891e-02 1.733505692971720469e-01 -9.842738729242367368e-01
5.000000000000000000e-01 2.933272360423234970e-02 2.141210975184343612e-01 -9.755166305265705606e-01
5.999999999999999778e-01 5.893478748768814224e-02 2.511441874000024388e-01 -9.649001632968332576e-01
6.999999999999999556e-01 1.002864973357061734e-01 2.817521244925156321e-01 -9.524770887551655685e-01
7.999999999999999334e-01 1.538252719188160089e-01 3.024631535173649688e-01 -9.383010296841105546e-01
8.999999999999999112e-01 2.187793753189401780e-01 3.090275658225740685e-01 -9.224460400305977137e-01
9.999999999999998890e-01 2.927984177386648845e-01 2.967661818371201132e-01 -9.049760256915514445e-01
1.099999999999999867e+00 3.714637383813285121e-01 2.610338433813101933e-01 -8.859785799356663105e-01
1.199999999999999956e+00 4.481209301457479977e-01 1.979803062004061864e-01 -8.655308488468946848e-01
1.300000000000000044e+00 5.137801630828389143e-01 1.055427182490139559e-01 -8.437236686105022976e-01
1.399999999999999911e+00 5.575204026392247547e-01 -1.543524164671578047e-02 -8.206583589279615731e-01
1.500000000000000000e+00 5.674102219994620055e-01 -1.599464693114546754e-01 -7.964337057908154049e-01
1.599999999999999867e+00 5.321008672814810936e-01 -3.179214461121183111e-01 -7.711351189639344961e-01
1.699999999999999956e+00 4.429425274070183938e-01 -4.738438379346641138e-01 -7.448762743564575350e-01
1.800000000000000044e+00 2.967562398825220882e-01 -6.072321290657320958e-01 -7.177563036893095383e-01
1.899999999999999911e+00 9.848982835287289905e-02 -6.945651723666188548e-01 -6.898772169683368150e-01
2.000000000000000000e+00 -1.365676512021108957e-01 -7.125864130157486542e-01 -6.613426775381456846e-01
2.099999999999999645e+00 -3.819981679413068099e-01 -6.430807164086336236e-01 -6.322549072534090486e-01
2.199999999999999734e+00 -6.017288089396424233e-01 -4.784883189028030781e-01 -6.027171159014634849e-01
2.299999999999999822e+00 -7.544988017561864435e-01 -2.272388437855195620e-01 -5.728180525266457490e-01
2.399999999999999911e+00 -8.013047742494635584e-01 8.277272606424684875e-02 -5.426492492695405012e-01
2.500000000000000000e+00 -7.152027325780753175e-01 4.042999511097927212e-01 -5.123199510634721676e-01
2.600000000000000089e+00 -4.916274488157725830e-01 6.761672638068854102e-01 -4.819091962754081249e-01
2.699999999999999734e+00 -1.562424888351291452e-01 8.344009896139322757e-01 -4.514976001369553904e-01
2.799999999999999822e+00 2.330340691253467988e-01 8.281410903189431183e-01 -4.211650559387767334e-01
2.899999999999999911e+00 5.928684147623142220e-01 6.370510122212428294e-01 -3.909769320033384954e-01
3.000000000000000000e+00 8.312175827158974073e-01 2.851467445368381926e-01 -3.610133574564641790e-01
