1.000000000000000056e-01 9.995247503570342529e-01 0.000000000000000000e+00 4.752163151587583960e-04 3.332780911755499879e-08 0.000000000000000000e+00 0.000000000000000000e+00 -1.365749303713999566e-02 -1.698422018755133683e-02 0.000000000000000000e+00 0.000000000000000000e+00 0.000000000000000000e+00 0.000000000000000000e+00 -1.494929143870363009e-06 3.688241420530466678e-06 1.747811779854508058e-04 -5.256968474869180754e-05
2.000000000000000111e-01 9.981003170833704363e-01 0.000000000000000000e+00 1.899149833960585418e-03 5.330826715247508413e-07 0.000000000000000000e+00 0.000000000000000000e+00 -2.728099141987786608e-02 -3.393066693936583333e-02 0.000000000000000000e+00 0.000000000000000000e+00 0.000000000000000000e+00 0.000000000000000000e+00 -1.194386480880977317e-05 2.949150693083918008e-05 6.984743708128268768e-04 -2.102491515292024605e-04
2.999999999999999889e-01 9.957303958115021336e-01 0.000000000000000000e+00 4.266908669030463654e-03 2.695519468122152489e-06 0.000000000000000000e+00 0.000000000000000000e+00 -4.083270010666200517e-02 -5.080728407615676262e-02 0.000000000000000000e+00 0.000000000000000000e+00 0.000000000000000000e+00 0.000000000000000000e+00 -4.022684610160169518e-05 9.941498134882248330e-05 1.568719844147472295e-03 -4.723709782726779856e-04
4.000000000000000222e-01 9.924224156833220123e-01 0.000000000000000000e+00 7.569074631857620333e-03 8.509684817648221087e-06 0.000000000000000000e+00 0.000000000000000000e+00 -5.428450609682956146e-02 -6.756411800626697939e-02 0.000000000000000000e+00 0.000000000000000000e+00 0.000000000000000000e+00 0.000000000000000000e+00 -9.519876997143211837e-05 2.352607479002113196e-04 2.782771595065580000e-03 -8.374862954549076345e-04
5.000000000000000000e-01 9.881869736624426803e-01 0.000000000000000000e+00 1.179228471203788015e-02 2.074162552228621053e-05 0.000000000000000000e+00 0.000000000000000000e+00 -6.759476571523831412e-02 -8.416608991879627466e-02 0.000000000000000000e+00 0.000000000000000000e+00 0.000000000000000000e+00 0.000000000000000000e+00 -1.854016627136117123e-04 4.584947276774710596e-04 4.335197446815779523e-03 -1.304862218980914947e-03
5.999999999999999778e-01 9.830362032851845955e-01 0.000000000000000000e+00 1.692086901721575123e-02 4.292769760545128087e-05 0.000000000000000000e+00 0.000000000000000000e+00 -8.073465628726526899e-02 -1.005770503171142527e-01 0.000000000000000000e+00 0.000000000000000000e+00 0.000000000000000000e+00 0.000000000000000000e+00 -3.192388716137429952e-04 7.902281530883959338e-04 6.220274948009814342e-03 -1.872873888245187631e-03
6.999999999999999556e-01 9.769830237761225611e-01 0.000000000000000000e+00 2.293762966105540244e-02 7.934656282700044147e-05 0.000000000000000000e+00 0.000000000000000000e+00 -9.367755969659574689e-02 -1.167655174089342052e-01 0.000000000000000000e+00 0.000000000000000000e+00 0.000000000000000000e+00 0.000000000000000000e+00 -5.051249739782484463e-04 1.250947808580318453e-03 8.430966792767747089e-03 -2.537516253756139442e-03
7.999999999999999334e-01 9.700492243914666801e-01 0.000000000000000000e+00 2.981576694912470987e-02 1.350086594066850362e-04 0.000000000000000000e+00 0.000000000000000000e+00 -1.063823953204462019e-01 -1.326859030121642080e-01 0.000000000000000000e+00 0.000000000000000000e+00 0.000000000000000000e+00 0.000000000000000000e+00 -7.506958353931419319e-04 1.860602805092019139e-03 1.095851418679509928e-02 -3.297870396783565694e-03
8.999999999999999112e-01 9.622523632002191185e-01 0.000000000000000000e+00 3.753202720645769375e-02 2.156095933248212829e-04 0.000000000000000000e+00 0.000000000000000000e+00 -1.188201394923015242e-01 -1.483140543260409172e-01 0.000000000000000000e+00 0.000000000000000000e+00 0.000000000000000000e+00 0.000000000000000000e+00 -1.063212582554397094e-03 2.638530949328868162e-03 1.379254875110639579e-02 -4.151683995911178808e-03
9.999999999999998890e-01 9.536132221802755549e-01 0.000000000000000000e+00 4.605928270455318663e-02 3.274951151766170715e-04 0.000000000000000000e+00 0.000000000000000000e+00 -1.309670024159388102e-01 -1.636165828422421753e-01 0.000000000000000000e+00 0.000000000000000000e+00 0.000000000000000000e+00 0.000000000000000000e+00 -1.450408799737463571e-03 3.602847148748594339e-03 1.692256768126218155e-02 -5.092199050099072838e-03
1.099999999999999867e+00 9.441617850340370266e-01 0.000000000000000000e+00 5.536055064455858848e-02 4.776643214030032100e-04 0.000000000000000000e+00 0.000000000000000000e+00 -1.427856622592442448e-01 -1.785541188719992345e-01 0.000000000000000000e+00 0.000000000000000000e+00 0.000000000000000000e+00 0.000000000000000000e+00 -1.917865576725995887e-03 4.771326114062281534e-03 2.033548457602749743e-02 -6.120497404422874446e-03
1.199999999999999956e+00 9.339208697116124780e-01 0.000000000000000000e+00 6.540535988775506016e-02 6.737704006368977570e-04 0.000000000000000000e+00 0.000000000000000000e+00 -1.542593386451591719e-01 -1.930996801379393779e-01 0.000000000000000000e+00 0.000000000000000000e+00 0.000000000000000000e+00 0.000000000000000000e+00 -2.472714056758648117e-03 6.160672030091835991e-03 2.402040790491280151e-02 -7.229689663476269665e-03
1.300000000000000044e+00 9.229218565692826060e-01 0.000000000000000000e+00 7.615443697770149512e-02 9.237064530146530750e-04 0.000000000000000000e+00 0.000000000000000000e+00 -1.653536198111198174e-01 -2.072263952492325312e-01 0.000000000000000000e+00 0.000000000000000000e+00 0.000000000000000000e+00 0.000000000000000000e+00 -3.119522910067571222e-03 7.785430315366209143e-03 2.795860127311300403e-02 -8.415807466593941411e-03
1.399999999999999911e+00 9.111939548278311651e-01 0.000000000000000000e+00 8.756931201028110567e-02 1.236733161888504398e-03 0.000000000000000000e+00 0.000000000000000000e+00 -1.760603616519270109e-01 -2.208967642833919443e-01 0.000000000000000000e+00 0.000000000000000000e+00 0.000000000000000000e+00 0.000000000000000000e+00 -3.865652997345482914e-03 9.662121517681369204e-03 3.214504770550637158e-02 -9.674678648886356896e-03
1.500000000000000000e+00 8.987683291232175797e-01 0.000000000000000000e+00 9.961032107247601297e-02 1.621349804306654709e-03 0.000000000000000000e+00 0.000000000000000000e+00 -1.863462063187826534e-01 -2.340975948494347092e-01 0.000000000000000000e+00 0.000000000000000000e+00 0.000000000000000000e+00 0.000000000000000000e+00 -4.713979209979110574e-03 1.180175898962786477e-02 3.655439293375232351e-02 -1.099967534037718173e-02
1.599999999999999867e+00 8.856854197041195143e-01 0.000000000000000000e+00 1.122273845310598345e-01 2.087195764826695488e-03 0.000000000000000000e+00 0.000000000000000000e+00 -1.961847609830504324e-01 -2.467989119828271627e-01 0.000000000000000000e+00 0.000000000000000000e+00 0.000000000000000000e+00 0.000000000000000000e+00 -5.667482745251597141e-03 1.421689671655588204e-02 4.117166510225405557e-02 -1.238920369731077650e-02
1.699999999999999956e+00 8.719748091486487773e-01 0.000000000000000000e+00 1.253806968283667778e-01 2.644494022987786859e-03 0.000000000000000000e+00 0.000000000000000000e+00 -2.055745176115723605e-01 -2.589747634056036030e-01 0.000000000000000000e+00 0.000000000000000000e+00 0.000000000000000000e+00 0.000000000000000000e+00 -6.731651592854288185e-03 1.691902380356117078e-02 4.598361209588685411e-02 -1.383618434871238326e-02
1.800000000000000044e+00 8.576741754200083445e-01 0.000000000000000000e+00 1.390224089741179947e-01 3.303415605871154546e-03 0.000000000000000000e+00 0.000000000000000000e+00 -2.144866874912603749e-01 -2.706129635869775618e-01 0.000000000000000000e+00 0.000000000000000000e+00 0.000000000000000000e+00 0.000000000000000000e+00 -7.907104391474097799e-03 1.991799256654291223e-02 5.097047048661070001e-02 -1.533836191737159710e-02
1.899999999999999911e+00 8.428237133680148707e-01 0.000000000000000000e+00 1.531021655037125284e-01 4.074121128276880430e-03 0.000000000000000000e+00 0.000000000000000000e+00 -2.229111941114388373e-01 -2.816890443565449043e-01 0.000000000000000000e+00 0.000000000000000000e+00 0.000000000000000000e+00 0.000000000000000000e+00 -9.197989768150796608e-03 2.321967856067992664e-02 5.611326516576647938e-02 -1.688384902109232172e-02
2.000000000000000000e+00 8.274586086647827132e-01 0.000000000000000000e+00 1.675734945184719493e-01 4.967896816742529802e-03 0.000000000000000000e+00 0.000000000000000000e+00 -2.308365879081990812e-01 -2.921892810714789568e-01 0.000000000000000000e+00 0.000000000000000000e+00 0.000000000000000000e+00 0.000000000000000000e+00 -1.060518350836178215e-02 2.683314274586198755e-02 6.139647805926864987e-02 -1.847161682998872678e-02
2.099999999999999645e+00 8.116256821719690651e-01 0.000000000000000000e+00 1.823795426237951600e-01 5.994775204239691929e-03 0.000000000000000000e+00 0.000000000000000000e+00 -2.382490831912297269e-01 -3.020948329503936325e-01 0.000000000000000000e+00 0.000000000000000000e+00 0.000000000000000000e+00 0.000000000000000000e+00 -1.212682675248934194e-02 3.076141058813829446e-02 6.679516070998683941e-02 -2.009777968213594807e-02
2.199999999999999734e+00 7.953601043279652227e-01 0.000000000000000000e+00 1.974732244628943645e-01 7.166671209140260124e-03 0.000000000000000000e+00 0.000000000000000000e+00 -2.451394663668585161e-01 -3.113983984632530677e-01 0.000000000000000000e+00 0.000000000000000000e+00 0.000000000000000000e+00 0.000000000000000000e+00 -1.376625894446121059e-02 3.501021888515119113e-02 7.229727947276277933e-02 -2.175278196190437441e-02
2.299999999999999822e+00 7.787069935648035512e-01 0.000000000000000000e+00 2.127996786011915054e-01 8.493327834007852531e-03 0.000000000000000000e+00 0.000000000000000000e+00 -2.515059392552433382e-01 -3.200833642804243317e-01 0.000000000000000000e+00 0.000000000000000000e+00 0.000000000000000000e+00 0.000000000000000000e+00 -1.551938812564457142e-02 3.957936202741750564e-02 7.787565548125664761e-02 -2.343490983777888476e-02
2.399999999999999911e+00 7.616909587555531491e-01 0.000000000000000000e+00 2.283229069461899796e-01 9.986134298259893155e-03 0.000000000000000000e+00 0.000000000000000000e+00 -2.573415801200129027e-01 -3.281566593904851059e-01 0.000000000000000000e+00 0.000000000000000000e+00 0.000000000000000000e+00 0.000000000000000000e+00 -1.738808879201373531e-02 4.447153282685221976e-02 8.351465390638598829e-02 -2.513264161987623785e-02
2.500000000000000000e+00 7.443700950136712402e-01 0.000000000000000000e+00 2.439733643481701575e-01 1.165654063816246033e-02 0.000000000000000000e+00 0.000000000000000000e+00 -2.626463532495134645e-01 -3.355940358624701081e-01 0.000000000000000000e+00 0.000000000000000000e+00 0.000000000000000000e+00 0.000000000000000000e+00 -1.936949983252280252e-02 4.968608512051558845e-02 8.919694229610596048e-02 -2.684545780706013712e-02
2.600000000000000089e+00 7.267791926514378664e-01 0.000000000000000000e+00 2.597067150954187609e-01 1.351409225314329811e-02 0.000000000000000000e+00 0.000000000000000000e+00 -2.674099285832879369e-01 -3.424052690624802553e-01 0.000000000000000000e+00 0.000000000000000000e+00 0.000000000000000000e+00 0.000000000000000000e+00 -2.146097878485183491e-02 5.521889700667718948e-02 9.489981993341504996e-02 -2.856194450959763376e-02
2.699999999999999734e+00 7.089630209628755564e-01 0.000000000000000000e+00 2.754677538073797560e-01 1.556922522973878086e-02 0.000000000000000000e+00 0.000000000000000000e+00 -2.716449765341414913e-01 -3.485763277406931371e-01 0.000000000000000000e+00 0.000000000000000000e+00 0.000000000000000000e+00 0.000000000000000000e+00 -2.365522904765459886e-02 6.106758206634751995e-02 1.006017583452867986e-01 -3.028681274176429905e-02
2.799999999999999822e+00 6.909469263342263856e-01 0.000000000000000000e+00 2.912183277230060430e-01 1.783474594276335951e-02 0.000000000000000000e+00 0.000000000000000000e+00 -2.753540577027178138e-01 -3.541137469959207418e-01 0.000000000000000000e+00 0.000000000000000000e+00 0.000000000000000000e+00 0.000000000000000000e+00 -2.596026502545546732e-02 6.722997187568360844e-02 1.062959306758888695e-01 -3.200057832733223251e-02
2.899999999999999911e+00 6.727923286211829890e-01 0.000000000000000000e+00 3.068905601062661970e-01 2.031711127254661256e-02 0.000000000000000000e+00 0.000000000000000000e+00 -2.785309986475928978e-01 -3.590182555351383309e-01 0.000000000000000000e+00 0.000000000000000000e+00 0.000000000000000000e+00 0.000000000000000000e+00 -2.835960365812402462e-02 7.369438421408519568e-02 1.119508089814325591e-01 -3.370761809579243123e-02
3.000000000000000000e+00 6.545099216555305688e-01 0.000000000000000000e+00 3.224633047284555798e-01 2.302677361601943029e-02 0.000000000000000000e+00 0.000000000000000000e+00 -2.811910455756471139e-01 -3.633001886783552292e-01 0.000000000000000000e+00 0.000000000000000000e+00 0.000000000000000000e+00 0.000000000000000000e+00 -3.085378019998638935e-02 8.045702418151273738e-02 1.175509108520753077e-01 -3.539816387836920014e-02
