1.000000000000000056e-01 9.756312543233869317e-01 0.000000000000000000e+00 2.434267401914920123e-02 2.607165746637161310e-05 0.000000000000000000e+00 0.000000000000000000e+00 -1.507110080060699020e-01 3.218175974110589616e-02 0.000000000000000000e+00 0.000000000000000000e+00 0.000000000000000000e+00 0.000000000000000000e+00 2.169997376069523511e-04 -7.665278686070595713e-04 -3.301212487951898054e-04 5.032627942451317962e-03
2.000000000000000111e-01 9.060123032527808151e-01 0.000000000000000000e+00 9.357644018815886033e-02 4.112565590616362667e-04 0.000000000000000000e+00 0.000000000000000000e+00 -2.866021577240031593e-01 5.138685915282421857e-02 0.000000000000000000e+00 0.000000000000000000e+00 0.000000000000000000e+00 0.000000000000000000e+00 1.712422765399382232e-03 -5.962510614106582285e-03 -1.970467948005954172e-03 1.920210290151721719e-02
2.999999999999999889e-01 8.007895654876669989e-01 0.000000000000000000e+00 1.971768109018633419e-01 2.033623610468047235e-03 0.000000000000000000e+00 0.000000000000000000e+00 -3.943807116995003970e-01 4.858998817257636355e-02 0.000000000000000000e+00 0.000000000000000000e+00 0.000000000000000000e+00 0.000000000000000000e+00 5.649976822471708925e-03 -1.921096512360731881e-02 -6.566600327697548478e-03 3.981688490361640770e-02
4.000000000000000222e-01 6.735882027965176544e-01 0.000000000000000000e+00 3.201919126589365949e-01 6.219884544543900599e-03 0.000000000000000000e+00 0.000000000000000000e+00 -4.639188376190110374e-01 2.137304562245213174e-02 0.000000000000000000e+00 0.000000000000000000e+00 0.000000000000000000e+00 0.000000000000000000e+00 1.297631834380207592e-02 -4.269861699359819851e-02 -1.595093074753342610e-02 6.273124138896485347e-02
5.000000000000000000e-01 5.391333740406709651e-01 0.000000000000000000e+00 4.463056386529211661e-01 1.456098730640750794e-02 0.000000000000000000e+00 0.000000000000000000e+00 -4.898655466217679555e-01 -2.549531433735669622e-02 0.000000000000000000e+00 0.000000000000000000e+00 0.000000000000000000e+00 0.000000000000000000e+00 2.433752889647889869e-02 -7.685268659429021765e-02 -3.110312545966341727e-02 8.296330392750776717e-02
5.999999999999999778e-01 4.105327352819300724e-01 0.000000000000000000e+00 5.607733061867818947e-01 2.869395853129191182e-02 0.000000000000000000e+00 0.000000000000000000e+00 -4.727969918181814668e-01 -8.172394873083924094e-02 0.000000000000000000e+00 0.000000000000000000e+00 0.000000000000000000e+00 0.000000000000000000e+00 4.004731793729757183e-02 -1.203620303677070957e-01 -5.130542323888498402e-02 9.564289229026680383e-02
6.999999999999999556e-01 2.973367681538073293e-01 0.000000000000000000e+00 6.525850714935035324e-01 5.007816035268455868e-02 0.000000000000000000e+00 0.000000000000000000e+00 -4.193757418034512185e-01 -1.347646961054370651e-01 0.000000000000000000e+00 0.000000000000000000e+00 0.000000000000000000e+00 0.000000000000000000e+00 6.010159082528621771e-02 -1.704935736942237989e-01 -7.383200430309737328e-02 9.715407089047539690e-02
7.999999999999999334e-01 2.047767329866011232e-01 0.000000000000000000e+00 7.154311814048913698e-01 7.979208560850609144e-02 0.000000000000000000e+00 0.000000000000000000e+00 -3.411498023232384380e-01 -1.735525061730317509e-01 0.000000000000000000e+00 0.000000000000000000e+00 0.000000000000000000e+00 0.000000000000000000e+00 8.422065395725787662e-02 -2.235903118729561379e-01 -9.439974123591890476e-02 8.618730458018554474e-02
8.999999999999999112e-01 1.340587941831208607e-01 0.000000000000000000e+00 7.475546127330597868e-01 1.183865930838224612e-01 0.000000000000000000e+00 0.000000000000000000e+00 -2.521461339469731056e-01 -1.914121132293634120e-01 0.000000000000000000e+00 0.000000000000000000e+00 0.000000000000000000e+00 0.000000000000000000e+00 1.119436009882570776e-01 -2.756248791092750783e-01 -1.083320006262735724e-01 6.430351123606192765e-02
9.999999999999998890e-01 8.339543987353591203e-02 0.000000000000000000e+00 7.508038661769389499e-01 1.658006939495276777e-01 0.000000000000000000e+00 0.000000000000000000e+00 -1.658981848856605490e-01 -1.873270160084813118e-01 0.000000000000000000e+00 0.000000000000000000e+00 0.000000000000000000e+00 0.000000000000000000e+00 1.426925441732957156e-01 -3.226803990211587481e-01 -1.120388349033320796e-01 3.569763714239394814e-02
1.099999999999999867e+00 4.927641586698114362e-02 0.000000000000000000e+00 7.293807338102198390e-01 2.213428503228035693e-01 0.000000000000000000e+00 0.000000000000000000e+00 -9.278793199383626733e-02 -1.653229204794165741e-01 0.000000000000000000e+00 0.000000000000000000e+00 0.000000000000000000e+00 0.000000000000000000e+00 1.758199148427733172e-01 -3.612901440181775503e-01 -1.042576318983526318e-01 6.109708236263080433e-03
1.199999999999999956e+00 2.764366817968976972e-02 0.000000000000000000e+00 6.886165126693428729e-01 2.837398191509697409e-01 0.000000000000000000e+00 0.000000000000000000e+00 -3.849286182087930525e-02 -1.324922109484803490e-01 0.000000000000000000e+00 0.000000000000000000e+00 0.000000000000000000e+00 0.000000000000000000e+00 2.105465110783171501e-01 -3.886619244827667075e-01 -8.654921048372163361e-02 -1.878413128163267456e-02
1.300000000000000044e+00 1.471437897086361364e-02 0.000000000000000000e+00 6.340127240542069442e-01 3.512728969749358554e-01 0.000000000000000000e+00 0.000000000000000000e+00 -3.877056054982004878e-03 -9.650943959963984020e-02 0.000000000000000000e+00 0.000000000000000000e+00 0.000000000000000000e+00 0.000000000000000000e+00 2.459282878451905796e-01 -4.027788023643615323e-01 -6.281488178224373109e-02 -3.497217712629563380e-02
1.399999999999999911e+00 7.428558901535153858e-03 0.000000000000000000e+00 5.706562534537974463e-01 4.219151876446746718e-01 0.000000000000000000e+00 0.000000000000000000e+00 1.388489356189901575e-02 -6.361103142787594145e-02 0.000000000000000000e+00 0.000000000000000000e+00 0.000000000000000000e+00 0.000000000000000000e+00 2.807309932999770830e-01 -4.024408648005506350e-01 -3.802947626480833454e-02 -4.108504279720697622e-02
1.500000000000000000e+00 3.553841603905266797e-03 0.000000000000000000e+00 5.029536103697870297e-01 4.934925480263030462e-01 0.000000000000000000e+00 0.000000000000000000e+00 1.955787142619135055e-02 -3.748209073677630232e-02 0.000000000000000000e+00 0.000000000000000000e+00 0.000000000000000000e+00 0.000000000000000000e+00 3.133770610356734765e-01 -3.872966259159703606e-01 -1.667688385035660803e-02 -3.841452699329754583e-02
1.599999999999999867e+00 1.610288889172706251e-03 0.000000000000000000e+00 4.344976103415160718e-01 5.638921007693082910e-01 0.000000000000000000e+00 0.000000000000000000e+00 1.816087645559326391e-02 -1.923146467962775705e-02 0.000000000000000000e+00 0.000000000000000000e+00 0.000000000000000000e+00 0.000000000000000000e+00 3.419643732840771944e-01 -3.578688833084089915e-01 -1.546544826951976037e-03 -3.009380954377838951e-02
1.699999999999999956e+00 6.904618475632371116e-04 0.000000000000000000e+00 3.680960913549907731e-01 6.312134467974459540e-01 0.000000000000000000e+00 0.000000000000000000e+00 1.375773866161989628e-02 -8.054869725552044751e-03 0.000000000000000000e+00 0.000000000000000000e+00 0.000000000000000000e+00 0.000000000000000000e+00 3.643657904584002849e-01 -3.155705520341812731e-01 6.712838682338978340e-03 -1.976781680064916558e-02
1.800000000000000044e+00 2.800522445321098198e-04 0.000000000000000000e+00 3.058777647717496606e-01 6.938421829837212451e-01 0.000000000000000000e+00 0.000000000000000000e+00 8.995434307548698383e-03 -2.178052128448674206e-03 0.000000000000000000e+00 0.000000000000000000e+00 0.000000000000000000e+00 0.000000000000000000e+00 3.784498655093559427e-01 -2.626910644859796196e-01 9.259143011377330562e-03 -1.042018735533475557e-02
1.899999999999999911e+00 1.072548926926163881e-04 0.000000000000000000e+00 2.492931039057206533e-01 7.505996412015885078e-01 0.000000000000000000e+00 0.000000000000000000e+00 5.161290088400874096e-03 3.146179415005112339e-04 0.000000000000000000e+00 0.000000000000000000e+00 0.000000000000000000e+00 0.000000000000000000e+00 3.823476663223320249e-01 -2.023105941146085274e-01 8.171336097862533579e-03 -3.706039996820563974e-03
2.000000000000000000e+00 3.877096503241173899e-05 0.000000000000000000e+00 1.992412926695052156e-01 8.007199363654623481e-01 0.000000000000000000e+00 0.000000000000000000e+00 2.596309868628198653e-03 9.919439779884533636e-04 0.000000000000000000e+00 0.000000000000000000e+00 0.000000000000000000e+00 0.000000000000000000e+00 3.747747302298157224e-01 -1.381317369196538580e-01 5.571386387531802875e-03 6.586365678814447636e-05
2.099999999999999645e+00 1.321091124466219144e-05 0.000000000000000000e+00 1.561126632993478369e-01 8.438741257894095682e-01 0.000000000000000000e+00 0.000000000000000000e+00 1.122245141607708862e-03 8.960779445943628041e-04 0.000000000000000000e+00 0.000000000000000000e+00 0.000000000000000000e+00 0.000000000000000000e+00 3.552929533937320139e-01 -7.420481451011121110e-02 2.980021596688601105e-03 1.505926428531919464e-03
2.199999999999999734e+00 4.238856352968931406e-06 0.000000000000000000e+00 1.198792651740111376e-01 8.801164959696350376e-01 0.000000000000000000e+00 0.000000000000000000e+00 3.927144664216884436e-04 5.949165501651117313e-04 0.000000000000000000e+00 0.000000000000000000e+00 0.000000000000000000e+00 0.000000000000000000e+00 3.244922286575426251e-01 -1.457780243745272937e-02 1.135353256385324833e-03 1.562578981240916659e-03
2.299999999999999822e+00 1.280977827411194717e-06 0.000000000000000000e+00 9.018789421426830211e-02 9.098108248079063154e-01 0.000000000000000000e+00 0.000000000000000000e+00 9.010420694007169004e-05 3.277324317453952527e-04 0.000000000000000000e+00 0.000000000000000000e+00 0.000000000000000000e+00 0.000000000000000000e+00 2.840373095980402995e-01 3.710429923245190525e-02 1.489399267567999416e-04 1.069228388700052372e-03
2.399999999999999911e+00 3.632245942145661325e-07 0.000000000000000000e+00 6.644945045634084724e-02 9.335501863190694971e-01 0.000000000000000000e+00 0.000000000000000000e+00 -8.441019129849371169e-06 1.551252937614729273e-04 0.000000000000000000e+00 0.000000000000000000e+00 0.000000000000000000e+00 0.000000000000000000e+00 2.365463590801679394e-01 7.797253836633033508e-02 -2.120738929844251342e-04 5.423085732133822766e-04
2.500000000000000000e+00 9.591281649807973929e-08 0.000000000000000000e+00 4.792834936726082795e-02 9.520715547199239959e-01 0.000000000000000000e+00 0.000000000000000000e+00 -2.478054212907917386e-05 6.310625809130727959e-05 0.000000000000000000e+00 0.000000000000000000e+00 0.000000000000000000e+00 0.000000000000000000e+00 1.853254911667263916e-01 1.062340826059685744e-01 -2.356953410228064961e-04 1.890869504794425869e-04
2.600000000000000089e+00 2.395203920561787084e-08 0.000000000000000000e+00 3.382902247824804559e-02 9.661709535697164952e-01 0.000000000000000000e+00 0.000000000000000000e+00 -1.822559010749025276e-05 2.188128653012513989e-05 0.000000000000000000e+00 0.000000000000000000e+00 0.000000000000000000e+00 0.000000000000000000e+00 1.340014201602572896e-01 1.213599532408966564e-01 -1.506916052469032662e-04 2.129008014882011093e-05
2.699999999999999734e+00 5.559781630467792172e-09 0.000000000000000000e+00 2.336225372079970414e-02 9.766377407194209992e-01 0.000000000000000000e+00 0.000000000000000000e+00 -9.759257755055464627e-06 5.905308473407510678e-06 0.000000000000000000e+00 0.000000000000000000e+00 0.000000000000000000e+00 0.000000000000000000e+00 8.607463578436726215e-02 1.241274170453824655e-01 -6.733272494903287729e-05 -3.009524294995048036e-05
2.799999999999999822e+00 1.243665434364104429e-09 0.000000000000000000e+00 1.577508746841164294e-02 9.842249112879231099e-01 0.000000000000000000e+00 0.000000000000000000e+00 -4.308012839163787978e-06 9.525981157738443621e-07 0.000000000000000000e+00 0.000000000000000000e+00 0.000000000000000000e+00 0.000000000000000000e+00 4.447654671057128806e-02 1.163961799248350304e-01 -1.917356122155555742e-05 -2.910151642786321249e-05
2.899999999999999911e+00 2.102381114828171205e-10 0.000000000000000000e+00 1.041144719359192103e-02 9.895885525961726215e-01 0.000000000000000000e+00 0.000000000000000000e+00 -1.579732071474193892e-06 -1.554219788842631951e-07 0.000000000000000000e+00 0.000000000000000000e+00 0.000000000000000000e+00 0.000000000000000000e+00 1.125390529217742096e-02 1.008781363836496886e-01 -1.998177183035760581e-07 -1.547521776859360382e-05
3.000000000000000000e+00 4.875768015964663361e-11 0.000000000000000000e+00 6.713491997791043615e-03 9.932865079534555219e-01 0.000000000000000000e+00 0.000000000000000000e+00 -5.488180189864884224e-07 -1.936430684449881409e-07 0.000000000000000000e+00 0.000000000000000000e+00 0.000000000000000000e+00 0.000000000000000000e+00 -1.260361574858656977e-02 8.068190483460958851e-02 3.359958035889344298e-06 -6.231076087196336852e-06
