1.000000000000000056e-01 9.790083068350333706e-01 0.000000000000000000e+00 2.097668275653131673e-02 1.501040843162419137e-05 0.000000000000000000e+00 0.000000000000000000e+00 -1.232892525316435645e-01 7.304866047340227708e-02 0.000000000000000000e+00 0.000000000000000000e+00 0.000000000000000000e+00 0.000000000000000000e+00 4.493592848187887576e-04 -3.360725864671736834e-04 -1.470752782555634526e-03 3.540084771945940963e-03
2.000000000000000111e-01 9.186329988705229654e-01 0.000000000000000000e+00 8.112942782923239504e-02 2.375733002438600039e-04 0.000000000000000000e+00 0.000000000000000000e+00 -2.404058187982359984e-01 1.293569167229473571e-01 0.000000000000000000e+00 0.000000000000000000e+00 0.000000000000000000e+00 0.000000000000000000e+00 3.532098415542749524e-03 -2.607386906074846394e-03 -6.309097653342215020e-03 1.335806707848586662e-02
2.999999999999999889e-01 8.261443603263229907e-01 0.000000000000000000e+00 1.726743012197186622e-01 1.181338453958838712e-03 0.000000000000000000e+00 0.000000000000000000e+00 -3.441073299718682699e-01 1.557049954410701376e-01 0.000000000000000000e+00 0.000000000000000000e+00 0.000000000000000000e+00 0.000000000000000000e+00 1.157828910213383120e-02 -8.362416648489648385e-03 -1.553273451687892104e-02 2.710517007788253510e-02
4.000000000000000222e-01 7.120471559680927598e-01 0.000000000000000000e+00 2.843116846754841220e-01 3.641159356420687818e-03 0.000000000000000000e+00 0.000000000000000000e+00 -4.258347924083648595e-01 1.452861180444179889e-01 0.000000000000000000e+00 0.000000000000000000e+00 0.000000000000000000e+00 0.000000000000000000e+00 2.635584200053117318e-02 -1.845518196882997564e-02 -3.004432545847362038e-02 4.110979976514856499e-02
5.000000000000000000e-01 5.881330486421090242e-01 0.000000000000000000e+00 4.032579761657643092e-01 8.608975192131065879e-03 0.000000000000000000e+00 0.000000000000000000e+00 -4.767649776185189925e-01 9.932018459252370257e-02 0.000000000000000000e+00 0.000000000000000000e+00 0.000000000000000000e+00 0.000000000000000000e+00 4.889482909944485589e-02 -3.287755457343098653e-02 -4.970995874705635281e-02 5.091309015615774758e-02
5.999999999999999778e-01 4.655011042138819666e-01 0.000000000000000000e+00 5.173308067028991042e-01 1.716808908321516142e-02 0.000000000000000000e+00 0.000000000000000000e+00 -4.899937258472271684e-01 2.691115627923306580e-02 0.000000000000000000e+00 0.000000000000000000e+00 0.000000000000000000e+00 0.000000000000000000e+00 7.941501694818949020e-02 -5.074284607733529212e-02 -7.257891986523663796e-02 5.219257273104083161e-02
6.999999999999999556e-01 3.530198175145122241e-01 0.000000000000000000e+00 6.165989377913497771e-01 3.038124469413745060e-02 0.000000000000000000e+00 0.000000000000000000e+00 -4.630582089521158018e-01 -5.699771480737023110e-02 0.000000000000000000e+00 0.000000000000000000e+00 0.000000000000000000e+00 0.000000000000000000e+00 1.173600785845687750e-01 -7.042481821489485205e-02 -9.464596432904937018e-02 4.203953703939778547e-02
7.999999999999999334e-01 2.564918364799178008e-01 0.000000000000000000e+00 6.943317626247829111e-01 4.917640089530115471e-02 0.000000000000000000e+00 0.000000000000000000e+00 -3.997469571645690389e-01 -1.352508744149007180e-01 0.000000000000000000e+00 0.000000000000000000e+00 0.000000000000000000e+00 0.000000000000000000e+00 1.615064514277903818e-01 -8.977974758329806959e-02 -1.104724073682634977e-01 2.022850288169835212e-02
8.999999999999999112e-01 1.785141784304819512e-01 0.000000000000000000e+00 7.472347878760087214e-01 7.425103369351228333e-02 0.000000000000000000e+00 0.000000000000000000e+00 -3.102323786620261870e-01 -1.927378409143686022e-01 0.000000000000000000e+00 0.000000000000000000e+00 0.000000000000000000e+00 0.000000000000000000e+00 2.101541685497925749e-01 -1.063869383453452250e-01 -1.146914160871617128e-01 -1.003698932521060461e-02
9.999999999999998890e-01 1.189992616100827294e-01 0.000000000000000000e+00 7.750010150800012987e-01 1.059997233099191916e-01 0.000000000000000000e+00 0.000000000000000000e+00 -2.092111170460057290e-01 -2.201255480266069986e-01 0.000000000000000000e+00 0.000000000000000000e+00 0.000000000000000000e+00 0.000000000000000000e+00 2.612709623817728311e-01 -1.178447175335285563e-01 -1.040016995409039774e-01 -4.239734948209712695e-02
1.099999999999999867e+00 7.596614020508508924e-02 0.000000000000000000e+00 7.795678591787600364e-01 1.444660006161546106e-01 0.000000000000000000e+00 0.000000000000000000e+00 -1.125134455013227647e-01 -2.157811061354732163e-01 0.000000000000000000e+00 0.000000000000000000e+00 0.000000000000000000e+00 0.000000000000000000e+00 3.126566480712326124e-01 -1.219297798099691910e-01 -7.887474854391327006e-02 -6.894416840828165860e-02
1.199999999999999956e+00 4.643102655619889274e-02 0.000000000000000000e+00 7.642372888825369470e-01 1.893316845612644517e-01 0.000000000000000000e+00 0.000000000000000000e+00 -3.330733529221700795e-02 -1.854048091784104568e-01 0.000000000000000000e+00 0.000000000000000000e+00 0.000000000000000000e+00 0.000000000000000000e+00 3.620134939059281853e-01 -1.167928204400588144e-01 -4.411150263973876579e-02 -8.273475536481060544e-02
1.300000000000000044e+00 2.716621521470559408e-02 0.000000000000000000e+00 7.329160131992632499e-01 2.399177715860353333e-01 0.000000000000000000e+00 0.000000000000000000e+00 2.076358641774798952e-02 -1.395687202080085343e-01 0.000000000000000000e+00 0.000000000000000000e+00 0.000000000000000000e+00 0.000000000000000000e+00 4.069681282029402603e-01 -1.010767978528012145e-01 -7.718539224470872401e-03 -8.036219283098339217e-02
1.399999999999999911e+00 1.521284568767836999e-02 0.000000000000000000e+00 6.895229439053198739e-01 2.952642104070078433e-01 0.000000000000000000e+00 0.000000000000000000e+00 4.862850413994168619e-02 -9.013808767015069057e-02 0.000000000000000000e+00 0.000000000000000000e+00 0.000000000000000000e+00 0.000000000000000000e+00 4.450888600233209869e-01 -7.407667566541700777e-02 2.170613058311008509e-02 -6.340861835171050787e-02
1.500000000000000000e+00 8.151505196374553633e-03 0.000000000000000000e+00 6.376852129730589125e-01 3.541632818305621710e-01 0.000000000000000000e+00 0.000000000000000000e+00 5.474999177369981734e-02 -4.690983698025487370e-02 0.000000000000000000e+00 0.000000000000000000e+00 0.000000000000000000e+00 0.000000000000000000e+00 4.738769965666257966e-01 -3.585079583383660173e-02 3.804856349538605215e-02 -3.793772052988850230e-02
1.599999999999999867e+00 4.178800071224333598e-03 0.000000000000000000e+00 5.805586953838977049e-01 4.152625045448835039e-01 0.000000000000000000e+00 0.000000000000000000e+00 4.673847226735770161e-02 -1.554200672610299948e-02 0.000000000000000000e+00 0.000000000000000000e+00 0.000000000000000000e+00 0.000000000000000000e+00 4.908405092188001251e-01 1.264326516650259025e-02 3.985408828663317138e-02 -1.212232157901956334e-02
1.699999999999999956e+00 2.048696019204611883e-03 0.000000000000000000e+00 5.208045974085184771e-01 4.771467065722742595e-01 0.000000000000000000e+00 0.000000000000000000e+00 3.254547247652456177e-02 2.786137569083199997e-03 0.000000000000000000e+00 0.000000000000000000e+00 0.000000000000000000e+00 0.000000000000000000e+00 4.936400943315352174e-01 6.942373881721422557e-02 3.047654671187391764e-02 6.979157150747166208e-03
1.800000000000000044e+00 9.601053806788217414e-04 0.000000000000000000e+00 4.606153551720351680e-01 5.384245394472879642e-01 0.000000000000000000e+00 0.000000000000000000e+00 1.835150995556558695e-02 1.026944145007164036e-02 0.000000000000000000e+00 0.000000000000000000e+00 0.000000000000000000e+00 0.000000000000000000e+00 4.803353284387110178e-01 1.314708426922016060e-01 1.620603050938486736e-02 1.594706773920157028e-02
1.899999999999999911e+00 4.302032957806860639e-04 0.000000000000000000e+00 4.017654351619738273e-01 5.978043615422464763e-01 0.000000000000000000e+00 0.000000000000000000e+00 7.618193181329374793e-03 1.071466241295613610e-02 0.000000000000000000e+00 0.000000000000000000e+00 0.000000000000000000e+00 0.000000000000000000e+00 4.497132408175389950e-01 1.947694277387717887e-01 3.333072044497488885e-03 1.568655849093768956e-02
2.000000000000000000e+00 1.842559842348539135e-04 0.000000000000000000e+00 3.456439144139753505e-01 6.541718296017897671e-01 0.000000000000000000e+00 0.000000000000000000e+00 1.255277660534544985e-03 7.881070760663742500e-03 0.000000000000000000e+00 0.000000000000000000e+00 0.000000000000000000e+00 0.000000000000000000e+00 4.016386228260706570e-01 2.545524074534532000e-01 -4.345448676179079761e-03 1.008227313517608831e-02
2.099999999999999645e+00 7.540056450661907861e-05 0.000000000000000000e+00 2.933009901771582162e-01 7.066236092583335626e-01 0.000000000000000000e+00 0.000000000000000000e+00 -1.477882560448422287e-03 4.464411024378247411e-03 0.000000000000000000e+00 0.000000000000000000e+00 0.000000000000000000e+00 0.000000000000000000e+00 3.373731987835633661e-01 3.056676772285826793e-01 -6.352599877300688265e-03 3.595049574920424970e-03
2.199999999999999734e+00 2.945277210831704563e-05 0.000000000000000000e+00 2.454818459163387034e-01 7.544887013115517682e-01 0.000000000000000000e+00 0.000000000000000000e+00 -1.955185846948219366e-03 1.845913490905592242e-03 0.000000000000000000e+00 0.000000000000000000e+00 0.000000000000000000e+00 0.000000000000000000e+00 2.597778422739445148e-01 3.431162360325611949e-01 -4.649129368598628291e-03 -7.794011040431786819e-04
2.299999999999999822e+00 1.098705185111810366e-05 0.000000000000000000e+00 2.026208330281397407e-01 7.973681799200087461e-01 0.000000000000000000e+00 0.000000000000000000e+00 -1.447888570052402891e-03 3.603397671180887715e-04 0.000000000000000000e+00 0.000000000000000000e+00 0.000000000000000000e+00 0.000000000000000000e+00 1.733094309161023472e-01 3.626668525808070531e-01 -1.883401161001930580e-03 -2.283333025432358280e-03
2.399999999999999911e+00 3.906190566303835643e-06 0.000000000000000000e+00 1.649346562789761328e-01 8.350614375304599157e-01 0.000000000000000000e+00 0.000000000000000000e+00 -7.702794980571767884e-04 -2.257210194836799309e-04 0.000000000000000000e+00 0.000000000000000000e+00 0.000000000000000000e+00 0.000000000000000000e+00 8.378538699768053877e-02 3.615391811043343617e-01 1.034880615826009394e-04 -1.803129695074172367e-03
2.500000000000000000e+00 1.329550776577183179e-06 0.000000000000000000e+00 1.323831488067044315e-01 8.676155216425207595e-01 0.000000000000000000e+00 0.000000000000000000e+00 -2.829005006841320584e-04 -3.098266045731508985e-04 0.000000000000000000e+00 0.000000000000000000e+00 0.000000000000000000e+00 0.000000000000000000e+00 -2.114686796556464188e-03 3.388999875925810534e-01 7.976747499223908484e-04 -7.192737227493850626e-04
2.600000000000000089e+00 4.323316726855521355e-07 0.000000000000000000e+00 1.047679368898421087e-01 8.952316307784846661e-01 0.000000000000000000e+00 0.000000000000000000e+00 -3.699584815940984601e-05 -2.096077738322838695e-04 0.000000000000000000e+00 0.000000000000000000e+00 0.000000000000000000e+00 0.000000000000000000e+00 -7.760279324735425144e-02 2.962589699643504715e-01 6.201249079683205387e-04 5.064349348824605864e-05
2.699999999999999734e+00 1.338898773422125805e-07 0.000000000000000000e+00 8.174842286823323645e-02 9.182514432418881212e-01 0.000000000000000000e+00 0.000000000000000000e+00 4.176483512779457065e-05 -9.595585490508408747e-05 0.000000000000000000e+00 0.000000000000000000e+00 0.000000000000000000e+00 0.000000000000000000e+00 -1.366382348458946294e-01 2.374775774814638085e-01 2.089419156025331130e-04 2.817116653380885788e-04
2.799999999999999822e+00 3.933032779882426275e-08 0.000000000000000000e+00 6.288204576758166242e-02 9.371179149020935073e-01 0.000000000000000000e+00 0.000000000000000000e+00 4.219474227146306777e-05 -2.645537929397194930e-05 0.000000000000000000e+00 0.000000000000000000e+00 0.000000000000000000e+00 0.000000000000000000e+00 -1.748130091915083839e-01 1.684289260358242113e-01 -4.644317771623188325e-05 1.865650603973303934e-04
2.899999999999999911e+00 1.091832580055043098e-08 0.000000000000000000e+00 4.769304442172164066e-02 9.523069446599520260e-01 0.000000000000000000e+00 0.000000000000000000e+00 2.285336284828732494e-05 1.556476833890652575e-06 0.000000000000000000e+00 0.000000000000000000e+00 0.000000000000000000e+00 0.000000000000000000e+00 -1.900989855313400256e-01 9.633687003417058803e-02 -9.423534384579521507e-05 3.995883404817309544e-05
3.000000000000000000e+00 2.918321904239772644e-09 0.000000000000000000e+00 3.565664576828887072e-02 9.643433513133856660e-01 0.000000000000000000e+00 0.000000000000000000e+00 7.774867917380683994e-06 6.773978572064432579e-06 0.000000000000000000e+00 0.000000000000000000e+00 0.000000000000000000e+00 0.000000000000000000e+00 -1.831951540987125093e-01 2.871906303802559610e-02 -4.540113687834913076e-05 -2.854015214660463899e-05
