1.500000000000000000e+00 -1.076928707847606415e-01 -1.350282379548886462e-02 8.015618720940783648e-01
1.551724137931034475e+00 -8.881889629212101622e-02 9.151630842363971119e-03 8.190492710611750882e-01
1.603448275862068950e+00 -6.877111713552527816e-02 2.383851114598433546e-02 8.358744380530082063e-01
1.655172413793103425e+00 -4.954449469715410670e-02 3.162433710910227125e-02 8.519525408441832592e-01
1.706896551724137900e+00 -3.255639014857893143e-02 3.392718195908809437e-02 8.671980181153106093e-01
1.758620689655172376e+00 -1.862019447902204389e-02 3.226878481235767593e-02 8.815363221911783898e-01
1.810344827586206851e+00 -8.037770702148717278e-03 2.810328315577878544e-02 8.949091000707676269e-01
1.862068965517241326e+00 -6.874413704534357294e-04 2.269414598533356017e-02 9.072785594693723032e-01
1.913793103448275801e+00 3.830450532217885215e-03 1.703415157887514311e-02 9.186275314442584605e-01
1.965517241379310276e+00 6.097991200875036745e-03 1.181098338217326585e-02 9.289591654528801534e-01
2.017241379310344751e+00 6.718354411612997325e-03 7.432397960532987659e-03 9.382945077169052572e-01
2.068965517241379448e+00 6.272862195943108669e-03 4.053078933358845830e-03 9.466695967795174527e-01
2.120689655172413701e+00 5.250796828822465803e-03 1.667892199809356372e-03 9.541320259067342935e-01
2.172413793103448398e+00 4.017154308892278286e-03 1.576171434645003491e-04 9.607381678559800964e-01
2.224137931034482651e+00 2.824689728341010352e-03 -6.692902386986217516e-04 9.665500216080362694e-01
2.275862068965517349e+00 1.805128761177780339e-03 -1.008565361407701838e-03 9.716326863443316419e-01
2.327586206896551602e+00 1.034018782803051376e-03 -1.034037539847139885e-03 9.760521841537685983e-01
2.379310344827586299e+00 4.921631041685342557e-04 -8.910558429131479980e-04 9.798738202046320955e-01
2.431034482758620552e+00 1.498760976379586037e-04 -6.844794435558333289e-04 9.831607373144352069e-01
2.482758620689655249e+00 -3.570415186176172746e-05 -4.766469550510090379e-04 9.859729570150547184e-01
2.534482758620689502e+00 -1.153867316124773429e-04 -3.034867345503492581e-04 9.883667231528542318e-01
2.586206896551724199e+00 -1.322252526563893831e-04 -1.676897957680311682e-04 9.903940766254387684e-01
2.637931034482758896e+00 -1.133819173286333871e-04 -8.060452047747615717e-05 9.921025925620069463e-01
2.689655172413793149e+00 -8.624149767884563397e-05 -2.744419270049172968e-05 9.935353771124363353e-01
2.741379310344827402e+00 -5.463619205691072264e-05 3.987387483252204643e-06 9.947311184379312721e-01
2.793103448275862100e+00 -3.274736657249542485e-05 1.108318361927944804e-05 9.957242455870135567e-01
2.844827586206896797e+00 -1.750517740223592631e-05 1.470230920732670048e-05 9.965451519748497189e-01
2.896551724137931050e+00 -7.655622056700150219e-06 5.550724191664057994e-06 9.972204942948861284e-01
2.948275862068965303e+00 -2.567744311764506855e-06 9.919302928220544169e-06 9.977734601218759547e-01
3.000000000000000000e+00 -2.682911921558062695e-06 3.962593279390321939e-06 9.982241021281978988e-01
