1.500000000000000000e+00 -1.013758737877933913e-01 -4.132766811119596012e-02 9.205983617748074721e-01
1.551724137931034475e+00 -8.814169100540354684e-02 -1.440620586388953808e-02 9.291208877147131284e-01
1.603448275862068950e+00 -7.207247978399915211e-02 4.887326150504231470e-03 9.367275180722192118e-01
1.655172413793103425e+00 -5.530381696071971775e-02 1.721442711816347296e-02 9.435724648796279812e-01
1.706896551724137900e+00 -3.948338826745351887e-02 2.367195678633648992e-02 9.497682747913626100e-01
1.758620689655172376e+00 -2.571360172174807363e-02 2.557030160475763647e-02 9.553968584524080709e-01
1.810344827586206851e+00 -1.459786573171527845e-02 2.425485736749172921e-02 9.605175488106921788e-01
1.862068965517241326e+00 -6.291322015828096012e-03 2.096739955335026606e-02 9.651746391583486684e-01
1.913793103448275801e+00 -6.297517092172730258e-04 1.675889361515910114e-02 9.694019739554710080e-01
1.965517241379310276e+00 2.782715891490721363e-03 1.242187196510209299e-02 9.732275643011157884e-01
2.017241379310344751e+00 4.426559793816037258e-03 8.475691863553857369e-03 9.766763415368736601e-01
2.068965517241379448e+00 4.830794862746368504e-03 5.224113200136204331e-03 9.797712434143415194e-01
2.120689655172413701e+00 4.450523920568921071e-03 2.765841713221734062e-03 9.825350543990692964e-01
2.172413793103448398e+00 3.664103372551145033e-03 1.070017952811134175e-03 9.849903832089457190e-01
2.224137931034482651e+00 2.752554395071534887e-03 2.710332425661645880e-05 9.871600131418976076e-01
2.275862068965517349e+00 1.892579091296320249e-03 -5.229779689250159489e-04 9.890668088207337227e-01
2.327586206896551602e+00 1.180414337324374018e-03 -7.200883572164785322e-04 9.907334940697181125e-01
2.379310344827586299e+00 6.479035585432097507e-04 -7.142699410199048089e-04 9.921823562644720429e-01
2.431034482758620552e+00 2.880873749063870442e-04 -5.984356061008279729e-04 9.934350565969785052e-01
2.482758620689655249e+00 7.180638260018552517e-05 -4.451191439618994812e-04 9.945123180337106517e-01
2.534482758620689502e+00 -3.891377477542519751e-05 -3.015276561488128022e-04 9.954338003427800619e-01
2.586206896551724199e+00 -8.559248172492962988e-05 -1.838495358686417043e-04 9.962178632476608175e-01
2.637931034482758896e+00 -9.042812829819504785e-05 -1.002951924907590918e-04 9.968815200128037235e-01
2.689655172413793149e+00 -7.345003642181365444e-05 -4.338146129968439493e-05 9.974403571493525300e-01
2.741379310344827402e+00 -5.064036720405941231e-05 -1.191074647273563389e-05 9.979085203711811625e-01
2.793103448275862100e+00 -3.269104569131996575e-05 1.735544892593247847e-06 9.982987354733571239e-01
2.844827586206896797e+00 -1.909702707403255744e-05 8.332956995921238591e-06 9.986223443044583981e-01
2.896551724137931050e+00 -8.769308298013507079e-06 7.128239104644200924e-06 9.988893767724422723e-01
2.948275862068965303e+00 -6.658117878203547620e-06 4.546049485455251421e-06 9.991086354020393134e-01
3.000000000000000000e+00 -9.380106137201893598e-07 4.843251959365463139e-06 9.992877817857601652e-01
