1.500000000000000000e+00 -1.130668392051040333e-01 2.151842370012762087e-02 6.286288665422306021e-01
1.551724137931034475e+00 -8.765213311188711776e-02 3.973901784454941799e-02 6.509345155527515026e-01
1.603448275862068950e+00 -6.269428628453550811e-02 4.925086629592351217e-02 6.741888770494893768e-01
1.655172413793103425e+00 -4.021346238378577936e-02 5.158382636457453652e-02 6.980614330320078498e-01
1.706896551724137900e+00 -2.150046444108342017e-02 4.857589872051336355e-02 7.222013052685449797e-01
1.758620689655172376e+00 -7.161375126521228596e-03 4.210126151890059010e-02 7.462573291887617533e-01
1.810344827586206851e+00 2.798292117992779576e-03 3.385340229984205862e-02 7.698985633665627049e-01
1.862068965517241326e+00 8.821480941860042682e-03 2.522897651903706698e-02 7.928253281268441421e-01
1.913793103448275801e+00 1.162383985988092380e-02 1.725200857072850882e-02 8.147807841501685244e-01
1.965517241379310276e+00 1.205892439635035916e-02 1.053360103660164887e-02 8.355567339116238834e-01
2.017241379310344751e+00 1.094585816459010819e-02 5.359176689578333021e-03 8.549947326282600901e-01
2.068965517241379448e+00 9.006700539908606834e-03 1.726381469203583895e-03 8.729863014940272281e-01
2.120689655172413701e+00 6.801888591813793142e-03 -5.422012277049763698e-04 8.894698256073206855e-01
2.172413793103448398e+00 4.709007890813468426e-03 -1.729533276562719886e-03 9.044255424762231987e-01
2.224137931034482651e+00 2.953385479481950016e-03 -2.138069219054529110e-03 9.178701947048996113e-01
2.275862068965517349e+00 1.615311530541186855e-03 -2.058008488459563221e-03 9.298504004464636097e-01
2.327586206896551602e+00 7.002232687911198218e-04 -1.716276253522396305e-03 9.404363629228461585e-01
2.379310344827586299e+00 1.339636611735503351e-04 -1.295251419941512204e-03 9.497155054328978441e-01
2.431034482758620552e+00 -1.694677683617832383e-04 -8.841050555376400721e-04 9.577870264054957339e-01
2.482758620689655249e+00 -2.850643876422864005e-04 -5.440634172110155303e-04 9.647566212343782199e-01
2.534482758620689502e+00 -2.895526278616374050e-04 -2.984247340042182331e-04 9.707325208523269744e-01
2.586206896551724199e+00 -2.412657609631713564e-04 -1.316997224073170590e-04 9.758218444390707180e-01
2.637931034482758896e+00 -1.802008024681833634e-04 -3.811393580853743789e-05 9.801279745042037472e-01
2.689655172413793149e+00 -1.186012809835568953e-04 1.152508091059957268e-05 9.837486699077010455e-01
2.741379310344827402e+00 -6.635601707852129536e-05 3.112865135249706894e-05 9.867746286479650575e-01
2.793103448275862100e+00 -3.287393738254699939e-05 2.878232548002669574e-05 9.892888110408064595e-01
2.844827586206896797e+00 -1.443918807166102303e-05 2.794746878460594019e-05 9.913659124247521381e-01
2.896551724137931050e+00 -3.428645413487519948e-06 1.479922430313552556e-05 9.930724817720205655e-01
2.948275862068965303e+00 3.997518012543828146e-06 1.012815976434502534e-05 9.944671243311166142e-01
3.000000000000000000e+00 2.268017926622775201e-06 3.998066812302299484e-06 9.956008982737484247e-01
