1.000000000000000000e+00 4.092816775953843633e-01 -3.649673852011782182e-01 8.357837821768192565e-01
1.050847457627118731e+00 3.052334428660229970e-01 -3.773251695370753445e-01 8.740974389682425461e-01
1.101694915254237239e+00 2.080326354723236182e-01 -3.712698645710277856e-01 9.048014701518651837e-01
1.152542372881355970e+00 1.214445255058290984e-01 -3.493797445574277627e-01 9.290195192438134297e-01
1.203389830508474478e+00 4.819901064619747100e-02 -3.150456195303901752e-01 9.478246194202005759e-01
1.254237288135593209e+00 -1.012614425038873070e-02 -2.721360385881721466e-01 9.621932009137716957e-01
1.305084745762711940e+00 -5.310756253838889995e-02 -2.245887651300390586e-01 9.730000204697077937e-01
1.355932203389830448e+00 -8.138618235608396922e-02 -1.760898765330012328e-01 9.810016473425746675e-01
1.406779661016949179e+00 -9.649880495907529887e-02 -1.298174597325059132e-01 9.868300799763365383e-01
1.457627118644067910e+00 -1.005922145185036282e-01 -8.822785036729445529e-02 9.910077408138453503e-01
1.508474576271186418e+00 -9.617927304871004557e-02 -5.297612561467898024e-02 9.939531198531541545e-01
1.559322033898305149e+00 -8.584778440056135829e-02 -2.487249187521359262e-02 9.959976971960519121e-01
1.610169491525423879e+00 -7.205865598974403596e-02 -4.036744326511208791e-03 9.973922066396367914e-01
1.661016949152542388e+00 -5.692264428425750089e-02 1.003809502470792703e-02 9.983281189134995959e-01
1.711864406779661119e+00 -4.211543892926626620e-02 1.827000078265713506e-02 9.989456892448402847e-01
1.762711864406779849e+00 -2.882693928467772171e-02 2.183325521546565506e-02 9.993459425821350495e-01
1.813559322033898358e+00 -1.775085745574832979e-02 2.196505076178952368e-02 9.996011412959239228e-01
1.864406779661016866e+00 -9.172765571795282388e-03 1.984685221705542735e-02 9.997609522487995726e-01
1.915254237288135597e+00 -3.043277760590518133e-03 1.650295236445393013e-02 9.998591853576715982e-01
1.966101694915254328e+00 9.111932948835544527e-04 1.272713015731108052e-02 9.999185914765851280e-01
2.016949152542372836e+00 3.108143188640160627e-03 9.099637896632746178e-03 9.999537668185342065e-01
2.067796610169491345e+00 3.993400635308558613e-03 5.962052089648332831e-03 9.999742529628184995e-01
2.118644067796610297e+00 3.998959637747845700e-03 3.483423938396093718e-03 9.999859369259420649e-01
2.169491525423728806e+00 3.500178298693626313e-03 1.682305077326845706e-03 9.999924592706306292e-01
2.220338983050847759e+00 2.772173182118715246e-03 4.957202732434949459e-04 9.999960346481649998e-01
2.271186440677966267e+00 2.006233551386643003e-03 -1.939395241508990765e-04 9.999979687066351541e-01
2.322033898305084776e+00 1.330317513948515388e-03 -5.193505881130018945e-04 9.999989802737171418e-01
2.372881355932203284e+00 7.986908366795221178e-04 -6.113828135936192829e-04 9.999994941593653985e-01
2.423728813559322237e+00 4.122653567890170430e-04 -5.594599110197474856e-04 9.999997585265835154e-01
2.474576271186440746e+00 1.633974873388250779e-04 -4.482373808669110732e-04 9.999998861974234154e-01
2.525423728813559698e+00 2.243697760881104225e-05 -3.218705670819807453e-04 9.999999479534459335e-01
2.576271186440678207e+00 -4.830082629726526540e-05 -2.130116284819618235e-04 9.999999761517759378e-01
2.627118644067796716e+00 -7.348582602253389345e-05 -1.233681162923556571e-04 9.999999896951961009e-01
2.677966101694915224e+00 -7.151707363147057658e-05 -6.405131797462414352e-05 9.999999953974476607e-01
2.728813559322033733e+00 -5.216669108282862634e-05 -2.684140760873131963e-05 9.999999982861682568e-01
2.779661016949152685e+00 -3.548273984774115994e-05 -4.729332416829761562e-06 9.999999993658590380e-01
2.830508474576271194e+00 -2.075529208581087747e-05 4.240312062541258929e-06 9.999999997816766406e-01
2.881355932203390147e+00 -1.278756467818887666e-05 4.078192504772036752e-06 9.999999999171284015e-01
2.932203389830508655e+00 -7.846370138895171365e-06 4.569028043303734136e-06 9.999999999648716553e-01
2.983050847457627164e+00 -3.068167914730566745e-06 1.177524706871154113e-06 1.000000000001038503e+00
3.033898305084745672e+00 -2.201851499760336555e-06 -3.557791458637316681e-07 1.000000000003705702e+00
3.084745762711864625e+00 -4.403223940706911102e-07 1.142460241084039805e-06 1.000000000006010525e+00
3.135593220338983134e+00 8.973259528562611418e-08 -8.641657577299107395e-07 1.000000000007023715e+00
3.186440677966101642e+00 2.670313361465684688e-07 -1.332685774434200339e-06 1.000000000004696687e+00
3.237288135593220595e+00 -1.553797656093217694e-06 -1.813734300226185759e-07 1.000000000005351941e+00
3.288135593220339103e+00 -1.640010809594733493e-06 -1.002614146613007280e-06 1.000000000004796830e+00
3.338983050847457612e+00 1.364731612971341957e-06 2.772530166143426903e-06 1.000000000002797984e+00
3.389830508474576565e+00 5.165013875257190470e-07 1.305259725168737577e-06 1.000000000006282530e+00
3.440677966101695073e+00 3.490877372953913660e-06 4.467662901787520002e-06 9.999999999925095473e-01
3.491525423728813582e+00 3.371290334905598607e-06 3.358513119192904508e-06 9.999999999965454300e-01
3.542372881355932535e+00 -1.241403123761772396e-06 -2.352677438628831375e-06 1.000000000004751310e+00
3.593220338983051043e+00 1.826711215311970642e-06 -1.859044764061851907e-06 1.000000000005134337e+00
3.644067796610169552e+00 -3.386297689872219964e-07 5.303764199357095100e-07 1.000000000004775291e+00
3.694915254237288504e+00 3.388817303138393581e-06 -3.897681167776868070e-07 1.000000000001533218e+00
3.745762711864407013e+00 -1.272454800034841466e-06 -3.779599811712077139e-07 1.000000000007760903e+00
3.796610169491525522e+00 3.287627473077365981e-07 -1.298321101725149583e-07 1.000000000009383827e+00
3.847457627118644474e+00 -1.276072140719907594e-06 3.442715163090699795e-07 1.000000000009367396e+00
3.898305084745762983e+00 2.944986971325957793e-06 1.694088551271620897e-06 1.000000000005161871e+00
3.949152542372881491e+00 6.302030397510283580e-07 -1.148381552176093579e-06 1.000000000011631363e+00
4.000000000000000000e+00 1.514096297728143032e-06 1.908121832131750037e-06 1.000000000008830714e+00
