1.000000000000000056e-01 7.991046453433464647e-02 8.741273157092672996e-03 -9.779477929167683659e-01
2.000000000000000111e-01 8.824885722342657238e-03 1.103900496065418450e-03 -9.141844580163380751e-01
2.999999999999999889e-01 1.059334443374860526e-04 1.612140042122249615e-05 -8.155260304999184529e-01
4.000000000000000222e-01 1.636806996082146697e-07 3.146045285872675023e-08 -6.921907129933504432e-01
5.000000000000000000e-01 3.428797141853282386e-11 8.493543883442435544e-12 -5.563108770031544026e-01
5.999999999999999778e-01 -1.803446669637322734e-15 -3.164441908055862804e-15 -4.202538447725593374e-01
6.999999999999999556e-01 1.568848541393935619e-16 -1.326319597938666121e-15 -2.950314045107257366e-01
7.999999999999999334e-01 -6.644783273079338731e-16 -1.083278410381190619e-15 -1.890777595453915216e-01
8.999999999999999112e-01 6.081213207717019165e-17 -5.263308285812680403e-16 -1.075120918263291203e-01
9.999999999999998890e-01 -2.089607800366467355e-16 -3.554641059732504484e-17 -5.200044691539208730e-02
1.099999999999999867e+00 -6.465447259412213710e-18 -4.003470684640249525e-17 -2.110863047364893233e-02
1.199999999999999956e+00 -9.540822334135170631e-18 -3.055713210756338953e-17 -1.104054659190851530e-02
1.300000000000000044e+00 1.631996776367501874e-17 -1.211046492595375223e-16 -1.657256177297652955e-02
1.399999999999999911e+00 1.735832983272158466e-17 -1.367084291711147266e-16 -3.199818898406226603e-02
1.500000000000000000e+00 -7.044060045756805161e-17 -1.818094924926836431e-16 -5.194261309131539134e-02
1.599999999999999867e+00 -1.393455008830590896e-16 -2.202117458797836466e-16 -7.194531157259738408e-02
1.699999999999999956e+00 -1.515467429643810290e-16 -3.200659603296121975e-16 -8.877717312557940887e-02
1.800000000000000044e+00 -6.080531780126433520e-18 -5.171285978095612858e-16 -1.005132129997344109e-01
1.899999999999999911e+00 -2.851325922736360795e-17 -4.068464798881247691e-16 -1.064101960976561456e-01
2.000000000000000000e+00 -3.123303312281706197e-17 -3.070331256550323397e-16 -1.066633017641619580e-01
2.099999999999999645e+00 1.194709274981841431e-17 -3.359038633110291194e-16 -1.021052391106784252e-01
2.199999999999999734e+00 3.670047035345893901e-17 -3.507989734745890727e-16 -9.391513205909976514e-02
2.299999999999999822e+00 -6.080340440538228784e-17 -2.356256884676219458e-16 -8.337118717778084498e-02
2.399999999999999911e+00 -1.124313827813772874e-17 -2.378331233224687868e-16 -7.166681871448844776e-02
2.500000000000000000e+00 2.646506827277398751e-17 -3.454092284226685441e-16 -5.979993349941360725e-02
2.600000000000000089e+00 2.640469315351068484e-18 -2.167418633525319471e-16 -4.851976550758494572e-02
2.699999999999999734e+00 -2.546563881114899089e-17 -1.213468740921349261e-16 -3.832300552484087242e-02
2.799999999999999822e+00 -2.595295129033101301e-18 -1.069156981647096486e-16 -2.948263127374915402e-02
2.899999999999999911e+00 -1.563517149498842817e-18 -8.701721000447103326e-17 -2.208946242588059883e-02
3.000000000000000000e+00 -1.630434753588884930e-18 -4.929063122187505570e-17 -1.610369391683495049e-02
