1.000000000000000056e-01 -5.595045835381139837e-02 7.644420795666392876e-02 -9.692799607409571250e-01
2.000000000000000111e-01 -6.284562819447972633e-03 8.306095577317746878e-03 -8.808060822333948492e-01
2.999999999999999889e-01 -7.763012693643419682e-05 9.689581604264323536e-05 -7.450402901521790966e-01
4.000000000000000222e-01 -1.249523984011195798e-07 1.433283697196372993e-07 -5.775448275266221732e-01
5.000000000000000000e-01 -2.762927795494269255e-11 2.818320177469646422e-11 -3.965675983311579555e-01
5.999999999999999778e-01 -1.539869703108480530e-15 -5.035760931358861856e-16 -2.203590914271219559e-01
6.999999999999999556e-01 -4.460857978004278982e-16 -2.749042450051682863e-16 -6.470663387761484142e-02
7.999999999999999334e-01 2.159039376554855926e-16 4.265184259367604073e-16 5.890868168727854404e-02
8.999999999999999112e-01 7.691790012776981779e-16 -2.601588214704292199e-16 1.442693519224443610e-01
9.999999999999998890e-01 -2.773812914924046397e-17 1.174090962482092007e-15 1.904684295960430152e-01
1.099999999999999867e+00 3.279904504175054710e-16 7.429853766932890594e-16 2.011566616897893789e-01
1.199999999999999956e+00 -6.783806848463637337e-17 7.578275397849008821e-16 1.832513363845481302e-01
1.300000000000000044e+00 4.505085719138014633e-16 3.949747577132473628e-17 1.454178965247959754e-01
1.399999999999999911e+00 4.004245136866026212e-17 3.035269379200915880e-16 9.660959790482530340e-02
1.500000000000000000e+00 -2.888919106072283790e-17 2.658601125908602344e-16 4.488295899217202567e-02
1.599999999999999867e+00 -2.043786784280393384e-18 -2.195130776313577757e-17 -3.382243743905427764e-03
1.699999999999999956e+00 -5.703249322940265348e-17 -3.715071045275286100e-17 -4.384427806479788969e-02
1.800000000000000044e+00 -7.088948157073642161e-17 -1.610064431722779641e-16 -7.418831193531007229e-02
1.899999999999999911e+00 -1.415357507761976213e-17 -3.927257961692693961e-16 -9.384979500263093688e-02
2.000000000000000000e+00 1.531811195338142558e-17 -5.298437571485690350e-16 -1.035815322632501756e-01
2.099999999999999645e+00 2.673399652318300019e-17 -5.441644747856566649e-16 -1.049793596136970042e-01
2.199999999999999734e+00 -2.513265062263230637e-17 -2.180881762761098098e-16 -1.000421874235780800e-01
2.299999999999999822e+00 -9.391704715006437877e-17 -1.414301079368250633e-16 -9.082026855548318289e-02
2.399999999999999911e+00 -4.697800010566891428e-17 -2.319811727906818435e-16 -7.916912166383037464e-02
2.500000000000000000e+00 -3.191339923500946031e-17 -2.289092114596678889e-16 -6.661019358720624006e-02
2.600000000000000089e+00 -1.153271998226137607e-17 -1.532592328368158383e-16 -5.427567056568398385e-02
2.699999999999999734e+00 -1.367158549809570891e-17 -1.670053205424635843e-16 -4.292464670544612199e-02
2.799999999999999822e+00 -8.671842475949059662e-18 -8.272433464194934678e-17 -3.298780174462073028e-02
2.899999999999999911e+00 -3.598361129745681627e-18 -9.682413128483710503e-17 -2.464135434497403965e-02
3.000000000000000000e+00 2.987126431672757847e-18 -7.906210926810085395e-17 -1.787768113013914889e-02
