1.000000000000000056e-01 5.333414760009188432e-02 -4.951227661631430604e-02 -9.819479624998408429e-01
2.000000000000000111e-01 5.995564711228387050e-03 -5.406859171355114964e-03 -9.296087590496877606e-01
2.999999999999999889e-01 7.415681580624899753e-05 -6.363683026713753792e-05 -8.481724689347356350e-01
4.000000000000000222e-01 1.195695297865853311e-07 -9.542742807123773625e-08 -7.454569916180753264e-01
5.000000000000000000e-01 2.649339808861560117e-11 -1.914729464702644115e-11 -6.308309867779325897e-01
5.999999999999999778e-01 1.584248577309751713e-15 -9.345179099354388636e-16 -5.139621336583706235e-01
6.999999999999999556e-01 -1.816110804517151497e-16 -2.543779710074529353e-15 -4.036351955082500553e-01
7.999999999999999334e-01 2.633005602060657592e-16 -1.095209934454512065e-15 -3.067927642866156157e-01
8.999999999999999112e-01 -1.412351303562023248e-15 -3.557319479724011770e-16 -2.279463980463158623e-01
9.999999999999998890e-01 -3.807476483620769139e-16 -7.375388811345206775e-16 -1.689878004561864433e-01
1.099999999999999867e+00 -1.533896347409571892e-16 -4.628883883880856130e-16 -1.293991966747701228e-01
1.199999999999999956e+00 7.568486172814102319e-18 -4.811072307664894488e-16 -1.067552176052872642e-01
1.300000000000000044e+00 -2.448940150912374715e-16 -6.210908268199657597e-17 -9.739273537360138011e-02
1.399999999999999911e+00 2.408860357134882331e-16 -6.170476051705171909e-16 -9.712255587054327566e-02
1.500000000000000000e+00 -6.470779587247744743e-17 -3.935944448487175215e-16 -1.018618130163677499e-01
1.599999999999999867e+00 -2.764422736110608093e-17 -6.820884126497113990e-16 -1.081136547589659630e-01
1.699999999999999956e+00 9.592742039989970798e-17 -4.582489692253668811e-16 -1.132465127346495015e-01
1.800000000000000044e+00 -1.063122503543063838e-16 -3.273453580920120870e-16 -1.155927172765090355e-01
1.899999999999999911e+00 -1.801731958043147149e-17 -5.726780477741522640e-16 -1.143907546402792436e-01
2.000000000000000000e+00 3.130153107513980364e-17 -5.406872964002406396e-16 -1.096192221591672095e-01
2.099999999999999645e+00 1.404475429568461499e-17 -4.864764187524753691e-16 -1.017806245649393038e-01
2.199999999999999734e+00 -1.775827923989263975e-17 -1.661278980398296546e-16 -9.168004240207480726e-02
2.299999999999999822e+00 1.775539347029966387e-17 -3.504338252435054938e-16 -8.023050735002386358e-02
2.399999999999999911e+00 -3.254513181565085860e-17 -1.893019946097906683e-16 -6.830370000834262711e-02
2.500000000000000000e+00 -3.093201042292234560e-17 -2.653059838648748118e-16 -5.663598244515723190e-02
2.600000000000000089e+00 -7.833434571761498996e-18 -1.596086741178323420e-16 -4.577868495218821027e-02
2.699999999999999734e+00 -2.741856492789527519e-17 -1.370379364408507765e-16 -3.609082918138051266e-02
2.799999999999999822e+00 -1.285242761000244617e-17 -5.632539653094842170e-17 -2.775653911960895490e-02
2.899999999999999911e+00 7.309582083421350010e-18 -8.825898388162261445e-17 -2.081706500747571714e-02
3.000000000000000000e+00 2.483418185885107446e-18 -5.615596342069446124e-17 -1.520953460203899356e-02
