1.000000000000000056e-01 -4.740448659174361506e-02 -1.009129146274989064e-01 -9.572343188469838449e-01
2.000000000000000111e-01 -5.289655635818377860e-03 -1.093521017522389692e-02 -8.344923413223718223e-01
2.999999999999999889e-01 -6.463047217722345066e-05 -1.269553233701196287e-04 -6.474858656370255927e-01
4.000000000000000222e-01 -1.024610965899704494e-07 -1.863929341192038126e-07 -4.194332966564039977e-01
5.000000000000000000e-01 -2.222251364146929652e-11 -3.624012310476548348e-11 -1.772660819155811585e-01
5.999999999999999778e-01 -1.276789654049322078e-15 -4.948108205616829650e-16 5.253820983583026155e-02
6.999999999999999556e-01 -3.816516178208132664e-16 -3.642357852171099511e-16 2.476775982769360840e-01
7.999999999999999334e-01 -2.357484946075587683e-16 1.929167349260800090e-15 3.927006041247327328e-01
8.999999999999999112e-01 -2.607135666854646294e-15 -9.641174940265717078e-16 4.802496474570616680e-01
9.999999999999998890e-01 -7.177595081948790164e-16 1.906625999035859636e-15 5.108729708013007853e-01
1.099999999999999867e+00 -5.344234110316076960e-16 3.849471433215856119e-16 4.916402835844129182e-01
1.199999999999999956e+00 -1.001426048751325982e-16 9.377676449331683759e-16 4.340218356805296551e-01
1.300000000000000044e+00 -3.824803281320959467e-16 5.570935826643012791e-16 3.515236127739584937e-01
1.399999999999999911e+00 -4.786634061481230020e-16 -5.672848957659538896e-17 2.575153221122188918e-01
1.500000000000000000e+00 -1.196616900714382055e-16 6.161891399975873844e-16 1.635749807457847760e-01
1.599999999999999867e+00 -1.050697464765686255e-16 1.112142610075979913e-16 7.847338543476387041e-02
1.699999999999999956e+00 -4.092050127203651216e-18 1.887901940585739345e-17 7.815577736959981522e-03
1.800000000000000044e+00 8.605601874573697257e-18 -1.736280951725113282e-16 -4.579663580958041186e-02
1.899999999999999911e+00 4.392145942559528556e-17 -2.031793907115781168e-16 -8.223426603160172155e-02
2.000000000000000000e+00 1.979338625702679155e-17 -3.478807259001006588e-16 -1.031494074203303246e-01
2.099999999999999645e+00 1.655454833224044644e-17 -6.321610347631721354e-16 -1.112484693685004272e-01
2.199999999999999734e+00 -1.411088985038457873e-17 -4.199044206223833704e-16 -1.096660143814734284e-01
2.299999999999999822e+00 3.936544438448077052e-17 -1.983834300018903127e-16 -1.014825721614864285e-01
2.399999999999999911e+00 4.976728374234719414e-17 -3.233928714930914232e-16 -8.940882453917094186e-02
2.500000000000000000e+00 -1.113046762237046779e-17 -3.190365854517582830e-16 -7.562172746972668780e-02
2.600000000000000089e+00 -2.391708544147001117e-19 -1.864527253949261086e-16 -6.172147459758121207e-02
2.699999999999999734e+00 6.135751062058777767e-18 -1.521064522872316594e-16 -4.876829652797334824e-02
2.799999999999999822e+00 -6.671934809726224041e-18 -1.922481537913783727e-16 -3.737081336907521756e-02
2.899999999999999911e+00 4.898425217480045487e-18 -7.530773494525931335e-17 -2.778926259381535660e-02
3.000000000000000000e+00 -2.433252626266881921e-19 -6.382818720861080513e-17 -2.003945688734295669e-02
