1.000000000000000056e-01 -3.129365619595520995e-03 1.013600044161816899e-01 -9.647331434803289030e-01
2.000000000000000111e-01 -1.756726691259500499e-04 1.111070672164813332e-02 -8.633161972677130258e-01
2.999999999999999889e-01 1.405900213730981163e-06 1.316649468769704183e-04 -7.081716791841697889e-01
4.000000000000000222e-01 1.017679363890663810e-08 1.995798595331233137e-07 -5.177253528008310957e-01
5.000000000000000000e-01 4.446372607089401172e-12 4.070430423249534016e-11 -3.134828958619145789e-01
5.999999999999999778e-01 1.647153237882180391e-16 5.629886310160048768e-16 -1.167959817057424576e-01
6.999999999999999556e-01 -2.036101510823482153e-16 1.347671917451470920e-16 5.407708591621596811e-02
7.999999999999999334e-01 -6.907410537416219680e-16 7.672234359731063153e-16 1.861217784006107268e-01
8.999999999999999112e-01 -1.125576669637147894e-15 -1.317148056638789574e-16 2.726484605251615068e-01
9.999999999999998890e-01 6.282238161390564596e-17 1.930670018600217077e-15 3.132554199962678809e-01
1.099999999999999867e+00 -6.227097916025471190e-16 7.804288365664948951e-16 3.128424940494155537e-01
1.199999999999999956e+00 2.269188084695822482e-16 1.489272904068807790e-15 2.800252363197364147e-01
1.300000000000000044e+00 -4.820782090581553615e-16 -2.614087510259809266e-16 2.252916850804188853e-01
1.399999999999999911e+00 1.254907940337773454e-17 5.322912647567172557e-16 1.592747693465188519e-01
1.500000000000000000e+00 -1.123494533029465752e-16 2.815679446762953976e-16 9.138533224361052032e-02
1.599999999999999867e+00 -1.891501660192439454e-17 1.352281204647301114e-16 2.893633835705712934e-02
1.699999999999999956e+00 8.329117816060771861e-19 -8.094261350651225149e-17 -2.322026516127271775e-02
1.800000000000000044e+00 2.081597304598482541e-17 -2.744222247548291046e-16 -6.263506942408444966e-02
1.899999999999999911e+00 2.573981107571229200e-17 -3.827163648040484287e-16 -8.888605205729595282e-02
2.000000000000000000e+00 8.869331588448047325e-17 -2.236732330221881068e-16 -1.030527382662776159e-01
2.099999999999999645e+00 9.073601364954558864e-17 -2.798957497592422139e-16 -1.071465395621280098e-01
2.199999999999999734e+00 -6.946862755006808177e-18 -1.977184847464324583e-16 -1.035956916557874835e-01
2.299999999999999822e+00 4.714671105710945704e-17 -2.912236340614592099e-16 -9.484571510497927238e-02
2.399999999999999911e+00 1.288693311838764056e-17 -3.903140165674710489e-16 -8.308218490738039641e-02
2.500000000000000000e+00 -1.913580768031377788e-17 -3.923300014720789456e-16 -7.008202867280856341e-02
2.600000000000000089e+00 8.953646317034194229e-18 -1.661714038852949355e-16 -5.716260188546241211e-02
2.699999999999999734e+00 1.563794031649104865e-17 -1.374142729135602983e-16 -4.520181940930932674e-02
2.799999999999999822e+00 2.342006677637968388e-18 -1.417567952325685900e-16 -3.470336157823026429e-02
2.899999999999999911e+00 -7.698927372803901215e-19 -1.416287502344696994e-16 -2.587822646186780859e-02
3.000000000000000000e+00 7.571823903786951847e-19 -8.245726567424792031e-17 -1.873043461364349085e-02
