1.000000000000000056e-01 -9.665680845838260649e-02 -2.962890821890951099e-02 -9.649531646484716951e-01
2.000000000000000111e-01 -1.054288948074820834e-02 -3.406955014820620131e-03 -8.641624367982591037e-01
2.999999999999999889e-01 -1.238469368755753489e-04 -4.368962198561125764e-05 -7.099545029299652033e-01
4.000000000000000222e-01 -1.852158981540147927e-07 -7.387570942900385328e-08 -5.206160566903387243e-01
5.000000000000000000e-01 -3.703564989058450839e-11 -1.732382167575780220e-11 -3.174949442549466205e-01
5.999999999999999778e-01 -1.420467862594147173e-15 -5.570100832011873359e-16 -1.217904497690234372e-01
6.999999999999999556e-01 2.600610808211324478e-16 6.513992602128826738e-17 4.835434201172679469e-02
7.999999999999999334e-01 -3.641752228061444982e-16 4.783332020651753721e-16 1.800020430203374266e-01
8.999999999999999112e-01 1.412087910748355084e-15 1.137238874530869076e-15 2.664833280855741227e-01
9.999999999999998890e-01 5.896837423868790875e-16 1.050228016014060450e-15 3.073688604226778587e-01
1.099999999999999867e+00 6.074905544767601335e-16 2.936167392777976655e-16 3.074994151238437112e-01
1.199999999999999956e+00 1.718236216160294023e-16 4.766180871817757702e-16 2.754072860781359156e-01
1.300000000000000044e+00 7.067723966903826921e-16 3.822157271363239866e-16 2.214903421471885736e-01
1.399999999999999911e+00 3.004115604250781914e-16 5.843234473442818820e-16 1.563019613495816584e-01
1.500000000000000000e+00 4.614981135571796035e-17 5.096500417664436683e-16 8.918804540391762903e-02
1.599999999999999867e+00 4.655360754164919060e-17 5.407690482194816320e-17 2.741706467643820547e-02
1.699999999999999956e+00 -3.136805095999709108e-17 -7.158566243879792782e-17 -2.418321453270658172e-02
1.800000000000000044e+00 -5.419038439000510576e-17 -2.409355096405766268e-16 -6.316778197872371936e-02
1.899999999999999911e+00 3.928313346796166847e-18 -3.609820189683527857e-16 -8.910777151102179661e-02
2.000000000000000000e+00 -7.470191344709963515e-17 -2.058631507806005269e-16 -1.030664041035074530e-01
2.099999999999999645e+00 -6.125142690800524884e-17 -2.144970912023055345e-16 -1.070346545520998865e-01
2.199999999999999734e+00 1.191940527280467228e-17 -4.304005952941826436e-16 -1.034207976338622492e-01
2.299999999999999822e+00 -5.539328706198721191e-17 -1.472143778136802153e-16 -9.465053925476898944e-02
2.399999999999999911e+00 9.036138277148872445e-19 -2.294002905777103892e-16 -8.289400329322253735e-02
2.500000000000000000e+00 -1.333279573314579320e-17 -3.381648874804071742e-16 -6.991594119982653954e-02
2.600000000000000089e+00 -7.115744494665894014e-18 -1.494605737503086538e-16 -5.702479660221302510e-02
2.699999999999999734e+00 -1.596833637658647685e-17 -9.469448559976118161e-17 -4.509366904321349817e-02
2.799999999999999822e+00 8.506039694647528175e-19 -1.401347617608205455e-16 -3.462183499804035586e-02
2.899999999999999911e+00 -2.824195074183173840e-18 -7.918634768347175605e-17 -2.582001355419086958e-02
3.000000000000000000e+00 -4.885539171018562489e-18 -3.213695816683841748e-17 -1.869037657496972968e-02
