1.000000000000000056e-01 9.867413908277723744e-02 -4.104170502798504261e-02 -9.607675115497804619e-01
2.000000000000000111e-01 1.071826289559947229e-02 -4.629532079000062139e-03 -8.480699746979337705e-01
2.999999999999999889e-01 1.249742773191871181e-04 -5.758530314857554944e-05 -6.760620526383148698e-01
4.000000000000000222e-01 1.847417187565290223e-07 -9.357268688313629662e-08 -4.656950463803088969e-01
5.000000000000000000e-01 3.629900797270232498e-11 -2.093921091914952614e-11 -2.413336824774672817e-01
5.999999999999999778e-01 1.003488828630457868e-15 -5.806436750835303447e-16 -2.704145514686307622e-02
6.999999999999999556e-01 -9.309587934846339859e-17 8.875295075679656300e-16 1.567802001300723780e-01
7.999999999999999334e-01 9.533477195348328252e-18 1.964624527215281498e-15 2.958164434881707106e-01
8.999999999999999112e-01 3.075597481558660646e-16 1.897802333059512778e-15 3.830095900928395802e-01
9.999999999999998890e-01 -2.896998009580649532e-16 1.368566366424055783e-15 4.184399504365483580e-01
1.099999999999999867e+00 -1.362056454134728338e-16 2.426565619096209461e-15 4.081439391331959099e-01
1.199999999999999956e+00 -7.252083077483361874e-16 1.016256135768775694e-15 3.622375063283387320e-01
1.300000000000000044e+00 2.693484047129016119e-17 1.268387407926233736e-15 2.928033026264529881e-01
1.399999999999999911e+00 -4.302797685966876980e-16 5.011196327421495451e-16 2.119276167684271961e-01
1.500000000000000000e+00 -2.328026458436161581e-16 3.063879418503705898e-16 1.301743372159098189e-01
1.599999999999999867e+00 -5.872557691512828425e-17 3.047013701112419610e-16 5.564168681974467068e-02
1.699999999999999956e+00 6.052779682628475438e-18 -1.499031340090237619e-17 -6.408806595641747261e-03
1.800000000000000044e+00 -8.904901597374093089e-18 -2.876994015187131713e-16 -5.343697046509666981e-02
1.899999999999999911e+00 -8.460472214296362504e-18 -3.306581492383059070e-16 -8.516820161842897363e-02
2.000000000000000000e+00 -7.669804796960772633e-17 -5.302024874592814287e-16 -1.029805796606923507e-01
2.099999999999999645e+00 5.151335405941995834e-17 -2.089615057278808949e-16 -1.092519702308111657e-01
2.199999999999999734e+00 4.892041675558996506e-17 -9.386223856389898760e-17 -1.067848194934229444e-01
2.299999999999999822e+00 2.512131102039155959e-17 -3.763894664389561346e-16 -9.836191839116599500e-02
2.399999999999999911e+00 -1.612436724148198287e-17 -3.473084642500851552e-16 -8.645014778710513603e-02
2.500000000000000000e+00 1.418494975145736880e-17 -3.191481333165014181e-16 -7.304107361552766853e-02
2.600000000000000089e+00 -3.462587839489442065e-18 -2.675773070064390112e-16 -5.960371961573530247e-02
2.699999999999999734e+00 2.056494447461282105e-17 -1.422766373066874959e-16 -4.711569629905923429e-02
2.799999999999999822e+00 8.834332031514093979e-18 -1.053357901914936877e-16 -3.613749651539785446e-02
2.899999999999999911e+00 4.026854516014143302e-18 -7.026956574998290415e-17 -2.690753919833893323e-02
3.000000000000000000e+00 2.466260007257400152e-19 -7.622849443781841934e-17 -1.943661171726734568e-02
