0.000000000000000000e+00 9.226223977833706423e-12 9.534337178246036386e-12 -1.000000000000000000e+00
1.025641025641025605e-01 2.411381935265813070e-01 2.290505579217894661e-01 -9.371674921536281566e-01
2.051282051282051211e-01 4.682858725870961969e-01 3.889431491423197551e-01 -7.650247044154643294e-01
3.076923076923077094e-01 6.598135886420685159e-01 4.327903069528680202e-01 -5.264714662962980407e-01
4.102564102564102422e-01 7.863632110920236729e-01 3.507506758928075064e-01 -2.755722843348640816e-01
5.128205128205127750e-01 8.202709537250926219e-01 1.720547841502522990e-01 -6.028030309640376727e-02
6.153846153846154188e-01 7.492727631225849505e-01 -4.648119474852124844e-02 8.953885743014795839e-02
7.179487179487179516e-01 5.859926510754502882e-01 -2.409680934693543275e-01 1.654170632476735792e-01
8.205128205128204844e-01 3.671294164788944658e-01 -3.618481036333617284e-01 1.761577928600895904e-01
9.230769230769230171e-01 1.422507857141639964e-01 -3.880199885683773275e-01 1.401390202445667033e-01
1.025641025641025550e+00 -4.229608113575213102e-02 -3.292228566286071745e-01 7.784696728152776246e-02
1.128205128205128194e+00 -1.571328082741262899e-01 -2.175997257981614474e-01 6.918598460107862162e-03
1.230769230769230838e+00 -1.960922574019062781e-01 -9.335899273132229614e-02 -5.996632706404550484e-02
1.333333333333333259e+00 -1.737392294964251183e-01 9.323250770954666367e-03 -1.150537839330620232e-01
1.435897435897435903e+00 -1.166373376709372855e-01 7.130833999861242722e-02 -1.544003597231929648e-01
1.538461538461538325e+00 -5.261411215703495903e-02 9.050579810216496934e-02 -1.765511826300269760e-01
1.641025641025640969e+00 -2.115988173058441779e-03 7.780655649413417696e-02 -1.814320604675448978e-01
1.743589743589743613e+00 2.584086474409010015e-02 4.973666554324802924e-02 -1.696204682177990253e-01
1.846153846153846034e+00 3.271126002360116858e-02 2.126555263587951577e-02 -1.419815958844944381e-01
1.948717948717948678e+00 2.616923746575650772e-02 1.337987135184154353e-03 -9.956220262777033814e-02
2.051282051282051100e+00 1.499335005337000364e-02 -7.900631948397846341e-03 -4.364032715467442564e-02
2.153846153846153744e+00 5.403697620475022764e-03 -9.037916825683400129e-03 2.416902539219871471e-02
2.256410256410256387e+00 -1.201920417538849400e-04 -6.271128275029050694e-03 1.018289431180211119e-01
2.358974358974359031e+00 -1.978707170122509084e-03 -2.968469971639485505e-03 1.868633626928211389e-01
2.461538461538461675e+00 -1.777878243832832711e-03 -7.612070207165865052e-04 2.764349697042035037e-01
2.564102564102563875e+00 -9.781483101229530071e-04 1.840838200142076112e-04 3.675149945639941129e-01
2.666666666666666519e+00 -3.421675818388607748e-04 3.428517789903581955e-04 4.571134940251870837e-01
2.769230769230769162e+00 -3.988213300615224338e-05 2.191177881597647305e-04 5.425237908920561569e-01
2.871794871794871806e+00 4.013186020092689279e-05 8.849400298162407249e-05 6.215325966424172233e-01
2.974358974358974450e+00 3.268137021759331783e-05 2.094173221240591950e-05 6.925557289436026220e-01
3.076923076923076650e+00 1.538733211109367523e-05 -6.463521491515988079e-07 7.546860785894501378e-01
3.179487179487179294e+00 8.472831029175586769e-06 -4.141420379357604798e-06 8.076544997390725511e-01
3.282051282051281937e+00 -1.163668131307653894e-06 -3.322435220523694652e-06 8.517273154537187141e-01
3.384615384615384581e+00 -2.832389949183526675e-06 4.049634391795739252e-07 8.875676584573410910e-01
3.487179487179487225e+00 4.677233643742659901e-08 6.447433753947894063e-07 9.160921453225595590e-01
3.589743589743589425e+00 4.522542245264340071e-08 -8.766138128467488969e-07 9.383374927654100084e-01
3.692307692307692069e+00 -6.086833010526590640e-07 2.513760543948396628e-06 9.553568883463170458e-01
3.794871794871794712e+00 9.864041002041709806e-07 -3.947506665698181135e-06 9.681437268797236095e-01
3.897435897435897356e+00 1.359983153471561117e-07 1.409996662773313990e-06 9.775863099300674541e-01
4.000000000000000000e+00 -8.533605234283381070e-07 -3.967623837975458703e-07 9.844452390189268876e-01
