1.000000000000000056e-01 2.432607294468691062e-01 -1.803477494032300898e-01 -9.511123485339676442e-01
2.000000000000000111e-01 4.361974356194149305e-01 -3.577073856144976638e-01 -8.141440117671813193e-01
2.999999999999999889e-01 5.427040192579636324e-01 -5.241507760326002963e-01 -6.143129968147517106e-01
4.000000000000000222e-01 5.492736164907744412e-01 -6.654928812331789567e-01 -3.831379373140177402e-01
5.000000000000000000e-01 4.653199733596290466e-01 -7.644143608177127458e-01 -1.490089732502302977e-01
5.999999999999999778e-01 3.172996235204553761e-01 -8.060575494100464811e-01 6.844963671827344887e-02
6.999999999999999556e-01 1.401848297676556165e-01 -7.832747631288192736e-01 2.592827787854625199e-01
7.999999999999999334e-01 -3.083172530538508260e-02 -6.996267027619805789e-01 4.209949634541082508e-01
8.999999999999999112e-01 -1.671524986059680085e-01 -5.694347948304198104e-01 5.553133874717055551e-01
9.999999999999998890e-01 -2.514603090620149972e-01 -4.148612119675878507e-01 6.655060973955683190e-01
1.099999999999999867e+00 -2.797817207911971749e-01 -2.607557524457989606e-01 7.547765505857467749e-01
1.199999999999999956e+00 -2.603933295382763191e-01 -1.287073459879927440e-01 8.257385434391767420e-01
1.300000000000000044e+00 -2.097661193313022088e-01 -3.223981815259246292e-02 8.805742879698592596e-01
1.399999999999999911e+00 -1.468342311633447639e-01 2.517976343127944008e-02 9.213944560574877096e-01
1.500000000000000000e+00 -8.765174655605340037e-02 4.883519421635901248e-02 9.504573439689923964e-01
1.599999999999999867e+00 -4.208364129364075557e-02 4.920667902268308080e-02 9.701561523974641110e-01
1.699999999999999956e+00 -1.316811566329358085e-02 3.772071853231809269e-02 9.828370838164987022e-01
1.800000000000000044e+00 1.230285541802484187e-03 2.347839151753343054e-02 9.905826156887024281e-01
1.899999999999999911e+00 5.793910737622256016e-03 1.179092156298984506e-02 9.950713221457226920e-01
2.000000000000000000e+00 5.335720278674410330e-03 4.431415119128712284e-03 9.975400010152233321e-01
2.099999999999999645e+00 3.319038685683758753e-03 8.708577664953661476e-04 9.988291459810036965e-01
2.199999999999999734e+00 1.539763895971841190e-03 -3.045225189469681843e-04 9.994685967764768142e-01
2.299999999999999822e+00 5.119212338768100966e-04 -4.086613713394151594e-04 9.997699968358068068e-01
2.399999999999999911e+00 9.453795939929509522e-05 -2.210596746234949378e-04 9.999050527943965649e-01
2.500000000000000000e+00 -1.135208975830820355e-05 -7.519106232600212593e-05 9.999626084131673087e-01
2.600000000000000089e+00 -1.059899500613584330e-05 -1.226195545580403032e-05 9.999859479853084876e-01
2.699999999999999734e+00 -1.106535680175470452e-06 -5.222364809089612592e-07 9.999949586194849527e-01
2.799999999999999822e+00 3.410657763911488350e-06 1.001944265079195089e-06 9.999982725954631446e-01
2.899999999999999911e+00 2.860197166266619547e-06 5.283298309347056075e-08 9.999994344543808866e-01
3.000000000000000000e+00 5.888865961602171964e-07 -4.272556620303367125e-07 9.999998230027723478e-01
