1.000000000000000056e-01 9.756044675367172569e-01 0.000000000000000000e+00 2.424490395938282833e-02 1.506285038989917146e-04 0.000000000000000000e+00 0.000000000000000000e+00 -4.048956217922610769e-04 1.537962050689222482e-01 0.000000000000000000e+00 0.000000000000000000e+00 0.000000000000000000e+00 0.000000000000000000e+00 -5.031064333673477691e-06 1.911007144357210804e-03 -1.212228394378249939e-02 -6.382855231717562343e-05
3.034482758620690168e-01 7.951131036009163600e-01 0.000000000000000000e+00 1.931560889876660358e-01 1.173080741141700051e-02 0.000000000000000000e+00 0.000000000000000000e+00 -9.552418529818496387e-03 3.917776010755119609e-01 0.000000000000000000e+00 0.000000000000000000e+00 0.000000000000000000e+00 0.000000000000000000e+00 -1.160280089821136285e-03 4.758708468463786201e-02 -9.646328257370805070e-02 -4.706781459859982718e-03
5.068965517241379448e-01 5.217107152959492566e-01 0.000000000000000000e+00 4.011694669064069796e-01 7.711981779764408296e-02 0.000000000000000000e+00 0.000000000000000000e+00 -3.139356763287809438e-02 4.564086474002828631e-01 0.000000000000000000e+00 0.000000000000000000e+00 0.000000000000000000e+00 0.000000000000000000e+00 -1.207004227105207099e-02 1.754777201571051937e-01 -1.986956480669871405e-01 -2.746406254763840774e-02
7.103448275862068728e-01 2.690632423380618365e-01 0.000000000000000000e+00 4.992996424890492335e-01 2.316371151728882638e-01 0.000000000000000000e+00 0.000000000000000000e+00 -4.996656292635929392e-02 3.631067657149686934e-01 0.000000000000000000e+00 0.000000000000000000e+00 0.000000000000000000e+00 0.000000000000000000e+00 -4.636138102586916110e-02 3.369079267648685816e-01 -2.403707484402378969e-01 -6.743097605522424542e-02
9.137931034482759118e-01 1.042311902204589025e-01 0.000000000000000000e+00 4.372347317422455859e-01 4.585340780372973435e-01 0.000000000000000000e+00 0.000000000000000000e+00 -4.874498258854918775e-02 2.078398979034858096e-01 0.000000000000000000e+00 0.000000000000000000e+00 0.000000000000000000e+00 0.000000000000000000e+00 -1.022390676815473631e-01 4.359291198840853920e-01 -1.958211824372745602e-01 -9.719885371412174957e-02
1.117241379310345062e+00 2.780544956654518174e-02 0.000000000000000000e+00 2.778884237970480342e-01 6.943061266364061179e-01 0.000000000000000000e+00 0.000000000000000000e+00 -3.027629890404073126e-02 8.252368316670269377e-02 0.000000000000000000e+00 0.000000000000000000e+00 0.000000000000000000e+00 0.000000000000000000e+00 -1.512910798760796482e-01 4.123719731394620003e-01 -1.059774987385808664e-01 -8.985690712340750619e-02
1.320689655172413879e+00 4.232167970239677016e-03 0.000000000000000000e+00 1.216458942461227238e-01 8.741219377836381144e-01 0.000000000000000000e+00 0.000000000000000000e+00 -1.092957159434758754e-02 1.988392126806000706e-02 0.000000000000000000e+00 0.000000000000000000e+00 0.000000000000000000e+00 0.000000000000000000e+00 -1.570752273471229532e-01 2.857633944873049225e-01 -3.259733446163236986e-02 -5.135021595502312075e-02
1.524137931034482918e+00 2.133503422815244757e-04 0.000000000000000000e+00 2.878633439693198751e-02 9.710003152607887822e-01 0.000000000000000000e+00 0.000000000000000000e+00 -1.566943227804374218e-03 1.919964433459241723e-03 0.000000000000000000e+00 0.000000000000000000e+00 0.000000000000000000e+00 0.000000000000000000e+00 -1.057100411855754624e-01 1.295257768115353203e-01 -2.884815778877215103e-03 -1.410110256757668087e-02
1.727586206896551957e+00 5.105152102570391192e-08 0.000000000000000000e+00 4.518191668169001425e-04 9.995481297816629640e-01 0.000000000000000000e+00 0.000000000000000000e+00 -3.753046870303709892e-06 2.997328261792070678e-06 0.000000000000000000e+00 0.000000000000000000e+00 0.000000000000000000e+00 0.000000000000000000e+00 -1.660574382595719420e-02 1.326138043139967783e-02 4.996569202087942972e-05 -2.203147257578737662e-04
1.931034482758620996e+00 1.076155336507380594e-05 0.000000000000000000e+00 6.539450560339917298e-03 9.934497878862939002e-01 0.000000000000000000e+00 0.000000000000000000e+00 2.406856767611729574e-04 -1.115581970027547040e-04 0.000000000000000000e+00 0.000000000000000000e+00 0.000000000000000000e+00 0.000000000000000000e+00 7.312823616607082300e-02 -3.389508405598076757e-02 2.113273311286491957e-03 -2.495030932206660466e-03
2.134482758620690035e+00 8.269196468871044996e-05 0.000000000000000000e+00 1.802164491286251807e-02 9.818956631224503573e-01 0.000000000000000000e+00 0.000000000000000000e+00 1.202716879629817711e-03 -2.090878873283245041e-04 0.000000000000000000e+00 0.000000000000000000e+00 0.000000000000000000e+00 0.000000000000000000e+00 1.310582500081531043e-01 -2.278398548290982983e-02 8.482140853837610850e-03 -3.041085940769568379e-03
2.337931034482759074e+00 1.109067983477684123e-04 0.000000000000000000e+00 2.084065454455589356e-02 9.790484386570974529e-01 0.000000000000000000e+00 0.000000000000000000e+00 1.511893702666040635e-03 1.598400808817053464e-04 0.000000000000000000e+00 0.000000000000000000e+00 0.000000000000000000e+00 0.000000000000000000e+00 1.420509555317908956e-01 1.501786383696823886e-02 1.018996463679003664e-02 2.178954195556763365e-03
2.541379310344827669e+00 5.404295971786164112e-05 0.000000000000000000e+00 1.459471501104993990e-02 9.853512420292309670e-01 0.000000000000000000e+00 0.000000000000000000e+00 8.204532471066048856e-04 3.399987365446552833e-04 0.000000000000000000e+00 0.000000000000000000e+00 0.000000000000000000e+00 0.000000000000000000e+00 1.107846333547289064e-01 4.590953555561784472e-02 5.158337530870624188e-03 5.161683058356266243e-03
2.744827586206896708e+00 8.144387914219826540e-06 0.000000000000000000e+00 5.691402451054594636e-03 9.943004531610321051e-01 0.000000000000000000e+00 0.000000000000000000e+00 1.664062832216510663e-04 1.366093543021709819e-04 0.000000000000000000e+00 0.000000000000000000e+00 0.000000000000000000e+00 0.000000000000000000e+00 5.814315675131639938e-02 4.773193036175606835e-02 5.543035423202038493e-04 2.791193530676083345e-03
2.948275862068965747e+00 5.041089727615663390e-08 0.000000000000000000e+00 4.491547710135096591e-04 9.995507948180915037e-01 0.000000000000000000e+00 0.000000000000000000e+00 2.619296080825894211e-06 3.974681579426586568e-06 0.000000000000000000e+00 0.000000000000000000e+00 0.000000000000000000e+00 0.000000000000000000e+00 1.165953641379145235e-02 1.769203626198189577e-02 -8.857113246348987333e-05 2.063733216356475428e-04
3.151724137931034786e+00 1.947333762563400043e-07 0.000000000000000000e+00 8.821887365727369441e-04 9.991176165300543754e-01 0.000000000000000000e+00 0.000000000000000000e+00 -3.565525287053765346e-06 -1.261294569652522029e-05 0.000000000000000000e+00 0.000000000000000000e+00 0.000000000000000000e+00 0.000000000000000000e+00 -8.075676256082409132e-03 -2.856910420882090990e-02 -3.758199304774858065e-04 2.309187216008532493e-04
3.355172413793103825e+00 5.265825401111387133e-06 0.000000000000000000e+00 4.578940930093101588e-03 9.954157932445043544e-01 0.000000000000000000e+00 0.000000000000000000e+00 5.963153561801505275e-06 -1.551656216535667271e-04 0.000000000000000000e+00 0.000000000000000000e+00 0.000000000000000000e+00 0.000000000000000000e+00 2.592610109210722463e-03 -6.746279214492127696e-02 -2.282717490323753901e-03 -1.757105102196049654e-04
3.558620689655172864e+00 1.451051715335074035e-05 0.000000000000000000e+00 7.589519111243073213e-03 9.923959703716014324e-01 0.000000000000000000e+00 0.000000000000000000e+00 1.164185680003148416e-04 -3.107647113057257948e-04 0.000000000000000000e+00 0.000000000000000000e+00 0.000000000000000000e+00 0.000000000000000000e+00 3.044547333987420931e-02 -8.127042069421788750e-02 -2.860730593134947538e-03 -2.493274670235140142e-03
3.762068965517241903e+00 1.420551269499214184e-05 0.000000000000000000e+00 7.509624309038523404e-03 9.924761701782681689e-01 0.000000000000000000e+00 0.000000000000000000e+00 2.062566890690519926e-04 -2.532513003508014317e-04 0.000000000000000000e+00 0.000000000000000000e+00 0.000000000000000000e+00 0.000000000000000000e+00 5.451801157919500956e-02 -6.693959644110270002e-02 -7.600661025460373052e-04 -3.677079229002902343e-03
3.965517241379310942e+00 5.573975806532861678e-06 0.000000000000000000e+00 4.710739320145060013e-03 9.952836867040455449e-01 0.000000000000000000e+00 0.000000000000000000e+00 1.374323570234590498e-04 -8.584945956226807989e-05 0.000000000000000000e+00 0.000000000000000000e+00 0.000000000000000000e+00 0.000000000000000000e+00 5.807354569077770312e-02 -3.627650755713137526e-02 1.033148635364741297e-03 -2.116687649879810465e-03
4.168965517241379537e+00 5.394959147911407186e-07 0.000000000000000000e+00 1.467929164517756385e-03 9.985315313395687342e-01 0.000000000000000000e+00 0.000000000000000000e+00 2.742451417922668597e-05 -6.312323670760917859e-06 0.000000000000000000e+00 0.000000000000000000e+00 0.000000000000000000e+00 0.000000000000000000e+00 3.730989388204104806e-02 -8.587510215120119222e-03 6.601103151165986071e-04 -3.208697850133788933e-04
4.372413793103448576e+00 -1.258888186411839567e-11 0.000000000000000000e+00 7.424755038158022679e-06 9.999925752575540283e-01 0.000000000000000000e+00 0.000000000000000000e+00 1.008383470836394387e-08 9.882520808393467186e-10 0.000000000000000000e+00 0.000000000000000000e+00 0.000000000000000000e+00 0.000000000000000000e+00 2.708821116190541275e-03 2.953428555254314553e-04 3.625388979293053060e-06 7.992203756849865609e-07
4.575862068965517615e+00 2.231046827823135912e-07 0.000000000000000000e+00 9.442624188162763305e-04 9.990555144765018714e-01 0.000000000000000000e+00 0.000000000000000000e+00 -1.308606128973675733e-05 -6.280227333577639593e-06 0.000000000000000000e+00 0.000000000000000000e+00 0.000000000000000000e+00 0.000000000000000000e+00 -2.769074769855298795e-02 -1.328882346036626763e-02 2.953713120489672339e-04 3.683256662692903035e-04
4.779310344827586654e+00 2.415147317707406745e-06 0.000000000000000000e+00 3.103317087130355850e-03 9.968942677655514562e-01 0.000000000000000000e+00 0.000000000000000000e+00 -6.097621903217788656e-05 -6.145663368806010356e-05 0.000000000000000000e+00 0.000000000000000000e+00 0.000000000000000000e+00 0.000000000000000000e+00 -3.917541391479429508e-02 -3.948374296455060828e-02 -1.216507224802691354e-05 1.551611517393345664e-03
4.982758620689654805e+00 5.382105570332677465e-06 0.000000000000000000e+00 4.629101610080269338e-03 9.953655162843477733e-01 0.000000000000000000e+00 0.000000000000000000e+00 -6.671444504607009071e-05 -1.430508451997236120e-04 0.000000000000000000e+00 0.000000000000000000e+00 0.000000000000000000e+00 0.000000000000000000e+00 -2.869036010284392590e-02 -6.151837896482772322e-02 -1.487581430634819660e-03 1.773202403389992181e-03
5.186206896551723844e+00 4.840224729815456481e-06 0.000000000000000000e+00 4.390417035009666798e-03 9.956047427402577865e-01 0.000000000000000000e+00 0.000000000000000000e+00 -1.286513286694062784e-05 -1.452070869761486758e-04 0.000000000000000000e+00 0.000000000000000000e+00 0.000000000000000000e+00 0.000000000000000000e+00 -5.834887057248807664e-03 -6.585646384792667729e-02 -2.161011692969997365e-03 3.859610417438639942e-04
5.389655172413792883e+00 1.779719945512486819e-06 0.000000000000000000e+00 2.664561966843874245e-03 9.973336583132126343e-01 0.000000000000000000e+00 0.000000000000000000e+00 1.782031521810494338e-05 -6.651799211763363912e-05 0.000000000000000000e+00 0.000000000000000000e+00 0.000000000000000000e+00 0.000000000000000000e+00 1.334005963699309676e-02 -4.979457591014012363e-02 -1.153849121738141246e-03 -6.660392198076796506e-04
5.593103448275861922e+00 1.466826148863748153e-07 0.000000000000000000e+00 7.658242400330445660e-04 9.992340290773527034e-01 0.000000000000000000e+00 0.000000000000000000e+00 6.104790872025041160e-06 -8.665929006813680903e-06 0.000000000000000000e+00 0.000000000000000000e+00 0.000000000000000000e+00 0.000000000000000000e+00 1.593168191977680989e-02 -2.261457916842994284e-02 -1.288999256851575961e-04 -3.605638226484704999e-04
5.796551724137930961e+00 -1.571279356545809135e-11 0.000000000000000000e+00 2.251909532164382621e-07 9.999997748247602125e-01 0.000000000000000000e+00 0.000000000000000000e+00 9.532714629421841391e-11 -1.140751784249061535e-10 0.000000000000000000e+00 0.000000000000000000e+00 0.000000000000000000e+00 0.000000000000000000e+00 -3.906386991239691755e-04 2.696053449005888472e-04 4.057528768507451028e-08 -1.066639900933246855e-07
6.000000000000000000e+00 1.369348187095721027e-07 0.000000000000000000e+00 7.398840850664715595e-04 9.992599789801158705e-01 0.000000000000000000e+00 0.000000000000000000e+00 -9.760124273371202248e-06 2.464807677868449643e-06 0.000000000000000000e+00 0.000000000000000000e+00 0.000000000000000000e+00 0.000000000000000000e+00 -2.636312483006407123e-02 6.657495837547716330e-03 3.255866910959658240e-04 -1.756427168407567263e-04
