1.000000000000000056e-01 9.755819794143820722e-01 0.000000000000000000e+00 2.426711252126033738e-02 1.509080643585138516e-04 0.000000000000000000e+00 0.000000000000000000e+00 -1.153305204676020223e-04 1.538653449590801914e-01 0.000000000000000000e+00 0.000000000000000000e+00 0.000000000000000000e+00 0.000000000000000000e+00 -1.434393661388877869e-06 1.913661650729888688e-03 -1.213354263363012643e-02 -1.818951407695845664e-05
3.034482758620690168e-01 7.935015040246611306e-01 0.000000000000000000e+00 1.945710196180991669e-01 1.192747635724067043e-02 0.000000000000000000e+00 0.000000000000000000e+00 -2.731805194981269322e-03 3.929184825739200360e-01 0.000000000000000000e+00 0.000000000000000000e+00 0.000000000000000000e+00 0.000000000000000000e+00 -3.349269764367785308e-04 4.817290793520336706e-02 -9.727610496008773366e-02 -1.352709148869525113e-03
5.068965517241379448e-01 5.128693609136470988e-01 0.000000000000000000e+00 4.065592372081402450e-01 8.057140187821228150e-02 0.000000000000000000e+00 0.000000000000000000e+00 -9.007876915645640636e-03 4.565420400574217719e-01 0.000000000000000000e+00 0.000000000000000000e+00 0.000000000000000000e+00 0.000000000000000000e+00 -3.570339623617479335e-03 1.809538624603946599e-01 -2.031214070685024298e-01 -8.018561483386362626e-03
7.103448275862068728e-01 2.496391702747478569e-01 0.000000000000000000e+00 4.999997392848873345e-01 2.503610904403644200e-01 0.000000000000000000e+00 0.000000000000000000e+00 -1.404110600295706279e-02 3.530189336086697049e-01 0.000000000000000000e+00 0.000000000000000000e+00 0.000000000000000000e+00 0.000000000000000000e+00 -1.406139373727113319e-02 3.535290044586843483e-01 -2.492101191420908468e-01 -1.985576317959247827e-02
9.137931034482759118e-01 8.114477125350598452e-02 0.000000000000000000e+00 4.074288839730043632e-01 5.114263447734913592e-01 0.000000000000000000e+00 0.000000000000000000e+00 -1.238427620896699437e-02 1.814038405369419460e-01 0.000000000000000000e+00 0.000000000000000000e+00 0.000000000000000000e+00 0.000000000000000000e+00 -3.109080065627463016e-02 4.554154442646565215e-01 -2.018243596763422132e-01 -2.768576733341627724e-02
1.117241379310345062e+00 1.288716941974046327e-02 0.000000000000000000e+00 2.012690016976318441e-01 7.858438288826299356e-01 0.000000000000000000e+00 0.000000000000000000e+00 -5.425559790368872717e-03 5.063942199545503481e-02 0.000000000000000000e+00 0.000000000000000000e+00 0.000000000000000000e+00 0.000000000000000000e+00 -4.236760294239257096e-02 3.954377179576265555e-01 -9.835031450020564892e-02 -2.131943748988786649e-02
1.320689655172413879e+00 2.673931418080563384e-04 0.000000000000000000e+00 3.216953770658786960e-02 9.675630691516032833e-01 0.000000000000000000e+00 0.000000000000000000e+00 -4.619833674537416539e-04 2.896288368592263383e-03 0.000000000000000000e+00 0.000000000000000000e+00 0.000000000000000000e+00 0.000000000000000000e+00 -2.779014351906618566e-02 1.742233178464356325e-01 -1.528658621539437379e-02 -5.004005607099940370e-03
1.524137931034482918e+00 4.385592890923390840e-05 0.000000000000000000e+00 1.315703505951138635e-02 9.867991090115820763e-01 0.000000000000000000e+00 0.000000000000000000e+00 1.706644366204803894e-04 -7.401940142984231308e-04 0.000000000000000000e+00 0.000000000000000000e+00 0.000000000000000000e+00 0.000000000000000000e+00 2.560019852681031521e-02 -1.110314389218210740e-01 -5.914380106320427620e-03 -2.880451388818517765e-03
1.727586206896551957e+00 6.044542033393588212e-03 0.000000000000000000e+00 1.434042152413982363e-01 8.505512427252056584e-01 0.000000000000000000e+00 0.000000000000000000e+00 9.216546165693574252e-03 -2.796190327006309664e-02 0.000000000000000000e+00 0.000000000000000000e+00 0.000000000000000000e+00 0.000000000000000000e+00 1.093293424340150283e-01 -3.316922202956497090e-01 -5.764897946718955390e-02 -4.263551726186742136e-02
1.931034482758620996e+00 4.220605113149760584e-02 0.000000000000000000e+00 3.264701234691702592e-01 6.313238253993330718e-01 0.000000000000000000e+00 0.000000000000000000e+00 5.034383912085969859e-02 -1.060401456473347298e-01 0.000000000000000000e+00 0.000000000000000000e+00 0.000000000000000000e+00 0.000000000000000000e+00 1.947085672667616119e-01 -4.101182042867248523e-01 -1.031843799523706195e-01 -1.264858454213307060e-01
2.134482758620690035e+00 1.252260747384844053e-01 0.000000000000000000e+00 4.572937791733203139e-01 4.174801460881957249e-01 0.000000000000000000e+00 0.000000000000000000e+00 1.381079478599758770e-01 -1.954259423909627535e-01 0.000000000000000000e+00 0.000000000000000000e+00 0.000000000000000000e+00 0.000000000000000000e+00 2.521675526347268437e-01 -3.568229261876174063e-01 -7.633192400872203243e-02 -2.155292015063266231e-01
2.337931034482759074e+00 2.345387464772047681e-01 0.000000000000000000e+00 4.995065184377512901e-01 2.659547350850431924e-01 0.000000000000000000e+00 0.000000000000000000e+00 2.572763716028497183e-01 -2.257487563372424788e-01 0.000000000000000000e+00 0.000000000000000000e+00 0.000000000000000000e+00 0.000000000000000000e+00 2.739658727008760231e-01 -2.403930630543947566e-01 3.246506239039841091e-02 -2.476342259972578730e-01
2.541379310344827669e+00 3.182337074178128722e-01 0.000000000000000000e+00 4.917767216649795436e-01 1.899895709172070291e-01 0.000000000000000000e+00 0.000000000000000000e+00 3.619180290119427545e-01 -1.597349981673716890e-01 0.000000000000000000e+00 0.000000000000000000e+00 0.000000000000000000e+00 0.000000000000000000e+00 2.796417505999659880e-01 -1.234217970082146648e-01 1.657105887671094513e-01 -1.816620120234965496e-01
2.744827586206896708e+00 3.298921909543290898e-01 0.000000000000000000e+00 4.889404603324268850e-01 1.811673487132443583e-01 0.000000000000000000e+00 0.000000000000000000e+00 4.006080983518258698e-01 -2.847439695695391099e-02 0.000000000000000000e+00 0.000000000000000000e+00 0.000000000000000000e+00 0.000000000000000000e+00 2.968750301756957755e-01 -2.110126243783219668e-02 2.420124839791912008e-01 -3.457818742519622179e-02
2.948275862068965747e+00 2.637928560607888939e-01 0.000000000000000000e+00 4.996296616909534083e-01 2.365774822482580864e-01 0.000000000000000000e+00 0.000000000000000000e+00 3.513385668306197029e-01 9.143274749179104710e-02 0.000000000000000000e+00 0.000000000000000000e+00 0.000000000000000000e+00 0.000000000000000000e+00 3.327216128531270134e-01 8.658784959156767824e-02 2.181234984981857694e-01 1.217768015759455591e-01
3.151724137931034786e+00 1.582678941658980931e-01 0.000000000000000000e+00 4.791221606010053757e-01 3.626099452330961981e-01 0.000000000000000000e+00 0.000000000000000000e+00 2.386008334173193024e-01 1.374747200720101425e-01 0.000000000000000000e+00 0.000000000000000000e+00 0.000000000000000000e+00 0.000000000000000000e+00 3.611564665540450969e-01 2.080876393227203969e-01 1.201477407679316795e-01 2.072535478960402244e-01
3.355172413793103825e+00 6.555802929217662001e-02 0.000000000000000000e+00 3.809699839843129210e-01 5.534719867235096125e-01 0.000000000000000000e+00 0.000000000000000000e+00 1.173266866737665004e-01 1.058777154588854824e-01 0.000000000000000000e+00 0.000000000000000000e+00 0.000000000000000000e+00 0.000000000000000000e+00 3.409036713189496637e-01 3.076376078933129032e-01 1.949007151633408430e-02 1.894852777440756697e-01
3.558620689655172864e+00 1.512303546719824185e-02 0.000000000000000000e+00 2.157054394673363074e-01 7.691715250654648228e-01 0.000000000000000000e+00 0.000000000000000000e+00 3.523706915399053841e-02 4.494964154819428015e-02 0.000000000000000000e+00 0.000000000000000000e+00 0.000000000000000000e+00 0.000000000000000000e+00 2.512996526031850419e-01 3.205666286414358690e-01 -2.574942665116468354e-02 1.047338375090075269e-01
3.762068965517241903e+00 9.321270287295362620e-04 0.000000000000000000e+00 5.919731090706310123e-02 9.398705620642101577e-01 0.000000000000000000e+00 0.000000000000000000e+00 3.662329310928249485e-03 6.462725681546051260e-03 0.000000000000000000e+00 0.000000000000000000e+00 0.000000000000000000e+00 0.000000000000000000e+00 1.162930548919334922e-01 2.052163073354806300e-01 -1.520936371055456662e-02 2.539204110594748057e-02
3.965517241379310942e+00 1.294017947399072645e-08 0.000000000000000000e+00 2.292770239635322834e-04 9.997707100358556032e-01 0.000000000000000000e+00 0.000000000000000000e+00 -6.373522808987458292e-07 -1.618677438946233803e-06 0.000000000000000000e+00 0.000000000000000000e+00 0.000000000000000000e+00 0.000000000000000000e+00 -5.543778987834559017e-03 -1.408861653912208724e-02 -8.390078440871015237e-05 7.812046079290879805e-05
4.168965517241379537e+00 1.417282578976501685e-03 0.000000000000000000e+00 7.245903067512921014e-02 9.261236867458947364e-01 0.000000000000000000e+00 0.000000000000000000e+00 -2.316499340497772848e-03 -9.865531783481731182e-03 0.000000000000000000e+00 0.000000000000000000e+00 0.000000000000000000e+00 0.000000000000000000e+00 -5.921594522263370214e-02 -2.521894059619936845e-01 -3.244327495160227032e-02 1.612487808638515818e-02
4.372413793103448576e+00 1.752783335845864779e-02 0.000000000000000000e+00 2.297297496709901077e-01 7.527424169705519974e-01 0.000000000000000000e+00 0.000000000000000000e+00 -4.507440804798602471e-03 -6.329571097207427333e-02 0.000000000000000000e+00 0.000000000000000000e+00 0.000000000000000000e+00 0.000000000000000000e+00 -2.953858592799201918e-02 -4.147948905065375613e-01 -1.137057401486174096e-01 1.627707850941732468e-02
4.575862068965517615e+00 6.751946610898180989e-02 0.000000000000000000e+00 3.846512254830891098e-01 5.478293084079317588e-01 0.000000000000000000e+00 0.000000000000000000e+00 1.883766593867975195e-02 -1.600518256033328091e-01 0.000000000000000000e+00 0.000000000000000000e+00 0.000000000000000000e+00 0.000000000000000000e+00 5.365808418677869840e-02 -4.558991411157272133e-01 -1.870699765356096111e-01 -4.465382692083556815e-02
4.779310344827586654e+00 1.504626217470995120e-01 0.000000000000000000e+00 4.748649944386248989e-01 3.746723838142766994e-01 0.000000000000000000e+00 0.000000000000000000e+00 9.135550570485806432e-02 -2.512042989163970619e-01 0.000000000000000000e+00 0.000000000000000000e+00 0.000000000000000000e+00 0.000000000000000000e+00 1.441604897152617137e-01 -3.964045377575476925e-01 -1.819647077099121324e-01 -1.525222285594629024e-01
4.982758620689654805e+00 2.349875034433752674e-01 0.000000000000000000e+00 4.995351953750979956e-01 2.654773011815275141e-01 0.000000000000000000e+00 0.000000000000000000e+00 2.030062394725346553e-01 -2.759945482645559389e-01 0.000000000000000000e+00 0.000000000000000000e+00 0.000000000000000000e+00 0.000000000000000000e+00 2.157747993215118620e-01 -2.933538730221680879e-01 -7.439004112155547799e-02 -2.384323110792457012e-01
5.186206896551723844e+00 2.773997618848708657e-01 0.000000000000000000e+00 4.985755587850146386e-01 2.240246793301148565e-01 0.000000000000000000e+00 0.000000000000000000e+00 3.056306105398449713e-01 -2.118836157012519150e-01 0.000000000000000000e+00 0.000000000000000000e+00 0.000000000000000000e+00 0.000000000000000000e+00 2.746576947968247806e-01 -1.904110883431990864e-01 8.744672343710359341e-02 -2.334469093472414658e-01
5.389655172413792883e+00 2.537058801817196896e-01 0.000000000000000000e+00 4.999727301625743747e-01 2.463213896557047422e-01 0.000000000000000000e+00 0.000000000000000000e+00 3.434305053183466794e-01 -9.434781807795118713e-02 0.000000000000000000e+00 0.000000000000000000e+00 0.000000000000000000e+00 0.000000000000000000e+00 3.383955674558389304e-01 -9.296459980189435146e-02 2.149004215054399480e-01 -1.277144989483457171e-01
5.593103448275861922e+00 1.778855509276440483e-01 0.000000000000000000e+00 4.877584925446759034e-01 3.343559565276808532e-01 0.000000000000000000e+00 0.000000000000000000e+00 2.943779408883955284e-01 1.033525506945376024e-02 0.000000000000000000e+00 0.000000000000000000e+00 0.000000000000000000e+00 0.000000000000000000e+00 4.035891174216146293e-01 1.416955224914923268e-02 2.432787691555856613e-01 1.710352810033717585e-02
5.796551724137930961e+00 9.076623266291614089e-02 0.000000000000000000e+00 4.210162263792916471e-01 4.882175409577900749e-01 0.000000000000000000e+00 0.000000000000000000e+00 1.875007665933846879e-01 5.529485411152904734e-02 0.000000000000000000e+00 0.000000000000000000e+00 0.000000000000000000e+00 0.000000000000000000e+00 4.348581074063627705e-01 1.282416875344814522e-01 1.768224610012991693e-01 1.142255937709526076e-01
6.000000000000000000e+00 2.952152023110483914e-02 0.000000000000000000e+00 2.845935423133383879e-01 6.858849374555584522e-01 0.000000000000000000e+00 0.000000000000000000e+00 8.070634134829721140e-02 4.345257126598613823e-02 0.000000000000000000e+00 0.000000000000000000e+00 0.000000000000000000e+00 0.000000000000000000e+00 3.890127350744688739e-01 2.094456635939504763e-01 7.833927856600679529e-02 1.187911535079282238e-01
