1.000000000000000056e-01 9.755796254425325165e-01 0.000000000000000000e+00 2.426943721501009441e-02 1.509373424567727869e-04 0.000000000000000000e+00 0.000000000000000000e+00 -6.555924081476035854e-05 1.538725582000990411e-01 0.000000000000000000e+00 0.000000000000000000e+00 0.000000000000000000e+00 0.000000000000000000e+00 -8.154579183368886033e-07 1.913939311473693543e-03 -1.213471420359122505e-02 -1.034028728847073726e-05
3.034482758620690168e-01 7.933267857835460957e-01 0.000000000000000000e+00 1.947243061288720378e-01 1.194890808758342429e-02 0.000000000000000000e+00 0.000000000000000000e+00 -1.564333055202509013e-03 3.930363351391574223e-01 0.000000000000000000e+00 0.000000000000000000e+00 0.000000000000000000e+00 0.000000000000000000e+00 -1.919849907475244095e-04 4.823594073553810063e-02 -9.735906840931593531e-02 -7.750144744670589341e-04
5.068965517241379448e-01 5.119016038915168432e-01 0.000000000000000000e+00 4.071427783653516208e-01 8.095561774313128622e-02 0.000000000000000000e+00 0.000000000000000000e+00 -5.162456141288251227e-03 4.564979631209672428e-01 0.000000000000000000e+00 0.000000000000000000e+00 0.000000000000000000e+00 0.000000000000000000e+00 -2.052989044327852008e-03 1.815386469413692583e-01 -2.035193265218137870e-01 -4.603718172890737016e-03
7.103448275862068728e-01 2.475244864942712231e-01 0.000000000000000000e+00 4.999876826759494519e-01 2.524878308297789364e-01 0.000000000000000000e+00 0.000000000000000000e+00 -8.025763067754074914e-03 3.517026892497503443e-01 0.000000000000000000e+00 0.000000000000000000e+00 0.000000000000000000e+00 0.000000000000000000e+00 -8.105829692262898206e-03 3.552113468240449823e-01 -2.497336130582716029e-01 -1.140364932534404865e-02
9.137931034482759118e-01 7.875236418467328192e-02 0.000000000000000000e+00 4.037523045046594872e-01 5.174953313106688269e-01 0.000000000000000000e+00 0.000000000000000000e+00 -6.988970410009987498e-03 1.781785700842010989e-01 0.000000000000000000e+00 0.000000000000000000e+00 0.000000000000000000e+00 0.000000000000000000e+00 -1.791573456686491525e-02 4.567482447182869554e-01 -2.012559079237704884e-01 -1.581266498446680380e-02
1.117241379310345062e+00 1.163224130084122496e-02 0.000000000000000000e+00 1.924412572093861518e-01 7.959265014897712875e-01 0.000000000000000000e+00 0.000000000000000000e+00 -2.911742298788197892e-03 4.722335156814012891e-02 0.000000000000000000e+00 0.000000000000000000e+00 0.000000000000000000e+00 0.000000000000000000e+00 -2.408561293180314436e-02 3.906263937622166393e-01 -9.549177141389177115e-02 -1.182078516021756870e-02
1.320689655172413879e+00 1.578115862223322305e-04 0.000000000000000000e+00 2.480901797362473210e-02 9.750331704401511423e-01 0.000000000000000000e+00 0.000000000000000000e+00 -1.811843594119924962e-04 1.970362210745346763e-03 0.000000000000000000e+00 0.000000000000000000e+00 0.000000000000000000e+00 0.000000000000000000e+00 -1.424165616754314440e-02 1.548766938182544184e-01 -1.219649063796222031e-02 -2.262180392020672354e-03
1.524137931034482918e+00 1.346422640744323544e-04 0.000000000000000000e+00 2.293778610275190588e-02 9.769275716331748960e-01 0.000000000000000000e+00 0.000000000000000000e+00 2.319526099488839670e-04 -1.742007823746542393e-03 0.000000000000000000e+00 0.000000000000000000e+00 0.000000000000000000e+00 0.000000000000000000e+00 1.975785879394310884e-02 -1.483852507906787688e-01 -1.106930049003657102e-02 -3.001015655989664604e-03
1.727586206896551957e+00 1.039587321094470607e-02 0.000000000000000000e+00 1.831285577434304812e-01 8.064755690456251180e-01 0.000000000000000000e+00 0.000000000000000000e+00 8.169832293035953277e-03 -4.286064668395248023e-02 0.000000000000000000e+00 0.000000000000000000e+00 0.000000000000000000e+00 0.000000000000000000e+00 7.195786373574929173e-02 -3.775059928629530548e-01 -8.514383116513711547e-02 -3.368301001885749130e-02
1.931034482758620996e+00 6.843905751044566943e-02 0.000000000000000000e+00 3.863390748526369101e-01 5.452218676369178230e-01 0.000000000000000000e+00 0.000000000000000000e+00 4.306062592500017189e-02 -1.568007155587581858e-01 0.000000000000000000e+00 0.000000000000000000e+00 0.000000000000000000e+00 0.000000000000000000e+00 1.215388046500724545e-01 -4.425707078458102073e-01 -1.660765648349656343e-01 -9.865619485388514576e-02
2.134482758620690035e+00 2.064424736452956100e-01 0.000000000000000000e+00 4.958338732471462840e-01 2.977236531075573289e-01 0.000000000000000000e+00 0.000000000000000000e+00 1.207880081081520590e-01 -2.962624304775831052e-01 0.000000000000000000e+00 0.000000000000000000e+00 0.000000000000000000e+00 0.000000000000000000e+00 1.450544185224471316e-01 -3.557817991196541296e-01 -1.772447408436164107e-01 -1.733410194834402174e-01
2.337931034482759074e+00 4.065926594630214774e-01 0.000000000000000000e+00 4.621070566094251930e-01 1.313002839275560218e-01 0.000000000000000000e+00 0.000000000000000000e+00 2.363784012828910042e-01 -3.633381162640698103e-01 0.000000000000000000e+00 0.000000000000000000e+00 0.000000000000000000e+00 0.000000000000000000e+00 1.343262415389244735e-01 -2.064733628779668595e-01 -9.363159677498671118e-02 -2.112317596761698335e-01
2.541379310344827669e+00 5.953576392021699970e-01 0.000000000000000000e+00 3.524731627777492049e-01 5.216919802008016666e-02 0.000000000000000000e+00 0.000000000000000000e+00 3.568888215045271095e-01 -2.871897582072517330e-01 0.000000000000000000e+00 0.000000000000000000e+00 0.000000000000000000e+00 0.000000000000000000e+00 1.056455179848956455e-01 -8.501333653130416224e-02 3.770143254889770507e-02 -1.721567129369526994e-01
2.744827586206896708e+00 6.846516328710278154e-01 0.000000000000000000e+00 2.855703042989736762e-01 2.977806282999656898e-02 0.000000000000000000e+00 0.000000000000000000e+00 4.339468212565184002e-01 -8.489011343127016163e-02 0.000000000000000000e+00 0.000000000000000000e+00 0.000000000000000000e+00 0.000000000000000000e+00 9.050027803872100207e-02 -1.770396115110229457e-02 1.322596073130132277e-01 -5.380516587246504667e-02
2.948275862068965747e+00 6.296760569285961839e-01 0.000000000000000000e+00 3.276904895777926208e-01 4.263345349360955078e-02 0.000000000000000000e+00 0.000000000000000000e+00 4.309403529232664898e-01 1.436289249909999399e-01 0.000000000000000000e+00 0.000000000000000000e+00 0.000000000000000000e+00 0.000000000000000000e+00 1.121330994124542652e-01 3.737305370862167853e-02 1.310835296539786254e-01 9.829736887467055428e-02
3.151724137931034786e+00 4.591455110593273270e-01 0.000000000000000000e+00 4.369145122811793902e-01 1.039399766594933938e-01 0.000000000000000000e+00 0.000000000000000000e+00 3.469087577998072880e-01 2.833048743516264900e-01 0.000000000000000000e+00 0.000000000000000000e+00 0.000000000000000000e+00 0.000000000000000000e+00 1.650560305740113864e-01 1.347938820549015038e-01 4.365068855893380895e-02 2.140518411318043934e-01
3.355172413793103825e+00 2.550363700324335681e-01 0.000000000000000000e+00 4.999497647296495817e-01 2.450138652379189874e-01 0.000000000000000000e+00 0.000000000000000000e+00 2.190714283926233352e-01 2.819806577833860461e-01 0.000000000000000000e+00 0.000000000000000000e+00 0.000000000000000000e+00 0.000000000000000000e+00 2.147237051374714378e-01 2.763844177157873672e-01 -6.179666120823765207e-02 2.422160568576092743e-01
3.558620689655172864e+00 9.802638106284301822e-02 0.000000000000000000e+00 4.301305390227267433e-01 4.718430799144304189e-01 0.000000000000000000e+00 0.000000000000000000e+00 1.004271147307552597e-01 1.791048162928187415e-01 0.000000000000000000e+00 0.000000000000000000e+00 0.000000000000000000e+00 0.000000000000000000e+00 2.203323646989892859e-01 3.929475370754176300e-01 -1.121786259107686451e-01 1.834912152361703741e-01
3.762068965517241903e+00 2.047005754866577931e-02 0.000000000000000000e+00 2.452071112342688597e-01 7.343228312170659855e-01 0.000000000000000000e+00 0.000000000000000000e+00 2.759606421848032065e-02 6.525228917442270349e-02 0.000000000000000000e+00 0.000000000000000000e+00 0.000000000000000000e+00 0.000000000000000000e+00 1.652841197621003066e-01 3.908226428549934073e-01 -8.540079044972943845e-02 8.796781765110893436e-02
3.965517241379310942e+00 9.759228292440489142e-04 0.000000000000000000e+00 6.052791463419251311e-02 9.384961625365612070e-01 0.000000000000000000e+00 0.000000000000000000e+00 2.327116705036294704e-03 7.324984336924514859e-03 0.000000000000000000e+00 0.000000000000000000e+00 0.000000000000000000e+00 0.000000000000000000e+00 7.216493404092436115e-02 2.271506717406686360e-01 -2.471489579803043402e-02 1.746657159369567960e-02
4.168965517241379537e+00 1.320118848085390498e-06 0.000000000000000000e+00 2.295718807040869874e-03 9.977029610741131593e-01 0.000000000000000000e+00 0.000000000000000000e+00 -1.209167376622412292e-05 -5.372658862099958496e-05 0.000000000000000000e+00 0.000000000000000000e+00 0.000000000000000000e+00 0.000000000000000000e+00 -1.050753640348940643e-02 -4.669081785667622553e-02 -1.037200101252722193e-03 4.917306180518528705e-04
4.372413793103448576e+00 3.440348064236354707e-03 0.000000000000000000e+00 1.104281813894826547e-01 8.861314705462824959e-01 0.000000000000000000e+00 0.000000000000000000e+00 -2.564475667988991032e-03 -1.932186838418170627e-02 0.000000000000000000e+00 0.000000000000000000e+00 0.000000000000000000e+00 0.000000000000000000e+00 -4.115732040751633042e-02 -3.100966997919961665e-01 -5.330249545001761180e-02 1.440276508615674633e-02
4.575862068965517615e+00 3.638467470217209704e-02 0.000000000000000000e+00 3.087259451892415130e-01 6.548893801085864386e-01 0.000000000000000000e+00 0.000000000000000000e+00 -3.105294351611268943e-03 -1.059398304921586181e-01 0.000000000000000000e+00 0.000000000000000000e+00 0.000000000000000000e+00 0.000000000000000000e+00 -1.317433261275171609e-02 -4.494527678655776404e-01 -1.540979448559109677e-01 9.041578097979402137e-03
4.779310344827586654e+00 1.357556395949841288e-01 0.000000000000000000e+00 4.653893558374061490e-01 3.988550045676097500e-01 0.000000000000000000e+00 0.000000000000000000e+00 2.529885106271182946e-02 -2.500783790215260205e-01 0.000000000000000000e+00 0.000000000000000000e+00 0.000000000000000000e+00 0.000000000000000000e+00 4.336399845796404251e-02 -4.286518868458210618e-01 -2.279800898810959153e-01 -4.660355393272690855e-02
4.982758620689654805e+00 3.059433097506620847e-01 0.000000000000000000e+00 4.943562423331007705e-01 1.997004479162363955e-01 0.000000000000000000e+00 0.000000000000000000e+00 1.084344525242956908e-01 -3.734794980116925567e-01 0.000000000000000000e+00 0.000000000000000000e+00 0.000000000000000000e+00 0.000000000000000000e+00 8.760649887549597226e-02 -3.017420741774642923e-01 -2.087460600820302548e-01 -1.323710586590497729e-01
5.186206896551723844e+00 4.967156750305393165e-01 0.000000000000000000e+00 4.161298538446938644e-01 8.715447112476741587e-02 0.000000000000000000e+00 0.000000000000000000e+00 2.406285088708434716e-01 -3.857409855009930610e-01 0.000000000000000000e+00 0.000000000000000000e+00 0.000000000000000000e+00 0.000000000000000000e+00 1.007947909963711197e-01 -1.615796980093370805e-01 -9.149505652154556190e-02 -1.868680087697756620e-01
5.389655172413792883e+00 6.252570344474805974e-01 0.000000000000000000e+00 3.309498761502974173e-01 4.379308940221893209e-02 0.000000000000000000e+00 0.000000000000000000e+00 3.761706473103199055e-01 -2.557818508654367551e-01 0.000000000000000000e+00 0.000000000000000000e+00 0.000000000000000000e+00 0.000000000000000000e+00 9.955396790880824409e-02 -6.769290925131210557e-02 6.083896131802265378e-02 -1.538849024685623457e-01
5.593103448275861922e+00 6.281421797461391732e-01 0.000000000000000000e+00 3.288240645376604432e-01 4.303375571620251389e-02 0.000000000000000000e+00 0.000000000000000000e+00 4.526039090342171001e-01 -4.120621934970945810e-02 0.000000000000000000e+00 0.000000000000000000e+00 0.000000000000000000e+00 0.000000000000000000e+00 1.184660743074071321e-01 -1.078540079280790147e-02 1.617088780859622932e-01 -2.969087718920231100e-02
5.796551724137930961e+00 5.040999701322519400e-01 0.000000000000000000e+00 4.117999826350139392e-01 8.410004723273484251e-02 0.000000000000000000e+00 0.000000000000000000e+00 4.307322655514162490e-01 1.485196556671199153e-01 0.000000000000000000e+00 0.000000000000000000e+00 0.000000000000000000e+00 0.000000000000000000e+00 1.759329171403440917e-01 6.066300399839622687e-02 1.621426471460436503e-01 1.269038033850798386e-01
6.000000000000000000e+00 3.147140664607101512e-01 0.000000000000000000e+00 4.925594464652531812e-01 1.927264870740366953e-01 0.000000000000000000e+00 0.000000000000000000e+00 3.216792890642763969e-01 2.270194782447534643e-01 0.000000000000000000e+00 0.000000000000000000e+00 0.000000000000000000e+00 0.000000000000000000e+00 2.517303756953277460e-01 1.776542934261570172e-01 8.251893401430433761e-02 2.320438298345622596e-01
