1.000000000000000056e-01 9.755814460672751487e-01 0.000000000000000000e+00 2.426763923521130240e-02 1.509146975157420905e-04 0.000000000000000000e+00 0.000000000000000000e+00 -1.030626011582614054e-04 1.538669813650314355e-01 0.000000000000000000e+00 0.000000000000000000e+00 0.000000000000000000e+00 0.000000000000000000e+00 -1.281844598098594157e-06 1.913724585354957325e-03 -1.213380873245222848e-02 -1.625485478450541894e-05
3.034482758620690168e-01 7.934519244944782113e-01 0.000000000000000000e+00 1.946145197045143216e-01 1.193355580100432557e-02 0.000000000000000000e+00 0.000000000000000000e+00 -2.449059279064717473e-03 3.929519911161714618e-01 0.000000000000000000e+00 0.000000000000000000e+00 0.000000000000000000e+00 0.000000000000000000e+00 -3.003474285401442506e-04 4.819079810567561406e-02 -9.729970061050510766e-02 -1.212880942440325814e-03
5.068965517241379448e-01 5.125962665270663576e-01 0.000000000000000000e+00 4.067240377678654761e-01 8.067969570506784704e-02 0.000000000000000000e+00 0.000000000000000000e+00 -8.077732737070483435e-03 4.565303642872358125e-01 0.000000000000000000e+00 0.000000000000000000e+00 0.000000000000000000e+00 0.000000000000000000e+00 -3.204674265440105897e-03 1.811190261451772476e-01 -2.032347261695774121e-01 -7.194219935478931259e-03
7.103448275862068728e-01 2.490426615011014644e-01 0.000000000000000000e+00 4.999981635197752738e-01 2.509591749791223458e-01 0.000000000000000000e+00 0.000000000000000000e+00 -1.258226136036491929e-02 3.526507622690520649e-01 0.000000000000000000e+00 0.000000000000000000e+00 0.000000000000000000e+00 0.000000000000000000e+00 -1.263058212290070481e-02 3.540050775941555039e-01 -2.493633942500597112e-01 -1.781680308734726742e-02
9.137931034482759118e-01 8.046626776830374805e-02 0.000000000000000000e+00 4.063990000590587681e-01 5.131347321726363875e-01 0.000000000000000000e+00 0.000000000000000000e+00 -1.105823743798773490e-02 1.804968869578914836e-01 0.000000000000000000e+00 0.000000000000000000e+00 0.000000000000000000e+00 0.000000000000000000e+00 -2.792509669362769689e-02 4.558043777802292529e-01 -2.016797996944111604e-01 -2.480514477774360682e-02
1.117241379310345062e+00 1.252476677691852398e-02 0.000000000000000000e+00 1.987786775264915318e-01 7.886965556965920277e-01 0.000000000000000000e+00 0.000000000000000000e+00 -4.777653315990511296e-03 4.966719887939902850e-02 0.000000000000000000e+00 0.000000000000000000e+00 0.000000000000000000e+00 0.000000000000000000e+00 -3.791270450433631423e-02 3.941302891277396192e-01 -9.756687215408567371e-02 -1.894587366488011820e-02
1.320689655172413879e+00 2.322465223003090397e-04 0.000000000000000000e+00 3.001480047519767755e-02 9.697529530025023048e-01 0.000000000000000000e+00 0.000000000000000000e+00 -3.744522596779218510e-04 2.613546254749738243e-03 0.000000000000000000e+00 0.000000000000000000e+00 0.000000000000000000e+00 0.000000000000000000e+00 -2.419647446003889493e-02 1.688830113538013489e-01 -1.440366972313754032e-02 -4.213829752466995496e-03
1.524137931034482918e+00 6.201660870671540080e-05 0.000000000000000000e+00 1.562605958602910142e-02 9.843119238052674413e-01 0.000000000000000000e+00 0.000000000000000000e+00 1.997140678426264336e-04 -9.639439830554883413e-04 0.000000000000000000e+00 0.000000000000000000e+00 0.000000000000000000e+00 0.000000000000000000e+00 2.516061539498617647e-02 -1.214407691920801474e-01 -7.169883274687723247e-03 -3.104224206128012274e-03
1.727586206896551957e+00 7.083334978484401301e-03 0.000000000000000000e+00 1.541584285552785871e-01 8.387582364662368173e-01 0.000000000000000000e+00 0.000000000000000000e+00 9.387148499816594036e-03 -3.168339007873186702e-02 0.000000000000000000e+00 0.000000000000000000e+00 0.000000000000000000e+00 0.000000000000000000e+00 1.021487830651200551e-01 -3.447713416915221263e-01 -6.463895023778276627e-02 -4.198822921727280583e-02
1.931034482758620996e+00 4.855416238861857275e-02 0.000000000000000000e+00 3.435918545571566285e-01 6.078539830542230016e-01 0.000000000000000000e+00 0.000000000000000000e+00 5.069123903406340392e-02 -1.187990438891383116e-01 0.000000000000000000e+00 0.000000000000000000e+00 0.000000000000000000e+00 0.000000000000000000e+00 1.793574032082209113e-01 -4.203386726691198394e-01 -1.188735496307681966e-01 -1.240278990256637043e-01
2.134482758620690035e+00 1.446929419381432491e-01 0.000000000000000000e+00 4.713846248912053061e-01 3.839224331706487248e-01 0.000000000000000000e+00 0.000000000000000000e+00 1.399100033238215024e-01 -2.205248718083793469e-01 0.000000000000000000e+00 0.000000000000000000e+00 0.000000000000000000e+00 0.000000000000000000e+00 2.279013187562121678e-01 -3.592159810102109052e-01 -1.004071439268682114e-01 -2.132352495809404502e-01
2.337931034482759074e+00 2.749441916851051437e-01 0.000000000000000000e+00 4.988140401719437511e-01 2.262417681429517990e-01 0.000000000000000000e+00 0.000000000000000000e+00 2.643448551109292555e-01 -2.593604040932844246e-01 0.000000000000000000e+00 0.000000000000000000e+00 0.000000000000000000e+00 0.000000000000000000e+00 2.397921637877772905e-01 -2.352706738549872334e-01 4.747112059177465392e-03 -2.493618354947819415e-01
2.541379310344827669e+00 3.814258233483800997e-01 0.000000000000000000e+00 4.723419807645880542e-01 1.462321958870311245e-01 0.000000000000000000e+00 0.000000000000000000e+00 3.795710633275883317e-01 -1.899716722933729451e-01 0.000000000000000000e+00 0.000000000000000000e+00 0.000000000000000000e+00 0.000000000000000000e+00 2.350225614787948836e-01 -1.176265327283489148e-01 1.415543319827537727e-01 -1.890478967146497769e-01
2.744827586206896708e+00 4.076508076893251009e-01 0.000000000000000000e+00 4.616491394523750125e-01 1.307000528583009968e-01 0.000000000000000000e+00 0.000000000000000000e+00 4.318685312204999516e-01 -4.100263847138000545e-02 0.000000000000000000e+00 0.000000000000000000e+00 0.000000000000000000e+00 0.000000000000000000e+00 2.445373985131924777e-01 -2.321696809582652829e-02 2.267004116594420193e-01 -4.343852363754113072e-02
2.948275862068965747e+00 3.398401740779829483e-01 0.000000000000000000e+00 4.862358958945422471e-01 1.739239300274748046e-01 0.000000000000000000e+00 0.000000000000000000e+00 3.929693325154547390e-01 1.040076759692327435e-01 0.000000000000000000e+00 0.000000000000000000e+00 0.000000000000000000e+00 0.000000000000000000e+00 2.811259687168886079e-01 7.440595967120731957e-02 2.112865280028395909e-01 1.202677903320300556e-01
3.151724137931034786e+00 2.163332169533371263e-01 0.000000000000000000e+00 4.975662578871860031e-01 2.861005251594770371e-01 0.000000000000000000e+00 0.000000000000000000e+00 2.809312491660918010e-01 1.694631052745324828e-01 0.000000000000000000e+00 0.000000000000000000e+00 0.000000000000000000e+00 0.000000000000000000e+00 3.230708453231639354e-01 1.948825152085723877e-01 1.160354029646282203e-01 2.200655179609010970e-01
3.355172413793103825e+00 9.823809118006358865e-02 0.000000000000000000e+00 4.303829449923290418e-01 4.713789638276074667e-01 0.000000000000000000e+00 0.000000000000000000e+00 1.493201198047446054e-01 1.413630164350731522e-01 0.000000000000000000e+00 0.000000000000000000e+00 0.000000000000000000e+00 0.000000000000000000e+00 3.270871381377734033e-01 3.096570170650702059e-01 1.177240450577120637e-02 2.148692209580231605e-01
3.558620689655172864e+00 2.684556326838418577e-02 0.000000000000000000e+00 2.740012052022341993e-01 6.991532315293833566e-01 0.000000000000000000e+00 0.000000000000000000e+00 5.153495195263511214e-02 6.855557224962365026e-02 0.000000000000000000e+00 0.000000000000000000e+00 0.000000000000000000e+00 0.000000000000000000e+00 2.629976046484113206e-01 3.498586601241769345e-01 -3.806987331481131304e-02 1.316049043682419040e-01
3.762068965517241903e+00 2.625805968729223727e-03 0.000000000000000000e+00 9.723372028696516955e-02 9.001404737443067239e-01 0.000000000000000000e+00 0.000000000000000000e+00 7.706876272817126186e-03 1.399718950821286258e-02 0.000000000000000000e+00 0.000000000000000000e+00 0.000000000000000000e+00 0.000000000000000000e+00 1.426928376137150400e-01 2.591577738824168975e-01 -2.599679123302138517e-02 4.108243640367953420e-02
3.965517241379310942e+00 1.586380752244541399e-06 0.000000000000000000e+00 2.516026475518717484e-03 9.974823871437298317e-01 0.000000000000000000e+00 0.000000000000000000e+00 2.306581186839983316e-05 5.881992648434886220e-05 0.000000000000000000e+00 0.000000000000000000e+00 0.000000000000000000e+00 0.000000000000000000e+00 1.828930798393567370e-02 4.663896242281697496e-02 -9.226708467031175583e-04 8.551469184295373794e-04
4.168965517241379537e+00 5.973036580767770824e-04 0.000000000000000000e+00 4.768486537987404877e-02 9.517178309620495380e-01 0.000000000000000000e+00 0.000000000000000000e+00 -1.287770461735572016e-03 -5.179183457617869343e-03 0.000000000000000000e+00 0.000000000000000000e+00 0.000000000000000000e+00 0.000000000000000000e+00 -5.140390342426692100e-02 -2.067369703816596405e-01 -2.106602419653014202e-02 1.116620656489593702e-02
4.372413793103448576e+00 1.298953051928105305e-02 0.000000000000000000e+00 2.019641001362481869e-01 7.850463693444710289e-01 0.000000000000000000e+00 0.000000000000000000e+00 -5.196494271970521044e-03 -5.095501938721394564e-02 0.000000000000000000e+00 0.000000000000000000e+00 0.000000000000000000e+00 0.000000000000000000e+00 -4.039823357340332349e-02 -3.961302475992734551e-01 -9.890316633140905367e-02 2.038471707666690211e-02
4.575862068965517615e+00 6.125908618970211938e-02 0.000000000000000000e+00 3.724932658843813083e-01 5.662476479259176410e-01 0.000000000000000000e+00 0.000000000000000000e+00 9.938278751252097032e-03 -1.507309680558026055e-01 0.000000000000000000e+00 0.000000000000000000e+00 0.000000000000000000e+00 0.000000000000000000e+00 3.021542247868717890e-02 -4.582689922911277192e-01 -1.846343045661868187e-01 -2.445360319648856584e-02
4.779310344827586654e+00 1.541470029560868260e-01 0.000000000000000000e+00 4.769371763611341408e-01 3.689158206827807818e-01 0.000000000000000000e+00 0.000000000000000000e+00 7.370793922682548904e-02 -2.609321153637028656e-01 0.000000000000000000e+00 0.000000000000000000e+00 0.000000000000000000e+00 0.000000000000000000e+00 1.140276843623104913e-01 -4.036673931266036575e-01 -2.032239122765454320e-01 -1.247689917658419134e-01
4.982758620689654805e+00 2.647291112725044249e-01 0.000000000000000000e+00 4.995784560275691732e-01 2.356924326999269292e-01 0.000000000000000000e+00 0.000000000000000000e+00 1.883255356040136885e-01 -3.111051923244887996e-01 0.000000000000000000e+00 0.000000000000000000e+00 0.000000000000000000e+00 0.000000000000000000e+00 1.776974565868757738e-01 -2.935480945564461486e-01 -1.158163930489386761e-01 -2.213169790721857544e-01
5.186206896551723844e+00 3.413991383393132351e-01 0.000000000000000000e+00 4.857891507152277688e-01 1.728117109454597733e-01 0.000000000000000000e+00 0.000000000000000000e+00 3.131734259636220208e-01 -2.603274800967135816e-01 0.000000000000000000e+00 0.000000000000000000e+00 0.000000000000000000e+00 0.000000000000000000e+00 2.228128927582375407e-01 -1.852146644849192170e-01 4.438674692965590557e-02 -2.388044880000908810e-01
5.389655172413792883e+00 3.429395710791171004e-01 0.000000000000000000e+00 4.853417072936076493e-01 1.717187216272749173e-01 0.000000000000000000e+00 0.000000000000000000e+00 3.860439899816422993e-01 -1.319580009437598123e-01 0.000000000000000000e+00 0.000000000000000000e+00 0.000000000000000000e+00 0.000000000000000000e+00 2.731724081589131936e-01 -9.337608290186028004e-02 1.918953926350188688e-01 -1.485439337140994631e-01
5.593103448275861922e+00 2.688068122089216638e-01 0.000000000000000000e+00 4.993180156441704987e-01 2.318751721469079208e-01 0.000000000000000000e+00 0.000000000000000000e+00 3.663517624252440874e-01 2.543862080652532862e-03 0.000000000000000000e+00 0.000000000000000000e+00 0.000000000000000000e+00 0.000000000000000000e+00 3.402555889093589192e-01 2.362677091107069031e-03 2.496349371965493058e-01 3.466980589596447334e-03
5.796551724137930961e+00 1.592142353187719905e-01 0.000000000000000000e+00 4.796046702202175771e-01 3.611810944610099883e-01 0.000000000000000000e+00 0.000000000000000000e+00 2.654343771688947862e-01 7.684067764955408719e-02 0.000000000000000000e+00 0.000000000000000000e+00 0.000000000000000000e+00 0.000000000000000000e+00 3.997870169757410941e-01 1.157344696079749130e-01 2.027171826046312852e-01 1.281050913733801644e-01
6.000000000000000000e+00 6.535886179530175921e-02 0.000000000000000000e+00 3.805898485201926751e-01 5.540512896845054547e-01 0.000000000000000000e+00 0.000000000000000000e+00 1.384870945086590643e-01 7.547351883371880565e-02 0.000000000000000000e+00 0.000000000000000000e+00 0.000000000000000000e+00 0.000000000000000000e+00 4.032106310434897534e-01 2.197440665361380663e-01 1.031415379542879179e-01 1.599187084910439760e-01
