1.000000000000000056e-01 9.756024001693814895e-01 0.000000000000000000e+00 2.424694563704013137e-02 1.506541935784967766e-04 0.000000000000000000e+00 0.000000000000000000e+00 -3.768427580603155914e-04 1.538025888960520837e-01 0.000000000000000000e+00 0.000000000000000000e+00 0.000000000000000000e+00 0.000000000000000000e+00 -4.682892804198276259e-06 1.911251452532708450e-03 -1.212332725246032666e-02 -5.940881633674692324e-05
3.034482758620690168e-01 7.949675095625068355e-01 0.000000000000000000e+00 1.932839910370029723e-01 1.174849940048761955e-02 0.000000000000000000e+00 0.000000000000000000e+00 -8.872579274027733026e-03 3.918874459901760532e-01 0.000000000000000000e+00 0.000000000000000000e+00 0.000000000000000000e+00 0.000000000000000000e+00 -1.078614849516717697e-03 4.764067003882314216e-02 -9.654296926579289395e-02 -4.373829578593782345e-03
5.068965517241379448e-01 5.209087825268042815e-01 0.000000000000000000e+00 4.016626496020948012e-01 7.742856787110280470e-02 0.000000000000000000e+00 0.000000000000000000e+00 -2.916868071479390007e-02 4.564852570018981814e-01 0.000000000000000000e+00 0.000000000000000000e+00 0.000000000000000000e+00 0.000000000000000000e+00 -1.124570172666038669e-02 1.759934598565730535e-01 -1.991980024596274601e-01 -2.556123673257486989e-02
7.103448275862068728e-01 2.673022757121977233e-01 0.000000000000000000e+00 4.994211266365420343e-01 2.332765976512603534e-01 0.000000000000000000e+00 0.000000000000000000e+00 -4.635267564336043034e-02 3.624194161262629943e-01 0.000000000000000000e+00 0.000000000000000000e+00 0.000000000000000000e+00 0.000000000000000000e+00 -4.330211073957471873e-02 3.385678490005064600e-01 -2.416725825467324895e-01 -6.284686348840379244e-02
9.137931034482759118e-01 1.020716109130392624e-01 0.000000000000000000e+00 4.348297383239549951e-01 4.630986507630038274e-01 0.000000000000000000e+00 0.000000000000000000e+00 -4.487140348014449082e-02 2.058405427418138756e-01 0.000000000000000000e+00 0.000000000000000000e+00 0.000000000000000000e+00 0.000000000000000000e+00 -9.557711717573538768e-02 4.384450703732900023e-01 -1.976890821672136755e-01 -9.048896121338904919e-02
1.117241379310345062e+00 2.622638204191121702e-02 0.000000000000000000e+00 2.714384647942592599e-01 7.023351531638332146e-01 0.000000000000000000e+00 0.000000000000000000e+00 -2.720628214929333294e-02 7.986655801532203947e-02 0.000000000000000000e+00 0.000000000000000000e+00 0.000000000000000000e+00 0.000000000000000000e+00 -1.407901298567706683e-01 4.133024498420978521e-01 -1.074964379613675969e-01 -8.285062377755519902e-02
1.320689655172413879e+00 3.601928702994723532e-03 0.000000000000000000e+00 1.128282843414542547e-01 8.835697869555483308e-01 0.000000000000000000e+00 0.000000000000000000e+00 -9.140196342564216314e-03 1.796820112282621756e-02 0.000000000000000000e+00 0.000000000000000000e+00 0.000000000000000000e+00 0.000000000000000000e+00 -1.431556167788951006e-01 2.814216274559058206e-01 -3.322012746885666390e-02 -4.559581743982710211e-02
1.524137931034482918e+00 1.249371476389953624e-04 0.000000000000000000e+00 2.210518429109954719e-02 9.777698785612621846e-01 0.000000000000000000e+00 0.000000000000000000e+00 -9.966004432663763419e-04 1.329867087833821581e-03 0.000000000000000000e+00 0.000000000000000000e+00 0.000000000000000000e+00 0.000000000000000000e+00 -8.816446096506032337e-02 1.176469763542630220e-01 -3.102897220008390706e-03 -1.060810157695339304e-02
1.727586206896551957e+00 8.823116367143532956e-10 0.000000000000000000e+00 5.970031180995697859e-05 9.999402988058773145e-01 0.000000000000000000e+00 0.000000000000000000e+00 1.725745760069016962e-07 -1.529270865080656856e-07 0.000000000000000000e+00 0.000000000000000000e+00 0.000000000000000000e+00 0.000000000000000000e+00 5.784747376485728683e-03 -5.121859787413997160e-03 3.614988197233436322e-06 -2.963032695768967470e-05
1.931034482758620996e+00 4.649498974427730463e-05 0.000000000000000000e+00 1.354446757644369587e-02 9.864090374338143619e-01 0.000000000000000000e+00 0.000000000000000000e+00 6.987009010606181703e-04 -3.762545357050459355e-04 0.000000000000000000e+00 0.000000000000000000e+00 0.000000000000000000e+00 0.000000000000000000e+00 1.017692395567887098e-01 -5.480334915520877759e-02 3.727444663196012760e-03 -5.654140531940957635e-03
2.134482758620690035e+00 2.360109175933923671e-04 0.000000000000000000e+00 3.025327765415548528e-02 9.695107114282492944e-01 0.000000000000000000e+00 0.000000000000000000e+00 2.595033760805804269e-03 -6.371069166840166937e-04 0.000000000000000000e+00 0.000000000000000000e+00 0.000000000000000000e+00 0.000000000000000000e+00 1.663233534455731411e-01 -4.083403985010507914e-02 1.340678259225500622e-02 -7.005240053685697632e-03
2.337931034482759074e+00 3.043701359474361304e-04 0.000000000000000000e+00 3.428367812644413093e-02 9.654119517376095194e-01 0.000000000000000000e+00 0.000000000000000000e+00 3.229046077624630421e-03 9.050322761247840935e-05 0.000000000000000000e+00 0.000000000000000000e+00 0.000000000000000000e+00 0.000000000000000000e+00 1.818567915368282106e-01 5.097055351888596028e-03 1.711492838758098267e-02 9.601435618719958692e-04
2.541379310344827669e+00 1.632516550502648709e-04 0.000000000000000000e+00 2.522750332053397618e-02 9.746092450244174810e-01 0.000000000000000000e+00 0.000000000000000000e+00 1.935090517194799995e-03 6.114399448111547397e-04 0.000000000000000000e+00 0.000000000000000000e+00 0.000000000000000000e+00 0.000000000000000000e+00 1.495159877402994220e-01 4.724327714971321424e-02 1.032367798258476861e-02 7.247648615185251463e-03
2.744827586206896708e+00 3.219284132287245250e-05 0.000000000000000000e+00 1.128337624956091134e-02 9.886844309091131766e-01 0.000000000000000000e+00 0.000000000000000000e+00 5.009032721558962604e-04 3.351723195704635794e-04 0.000000000000000000e+00 0.000000000000000000e+00 0.000000000000000000e+00 0.000000000000000000e+00 8.778146281223016267e-02 5.873766391856672514e-02 2.152088344787936834e-03 5.215090320712618271e-03
2.948275862068965747e+00 6.707334245673178966e-07 0.000000000000000000e+00 1.636678255348121905e-03 9.983626510112272312e-01 0.000000000000000000e+00 0.000000000000000000e+00 2.115740241453916161e-05 2.549881628385459569e-05 0.000000000000000000e+00 0.000000000000000000e+00 0.000000000000000000e+00 0.000000000000000000e+00 2.581209074758038929e-02 3.110842711968497473e-02 -1.509829522063574900e-04 8.042908273817020361e-04
3.151724137931034786e+00 9.680011171480404889e-08 0.000000000000000000e+00 6.220867986952170530e-04 9.993778164011898335e-01 0.000000000000000000e+00 0.000000000000000000e+00 -3.012171444925249984e-06 -7.152125247208629606e-06 0.000000000000000000e+00 0.000000000000000000e+00 0.000000000000000000e+00 0.000000000000000000e+00 -9.677581465562832413e-03 -2.297920778651546883e-02 -2.173297359747045120e-04 2.225213676274358915e-04
3.355172413793103825e+00 9.461552416381247352e-06 0.000000000000000000e+00 6.132998901018737667e-03 9.938575395465647500e-01 0.000000000000000000e+00 0.000000000000000000e+00 -2.356517476504292759e-05 -2.397339631064481663e-04 0.000000000000000000e+00 0.000000000000000000e+00 0.000000000000000000e+00 0.000000000000000000e+00 -7.637565383576495892e-03 -7.769809995991937279e-02 -3.007806437403432072e-03 5.970911166813301857e-04
3.558620689655172864e+00 3.948862255534982691e-05 0.000000000000000000e+00 1.248901182491364212e-02 9.874714995525333272e-01 0.000000000000000000e+00 0.000000000000000000e+00 1.457261224667165032e-04 -6.869772774872599146e-04 0.000000000000000000e+00 0.000000000000000000e+00 0.000000000000000000e+00 0.000000000000000000e+00 2.304428198229972399e-02 -1.086347284306824895e-01 -5.706729519066720824e-03 -2.535171895485352662e-03
3.762068965517241903e+00 5.580836496413535457e-05 0.000000000000000000e+00 1.482938754100384705e-02 9.851148040940309603e-01 0.000000000000000000e+00 0.000000000000000000e+00 4.532559682427176207e-04 -7.887732749334734400e-04 0.000000000000000000e+00 0.000000000000000000e+00 0.000000000000000000e+00 0.000000000000000000e+00 6.021947984500827106e-02 -1.047962935809508972e-01 -3.733512880205542162e-03 -6.406134826044399509e-03
3.965517241379310942e+00 3.574912022274506833e-05 0.000000000000000000e+00 1.188661786857928525e-02 9.880776330111997741e-01 0.000000000000000000e+00 0.000000000000000000e+00 4.845035430698432246e-04 -4.361107888228071740e-04 0.000000000000000000e+00 0.000000000000000000e+00 0.000000000000000000e+00 0.000000000000000000e+00 8.054889854891558731e-02 -7.250362894790568502e-02 6.231041502756721985e-04 -5.910554894200798631e-03
4.168965517241379537e+00 9.133457765810194519e-06 0.000000000000000000e+00 6.026062253954523641e-03 9.939648042882784917e-01 0.000000000000000000e+00 0.000000000000000000e+00 2.147893953535297057e-04 -9.436324952229595037e-05 0.000000000000000000e+00 0.000000000000000000e+00 0.000000000000000000e+00 0.000000000000000000e+00 7.085658251077479874e-02 -3.112938579414682022e-02 2.038109494004633395e-03 -2.219114473281989883e-03
4.372413793103448576e+00 3.510896975909980900e-07 0.000000000000000000e+00 1.184410171050148111e-03 9.988152387392517095e-01 0.000000000000000000e+00 0.000000000000000000e+00 2.030477081022567643e-05 -1.892677116909336772e-06 0.000000000000000000e+00 0.000000000000000000e+00 0.000000000000000000e+00 0.000000000000000000e+00 3.424643331375606947e-02 -3.192012341617900782e-03 5.820053226724392461e-04 -1.094445904287850914e-04
4.575862068965517615e+00 5.567962273336188002e-09 0.000000000000000000e+00 1.494139424513279849e-04 9.998505804895854165e-01 0.000000000000000000e+00 0.000000000000000000e+00 -8.890886049798803714e-07 -2.090500019088856352e-07 0.000000000000000000e+00 0.000000000000000000e+00 0.000000000000000000e+00 0.000000000000000000e+00 -1.189842547897806274e-02 -2.796210437652398625e-03 6.688691378539035539e-05 3.327462412298422425e-05
4.779310344827586654e+00 2.112883920754859917e-06 0.000000000000000000e+00 2.902953892574172343e-03 9.970949332235043983e-01 0.000000000000000000e+00 0.000000000000000000e+00 -6.646638439988970999e-05 -4.142363531504400124e-05 0.000000000000000000e+00 0.000000000000000000e+00 0.000000000000000000e+00 0.000000000000000000e+00 -4.565914460487238008e-02 -2.845633873660170093e-02 6.393557354013277043e-04 1.303077499194080962e-03
4.982758620689654805e+00 1.231737100176245941e-05 0.000000000000000000e+00 6.994570512805614246e-03 9.929931121161916785e-01 0.000000000000000000e+00 0.000000000000000000e+00 -1.853164852484605666e-04 -2.276235586524366877e-04 0.000000000000000000e+00 0.000000000000000000e+00 0.000000000000000000e+00 0.000000000000000000e+00 -5.261710986749062319e-02 -6.462971698299785350e-02 -7.091888779425913752e-04 3.424626907236391540e-03
5.186206896551723844e+00 2.246795483796787515e-05 0.000000000000000000e+00 9.435141585584040647e-03 9.905423904595751505e-01 0.000000000000000000e+00 0.000000000000000000e+00 -1.578348648874733058e-04 -4.325235123915119567e-04 0.000000000000000000e+00 0.000000000000000000e+00 0.000000000000000000e+00 0.000000000000000000e+00 -3.314042992839714291e-02 -9.081640636216040119e-02 -3.608796175645137810e-03 3.038430420170028495e-03
5.389655172413792883e+00 1.890640144509976947e-05 0.000000000000000000e+00 8.658483542918335094e-03 9.913226100556384868e-01 0.000000000000000000e+00 0.000000000000000000e+00 -5.722355502508099694e-06 -4.045591321362636554e-04 0.000000000000000000e+00 0.000000000000000000e+00 0.000000000000000000e+00 0.000000000000000000e+00 -1.310392022145615704e-03 -9.263710494809507257e-02 -4.327508855282527836e-03 1.224536074486427524e-04
5.593103448275861922e+00 7.125661367464496310e-06 0.000000000000000000e+00 5.324549545022985546e-03 9.946683247936072281e-01 0.000000000000000000e+00 0.000000000000000000e+00 6.188454594299842924e-05 -1.846926806554962937e-04 0.000000000000000000e+00 0.000000000000000000e+00 0.000000000000000000e+00 0.000000000000000000e+00 2.312098977008303358e-02 -6.900420682725852406e-02 -2.124827941715985279e-03 -1.603997448733526050e-03
5.796551724137930961e+00 7.100046920380213553e-07 0.000000000000000000e+00 1.683849702394158744e-03 9.983154402929108606e-01 0.000000000000000000e+00 0.000000000000000000e+00 2.125404161665263243e-05 -2.727355184252557512e-05 0.000000000000000000e+00 0.000000000000000000e+00 0.000000000000000000e+00 0.000000000000000000e+00 2.520188313874068345e-02 -3.234003907780255704e-02 -2.057182789138077106e-04 -8.164051802419251998e-04
6.000000000000000000e+00 5.601801033188098120e-12 0.000000000000000000e+00 1.032774684627446337e-05 9.999896722475520860e-01 0.000000000000000000e+00 0.000000000000000000e+00 1.406290642046735659e-08 -8.912065699971698937e-09 0.000000000000000000e+00 0.000000000000000000e+00 0.000000000000000000e+00 0.000000000000000000e+00 2.707075664768458356e-03 -1.731903726399190930e-03 2.164457902084346012e-06 -4.688407084448731529e-06
