1.000000000000000056e-01 9.951430126536537912e-01 0.000000000000000000e+00 4.856987346345725647e-03 0.000000000000000000e+00 0.000000000000000000e+00 0.000000000000000000e+00 -3.445874591378660090e-02 6.038204877160253947e-02 0.000000000000000000e+00 0.000000000000000000e+00 0.000000000000000000e+00 0.000000000000000000e+00 0.000000000000000000e+00 0.000000000000000000e+00 0.000000000000000000e+00 0.000000000000000000e+00
2.000000000000000111e-01 9.811397866171344129e-01 0.000000000000000000e+00 1.886021338286476487e-02 0.000000000000000000e+00 0.000000000000000000e+00 0.000000000000000000e+00 -6.983284214716060923e-02 1.167385103780722716e-01 0.000000000000000000e+00 0.000000000000000000e+00 0.000000000000000000e+00 0.000000000000000000e+00 0.000000000000000000e+00 0.000000000000000000e+00 0.000000000000000000e+00 0.000000000000000000e+00
2.999999999999999889e-01 9.596294048278506406e-01 0.000000000000000000e+00 4.037059517214954679e-02 0.000000000000000000e+00 0.000000000000000000e+00 0.000000000000000000e+00 -1.067629555105405886e-01 1.653556208153195983e-01 0.000000000000000000e+00 0.000000000000000000e+00 0.000000000000000000e+00 0.000000000000000000e+00 0.000000000000000000e+00 0.000000000000000000e+00 0.000000000000000000e+00 0.000000000000000000e+00
4.000000000000000222e-01 9.331369923936851940e-01 0.000000000000000000e+00 6.686300760631364026e-02 0.000000000000000000e+00 0.000000000000000000e+00 0.000000000000000000e+00 -1.453753060771274530e-01 2.031215547269520916e-01 0.000000000000000000e+00 0.000000000000000000e+00 0.000000000000000000e+00 0.000000000000000000e+00 0.000000000000000000e+00 0.000000000000000000e+00 0.000000000000000000e+00 0.000000000000000000e+00
5.000000000000000000e-01 9.047857900190111602e-01 0.000000000000000000e+00 9.521420998098963084e-02 0.000000000000000000e+00 0.000000000000000000e+00 0.000000000000000000e+00 -1.851185257453595301e-01 2.277709275376996467e-01 0.000000000000000000e+00 0.000000000000000000e+00 0.000000000000000000e+00 0.000000000000000000e+00 0.000000000000000000e+00 0.000000000000000000e+00 0.000000000000000000e+00 0.000000000000000000e+00
5.999999999999999778e-01 8.779432354420833029e-01 0.000000000000000000e+00 1.220567645579161975e-01 0.000000000000000000e+00 0.000000000000000000e+00 0.000000000000000000e+00 -2.246870099761667794e-01 2.380643980270780169e-01 0.000000000000000000e+00 0.000000000000000000e+00 0.000000000000000000e+00 0.000000000000000000e+00 0.000000000000000000e+00 0.000000000000000000e+00 0.000000000000000000e+00 0.000000000000000000e+00
6.999999999999999556e-01 8.558280860340419238e-01 0.000000000000000000e+00 1.441719139659606297e-01 0.000000000000000000e+00 0.000000000000000000e+00 0.000000000000000000e+00 -2.620644922564034918e-01 2.338986419200581035e-01 0.000000000000000000e+00 0.000000000000000000e+00 0.000000000000000000e+00 0.000000000000000000e+00 0.000000000000000000e+00 0.000000000000000000e+00 0.000000000000000000e+00 0.000000000000000000e+00
7.999999999999999334e-01 8.411387172243418586e-01 0.000000000000000000e+00 1.588612827756547552e-01 0.000000000000000000e+00 0.000000000000000000e+00 0.000000000000000000e+00 -2.946726553822031636e-01 2.163155142314375223e-01 0.000000000000000000e+00 0.000000000000000000e+00 0.000000000000000000e+00 0.000000000000000000e+00 0.000000000000000000e+00 0.000000000000000000e+00 0.000000000000000000e+00 0.000000000000000000e+00
8.999999999999999112e-01 8.357274139543942049e-01 0.000000000000000000e+00 1.642725860456054066e-01 0.000000000000000000e+00 0.000000000000000000e+00 0.000000000000000000e+00 -3.196134758722476987e-01 1.874415360045029177e-01 0.000000000000000000e+00 0.000000000000000000e+00 0.000000000000000000e+00 0.000000000000000000e+00 0.000000000000000000e+00 0.000000000000000000e+00 0.000000000000000000e+00 0.000000000000000000e+00
9.999999999999998890e-01 8.403694611653756974e-01 0.000000000000000000e+00 1.596305388346220544e-01 0.000000000000000000e+00 0.000000000000000000e+00 0.000000000000000000e+00 -3.339925400121138144e-01 1.503250241505655893e-01 0.000000000000000000e+00 0.000000000000000000e+00 0.000000000000000000e+00 0.000000000000000000e+00 0.000000000000000000e+00 0.000000000000000000e+00 0.000000000000000000e+00 0.000000000000000000e+00
1.099999999999999867e+00 8.546443011618851671e-01 0.000000000000000000e+00 1.453556988381131121e-01 0.000000000000000000e+00 0.000000000000000000e+00 0.000000000000000000e+00 -3.352730717071514821e-01 1.087170027834110236e-01 0.000000000000000000e+00 0.000000000000000000e+00 0.000000000000000000e+00 0.000000000000000000e+00 0.000000000000000000e+00 0.000000000000000000e+00 0.000000000000000000e+00 0.000000000000000000e+00
1.199999999999999956e+00 8.769490185894878165e-01 0.000000000000000000e+00 1.230509814105141819e-01 0.000000000000000000e+00 0.000000000000000000e+00 0.000000000000000000e+00 -3.216369456479065692e-01 6.677658346930120947e-02 0.000000000000000000e+00 0.000000000000000000e+00 0.000000000000000000e+00 0.000000000000000000e+00 0.000000000000000000e+00 0.000000000000000000e+00 0.000000000000000000e+00 0.000000000000000000e+00
1.300000000000000044e+00 9.046485083501291102e-01 0.000000000000000000e+00 9.535149164987255510e-02 0.000000000000000000e+00 0.000000000000000000e+00 0.000000000000000000e+00 -2.922891234851123787e-01 2.875157027088428435e-02 0.000000000000000000e+00 0.000000000000000000e+00 0.000000000000000000e+00 0.000000000000000000e+00 0.000000000000000000e+00 0.000000000000000000e+00 0.000000000000000000e+00 0.000000000000000000e+00
1.399999999999999911e+00 9.343377353082474857e-01 0.000000000000000000e+00 6.566226469175083513e-02 0.000000000000000000e+00 0.000000000000000000e+00 0.000000000000000000e+00 -2.476870626260532504e-01 -1.360322113081596784e-03 0.000000000000000000e+00 0.000000000000000000e+00 0.000000000000000000e+00 0.000000000000000000e+00 0.000000000000000000e+00 0.000000000000000000e+00 0.000000000000000000e+00 0.000000000000000000e+00
1.500000000000000000e+00 9.621957828498500787e-01 0.000000000000000000e+00 3.780421715014810335e-02 0.000000000000000000e+00 0.000000000000000000e+00 0.000000000000000000e+00 -1.896565267743351157e-01 -2.013602741141716501e-02 0.000000000000000000e+00 0.000000000000000000e+00 0.000000000000000000e+00 0.000000000000000000e+00 0.000000000000000000e+00 0.000000000000000000e+00 0.000000000000000000e+00 0.000000000000000000e+00
1.599999999999999867e+00 9.844026766318138000e-01 0.000000000000000000e+00 1.559732336818375927e-02 0.000000000000000000e+00 0.000000000000000000e+00 0.000000000000000000e+00 -1.213605989318843753e-01 -2.501303529485520913e-02 0.000000000000000000e+00 0.000000000000000000e+00 0.000000000000000000e+00 0.000000000000000000e+00 0.000000000000000000e+00 0.000000000000000000e+00 0.000000000000000000e+00 0.000000000000000000e+00
1.699999999999999956e+00 9.975622274727058425e-01 0.000000000000000000e+00 2.437772527295160169e-03 0.000000000000000000e+00 0.000000000000000000e+00 0.000000000000000000e+00 -4.712672635813408561e-02 -1.452244196945253786e-02 0.000000000000000000e+00 0.000000000000000000e+00 0.000000000000000000e+00 0.000000000000000000e+00 0.000000000000000000e+00 0.000000000000000000e+00 0.000000000000000000e+00 0.000000000000000000e+00
1.800000000000000044e+00 9.990898575500789525e-01 0.000000000000000000e+00 9.101424499208030485e-04 0.000000000000000000e+00 0.000000000000000000e+00 0.000000000000000000e+00 2.784440803391900407e-02 1.157596449049026928e-02 0.000000000000000000e+00 0.000000000000000000e+00 0.000000000000000000e+00 0.000000000000000000e+00 0.000000000000000000e+00 0.000000000000000000e+00 0.000000000000000000e+00 0.000000000000000000e+00
1.899999999999999911e+00 9.875310167894789659e-01 0.000000000000000000e+00 1.246898321052100460e-02 0.000000000000000000e+00 0.000000000000000000e+00 0.000000000000000000e+00 9.790303392193050458e-02 5.223507938756748181e-02 0.000000000000000000e+00 0.000000000000000000e+00 0.000000000000000000e+00 0.000000000000000000e+00 0.000000000000000000e+00 0.000000000000000000e+00 0.000000000000000000e+00 0.000000000000000000e+00
2.000000000000000000e+00 9.627626453077814395e-01 0.000000000000000000e+00 3.723735469221702704e-02 0.000000000000000000e+00 0.000000000000000000e+00 0.000000000000000000e+00 1.574469056308086534e-01 1.051722690467542520e-01 0.000000000000000000e+00 0.000000000000000000e+00 0.000000000000000000e+00 0.000000000000000000e+00 0.000000000000000000e+00 0.000000000000000000e+00 0.000000000000000000e+00 0.000000000000000000e+00
2.099999999999999645e+00 9.260614506639158749e-01 0.000000000000000000e+00 7.393854933608658142e-02 0.000000000000000000e+00 0.000000000000000000e+00 0.000000000000000000e+00 2.014336781061114579e-01 1.670212971795430879e-01 0.000000000000000000e+00 0.000000000000000000e+00 0.000000000000000000e+00 0.000000000000000000e+00 0.000000000000000000e+00 0.000000000000000000e+00 0.000000000000000000e+00 0.000000000000000000e+00
2.199999999999999734e+00 8.800262432907095533e-01 0.000000000000000000e+00 1.199737567092906410e-01 0.000000000000000000e+00 0.000000000000000000e+00 0.000000000000000000e+00 2.258864722512467504e-01 2.335708801628559317e-01 0.000000000000000000e+00 0.000000000000000000e+00 0.000000000000000000e+00 0.000000000000000000e+00 0.000000000000000000e+00 0.000000000000000000e+00 0.000000000000000000e+00 0.000000000000000000e+00
2.299999999999999822e+00 8.283568099314894129e-01 0.000000000000000000e+00 1.716431900685122525e-01 0.000000000000000000e+00 0.000000000000000000e+00 0.000000000000000000e+00 2.283216389991932216e-01 3.000850460965344690e-01 0.000000000000000000e+00 0.000000000000000000e+00 0.000000000000000000e+00 0.000000000000000000e+00 0.000000000000000000e+00 0.000000000000000000e+00 0.000000000000000000e+00 0.000000000000000000e+00
2.399999999999999911e+00 7.755136433677537466e-01 0.000000000000000000e+00 2.244863566322451154e-01 0.000000000000000000e+00 0.000000000000000000e+00 0.000000000000000000e+00 2.080592898454128592e-01 3.616677542026303094e-01 0.000000000000000000e+00 0.000000000000000000e+00 0.000000000000000000e+00 0.000000000000000000e+00 0.000000000000000000e+00 0.000000000000000000e+00 0.000000000000000000e+00 0.000000000000000000e+00
2.500000000000000000e+00 7.262780800778523282e-01 0.000000000000000000e+00 2.737219199221470056e-01 0.000000000000000000e+00 0.000000000000000000e+00 0.000000000000000000e+00 1.663759397043245991e-01 4.136632408054347065e-01 0.000000000000000000e+00 0.000000000000000000e+00 0.000000000000000000e+00 0.000000000000000000e+00 0.000000000000000000e+00 0.000000000000000000e+00 0.000000000000000000e+00 0.000000000000000000e+00
2.600000000000000089e+00 6.852866827788177684e-01 0.000000000000000000e+00 3.147133172211821206e-01 0.000000000000000000e+00 0.000000000000000000e+00 0.000000000000000000e+00 1.064811388821993721e-01 4.520294366618751170e-01 0.000000000000000000e+00 0.000000000000000000e+00 0.000000000000000000e+00 0.000000000000000000e+00 0.000000000000000000e+00 0.000000000000000000e+00 0.000000000000000000e+00 0.000000000000000000e+00
2.699999999999999734e+00 6.565403267503967522e-01 0.000000000000000000e+00 3.434596732496023597e-01 0.000000000000000000e+00 0.000000000000000000e+00 0.000000000000000000e+00 3.331095164534007835e-02 4.736934732767661971e-01 0.000000000000000000e+00 0.000000000000000000e+00 0.000000000000000000e+00 0.000000000000000000e+00 0.000000000000000000e+00 0.000000000000000000e+00 0.000000000000000000e+00 0.000000000000000000e+00
2.799999999999999822e+00 6.429816110423066666e-01 0.000000000000000000e+00 3.570183889576949987e-01 0.000000000000000000e+00 0.000000000000000000e+00 0.000000000000000000e+00 -4.684742055923236947e-02 4.768244710485992077e-01 0.000000000000000000e+00 0.000000000000000000e+00 0.000000000000000000e+00 0.000000000000000000e+00 0.000000000000000000e+00 0.000000000000000000e+00 0.000000000000000000e+00 0.000000000000000000e+00
2.899999999999999911e+00 6.461660074349732108e-01 0.000000000000000000e+00 3.538339925650283990e-01 0.000000000000000000e+00 0.000000000000000000e+00 0.000000000000000000e+00 -1.268813689779644815e-01 4.610169371269819405e-01 0.000000000000000000e+00 0.000000000000000000e+00 0.000000000000000000e+00 0.000000000000000000e+00 0.000000000000000000e+00 0.000000000000000000e+00 0.000000000000000000e+00 0.000000000000000000e+00
3.000000000000000000e+00 6.660570014046353071e-01 0.000000000000000000e+00 3.339429985953612512e-01 0.000000000000000000e+00 0.000000000000000000e+00 0.000000000000000000e+00 -1.994600064027711173e-01 4.273649240534845295e-01 0.000000000000000000e+00 0.000000000000000000e+00 0.000000000000000000e+00 0.000000000000000000e+00 0.000000000000000000e+00 0.000000000000000000e+00 0.000000000000000000e+00 0.000000000000000000e+00
