1.000000000000000056e-01 9.972904844279746328e-01 0.000000000000000000e+00 2.709515572028362192e-03 0.000000000000000000e+00 0.000000000000000000e+00 0.000000000000000000e+00 -2.583467452146628179e-02 4.510813326232702286e-02 0.000000000000000000e+00 0.000000000000000000e+00 0.000000000000000000e+00 0.000000000000000000e+00 0.000000000000000000e+00 0.000000000000000000e+00 0.000000000000000000e+00 0.000000000000000000e+00
2.000000000000000111e-01 9.895017118438733661e-01 0.000000000000000000e+00 1.049828815612735555e-02 0.000000000000000000e+00 0.000000000000000000e+00 0.000000000000000000e+00 -4.905040099287617805e-02 8.934277859180608794e-02 0.000000000000000000e+00 0.000000000000000000e+00 0.000000000000000000e+00 0.000000000000000000e+00 0.000000000000000000e+00 0.000000000000000000e+00 0.000000000000000000e+00 0.000000000000000000e+00
2.999999999999999889e-01 9.776124631286207123e-01 0.000000000000000000e+00 2.238753687138107101e-02 0.000000000000000000e+00 0.000000000000000000e+00 0.000000000000000000e+00 -6.729048405428514346e-02 1.317509981046152967e-01 0.000000000000000000e+00 0.000000000000000000e+00 0.000000000000000000e+00 0.000000000000000000e+00 0.000000000000000000e+00 0.000000000000000000e+00 0.000000000000000000e+00 0.000000000000000000e+00
4.000000000000000222e-01 9.631242891501857750e-01 0.000000000000000000e+00 3.687571084981430131e-02 0.000000000000000000e+00 0.000000000000000000e+00 0.000000000000000000e+00 -7.869130001019650211e-02 1.712412677968321029e-01 0.000000000000000000e+00 0.000000000000000000e+00 0.000000000000000000e+00 0.000000000000000000e+00 0.000000000000000000e+00 0.000000000000000000e+00 0.000000000000000000e+00 0.000000000000000000e+00
5.000000000000000000e-01 9.478769852365687143e-01 0.000000000000000000e+00 5.212301476343173673e-02 0.000000000000000000e+00 0.000000000000000000e+00 0.000000000000000000e+00 -8.208660745193471775e-02 2.065623263137668641e-01 0.000000000000000000e+00 0.000000000000000000e+00 0.000000000000000000e+00 0.000000000000000000e+00 0.000000000000000000e+00 0.000000000000000000e+00 0.000000000000000000e+00 0.000000000000000000e+00
5.999999999999999778e-01 9.338299231415865265e-01 0.000000000000000000e+00 6.617007685841221065e-02 0.000000000000000000e+00 0.000000000000000000e+00 0.000000000000000000e+00 -7.712733164160533172e-02 2.363111770331066119e-01 0.000000000000000000e+00 0.000000000000000000e+00 0.000000000000000000e+00 0.000000000000000000e+00 0.000000000000000000e+00 0.000000000000000000e+00 0.000000000000000000e+00 0.000000000000000000e+00
6.999999999999999556e-01 9.228162362702320154e-01 0.000000000000000000e+00 7.718376372977102384e-02 0.000000000000000000e+00 0.000000000000000000e+00 0.000000000000000000e+00 -6.434515051968414667e-02 2.590099063328715201e-01 0.000000000000000000e+00 0.000000000000000000e+00 0.000000000000000000e+00 0.000000000000000000e+00 0.000000000000000000e+00 0.000000000000000000e+00 0.000000000000000000e+00 0.000000000000000000e+00
7.999999999999999334e-01 9.163130843499479594e-01 0.000000000000000000e+00 8.368691565004954258e-02 0.000000000000000000e+00 0.000000000000000000e+00 0.000000000000000000e+00 -4.512520394798584522e-02 2.732162721616234746e-01 0.000000000000000000e+00 0.000000000000000000e+00 0.000000000000000000e+00 0.000000000000000000e+00 0.000000000000000000e+00 0.000000000000000000e+00 0.000000000000000000e+00 0.000000000000000000e+00
8.999999999999999112e-01 9.152504817692453942e-01 0.000000000000000000e+00 8.474951823075620172e-02 0.000000000000000000e+00 0.000000000000000000e+00 0.000000000000000000e+00 -2.160749582596259433e-02 2.776691436958345638e-01 0.000000000000000000e+00 0.000000000000000000e+00 0.000000000000000000e+00 0.000000000000000000e+00 0.000000000000000000e+00 0.000000000000000000e+00 0.000000000000000000e+00 0.000000000000000000e+00
9.999999999999998890e-01 9.198728254589525477e-01 0.000000000000000000e+00 8.012717454104817394e-02 0.000000000000000000e+00 0.000000000000000000e+00 0.000000000000000000e+00 3.492545151289647154e-03 2.714675162459065927e-01 0.000000000000000000e+00 0.000000000000000000e+00 0.000000000000000000e+00 0.000000000000000000e+00 0.000000000000000000e+00 0.000000000000000000e+00 0.000000000000000000e+00 0.000000000000000000e+00
1.099999999999999867e+00 9.296846837781718165e-01 0.000000000000000000e+00 7.031531622183023744e-02 0.000000000000000000e+00 0.000000000000000000e+00 0.000000000000000000e+00 2.711563256915872772e-02 2.542357464193171768e-01 0.000000000000000000e+00 0.000000000000000000e+00 0.000000000000000000e+00 0.000000000000000000e+00 0.000000000000000000e+00 0.000000000000000000e+00 0.000000000000000000e+00 0.000000000000000000e+00
1.199999999999999956e+00 9.434812000192517312e-01 0.000000000000000000e+00 5.651879998074938599e-02 0.000000000000000000e+00 0.000000000000000000e+00 0.000000000000000000e+00 4.612479015621424178e-02 2.262673832046326328e-01 0.000000000000000000e+00 0.000000000000000000e+00 0.000000000000000000e+00 0.000000000000000000e+00 0.000000000000000000e+00 0.000000000000000000e+00 0.000000000000000000e+00 0.000000000000000000e+00
1.300000000000000044e+00 9.594569903127638799e-01 0.000000000000000000e+00 4.054300968723610621e-02 0.000000000000000000e+00 0.000000000000000000e+00 0.000000000000000000e+00 5.759708340381362174e-02 1.886315194301681486e-01 0.000000000000000000e+00 0.000000000000000000e+00 0.000000000000000000e+00 0.000000000000000000e+00 0.000000000000000000e+00 0.000000000000000000e+00 0.000000000000000000e+00 0.000000000000000000e+00
1.399999999999999911e+00 9.753935452581856680e-01 0.000000000000000000e+00 2.460645474181751002e-02 0.000000000000000000e+00 0.000000000000000000e+00 0.000000000000000000e+00 5.910660251175382796e-02 1.432040035355059415e-01 0.000000000000000000e+00 0.000000000000000000e+00 0.000000000000000000e+00 0.000000000000000000e+00 0.000000000000000000e+00 0.000000000000000000e+00 0.000000000000000000e+00 0.000000000000000000e+00
1.500000000000000000e+00 9.889005749324699668e-01 0.000000000000000000e+00 1.109942506752933933e-02 0.000000000000000000e+00 0.000000000000000000e+00 0.000000000000000000e+00 4.895543002978271219e-02 9.262609565405741097e-02 0.000000000000000000e+00 0.000000000000000000e+00 0.000000000000000000e+00 0.000000000000000000e+00 0.000000000000000000e+00 0.000000000000000000e+00 0.000000000000000000e+00 0.000000000000000000e+00
1.599999999999999867e+00 9.976845570802418406e-01 0.000000000000000000e+00 2.315442919758822944e-03 0.000000000000000000e+00 0.000000000000000000e+00 0.000000000000000000e+00 2.637660235527042318e-02 4.017905569946723932e-02 0.000000000000000000e+00 0.000000000000000000e+00 0.000000000000000000e+00 0.000000000000000000e+00 0.000000000000000000e+00 0.000000000000000000e+00 0.000000000000000000e+00 0.000000000000000000e+00
1.699999999999999956e+00 9.998212452802480721e-01 0.000000000000000000e+00 1.787547197530627225e-04 0.000000000000000000e+00 0.000000000000000000e+00 0.000000000000000000e+00 -8.364424047653636757e-03 -1.042874606742890189e-02 0.000000000000000000e+00 0.000000000000000000e+00 0.000000000000000000e+00 0.000000000000000000e+00 0.000000000000000000e+00 0.000000000000000000e+00 0.000000000000000000e+00 0.000000000000000000e+00
1.800000000000000044e+00 9.939941900911185568e-01 0.000000000000000000e+00 6.005809908883078148e-03 0.000000000000000000e+00 0.000000000000000000e+00 0.000000000000000000e+00 -5.393034479582897028e-02 -5.532864036450945572e-02 0.000000000000000000e+00 0.000000000000000000e+00 0.000000000000000000e+00 0.000000000000000000e+00 0.000000000000000000e+00 0.000000000000000000e+00 0.000000000000000000e+00 0.000000000000000000e+00
1.899999999999999911e+00 9.796779611415507016e-01 0.000000000000000000e+00 2.032203885844798344e-02 0.000000000000000000e+00 0.000000000000000000e+00 0.000000000000000000e+00 -1.079815362024250797e-01 -9.082423616624672735e-02 0.000000000000000000e+00 0.000000000000000000e+00 0.000000000000000000e+00 0.000000000000000000e+00 0.000000000000000000e+00 0.000000000000000000e+00 0.000000000000000000e+00 0.000000000000000000e+00
2.000000000000000000e+00 9.572434563417064890e-01 0.000000000000000000e+00 4.275654365829724413e-02 0.000000000000000000e+00 0.000000000000000000e+00 0.000000000000000000e+00 -1.673255012241942896e-01 -1.137127921735820169e-01 0.000000000000000000e+00 0.000000000000000000e+00 0.000000000000000000e+00 0.000000000000000000e+00 0.000000000000000000e+00 0.000000000000000000e+00 0.000000000000000000e+00 0.000000000000000000e+00
2.099999999999999645e+00 9.279654463602678982e-01 0.000000000000000000e+00 7.203455363973473857e-02 0.000000000000000000e+00 0.000000000000000000e+00 0.000000000000000000e+00 -2.281519885097206546e-01 -1.216233828881018719e-01 0.000000000000000000e+00 0.000000000000000000e+00 0.000000000000000000e+00 0.000000000000000000e+00 0.000000000000000000e+00 0.000000000000000000e+00 0.000000000000000000e+00 0.000000000000000000e+00
2.199999999999999734e+00 8.939365910591874353e-01 0.000000000000000000e+00 1.060634089408133418e-01 0.000000000000000000e+00 0.000000000000000000e+00 0.000000000000000000e+00 -2.863244189515977145e-01 -1.132796964863275607e-01 0.000000000000000000e+00 0.000000000000000000e+00 0.000000000000000000e+00 0.000000000000000000e+00 0.000000000000000000e+00 0.000000000000000000e+00 0.000000000000000000e+00 0.000000000000000000e+00
2.299999999999999822e+00 8.578881106873617046e-01 0.000000000000000000e+00 1.421118893126378235e-01 0.000000000000000000e+00 0.000000000000000000e+00 0.000000000000000000e+00 -3.377112693153325740e-01 -8.869723503561255384e-02 0.000000000000000000e+00 0.000000000000000000e+00 0.000000000000000000e+00 0.000000000000000000e+00 0.000000000000000000e+00 0.000000000000000000e+00 0.000000000000000000e+00 0.000000000000000000e+00
2.399999999999999911e+00 8.229319563643241464e-01 0.000000000000000000e+00 1.770680436356736331e-01 0.000000000000000000e+00 0.000000000000000000e+00 0.000000000000000000e+00 -3.785327435336693358e-01 -4.927386319370939682e-02 0.000000000000000000e+00 0.000000000000000000e+00 0.000000000000000000e+00 0.000000000000000000e+00 0.000000000000000000e+00 0.000000000000000000e+00 0.000000000000000000e+00 0.000000000000000000e+00
2.500000000000000000e+00 7.922589586398799399e-01 0.000000000000000000e+00 2.077410413601199768e-01 0.000000000000000000e+00 0.000000000000000000e+00 0.000000000000000000e+00 -4.056841953321597694e-01 2.243810690364833604e-03 0.000000000000000000e+00 0.000000000000000000e+00 0.000000000000000000e+00 0.000000000000000000e+00 0.000000000000000000e+00 0.000000000000000000e+00 0.000000000000000000e+00 0.000000000000000000e+00
2.600000000000000089e+00 7.688041424756911768e-01 0.000000000000000000e+00 2.311958575243089897e-01 0.000000000000000000e+00 0.000000000000000000e+00 0.000000000000000000e+00 -4.170248055509888085e-01 6.192450012951443428e-02 0.000000000000000000e+00 0.000000000000000000e+00 0.000000000000000000e+00 0.000000000000000000e+00 0.000000000000000000e+00 0.000000000000000000e+00 0.000000000000000000e+00 0.000000000000000000e+00
2.699999999999999734e+00 7.549413324452849405e-01 0.000000000000000000e+00 2.450586675547128945e-01 0.000000000000000000e+00 0.000000000000000000e+00 0.000000000000000000e+00 -4.115823132470119439e-01 1.249196364776071072e-01 0.000000000000000000e+00 0.000000000000000000e+00 0.000000000000000000e+00 0.000000000000000000e+00 0.000000000000000000e+00 0.000000000000000000e+00 0.000000000000000000e+00 0.000000000000000000e+00
2.799999999999999822e+00 7.522059069857084390e-01 0.000000000000000000e+00 2.477940930142904230e-01 0.000000000000000000e+00 0.000000000000000000e+00 0.000000000000000000e+00 -3.896786150066782195e-01 1.858568204771010035e-01 0.000000000000000000e+00 0.000000000000000000e+00 0.000000000000000000e+00 0.000000000000000000e+00 0.000000000000000000e+00 0.000000000000000000e+00 0.000000000000000000e+00 0.000000000000000000e+00
2.899999999999999911e+00 7.611051808997878476e-01 0.000000000000000000e+00 2.388948191002133181e-01 0.000000000000000000e+00 0.000000000000000000e+00 0.000000000000000000e+00 -3.529447738009630076e-01 2.392782275021779759e-01 0.000000000000000000e+00 0.000000000000000000e+00 0.000000000000000000e+00 0.000000000000000000e+00 0.000000000000000000e+00 0.000000000000000000e+00 0.000000000000000000e+00 0.000000000000000000e+00
3.000000000000000000e+00 7.810338701499096592e-01 0.000000000000000000e+00 2.189661298500894804e-01 0.000000000000000000e+00 0.000000000000000000e+00 0.000000000000000000e+00 -3.042250781704520235e-01 2.801197339649463269e-01 0.000000000000000000e+00 0.000000000000000000e+00 0.000000000000000000e+00 0.000000000000000000e+00 0.000000000000000000e+00 0.000000000000000000e+00 0.000000000000000000e+00 0.000000000000000000e+00
