1.000000000000000056e-01 9.825672711919054558e-01 0.000000000000000000e+00 1.743272880809624420e-02 0.000000000000000000e+00 0.000000000000000000e+00 0.000000000000000000e+00 1.252644798100003010e-01 -3.791620845885863150e-02 0.000000000000000000e+00 0.000000000000000000e+00 0.000000000000000000e+00 0.000000000000000000e+00 0.000000000000000000e+00 0.000000000000000000e+00 0.000000000000000000e+00 0.000000000000000000e+00
2.000000000000000111e-01 9.320371561214467748e-01 0.000000000000000000e+00 6.796284387855425213e-02 0.000000000000000000e+00 0.000000000000000000e+00 0.000000000000000000e+00 2.393737062743834798e-01 -7.774396708784819809e-02 0.000000000000000000e+00 0.000000000000000000e+00 0.000000000000000000e+00 0.000000000000000000e+00 0.000000000000000000e+00 0.000000000000000000e+00 0.000000000000000000e+00 0.000000000000000000e+00
2.999999999999999889e-01 8.535329239002471535e-01 0.000000000000000000e+00 1.464670760997507926e-01 0.000000000000000000e+00 0.000000000000000000e+00 0.000000000000000000e+00 3.322267817751990981e-01 -1.209951949559514572e-01 0.000000000000000000e+00 0.000000000000000000e+00 0.000000000000000000e+00 0.000000000000000000e+00 0.000000000000000000e+00 0.000000000000000000e+00 0.000000000000000000e+00 0.000000000000000000e+00
4.000000000000000222e-01 7.550209303118591286e-01 0.000000000000000000e+00 2.449790696881403163e-01 0.000000000000000000e+00 0.000000000000000000e+00 0.000000000000000000e+00 3.957204426693475829e-01 -1.684329436010455761e-01 0.000000000000000000e+00 0.000000000000000000e+00 0.000000000000000000e+00 0.000000000000000000e+00 0.000000000000000000e+00 0.000000000000000000e+00 0.000000000000000000e+00 0.000000000000000000e+00
5.000000000000000000e-01 6.465023828561630159e-01 0.000000000000000000e+00 3.534976171438381498e-01 0.000000000000000000e+00 0.000000000000000000e+00 0.000000000000000000e+00 4.245206660529126097e-01 -2.198164143135069581e-01 0.000000000000000000e+00 0.000000000000000000e+00 0.000000000000000000e+00 0.000000000000000000e+00 0.000000000000000000e+00 0.000000000000000000e+00 0.000000000000000000e+00 0.000000000000000000e+00
5.999999999999999778e-01 5.390075069512876293e-01 0.000000000000000000e+00 4.609924930487178107e-01 0.000000000000000000e+00 0.000000000000000000e+00 0.000000000000000000e+00 4.165537823533975725e-01 -2.737907242722620871e-01 0.000000000000000000e+00 0.000000000000000000e+00 0.000000000000000000e+00 0.000000000000000000e+00 0.000000000000000000e+00 0.000000000000000000e+00 0.000000000000000000e+00 0.000000000000000000e+00
6.999999999999999556e-01 4.434839639316118798e-01 0.000000000000000000e+00 5.565160360683816254e-01 0.000000000000000000e+00 0.000000000000000000e+00 0.000000000000000000e+00 3.732041109712489479e-01 -3.279094832529123593e-01 0.000000000000000000e+00 0.000000000000000000e+00 0.000000000000000000e+00 0.000000000000000000e+00 0.000000000000000000e+00 0.000000000000000000e+00 0.000000000000000000e+00 0.000000000000000000e+00
7.999999999999999334e-01 3.696788030593923802e-01 0.000000000000000000e+00 6.303211969406097293e-01 0.000000000000000000e+00 0.000000000000000000e+00 0.000000000000000000e+00 2.991758906742368329e-01 -3.788273644725722589e-01 0.000000000000000000e+00 0.000000000000000000e+00 0.000000000000000000e+00 0.000000000000000000e+00 0.000000000000000000e+00 0.000000000000000000e+00 0.000000000000000000e+00 0.000000000000000000e+00
8.999999999999999112e-01 3.251592390816459566e-01 0.000000000000000000e+00 6.748407609183547651e-01 0.000000000000000000e+00 0.000000000000000000e+00 0.000000000000000000e+00 2.020429019488517164e-01 -4.226220226298672555e-01 0.000000000000000000e+00 0.000000000000000000e+00 0.000000000000000000e+00 0.000000000000000000e+00 0.000000000000000000e+00 0.000000000000000000e+00 0.000000000000000000e+00 0.000000000000000000e+00
9.999999999999998890e-01 3.145292650967489445e-01 0.000000000000000000e+00 6.854707349032481689e-01 0.000000000000000000e+00 0.000000000000000000e+00 0.000000000000000000e+00 9.153069546508876830e-02 -4.552172430893814403e-01 0.000000000000000000e+00 0.000000000000000000e+00 0.000000000000000000e+00 0.000000000000000000e+00 0.000000000000000000e+00 0.000000000000000000e+00 0.000000000000000000e+00 0.000000000000000000e+00
1.099999999999999867e+00 3.389604525263512080e-01 0.000000000000000000e+00 6.610395474736492361e-01 0.000000000000000000e+00 0.000000000000000000e+00 0.000000000000000000e+00 -2.141055860025014440e-02 -4.728719192812912975e-01 0.000000000000000000e+00 0.000000000000000000e+00 0.000000000000000000e+00 0.000000000000000000e+00 0.000000000000000000e+00 0.000000000000000000e+00 0.000000000000000000e+00 0.000000000000000000e+00
1.199999999999999956e+00 3.960475028682743925e-01 0.000000000000000000e+00 6.039524971317276059e-01 0.000000000000000000e+00 0.000000000000000000e+00 0.000000000000000000e+00 -1.256358553297089453e-01 -4.726621523292482419e-01 0.000000000000000000e+00 0.000000000000000000e+00 0.000000000000000000e+00 0.000000000000000000e+00 0.000000000000000000e+00 0.000000000000000000e+00 0.000000000000000000e+00 0.000000000000000000e+00
1.300000000000000044e+00 4.800449941429861256e-01 0.000000000000000000e+00 5.199550058570141520e-01 0.000000000000000000e+00 0.000000000000000000e+00 0.000000000000000000e+00 -2.108692589228253200e-01 -4.529193673640554141e-01 0.000000000000000000e+00 0.000000000000000000e+00 0.000000000000000000e+00 0.000000000000000000e+00 0.000000000000000000e+00 0.000000000000000000e+00 0.000000000000000000e+00 0.000000000000000000e+00
1.399999999999999911e+00 5.824158763041313858e-01 0.000000000000000000e+00 4.175841236958710567e-01 0.000000000000000000e+00 0.000000000000000000e+00 0.000000000000000000e+00 -2.686653747898437028e-01 -4.135535507979819503e-01 0.000000000000000000e+00 0.000000000000000000e+00 0.000000000000000000e+00 0.000000000000000000e+00 0.000000000000000000e+00 0.000000000000000000e+00 0.000000000000000000e+00 0.000000000000000000e+00
1.500000000000000000e+00 6.926823544338619465e-01 0.000000000000000000e+00 3.073176455661366657e-01 0.000000000000000000e+00 0.000000000000000000e+00 0.000000000000000000e+00 -2.932092688087272747e-01 -3.562328380183211185e-01 0.000000000000000000e+00 0.000000000000000000e+00 0.000000000000000000e+00 0.000000000000000000e+00 0.000000000000000000e+00 0.000000000000000000e+00 0.000000000000000000e+00 0.000000000000000000e+00
1.599999999999999867e+00 7.994724279287425128e-01 0.000000000000000000e+00 2.005275720712589582e-01 0.000000000000000000e+00 0.000000000000000000e+00 0.000000000000000000e+00 -2.818614257698133785e-01 -2.843772167168516773e-01 0.000000000000000000e+00 0.000000000000000000e+00 0.000000000000000000e+00 0.000000000000000000e+00 0.000000000000000000e+00 0.000000000000000000e+00 0.000000000000000000e+00 0.000000000000000000e+00
1.699999999999999956e+00 8.916500155836485364e-01 0.000000000000000000e+00 1.083499844163548637e-01 0.000000000000000000e+00 0.000000000000000000e+00 0.000000000000000000e+00 -2.353967899221297011e-01 -2.029744234016039595e-01 0.000000000000000000e+00 0.000000000000000000e+00 0.000000000000000000e+00 0.000000000000000000e+00 0.000000000000000000e+00 0.000000000000000000e+00 0.000000000000000000e+00 0.000000000000000000e+00
1.800000000000000044e+00 9.594404302186194666e-01 0.000000000000000000e+00 4.055956978138182401e-02 0.000000000000000000e+00 0.000000000000000000e+00 0.000000000000000000e+00 -1.579293644006180553e-01 -1.182066272884501473e-01 0.000000000000000000e+00 0.000000000000000000e+00 0.000000000000000000e+00 0.000000000000000000e+00 0.000000000000000000e+00 0.000000000000000000e+00 0.000000000000000000e+00 0.000000000000000000e+00
1.899999999999999911e+00 9.954213227156706312e-01 0.000000000000000000e+00 4.578677284330348943e-03 0.000000000000000000e+00 0.000000000000000000e+00 0.000000000000000000e+00 -5.650966626516953223e-02 -3.693738320767482597e-02 0.000000000000000000e+00 0.000000000000000000e+00 0.000000000000000000e+00 0.000000000000000000e+00 0.000000000000000000e+00 0.000000000000000000e+00 0.000000000000000000e+00 0.000000000000000000e+00
2.000000000000000000e+00 9.952830497006008859e-01 0.000000000000000000e+00 4.716950299398486174e-03 0.000000000000000000e+00 0.000000000000000000e+00 0.000000000000000000e+00 5.954120887022133768e-02 3.390494219178492863e-02 0.000000000000000000e+00 0.000000000000000000e+00 0.000000000000000000e+00 0.000000000000000000e+00 0.000000000000000000e+00 0.000000000000000000e+00 0.000000000000000000e+00 0.000000000000000000e+00
2.099999999999999645e+00 9.582866720208206290e-01 0.000000000000000000e+00 4.171332797917848279e-02 0.000000000000000000e+00 0.000000000000000000e+00 0.000000000000000000e+00 1.795303104338293876e-01 8.798973816699783013e-02 0.000000000000000000e+00 0.000000000000000000e+00 0.000000000000000000e+00 0.000000000000000000e+00 0.000000000000000000e+00 0.000000000000000000e+00 0.000000000000000000e+00 0.000000000000000000e+00
2.199999999999999734e+00 8.873650907856247549e-01 0.000000000000000000e+00 1.126349092143748704e-01 0.000000000000000000e+00 0.000000000000000000e+00 0.000000000000000000e+00 2.923962518243118924e-01 1.202194572664441741e-01 0.000000000000000000e+00 0.000000000000000000e+00 0.000000000000000000e+00 0.000000000000000000e+00 0.000000000000000000e+00 0.000000000000000000e+00 0.000000000000000000e+00 0.000000000000000000e+00
2.299999999999999822e+00 7.888619334438846664e-01 0.000000000000000000e+00 2.111380665561166381e-01 0.000000000000000000e+00 0.000000000000000000e+00 0.000000000000000000e+00 3.877637746782484629e-01 1.272715132775892044e-01 0.000000000000000000e+00 0.000000000000000000e+00 0.000000000000000000e+00 0.000000000000000000e+00 0.000000000000000000e+00 0.000000000000000000e+00 0.000000000000000000e+00 0.000000000000000000e+00
2.399999999999999911e+00 6.719274986967848085e-01 0.000000000000000000e+00 3.280725013032133597e-01 0.000000000000000000e+00 0.000000000000000000e+00 0.000000000000000000e+00 4.569222799402203328e-01 1.079952076850248660e-01 0.000000000000000000e+00 0.000000000000000000e+00 0.000000000000000000e+00 0.000000000000000000e+00 0.000000000000000000e+00 0.000000000000000000e+00 0.000000000000000000e+00 0.000000000000000000e+00
2.500000000000000000e+00 5.476346786925574417e-01 0.000000000000000000e+00 4.523653213074415036e-01 0.000000000000000000e+00 0.000000000000000000e+00 0.000000000000000000e+00 4.936441934085528671e-01 6.361090803305798069e-02 0.000000000000000000e+00 0.000000000000000000e+00 0.000000000000000000e+00 0.000000000000000000e+00 0.000000000000000000e+00 0.000000000000000000e+00 0.000000000000000000e+00 0.000000000000000000e+00
2.600000000000000089e+00 4.278941138728106219e-01 0.000000000000000000e+00 5.721058861271922646e-01 0.000000000000000000e+00 0.000000000000000000e+00 0.000000000000000000e+00 4.947680098857290543e-01 -2.314675706979879566e-03 0.000000000000000000e+00 0.000000000000000000e+00 0.000000000000000000e+00 0.000000000000000000e+00 0.000000000000000000e+00 0.000000000000000000e+00 0.000000000000000000e+00 0.000000000000000000e+00
2.699999999999999734e+00 3.242839356883073787e-01 0.000000000000000000e+00 6.757160643116931764e-01 0.000000000000000000e+00 0.000000000000000000e+00 0.000000000000000000e+00 4.604868160603062810e-01 -8.411751779452388000e-02 0.000000000000000000e+00 0.000000000000000000e+00 0.000000000000000000e+00 0.000000000000000000e+00 0.000000000000000000e+00 0.000000000000000000e+00 0.000000000000000000e+00 0.000000000000000000e+00
2.799999999999999822e+00 2.469055995949729077e-01 0.000000000000000000e+00 7.530944004050275087e-01 0.000000000000000000e+00 0.000000000000000000e+00 0.000000000000000000e+00 3.943211407185251982e-01 -1.745109305262613486e-01 0.000000000000000000e+00 0.000000000000000000e+00 0.000000000000000000e+00 0.000000000000000000e+00 0.000000000000000000e+00 0.000000000000000000e+00 0.000000000000000000e+00 0.000000000000000000e+00
2.899999999999999911e+00 2.033685959240033592e-01 0.000000000000000000e+00 7.966314040759940873e-01 0.000000000000000000e+00 0.000000000000000000e+00 0.000000000000000000e+00 3.027719230556494279e-01 -2.652149572349504769e-01 0.000000000000000000e+00 0.000000000000000000e+00 0.000000000000000000e+00 0.000000000000000000e+00 0.000000000000000000e+00 0.000000000000000000e+00 0.000000000000000000e+00 0.000000000000000000e+00
3.000000000000000000e+00 1.980319360795216033e-01 0.000000000000000000e+00 8.019680639204751493e-01 0.000000000000000000e+00 0.000000000000000000e+00 0.000000000000000000e+00 1.946984329403763925e-01 -3.477180003866782165e-01 0.000000000000000000e+00 0.000000000000000000e+00 0.000000000000000000e+00 0.000000000000000000e+00 0.000000000000000000e+00 0.000000000000000000e+00 0.000000000000000000e+00 0.000000000000000000e+00
