1.000000000000000000e+00 3.389767228925980036e-01 -3.791747988322483609e-01 7.197991014559764755e-01
1.051724137931034475e+00 2.439409340519688996e-01 -3.820091597534009953e-01 7.697384227276790059e-01
1.103448275862068950e+00 1.560874430288205494e-01 -3.683025216237348909e-01 8.127345884667096509e-01
1.155172413793103425e+00 7.875010825368568279e-02 -3.406413417384260289e-01 8.492880760909513604e-01
1.206896551724137900e+00 1.433017247003930128e-02 -3.023460571983023204e-01 8.799576045171316752e-01
1.258620689655172376e+00 -3.585593269168382835e-02 -2.570901816240404036e-01 9.053624478977093659e-01
1.310344827586206851e+00 -7.157996011575294693e-02 -2.086015062284705956e-01 9.261366358112385067e-01
1.362068965517241326e+00 -9.360751098712352669e-02 -1.603283649640894759e-01 9.429114423992805971e-01
1.413793103448275801e+00 -1.035269205798566433e-01 -1.151732308607952698e-01 9.562935435044961352e-01
1.465517241379310276e+00 -1.034979854134221167e-01 -7.534042539443971953e-02 9.668439369679895368e-01
1.517241379310344751e+00 -9.600876419975531983e-02 -4.221970356741282931e-02 9.750683474172266996e-01
1.568965517241379448e+00 -8.356769920180531774e-02 -1.641799588359310613e-02 9.814118846550379249e-01
1.620689655172413701e+00 -6.850608367659317965e-02 2.159369322778513511e-03 9.862554084500995133e-01
1.672413793103448398e+00 -5.280506433612679879e-02 1.416651416433952620e-02 9.899178849650329681e-01
1.724137931034482651e+00 -3.797809772203389334e-02 2.062407846109669263e-02 9.926623255600581786e-01
1.775862068965517349e+00 -2.505868243312603036e-02 2.277082089257406045e-02 9.947004687986599203e-01
1.827586206896551602e+00 -1.459596488030645220e-02 2.186212076298236356e-02 9.962016029040852150e-01
1.879310344827586299e+00 -6.739653624191172671e-03 1.906306128135897004e-02 9.972981973650822951e-01
1.931034482758620552e+00 -1.334181693927479970e-03 1.535645107064992007e-02 9.980927445147856902e-01
1.982758620689655249e+00 1.975844632435459075e-03 1.146420448186867037e-02 9.986641035563688096e-01
2.034482758620689502e+00 3.636087935048740345e-03 7.903111184646175943e-03 9.990715715090919824e-01
2.086206896551724199e+00 4.130287628751573223e-03 4.934848060413655341e-03 9.993599448835847054e-01
2.137931034482758896e+00 3.877638781975302745e-03 2.685695298687357929e-03 9.995623050075005400e-01
2.189655172413793149e+00 3.232332168991258574e-03 1.121182813871576985e-03 9.997031766599632219e-01
2.241379310344827402e+00 2.450494277735518287e-03 1.424820333008451363e-04 9.998004174195526117e-01
2.293103448275862100e+00 1.697256062593228846e-03 -3.783849621687455575e-04 9.998669675145802627e-01
2.344827586206896797e+00 1.073593484338275072e-03 -5.878449641936174357e-04 9.999120984079961083e-01
2.396551724137931050e+00 5.977733091328131087e-04 -5.982709085148858567e-04 9.999424454611329782e-01
2.448275862068965303e+00 2.781369219237843382e-04 -5.134243883280749463e-04 9.999626530339893460e-01
2.500000000000000000e+00 8.069145606853941020e-05 -3.835508527827782843e-04 9.999759920247718314e-01
