0.000000000000000000e+00 6.299184879285507048e-12 -3.468528893941010394e-12 -1.000000000000000000e+00
1.034482758620689641e-01 3.190477118042502058e-02 -2.081236130598990847e-02 -9.992741792089522290e-01
2.068965517241379282e-01 6.374727218724109135e-02 -4.158889602712604466e-02 -9.970990717343179988e-01
3.103448275862069061e-01 9.546063550747194149e-02 -6.229633261400248367e-02 -9.934819073082100660e-01
4.137931034482758563e-01 1.269796571880701386e-01 -8.289766110830854018e-02 -9.884351092796491711e-01
5.172413793103448620e-01 1.582436220678557492e-01 -1.033616711785454029e-01 -9.819750987916299190e-01
6.206896551724138122e-01 1.891957135434166881e-01 -1.236543617223168634e-01 -9.741223257167418437e-01
7.241379310344827624e-01 2.197684395202168239e-01 -1.437454496478716981e-01 -9.649034932146348664e-01
8.275862068965517127e-01 2.499088650754208163e-01 -1.635969443392398803e-01 -9.543485847782677833e-01
9.310344827586206629e-01 2.795636258052179857e-01 -1.831854210133546657e-01 -9.424897086487448172e-01
1.034482758620689724e+00 3.086717927283199048e-01 -2.024811466094149359e-01 -9.293667874963836839e-01
1.137931034482758674e+00 3.371936781712652764e-01 -2.214528552173388176e-01 -9.150183161027323209e-01
1.241379310344827624e+00 3.650732365785848699e-01 -2.400744470751229598e-01 -8.994916354626015798e-01
1.344827586206896575e+00 3.922706717274486166e-01 -2.583280429321083704e-01 -8.828305013895607622e-01
1.448275862068965525e+00 4.187437198176898190e-01 -2.761821299821624054e-01 -8.650875248979293941e-01
1.551724137931034475e+00 4.444562274344271424e-01 -2.936224757735788615e-01 -8.463118485594672835e-01
1.655172413793103425e+00 4.693692570128356056e-01 -3.106266649425069026e-01 -8.265608043621687218e-01
1.758620689655172376e+00 4.934583231377297485e-01 -3.271780389232114006e-01 -8.058861857591563815e-01
1.862068965517241326e+00 5.166951733095245247e-01 -3.432615823557444434e-01 -7.843447306763811078e-01
1.965517241379310276e+00 5.390494236421391472e-01 -3.588604428534273860e-01 -7.619999504499712639e-01
2.068965517241379448e+00 5.605080952442940134e-01 -3.739644193479512713e-01 -7.389047700990221124e-01
2.172413793103448398e+00 5.810510485180485629e-01 -3.885660091516410786e-01 -7.151189084921596439e-01
2.275862068965517349e+00 6.006672404111429442e-01 -4.026515865379938219e-01 -6.907021350042056307e-01
2.379310344827586299e+00 6.193448350699533034e-01 -4.162207350295008546e-01 -6.657109687980455881e-01
2.482758620689655249e+00 6.370760985892814920e-01 -4.292646164906567252e-01 -6.402067723781383890e-01
2.586206896551724199e+00 6.538612290086677215e-01 -4.417782799501375757e-01 -6.142443931578698280e-01
2.689655172413793149e+00 6.696951240454265264e-01 -4.537665046423965398e-01 -5.878801651179672572e-01
2.793103448275862100e+00 6.845832899448349718e-01 -4.652223925895981327e-01 -5.611706370278103373e-01
2.896551724137931050e+00 6.985293624908788246e-01 -4.761521731598026275e-01 -5.341670557478376269e-01
3.000000000000000000e+00 7.115417340016066960e-01 -4.865548002527142479e-01 -5.069234133608392368e-01
