0.000000000000000000e+00 7.195592119879968551e-12 1.810834260660789259e-13 -1.000000000000000000e+00
1.034482758620689641e-01 1.075045455846314474e-01 1.616739226220825776e-03 -9.942032095278103832e-01
2.068965517241379282e-01 2.134912686173484342e-01 3.222002901751477161e-03 -9.769395145661144975e-01
3.103448275862069061e-01 3.164899605937739335e-01 4.797397402317021831e-03 -9.485834960073489253e-01
4.137931034482758563e-01 4.151287953690004362e-01 6.329871123281705092e-03 -9.097402968348857755e-01
5.172413793103448620e-01 5.081685748265917235e-01 7.796592585179673573e-03 -8.612218818414910659e-01
6.206896551724138122e-01 5.945415569954783930e-01 9.174853567344265493e-03 -8.040119459983496863e-01
7.241379310344827624e-01 6.733739495792319119e-01 1.044160586904199772e-02 -7.392275516640612887e-01
8.275862068965517127e-01 7.439953985422863569e-01 1.156874601985788398e-02 -6.680836314041173063e-01
9.310344827586206629e-01 8.059679176974381409e-01 1.252279647903209447e-02 -5.918255393423140776e-01
1.034482758620689724e+00 8.590405662901960948e-01 1.327918396383831467e-02 -5.117337320538558609e-01
1.137931034482758674e+00 9.031776557006543360e-01 1.380334686464507188e-02 -4.290430315487669399e-01
1.241379310344827624e+00 9.385250645734791730e-01 1.407033593796702675e-02 -3.449216839947115698e-01
1.344827586206896575e+00 9.653815108241552423e-01 1.405771071936046113e-02 -2.604593803669945640e-01
1.448275862068965525e+00 9.841790061221988850e-01 1.374130658438776909e-02 -1.766379964558587590e-01
1.551724137931034475e+00 9.954556969995030924e-01 1.311545800269164896e-02 -9.430818200179807986e-02
1.655172413793103425e+00 9.998241344757748950e-01 1.216604497176998478e-02 -1.420465959588429299e-02
1.758620689655172376e+00 9.979477918039310058e-01 1.090028814998017515e-02 6.308309243048619563e-02
1.862068965517241326e+00 9.905160372141943448e-01 9.314581231052387889e-03 1.370741721984600481e-01
1.965517241379310276e+00 9.782230998189357374e-01 7.428185225417827109e-03 2.074187350296802790e-01
2.068965517241379448e+00 9.617511456639868950e-01 5.255171646825540499e-03 2.738709647765833477e-01
2.172413793103448398e+00 9.417540321339664677e-01 2.814738248378301222e-03 3.362880533259931526e-01
2.275862068965517349e+00 9.188534270050675579e-01 1.340855034431820414e-04 3.945968257435213955e-01
2.379310344827586299e+00 8.936146842373029475e-01 -2.752507272450965825e-03 4.488246584169737763e-01
2.482758620689655249e+00 8.665605954046138315e-01 -5.814811002322062272e-03 4.990364117539184408e-01
2.586206896551724199e+00 8.381611510424846756e-01 -9.030603005768411684e-03 5.453465294070686253e-01
2.689655172413793149e+00 8.088352992151350840e-01 -1.235485456755483491e-02 5.879042224489587909e-01
2.793103448275862100e+00 7.789436552772885936e-01 -1.576357121447383158e-02 6.268946713106263724e-01
2.896551724137931050e+00 7.487969947352115518e-01 -1.922156364607263690e-02 6.625196559603930835e-01
3.000000000000000000e+00 7.186685060147619541e-01 -2.269493520302931500e-02 6.949815068300851939e-01
