0.000000000000000000e+00 -3.236162774513073955e-14 6.017359023088345580e-12 -1.000000000000000000e+00
1.034482758620689641e-01 -1.410421150637947889e-03 3.237963274057006902e-02 -9.994746128265289409e-01
2.068965517241379282e-01 -4.400579126071831743e-03 6.462711521672211135e-02 -9.978997127304146675e-01
3.103448275862069061e-01 -1.052075572471271314e-02 9.648035295828730207e-02 -9.952791873667086175e-01
4.137931034482758563e-01 -2.127612036363768500e-02 1.274283846166069378e-01 -9.916194174897413616e-01
5.172413793103448620e-01 -3.805821679011929526e-02 1.565843217547570887e-01 -9.869309128601344572e-01
6.206896551724138122e-01 -6.205872971248539705e-02 1.826210569879440360e-01 -9.812226473281397965e-01
7.241379310344827624e-01 -9.409729406977897226e-02 2.036579789556814679e-01 -9.745094421492715986e-01
8.275862068965517127e-01 -1.344359463435707003e-01 2.172777259768435554e-01 -9.668075694623815552e-01
9.310344827586206629e-01 -1.825385939798529478e-01 2.205743261979641878e-01 -9.581367462354133391e-01
1.034482758620689724e+00 -2.367870072426956629e-01 2.103539957107590508e-01 -9.485159170600759859e-01
1.137931034482758674e+00 -2.942353503086462263e-01 1.834111778538980719e-01 -9.379686502984482255e-01
1.241379310344827624e+00 -3.504079297103385726e-01 1.370187019636286418e-01 -9.265200263183798191e-01
1.344827586206896575e+00 -3.992558875759013581e-01 6.955047150212170792e-02 -9.141972798290244340e-01
1.448275862068965525e+00 -4.333576383636857376e-01 -1.879554047579829607e-02 -9.010255140634431115e-01
1.551724137931034475e+00 -4.444092449923759958e-01 -1.251760549888634999e-01 -8.870346122223313756e-01
1.655172413793103425e+00 -4.241415386866433934e-01 -2.434477933891792678e-01 -8.722591653211564378e-01
1.758620689655172376e+00 -3.656733897396175492e-01 -3.637340786642535573e-01 -8.567259377793340347e-01
1.862068965517241326e+00 -2.651634865515065109e-01 -4.725438681425030429e-01 -8.404697112462758968e-01
1.965517241379310276e+00 -1.236514215671382366e-01 -5.536383974683863896e-01 -8.235249944539815292e-01
2.068965517241379448e+00 5.123307574673971465e-02 -5.897765037934785681e-01 -8.059388518994861084e-01
2.172413793103448398e+00 2.442172145655384652e-01 -5.655437182180682587e-01 -7.877288841531228103e-01
2.275862068965517349e+00 4.325492479935261203e-01 -4.707840088051832850e-01 -7.689356344899769269e-01
2.379310344827586299e+00 5.877262664718595486e-01 -3.044373079366598511e-01 -7.495959388727653216e-01
2.482758620689655249e+00 6.792719087733664063e-01 -7.778970141740054745e-02 -7.297511046351405906e-01
2.586206896551724199e+00 6.803744931915851613e-01 1.838368198182430691e-01 -7.094313001810556019e-01
2.689655172413793149e+00 5.747307933991769868e-01 4.420494636898667506e-01 -6.886761825479383869e-01
2.793103448275862100e+00 3.633334066263018691e-01 6.499203773638981829e-01 -6.675256620333261948e-01
2.896551724137931050e+00 6.926990845623823279e-02 7.601795128556055881e-01 -6.460083663302911283e-01
3.000000000000000000e+00 -2.615389713311134234e-01 7.362160521615260800e-01 -6.241644307952921578e-01
