0.000000000000000000e+00 4.400871025078710793e-12 4.790713290992137402e-12 -1.000000000000000000e+00
1.034482758620689641e-01 9.513266522146995863e-02 1.212794360679629035e-01 -9.880489799868713563e-01
2.068965517241379282e-01 1.763957795807144513e-01 2.475153071123432635e-01 -9.526909831530300243e-01
3.103448275862069061e-01 2.299536364822535872e-01 3.813472442453029743e-01 -8.953740370330843801e-01
4.137931034482758563e-01 2.424750647050534225e-01 5.210028898133305386e-01 -8.183889975502054437e-01
5.172413793103448620e-01 2.024610382972876210e-01 6.586501259586707846e-01 -7.246985049439494952e-01
6.206896551724138122e-01 1.024927661180758259e-01 7.796827712668696897e-01 -6.177281831282348534e-01
7.241379310344827624e-01 -5.769379488201963058e-02 8.634396382487735666e-01 -5.011399689865327911e-01
8.275862068965517127e-01 -2.680273127634421049e-01 8.859024778762374375e-01 -3.785969131835388857e-01
9.310344827586206629e-01 -5.057311904749155484e-01 8.245669080777811022e-01 -2.536195585910303030e-01
1.034482758620689724e+00 -7.353905077525368927e-01 6.651903064260893395e-01 -1.293057151098260527e-01
1.137931034482758674e+00 -9.124494128942625126e-01 4.091003455354466078e-01 -8.385339672754977061e-03
1.241379310344827624e+00 -9.911104250726383569e-01 7.905502302452649399e-02 1.069941795535286622e-01
1.344827586206896575e+00 -9.358291374064267032e-01 -2.790997401418669477e-01 2.152315879038466662e-01
1.448275862068965525e+00 -7.341863922943203669e-01 -6.013568122512931158e-01 3.151790197437868701e-01
1.551724137931034475e+00 -4.070571951053952864e-01 -8.180920217607660083e-01 4.062358332903160951e-01
1.655172413793103425e+00 -1.143455522594960527e-02 -8.726690765025628682e-01 4.881759129868645797e-01
1.758620689655172376e+00 3.679324295038545189e-01 -7.414793536234618454e-01 5.610990273015428187e-01
1.862068965517241326e+00 6.386983098380729640e-01 -4.483209299183509300e-01 6.253566349784892564e-01
1.965517241379310276e+00 7.288527849440822326e-01 -6.586709377812388633e-02 6.814934452051560898e-01
2.068965517241379448e+00 6.138323419163270733e-01 3.001440035146411001e-01 7.301519590305504126e-01
2.172413793103448398e+00 3.315597782680697603e-01 5.422329515641863829e-01 7.720428983479529217e-01
2.275862068965517349e+00 -2.354498035194052541e-02 5.888559951190001085e-01 8.078942321219235723e-01
2.379310344827586299e+00 -3.296656993923372525e-01 4.340346808325244998e-01 8.384111151163521347e-01
2.482758620689655249e+00 -4.817842913479912781e-01 1.445517977445856528e-01 8.642844902311878075e-01
2.586206896551724199e+00 -4.341016175435357671e-01 -1.622359930224780977e-01 8.861344667948771736e-01
2.689655172413793149e+00 -2.211607211654463279e-01 -3.645662751578735428e-01 9.045322303580533019e-01
2.793103448275862100e+00 5.493139596407636827e-02 -3.880904128489633398e-01 9.199823850715199702e-01
2.896551724137931050e+00 2.690354995949088002e-01 -2.392778421515051324e-01 9.329337357869302849e-01
3.000000000000000000e+00 3.305909947075523214e-01 -2.288648134378845622e-03 9.437710175603966078e-01
