0.000000000000000000e+00 1.862356190329525143e-12 6.332155604165270636e-12 -1.000000000000000000e+00
1.034482758620689641e-01 4.147492633951657681e-02 2.086457683523887108e-01 -9.771112467403688662e-01
2.068965517241379282e-01 5.924666535546674329e-02 4.100879025237423314e-01 -9.101191713704606112e-01
3.103448275862069061e-01 3.305331622691126681e-02 5.939245965569901475e-01 -8.038406347152416975e-01
4.137931034482758563e-01 -5.029828880306863592e-02 7.445940032752277338e-01 -6.656185790423539972e-01
5.172413793103448620e-01 -1.931613263437757522e-01 8.415515536773036098e-01 -5.044576619044833787e-01
6.206896551724138122e-01 -3.839695791251983570e-01 8.623609462629031608e-01 -3.299977906252429816e-01
7.241379310344827624e-01 -5.959841561938198362e-01 7.885634172636767358e-01 -1.515521531464515126e-01
8.275862068965517127e-01 -7.895299054828002205e-01 6.132900926578338519e-01 2.269817445568557759e-02
9.310344827586206629e-01 -9.186304988247415704e-01 3.484512897837481749e-01 1.862717785765211076e-01
1.034482758620689724e+00 -9.419339002281904571e-01 2.852989529421712245e-02 3.345805142120631404e-01
1.137931034482758674e+00 -8.358079818210467637e-01 -2.919108121014614698e-01 4.649849118497558220e-01
1.241379310344827624e+00 -6.056815718311895358e-01 -5.484482174945141120e-01 5.765001535613873962e-01
1.344827586206896575e+00 -2.907319067516839217e-01 -6.835204023798244766e-01 6.695319693399797156e-01
1.448275862068965525e+00 4.188859373146602838e-02 -6.652707593817973608e-01 7.454251322016410830e-01
1.551724137931034475e+00 3.140172188235967332e-01 -5.015569386623269788e-01 8.061219030913190364e-01
1.655172413793103425e+00 4.607221940093411128e-01 -2.423986551393389477e-01 8.538014343606600276e-01
1.758620689655172376e+00 4.534460023330737499e-01 3.287361684778411508e-02 8.906767682785429185e-01
1.862068965517241326e+00 3.123576524364674589e-01 2.412633578211188234e-01 9.188165757905084607e-01
1.965517241379310276e+00 1.008778879402651707e-01 3.258008628902626658e-01 9.400408373491090375e-01
2.068965517241379448e+00 -9.767690090817601756e-02 2.769812691841815888e-01 9.558975128927624798e-01
2.172413793103448398e+00 -2.128053914223838605e-01 1.355300603337641352e-01 9.676492058853196632e-01
2.275862068965517349e+00 -2.147857661884587377e-01 -2.629717311890854281e-02 9.763068851435091622e-01
2.379310344827586299e+00 -1.246128668591602318e-01 -1.373348312444285790e-01 9.826547885924200587e-01
2.482758620689655249e+00 -4.270310778413319297e-04 -1.588984933404337940e-01 9.872946917071165895e-01
2.586206896551724199e+00 9.310162670461037682e-02 -9.943034854115043175e-02 9.906792866262573716e-01
2.689655172413793149e+00 1.167622286330415315e-01 -5.022207112404024343e-03 9.931470925497802860e-01
2.793103448275862100e+00 7.336765180315062140e-02 6.853851311192098172e-02 9.949469742859791133e-01
2.896551724137931050e+00 6.027299366411827813e-04 8.639719763159452171e-02 9.962605134601884016e-01
3.000000000000000000e+00 -5.460190794442827678e-02 5.066680138161871322e-02 9.972218281697899922e-01
