0.000000000000000000e+00 -4.343004536962936192e-12 -5.289773999184995132e-12 -1.000000000000000000e+00
1.034482758620689641e-01 -1.835566573932048973e-01 -2.605181856329218948e-01 -9.478589998383049053e-01
2.068965517241379282e-01 -3.275765946827039476e-01 -5.039514612492601575e-01 -7.992029275410614808e-01
3.103448275862069061e-01 -4.020157044553182013e-01 -7.121756359129399749e-01 -5.754888939065951892e-01
4.137931034482758563e-01 -3.934033336588222407e-01 -8.666136669382207280e-01 -3.069404040725136618e-01
5.172413793103448620e-01 -3.077109434575303060e-01 -9.511229459525154528e-01 -2.601550901378171451e-02
6.206896551724138122e-01 -1.681520356786264658e-01 -9.564045936415909166e-01 2.387738487650686026e-01
7.241379310344827624e-01 -8.470526290338675768e-03 -8.841130745112495415e-01 4.671941515417024626e-01
8.275862068965517127e-01 1.363660601212541290e-01 -7.484985994558935873e-01 6.489626642706872728e-01
9.310344827586206629e-01 2.392496099220872141e-01 -5.743019270488729511e-01 7.829021024932538708e-01
1.034482758620689724e+00 2.870138614135905319e-01 -3.912139538143425410e-01 8.743990965989778541e-01
1.137931034482758674e+00 2.818133770787024650e-01 -2.266395357392787524e-01 9.323170650674996729e-01
1.241379310344827624e+00 2.377883246538021744e-01 -9.947820936492067501e-02 9.662092822841505946e-01
1.344827586206896575e+00 1.746964467589382231e-01 -1.691039304519164482e-02 9.844769730388880369e-01
1.448275862068965525e+00 1.111249420643209695e-01 2.483500250531806355e-02 9.934959933826561507e-01
1.551724137931034475e+00 5.967459172814662538e-02 3.667805201973742268e-02 9.975437604174237638e-01
1.655172413793103425e+00 2.535528295189305031e-02 3.165855126492352761e-02 9.991770516642153321e-01
1.758620689655172376e+00 6.853508455259834514e-03 2.075461559355065710e-02 9.997610908438314681e-01
1.862068965517241326e+00 -5.151017924214153915e-04 1.075813015850882529e-02 9.999419876539797913e-01
1.965517241379310276e+00 -1.937741089934717862e-03 4.285668961790247561e-03 9.999889348990932403e-01
2.068965517241379448e+00 -1.236810701026028973e-03 1.178408064727850179e-03 9.999985392687199548e-01
2.172413793103448398e+00 -4.033149324353767348e-04 1.553368269122454965e-04 9.999999061658446653e-01
2.275862068965517349e+00 -5.662512017336756018e-06 -5.253766243032030595e-07 9.999999999866726608e-01
2.379310344827586299e+00 6.443583699123971945e-05 2.669332143031574414e-05 9.999999975067902502e-01
2.482758620689655249e+00 2.317313838340259995e-05 2.871073948137577918e-05 9.999999992945490801e-01
2.586206896551724199e+00 1.057511174620840549e-06 7.564459643229704737e-06 9.999999999721352895e-01
2.689655172413793149e+00 -1.448171112255426372e-06 -1.081034161685330168e-05 9.999999999394904027e-01
2.793103448275862100e+00 5.370753248513380869e-06 -5.461606694620169862e-06 9.999999999732154254e-01
2.896551724137931050e+00 2.498536260989480718e-06 -4.008684647830066820e-07 1.000000000001452172e+00
3.000000000000000000e+00 -1.265405848470721434e-06 1.683122060927347772e-06 1.000000000005360601e+00
