1.000000000000000056e-01 9.774356148070800776e-01 0.000000000000000000e+00 2.256438519292324960e-02 0.000000000000000000e+00 0.000000000000000000e+00 0.000000000000000000e+00 1.033959553884182120e-01 1.066044549007134634e-01 0.000000000000000000e+00 0.000000000000000000e+00 0.000000000000000000e+00 0.000000000000000000e+00 0.000000000000000000e+00 0.000000000000000000e+00 0.000000000000000000e+00 0.000000000000000000e+00
2.000000000000000111e-01 9.127451500691762254e-01 0.000000000000000000e+00 8.725484993082541219e-02 0.000000000000000000e+00 0.000000000000000000e+00 0.000000000000000000e+00 1.891599785265873357e-01 2.094276555912152060e-01 0.000000000000000000e+00 0.000000000000000000e+00 0.000000000000000000e+00 0.000000000000000000e+00 0.000000000000000000e+00 0.000000000000000000e+00 0.000000000000000000e+00 0.000000000000000000e+00
2.999999999999999889e-01 8.142801351615360783e-01 0.000000000000000000e+00 1.857198648384645323e-01 0.000000000000000000e+00 0.000000000000000000e+00 0.000000000000000000e+00 2.431292605933172424e-01 3.035064395525938208e-01 0.000000000000000000e+00 0.000000000000000000e+00 0.000000000000000000e+00 0.000000000000000000e+00 0.000000000000000000e+00 0.000000000000000000e+00 0.000000000000000000e+00 0.000000000000000000e+00
4.000000000000000222e-01 6.939714272303341147e-01 0.000000000000000000e+00 3.060285727696621105e-01 0.000000000000000000e+00 0.000000000000000000e+00 0.000000000000000000e+00 2.573862986579623646e-01 3.822661094445524155e-01 0.000000000000000000e+00 0.000000000000000000e+00 0.000000000000000000e+00 0.000000000000000000e+00 0.000000000000000000e+00 0.000000000000000000e+00 0.000000000000000000e+00 0.000000000000000000e+00
5.000000000000000000e-01 5.649749074779324420e-01 0.000000000000000000e+00 4.350250925220677800e-01 0.000000000000000000e+00 0.000000000000000000e+00 0.000000000000000000e+00 2.317146020258180061e-01 4.382768581782057193e-01 0.000000000000000000e+00 0.000000000000000000e+00 0.000000000000000000e+00 0.000000000000000000e+00 0.000000000000000000e+00 0.000000000000000000e+00 0.000000000000000000e+00 0.000000000000000000e+00
5.999999999999999778e-01 4.393417814310291436e-01 0.000000000000000000e+00 5.606582185689763520e-01 0.000000000000000000e+00 0.000000000000000000e+00 0.000000000000000000e+00 1.733933153612621791e-01 4.650326209656201470e-01 0.000000000000000000e+00 0.000000000000000000e+00 0.000000000000000000e+00 0.000000000000000000e+00 0.000000000000000000e+00 0.000000000000000000e+00 0.000000000000000000e+00 0.000000000000000000e+00
6.999999999999999556e-01 3.263004514070025341e-01 0.000000000000000000e+00 6.736995485929967442e-01 0.000000000000000000e+00 0.000000000000000000e+00 0.000000000000000000e+00 9.530542872533712129e-02 4.590700840459269183e-01 0.000000000000000000e+00 0.000000000000000000e+00 0.000000000000000000e+00 0.000000000000000000e+00 0.000000000000000000e+00 0.000000000000000000e+00 0.000000000000000000e+00 0.000000000000000000e+00
7.999999999999999334e-01 2.314454228371727040e-01 0.000000000000000000e+00 7.685545771628269351e-01 0.000000000000000000e+00 0.000000000000000000e+00 0.000000000000000000e+00 1.283637394117293287e-02 4.215609877370701808e-01 0.000000000000000000e+00 0.000000000000000000e+00 0.000000000000000000e+00 0.000000000000000000e+00 0.000000000000000000e+00 0.000000000000000000e+00 0.000000000000000000e+00 0.000000000000000000e+00
8.999999999999999112e-01 1.567541079759582623e-01 0.000000000000000000e+00 8.432458920240425426e-01 0.000000000000000000e+00 0.000000000000000000e+00 0.000000000000000000e+00 -5.969242279537689128e-02 3.586350126688168660e-01 0.000000000000000000e+00 0.000000000000000000e+00 0.000000000000000000e+00 0.000000000000000000e+00 0.000000000000000000e+00 0.000000000000000000e+00 0.000000000000000000e+00 0.000000000000000000e+00
9.999999999999998890e-01 1.013672431001075430e-01 0.000000000000000000e+00 8.986327568998890847e-01 0.000000000000000000e+00 0.000000000000000000e+00 0.000000000000000000e+00 -1.119953219496251096e-01 2.802658968611761447e-01 0.000000000000000000e+00 0.000000000000000000e+00 0.000000000000000000e+00 0.000000000000000000e+00 0.000000000000000000e+00 0.000000000000000000e+00 0.000000000000000000e+00 0.000000000000000000e+00
1.099999999999999867e+00 6.257823035538487288e-02 0.000000000000000000e+00 9.374217696446162096e-01 0.000000000000000000e+00 0.000000000000000000e+00 0.000000000000000000e+00 -1.394659869090123239e-01 1.980187712019003954e-01 0.000000000000000000e+00 0.000000000000000000e+00 0.000000000000000000e+00 0.000000000000000000e+00 0.000000000000000000e+00 0.000000000000000000e+00 0.000000000000000000e+00 0.000000000000000000e+00
1.199999999999999956e+00 3.687216090635639376e-02 0.000000000000000000e+00 9.631278390936395262e-01 0.000000000000000000e+00 0.000000000000000000e+00 0.000000000000000000e+00 -1.432351771329047063e-01 1.224593341510255007e-01 0.000000000000000000e+00 0.000000000000000000e+00 0.000000000000000000e+00 0.000000000000000000e+00 0.000000000000000000e+00 0.000000000000000000e+00 0.000000000000000000e+00 0.000000000000000000e+00
1.300000000000000044e+00 2.073448849657528320e-02 0.000000000000000000e+00 9.792655115034258895e-01 0.000000000000000000e+00 0.000000000000000000e+00 0.000000000000000000e+00 -1.287235635109588716e-01 6.111312001214745659e-02 0.000000000000000000e+00 0.000000000000000000e+00 0.000000000000000000e+00 0.000000000000000000e+00 0.000000000000000000e+00 0.000000000000000000e+00 0.000000000000000000e+00 0.000000000000000000e+00
1.399999999999999911e+00 1.112466193145995007e-02 0.000000000000000000e+00 9.888753380685425531e-01 0.000000000000000000e+00 0.000000000000000000e+00 0.000000000000000000e+00 -1.034272269425543372e-01 1.742734759291048041e-02 0.000000000000000000e+00 0.000000000000000000e+00 0.000000000000000000e+00 0.000000000000000000e+00 0.000000000000000000e+00 0.000000000000000000e+00 0.000000000000000000e+00 0.000000000000000000e+00
1.500000000000000000e+00 5.693417401863716011e-03 0.000000000000000000e+00 9.943065825981354244e-01 0.000000000000000000e+00 0.000000000000000000e+00 0.000000000000000000e+00 -7.470507773270181062e-02 -8.952853568116855842e-03 0.000000000000000000e+00 0.000000000000000000e+00 0.000000000000000000e+00 0.000000000000000000e+00 0.000000000000000000e+00 0.000000000000000000e+00 0.000000000000000000e+00 0.000000000000000000e+00
1.599999999999999867e+00 2.778154798500924796e-03 0.000000000000000000e+00 9.972218452015008117e-01 0.000000000000000000e+00 0.000000000000000000e+00 0.000000000000000000e+00 -4.820588819862526436e-02 -2.113359616690756171e-02 0.000000000000000000e+00 0.000000000000000000e+00 0.000000000000000000e+00 0.000000000000000000e+00 0.000000000000000000e+00 0.000000000000000000e+00 0.000000000000000000e+00 0.000000000000000000e+00
1.699999999999999956e+00 1.293491576387341196e-03 0.000000000000000000e+00 9.987065084236123047e-01 0.000000000000000000e+00 0.000000000000000000e+00 0.000000000000000000e+00 -2.719305275236423569e-02 -2.350225950332064315e-02 0.000000000000000000e+00 0.000000000000000000e+00 0.000000000000000000e+00 0.000000000000000000e+00 0.000000000000000000e+00 0.000000000000000000e+00 0.000000000000000000e+00 0.000000000000000000e+00
1.800000000000000044e+00 5.744057881750208551e-04 0.000000000000000000e+00 9.994255942118234204e-01 0.000000000000000000e+00 0.000000000000000000e+00 0.000000000000000000e+00 -1.262362464430858387e-02 -2.036467098272501386e-02 0.000000000000000000e+00 0.000000000000000000e+00 0.000000000000000000e+00 0.000000000000000000e+00 0.000000000000000000e+00 0.000000000000000000e+00 0.000000000000000000e+00 0.000000000000000000e+00
1.899999999999999911e+00 2.436869408498819822e-04 0.000000000000000000e+00 9.997563130591452518e-01 0.000000000000000000e+00 0.000000000000000000e+00 0.000000000000000000e+00 -3.848755223187820800e-03 -1.512661820048047216e-02 0.000000000000000000e+00 0.000000000000000000e+00 0.000000000000000000e+00 0.000000000000000000e+00 0.000000000000000000e+00 0.000000000000000000e+00 0.000000000000000000e+00 0.000000000000000000e+00
2.000000000000000000e+00 9.882574976761372069e-05 0.000000000000000000e+00 9.999011742502262878e-01 0.000000000000000000e+00 0.000000000000000000e+00 0.000000000000000000e+00 5.740420670183057038e-04 -9.924029377881941894e-03 0.000000000000000000e+00 0.000000000000000000e+00 0.000000000000000000e+00 0.000000000000000000e+00 0.000000000000000000e+00 0.000000000000000000e+00 0.000000000000000000e+00 0.000000000000000000e+00
2.099999999999999645e+00 3.832296689305177210e-05 0.000000000000000000e+00 9.999616770331117843e-01 0.000000000000000000e+00 0.000000000000000000e+00 0.000000000000000000e+00 2.220411991997024714e-03 -5.778512612891415975e-03 0.000000000000000000e+00 0.000000000000000000e+00 0.000000000000000000e+00 0.000000000000000000e+00 0.000000000000000000e+00 0.000000000000000000e+00 0.000000000000000000e+00 0.000000000000000000e+00
2.199999999999999734e+00 1.414160373796744350e-05 0.000000000000000000e+00 9.999858583962599745e-01 0.000000000000000000e+00 0.000000000000000000e+00 0.000000000000000000e+00 2.355156251540487834e-03 -2.931648377050053312e-03 0.000000000000000000e+00 0.000000000000000000e+00 0.000000000000000000e+00 0.000000000000000000e+00 0.000000000000000000e+00 0.000000000000000000e+00 0.000000000000000000e+00 0.000000000000000000e+00
2.299999999999999822e+00 4.957960365763163042e-06 0.000000000000000000e+00 9.999950420396336304e-01 0.000000000000000000e+00 0.000000000000000000e+00 0.000000000000000000e+00 1.853178221395855672e-03 -1.234320141873853065e-03 0.000000000000000000e+00 0.000000000000000000e+00 0.000000000000000000e+00 0.000000000000000000e+00 0.000000000000000000e+00 0.000000000000000000e+00 0.000000000000000000e+00 0.000000000000000000e+00
2.399999999999999911e+00 1.620821372736427416e-06 0.000000000000000000e+00 9.999983791786233311e-01 0.000000000000000000e+00 0.000000000000000000e+00 0.000000000000000000e+00 1.220671766775022161e-03 -3.614586264607301275e-04 0.000000000000000000e+00 0.000000000000000000e+00 0.000000000000000000e+00 0.000000000000000000e+00 0.000000000000000000e+00 0.000000000000000000e+00 0.000000000000000000e+00 0.000000000000000000e+00
2.500000000000000000e+00 5.286090058277659756e-07 0.000000000000000000e+00 9.999994713909930999e-01 0.000000000000000000e+00 0.000000000000000000e+00 0.000000000000000000e+00 7.261868583948813015e-04 -3.363619162577502280e-05 0.000000000000000000e+00 0.000000000000000000e+00 0.000000000000000000e+00 0.000000000000000000e+00 0.000000000000000000e+00 0.000000000000000000e+00 0.000000000000000000e+00 0.000000000000000000e+00
2.600000000000000089e+00 1.874204814014946141e-07 0.000000000000000000e+00 9.999998125795099835e-01 0.000000000000000000e+00 0.000000000000000000e+00 0.000000000000000000e+00 4.259544196162591469e-04 7.631831052742346026e-05 0.000000000000000000e+00 0.000000000000000000e+00 0.000000000000000000e+00 0.000000000000000000e+00 0.000000000000000000e+00 0.000000000000000000e+00 0.000000000000000000e+00 0.000000000000000000e+00
2.699999999999999734e+00 7.919154788142309026e-08 0.000000000000000000e+00 9.999999208084497937e-01 0.000000000000000000e+00 0.000000000000000000e+00 0.000000000000000000e+00 2.517722579081628042e-04 1.254401332074157925e-04 0.000000000000000000e+00 0.000000000000000000e+00 0.000000000000000000e+00 0.000000000000000000e+00 0.000000000000000000e+00 0.000000000000000000e+00 0.000000000000000000e+00 0.000000000000000000e+00
2.799999999999999822e+00 2.891337460269797450e-08 0.000000000000000000e+00 9.999999710866290803e-01 0.000000000000000000e+00 0.000000000000000000e+00 0.000000000000000000e+00 1.174765105493083810e-04 1.223248008219987104e-04 0.000000000000000000e+00 0.000000000000000000e+00 0.000000000000000000e+00 0.000000000000000000e+00 0.000000000000000000e+00 0.000000000000000000e+00 0.000000000000000000e+00 0.000000000000000000e+00
2.899999999999999911e+00 7.239990098318776051e-09 0.000000000000000000e+00 9.999999927600160543e-01 0.000000000000000000e+00 0.000000000000000000e+00 0.000000000000000000e+00 3.196872417110039450e-05 7.835824986579286225e-05 0.000000000000000000e+00 0.000000000000000000e+00 0.000000000000000000e+00 0.000000000000000000e+00 0.000000000000000000e+00 0.000000000000000000e+00 0.000000000000000000e+00 0.000000000000000000e+00
3.000000000000000000e+00 1.045321720302837724e-09 0.000000000000000000e+00 9.999999989546825008e-01 0.000000000000000000e+00 0.000000000000000000e+00 0.000000000000000000e+00 2.259002463466127346e-05 2.044810435809544269e-05 0.000000000000000000e+00 0.000000000000000000e+00 0.000000000000000000e+00 0.000000000000000000e+00 0.000000000000000000e+00 0.000000000000000000e+00 0.000000000000000000e+00 0.000000000000000000e+00
