1.000000000000000056e-01 -2.047351531604057855e-03 -1.784960089309315734e-03 -9.999963111277453409e-01
2.000000000000000111e-01 -3.852932936168997242e-03 -3.408825886305404378e-03 -9.999867673172470051e-01
2.999999999999999889e-01 -5.193110645683251571e-03 -4.706480347327388937e-03 -9.999754400194508230e-01
4.000000000000000222e-01 -5.876808339082998517e-03 -5.507890937651293076e-03 -9.999675626002940687e-01
5.000000000000000000e-01 -5.763038112122224541e-03 -5.637129353499184189e-03 -9.999675045506389859e-01
5.999999999999999778e-01 -4.774150935711213815e-03 -4.918117771624808815e-03 -9.999765095302094453e-01
6.999999999999999556e-01 -2.901284126389041661e-03 -3.176655284182735087e-03 -9.999907456664006711e-01
7.999999999999999334e-01 -2.176666289468772038e-04 -2.567211929987920347e-04 -9.999999433482014144e-01
8.999999999999999112e-01 3.124720438326586067e-03 3.971761320157090810e-03 -9.999872305334513989e-01
9.999999999999998890e-01 6.900635960269431261e-03 9.588475361393943366e-03 -9.999302187436074352e-01
1.099999999999999867e+00 1.081480435541769605e-02 1.661471693448443934e-02 -9.998034762682934673e-01
1.199999999999999956e+00 1.452259006064194821e-02 2.499290079194138592e-02 -9.995821372968881624e-01
1.300000000000000044e+00 1.765536140669448500e-02 3.457179254786578448e-02 -9.992462555748875541e-01
1.399999999999999911e+00 1.983973399578038005e-02 4.510617818099933035e-02 -9.987851708228091541e-01
1.500000000000000000e+00 2.073418622093387356e-02 5.624116223418824251e-02 -9.982018959200522623e-01
1.599999999999999867e+00 2.006223943541328436e-02 6.753166065742030599e-02 -9.975154039863488586e-01
1.699999999999999956e+00 1.764382575205395223e-02 7.845132403078815264e-02 -9.967617993579092062e-01
1.800000000000000044e+00 1.342204293059181403e-02 8.841482483681602222e-02 -9.959933068096915587e-01
1.899999999999999911e+00 7.490536254350838030e-03 9.681846213491798747e-02 -9.952738703732337822e-01
2.000000000000000000e+00 1.045623119190694505e-04 1.030719522303066571e-01 -9.946738969023817267e-01
2.099999999999999645e+00 -8.315214380850172171e-03 1.066485824764266122e-01 -9.942620061620176530e-01
2.199999999999999734e+00 -1.719372920455869425e-02 1.071323822760226890e-01 -9.940960856981577720e-01
2.299999999999999822e+00 -2.582511538487100577e-02 1.042584784092441402e-01 -9.942148826142239715e-01
2.399999999999999911e+00 -3.341634676871083065e-02 9.795707942760067954e-02 -9.946294573233230851e-01
2.500000000000000000e+00 -3.912789640600779217e-02 8.838145695563091875e-02 -9.953179015484703296e-01
2.600000000000000089e+00 -4.214688769641912469e-02 7.591728023234363409e-02 -9.962229700226082896e-01
2.699999999999999734e+00 -4.174583715951513813e-02 6.118962081450887713e-02 -9.972527838016155277e-01
2.799999999999999822e+00 -3.735147881760465111e-02 4.503701769993379705e-02 -9.982867993907913462e-01
2.899999999999999911e+00 -2.860890207814252573e-02 2.847363596022471632e-02 -9.991850592237739859e-01
3.000000000000000000e+00 -1.542977940777837467e-02 1.263243661353441807e-02 -9.998011519451356355e-01
