1.000000000000000056e-01 9.245051308223870001e-02 -4.144999903864873825e-02 -9.948541602272329420e-01
2.000000000000000111e-01 1.798057716768669545e-01 -8.449558408694354816e-02 -9.800665184673480468e-01
2.999999999999999889e-01 2.572875690747253863e-01 -1.303158587566556059e-01 -9.575076415762836524e-01
4.000000000000000222e-01 3.207312267979442466e-01 -1.793035326944129593e-01 -9.300439360761959540e-01
5.000000000000000000e-01 3.668580030133100633e-01 -2.308084834681632946e-01 -9.011895745869840102e-01
5.999999999999999778e-01 3.934997555443454087e-01 -2.830157903694232036e-01 -8.746770858317278741e-01
6.999999999999999556e-01 3.997684814578301715e-01 -3.329858980144353997e-01 -8.539938832173891159e-01
7.999999999999999334e-01 3.861506309348896604e-01 -3.768586975908944092e-01 -8.419413350343806224e-01
8.999999999999999112e-01 3.545258336198119364e-01 -4.102123850799972993e-01 -8.402602166075735513e-01
9.999999999999998890e-01 3.080892047120512567e-01 -4.285207381707908381e-01 -8.493827279263510555e-01
1.099999999999999867e+00 2.511926382793914225e-01 -4.276946851556092111e-01 -8.683199379494357384e-01
1.199999999999999956e+00 1.890878804888642128e-01 -4.046187384879040838e-01 -8.947231134650921458e-01
1.300000000000000044e+00 1.275989947991812978e-01 -3.576357028055246468e-01 -9.251028052274397062e-01
1.399999999999999911e+00 7.272235551118005903e-02 -2.869211685992836824e-01 -9.551898774331425424e-01
1.500000000000000000e+00 3.020245876703360477e-02 -1.947006152771613152e-01 -9.803976143683398314e-01
1.599999999999999867e+00 5.075721259800373975e-03 -8.526144705610820551e-02 -9.963456844604422491e-01
1.699999999999999956e+00 1.256554849844363289e-03 3.524134821208954604e-02 -9.993780409026571387e-01
1.800000000000000044e+00 2.116143950633072451e-02 1.591799545974201813e-01 -9.870227634494305180e-01
1.899999999999999911e+00 6.543744763788211793e-02 2.780280516919762523e-01 -9.583414539622817641e-01
2.000000000000000000e+00 1.328033064844727495e-01 3.830694155112544519e-01 -9.141231344315178253e-01
2.099999999999999645e+00 2.200276308605531028e-01 4.661694403244706630e-01 -8.568978317435556047e-01
2.199999999999999734e+00 3.220773922204243078e-01 5.205391340377063525e-01 -7.907623935756968869e-01
2.299999999999999822e+00 4.324049566927498645e-01 5.414304418256581375e-01 -7.210263723232073207e-01
2.399999999999999911e+00 5.433961918125942425e-01 5.266626255530715284e-01 -6.537178729400462407e-01
2.500000000000000000e+00 6.469181392339740100e-01 4.769620022809094584e-01 -5.949824947073283354e-01
2.600000000000000089e+00 7.349499046081473530e-01 3.960308767659652673e-01 -5.504617899801280689e-01
2.699999999999999734e+00 8.002536531471555747e-01 2.903637197925920121e-01 -5.246741855406434896e-01
2.799999999999999822e+00 8.370081712464098045e-01 1.687890579190611529e-01 -5.205070354437481006e-01
2.899999999999999911e+00 8.413636794632296523e-01 4.178587598020971905e-02 -5.388516483398519963e-01
3.000000000000000000e+00 8.118637381297743039e-01 -7.937035437194589482e-02 -5.784268463040954655e-01
