1.000000000000000056e-01 4.380044843290156927e-03 -1.500290277948058450e-02 -9.998778565938761798e-01
2.000000000000000111e-01 8.796638666599403134e-03 -2.909590203960235599e-02 -9.995379170506840660e-01
2.999999999999999889e-01 1.323698903349908480e-02 -4.140583331819945589e-02 -9.990547227378288042e-01
4.000000000000000222e-01 1.759385387851037513e-02 -5.113567757886934573e-02 -9.985367287960570382e-01
5.000000000000000000e-01 2.163386340784223191e-02 -5.760371375164377583e-02 -9.981050987004339570e-01
5.999999999999999778e-01 2.498329259600672037e-02 -6.028529670812458191e-02 -9.978684873378592668e-01
6.999999999999999556e-01 2.712732610071944689e-02 -5.884900747232543056e-02 -9.978982425413694957e-01
7.999999999999999334e-01 2.743756306856089816e-02 -5.319681066174754280e-02 -9.982070322866434253e-01
8.999999999999999112e-01 2.520922182129906389e-02 -4.349136859067546934e-02 -9.987356987758416738e-01
9.999999999999998890e-01 1.972871141914239040e-02 -3.017688156903770499e-02 -9.993498555400649463e-01
1.099999999999999867e+00 1.034496717696110554e-02 -1.397922016267551942e-02 -9.998487701086484769e-01
1.199999999999999956e+00 -3.454938209110963200e-03 4.108175594734295166e-03 -9.999855930010927985e-01
1.300000000000000044e+00 -2.196326920019252282e-02 2.286562019957045361e-02 -9.994972627097351570e-01
1.399999999999999911e+00 -4.517829433008739570e-02 4.090386611456169053e-02 -9.981411700988604974e-01
1.500000000000000000e+00 -7.275431723484528101e-02 5.675989740504944897e-02 -9.957334599885170334e-01
1.599999999999999867e+00 -1.039683026147773942e-01 6.898512419990388000e-02 -9.921852874561825075e-01
1.699999999999999956e+00 -1.377232801766604675e-01 7.627279818113594234e-02 -9.875296240563454786e-01
1.800000000000000044e+00 -1.725722393096566776e-01 7.757591081433967695e-02 -9.819372688774874458e-01
1.899999999999999911e+00 -2.067892757342956744e-01 7.221742497790507864e-02 -9.757165771501224993e-01
2.000000000000000000e+00 -2.384735036605317715e-01 5.998806079278420911e-02 -9.692944960578416813e-01
2.099999999999999645e+00 -2.656612193626400886e-01 4.122098121741810117e-02 -9.631847936819396550e-01
2.199999999999999734e+00 -2.864890917905471013e-01 1.682118596340645422e-02 -9.579358267617774647e-01
2.299999999999999822e+00 -2.993318807824402183e-01 -1.175142493116446141e-02 -9.540766891800648297e-01
2.399999999999999911e+00 -3.029687473296542310e-01 -4.253397488896558387e-02 -9.520508382637269396e-01
2.500000000000000000e+00 -2.967061035454559570e-01 -7.318039137213926126e-02 -9.521607629868114042e-01
2.600000000000000089e+00 -2.804906917155662871e-01 -1.011065294673113846e-01 -9.545168632159088951e-01
2.699999999999999734e+00 -2.549725352356737029e-01 -1.236793327474570853e-01 -9.590059585816196330e-01
2.799999999999999822e+00 -2.215122478833361774e-01 -1.384268303628695684e-01 -9.652825165912557459e-01
2.899999999999999911e+00 -1.821430387740086143e-01 -1.432654780924898508e-01 -9.727789652622939043e-01
3.000000000000000000e+00 -1.394721047120416613e-01 -1.366753530660577143e-01 -9.807483768468603369e-01
