1.000000000000000056e-01 -1.065275144198806791e-02 5.851723914834771473e-02 -9.982295585486377076e-01
2.000000000000000111e-01 -2.251505756777085268e-02 1.144388006919832279e-01 -9.931751270979427559e-01
2.999999999999999889e-01 -3.655716210960844453e-02 1.652589543770213443e-01 -9.855724487657669952e-01
4.000000000000000222e-01 -5.329442031576689387e-02 2.086533009131764371e-01 -9.765364839735843905e-01
5.000000000000000000e-01 -7.262797416062806433e-02 2.425737685137018540e-01 -9.674105354287914071e-01
5.999999999999999778e-01 -9.376018438041874847e-02 2.653661727770544876e-01 -9.595779395088934738e-01
6.999999999999999556e-01 -1.151862372916878513e-01 2.758769405806991148e-01 -9.542662333785879580e-01
7.999999999999999334e-01 -1.347823534642214049e-01 2.735636543839824464e-01 -9.523637141191032551e-01
8.999999999999999112e-01 -1.499727293008476514e-01 2.585921818224025115e-01 -9.542736839290071327e-01
9.999999999999998890e-01 -1.579710832694752876e-01 2.319065823088662937e-01 -9.598252307202964628e-01
1.099999999999999867e+00 -1.560628577476906864e-01 1.952571855339969853e-01 -9.682556563249266057e-01
1.199999999999999956e+00 -1.419184541848325654e-01 1.511781082690028255e-01 -9.782659821791870325e-01
1.300000000000000044e+00 -1.138859952855637708e-01 1.028970248731796155e-01 -9.881508905063405290e-01
1.399999999999999911e+00 -7.125148787773299963e-02 5.417983923351278597e-02 -9.959858285159288727e-01
1.500000000000000000e+00 -1.442270711690591713e-02 9.107333168923396546e-03 -9.998545104654922300e-01
1.599999999999999867e+00 5.497041425671853054e-02 -2.819855769705140874e-02 -9.980897229905012491e-01
1.699999999999999956e+00 1.340947277935133353e-01 -5.389894707454333245e-02 -9.895016460398908809e-01
1.800000000000000044e+00 2.190415842052314266e-01 -6.476510493305451255e-02 -9.735636934719502644e-01
1.899999999999999911e+00 3.050581105041056951e-01 -5.850346026965654034e-02 -9.505350562110911339e-01
2.000000000000000000e+00 3.868908506830530669e-01 -3.402780240619189545e-02 -9.214974650694647273e-01
2.099999999999999645e+00 4.591777547240755153e-01 8.335148366550054755e-03 -8.883053043948779814e-01
2.199999999999999734e+00 5.168967860242550394e-01 6.675341528841222116e-02 -8.534410899463289457e-01
2.299999999999999822e+00 5.558079959113126911e-01 1.379084678588521629e-01 -8.197918794910357132e-01
2.399999999999999911e+00 5.728520014746852906e-01 2.171542594224681599e-01 -7.903699208873390392e-01
2.500000000000000000e+00 5.664805449136527393e-01 2.987929022762517151e-01 -7.679990840507453509e-01
2.600000000000000089e+00 5.368715984557320686e-01 3.764832776366322520e-01 -7.550028000338118161e-01
2.699999999999999734e+00 4.860123701884137004e-01 4.437267002594372789e-01 -7.529266829048261167e-01
2.799999999999999822e+00 4.176280621763345247e-01 4.944046648176415037e-01 -7.623324925552927844e-01
2.899999999999999911e+00 3.369698263133816818e-01 5.233307422222640559e-01 -7.826725169698460771e-01
3.000000000000000000e+00 2.504568327059882860e-01 5.267436835114268634e-01 -8.122884127916468744e-01
