0.000000000000000000e+00 -7.781214725659633344e-12 9.818342251556457485e-12 -1.000000000000000000e+00
1.025641025641025605e-01 -2.062512969970177745e-01 2.405378812152375034e-01 -9.478097411119095206e-01
2.051282051282051211e-01 -4.088265204267971797e-01 4.317088816102458981e-01 -8.000593594428542232e-01
3.076923076923077094e-01 -5.988818571679292990e-01 5.359803532535636350e-01 -5.802858497595896337e-01
4.102564102564102422e-01 -7.602149549019407981e-01 5.357188789337661294e-01 -3.196104241936751356e-01
5.128205128205127750e-01 -8.714184586940836308e-01 4.358394657964982377e-01 -4.897529513578117999e-02
6.153846153846154188e-01 -9.117488651470799788e-01 2.616448979293382604e-01 2.063397794236048188e-01
7.179487179487179516e-01 -8.688259835801369624e-01 5.301539027375304358e-02 4.291491751551300693e-01
8.205128205128204844e-01 -7.454443884997291603e-01 -1.444412711849362985e-01 6.104882521808603357e-01
9.230769230769230171e-01 -5.624286385285469647e-01 -2.904273571197635295e-01 7.483827383449351833e-01
1.025641025641025550e+00 -3.549588823651104730e-01 -3.607069730579272604e-01 8.461926726585597969e-01
1.128205128205128194e+00 -1.625961545892074811e-01 -3.534178708971685845e-01 9.106655698819555722e-01
1.230769230769230838e+00 -1.673608628562258532e-02 -2.876690525047578828e-01 9.499645175674646946e-01
1.333333333333333259e+00 6.853756112879062778e-02 -1.942848033057021084e-01 9.720211443563266940e-01
1.435897435897435903e+00 9.784091542720478596e-02 -1.034158642698086300e-01 9.834068733136533957e-01
1.538461538461538325e+00 8.853829942456922786e-02 -3.491467300498914128e-02 9.888748076330251546e-01
1.641025641025640969e+00 6.138116256999524845e-02 4.840542161615696282e-03 9.914543835346765199e-01
1.743589743589743613e+00 3.289481970027373359e-02 2.009329970927116460e-02 9.928374622088438350e-01
1.846153846153846034e+00 1.196320489263867984e-02 2.003550243536936226e-02 9.938363146631884470e-01
1.948717948717948678e+00 5.531664913170138836e-04 1.363076495981611902e-02 9.947609422654003497e-01
2.051282051282051100e+00 -3.486409345040055764e-03 6.861417721447201322e-03 9.956773769695624887e-01
2.153846153846153744e+00 -3.502325574458904200e-03 2.277285336763560167e-03 9.965584475363208350e-01
2.256410256410256387e+00 -2.177046153365574770e-03 9.007212285483249571e-05 9.973583030901281843e-01
2.358974358974359031e+00 -9.514838990835066844e-04 -5.265800268880229664e-04 9.980432956255727017e-01
2.461538461538461675e+00 -2.503012559396087275e-04 -4.554172355613715227e-04 9.985994146841218333e-01
2.564102564102563875e+00 1.502920875308212992e-05 -2.337130944575322941e-04 9.990297307686519801e-01
2.666666666666666519e+00 6.174649166259087705e-05 -8.033449456577482868e-05 9.993485267279984541e-01
2.769230769230769162e+00 3.963075146549761461e-05 -1.303308053868291959e-05 9.995754759763911812e-01
2.871794871794871806e+00 8.786006676632622124e-06 3.447374624534347006e-06 9.997311906289058081e-01
2.974358974358974450e+00 1.117693691412920508e-06 7.561200718418258074e-06 9.998344162456773709e-01
3.076923076923076650e+00 2.240807442003213958e-06 3.493561837730585660e-07 9.999006701449706380e-01
3.179487179487179294e+00 -2.221034056166475299e-07 1.505859069427252230e-06 9.999419166238656675e-01
3.282051282051281937e+00 1.465113864581481616e-06 5.793676428179499141e-07 9.999668625507379671e-01
3.384615384615384581e+00 4.716263199778932423e-06 4.412695486104346039e-07 9.999815399382010472e-01
3.487179487179487225e+00 1.221346408324366246e-06 2.165962719744058798e-06 9.999899512452002925e-01
3.589743589743589425e+00 -8.445660047196880635e-07 5.680132593531687251e-07 9.999946512785519159e-01
3.692307692307692069e+00 1.558525932256369802e-06 1.623172863893028006e-06 9.999972144152983189e-01
3.794871794871794712e+00 5.157134784403224218e-07 -2.786118139137656872e-07 9.999985797661211651e-01
3.897435897435897356e+00 -8.851545332405445861e-07 1.457285037780140047e-06 9.999992907333702385e-01
4.000000000000000000e+00 1.011690908956753823e-06 -3.845690352868090213e-06 9.999996528683087194e-01
