0.000000000000000000e+00 -7.720829922986267862e-12 9.853118642226154132e-12 -1.000000000000000000e+00
1.025641025641025605e-01 -2.047165210226092602e-01 2.413773103400625453e-01 -9.475089667241832769e-01
2.051282051282051211e-01 -4.057206703146969962e-01 4.330903380453462459e-01 -7.990189458338765593e-01
3.076923076923077094e-01 -5.940203073199872286e-01 5.375113881550015460e-01 -5.785178615629498200e-01
4.102564102564102422e-01 -7.532802080796661137e-01 5.372809963223643681e-01 -3.177196551455948592e-01
5.128205128205127750e-01 -8.622965095922013878e-01 4.379269252187873440e-01 -4.799319684928857882e-02
6.153846153846154188e-01 -9.010483998613915135e-01 2.652782929465778983e-01 2.053800395000406898e-01
7.179487179487179516e-01 -8.581155452422649654e-01 5.909115123795316560e-02 4.257568397063325460e-01
8.205128205128204844e-01 -7.368324637595252691e-01 -1.359890953786114243e-01 6.048967495852524134e-01
9.230769230769230171e-01 -5.575166505219768531e-01 -2.809107097312623091e-01 7.414935001282637606e-01
1.025641025641025550e+00 -3.540069178205171863e-01 -3.520759192086961309e-01 8.391106321388377420e-01
1.128205128205128194e+00 -1.644528052391528439e-01 -3.471906018193618437e-01 9.042881510994426053e-01
1.230769230769230838e+00 -1.966946563616236293e-02 -2.842201982572990504e-01 9.447290788882592993e-01
1.333333333333333259e+00 6.586564375544373684e-02 -1.929867814505483725e-01 9.679278964730321233e-01
1.435897435897435903e+00 9.599555779890354967e-02 -1.033043350658077869e-01 9.802023665508605710e-01
1.538461538461538325e+00 8.746169784393285906e-02 -3.525340050725121743e-02 9.862533963882663679e-01
1.641025641025640969e+00 6.084199602831012743e-02 4.416338001216983666e-03 9.891790976693595194e-01
1.743589743589743613e+00 3.268310773205739678e-02 1.972587099207618808e-02 9.907801123354251782e-01
1.846153846153846034e+00 1.194536918994074624e-02 1.976839853021820914e-02 9.919562681184438402e-01
1.948717948717948678e+00 6.306605155238231841e-04 1.348613863465215543e-02 9.930672440145246194e-01
2.051282051282051100e+00 -3.401409865253040427e-03 6.810641033835830929e-03 9.941951790732115324e-01
2.153846153846153744e+00 -3.441952897026461216e-03 2.287548678538260227e-03 9.953069879653173579e-01
2.256410256410256387e+00 -2.154772046055893585e-03 1.168054680106180975e-04 9.963415365748976571e-01
2.358974358974359031e+00 -9.514016372705791282e-04 -5.052285535831163403e-04 9.972487583203935024e-01
2.461538461538461675e+00 -2.582141284908622014e-04 -4.475458485435154397e-04 9.980019135625942672e-01
2.564102564102563875e+00 9.372087082309737884e-06 -2.338669827581074776e-04 9.985968760824702750e-01
2.666666666666666519e+00 5.900868657869405955e-05 -8.262641512904977915e-05 9.990460471009856569e-01
2.769230769230769162e+00 4.041585186962814037e-05 -1.478098475027511585e-05 9.993712891838707479e-01
2.871794871794871806e+00 1.424673393341165512e-05 3.789142470953039935e-06 9.995978380495843529e-01
2.974358974358974450e+00 7.669700035285021336e-07 6.147406175246007017e-06 9.997500272031959456e-01
3.076923076923076650e+00 2.083686138392598036e-06 1.692088292807757252e-06 9.998488456262080160e-01
3.179487179487179294e+00 -2.335142805610543937e-07 4.483917452074466644e-06 9.999109875042089257e-01
3.282051282051281937e+00 2.168044639396236159e-06 2.142266855633260418e-06 9.999489003550455779e-01
3.384615384615384581e+00 4.213892727596074437e-07 1.096826843130823277e-06 9.999713766014531879e-01
3.487179487179487225e+00 1.415802739257647459e-06 1.778111632523337211e-07 9.999843424243824996e-01
3.589743589743589425e+00 -8.585668310984294473e-07 -5.623119618056645765e-07 9.999916293342210327e-01
3.692307692307692069e+00 4.229473236182767071e-07 2.000723458090487612e-06 9.999956234679341360e-01
3.794871794871794712e+00 3.310309998243512595e-06 -2.274462879120863251e-06 9.999977607008184721e-01
3.897435897435897356e+00 -1.812279052327333581e-06 -2.186712094607026794e-08 9.999988780886991391e-01
4.000000000000000000e+00 -2.120230873576871065e-06 -2.412801925856312724e-06 9.999994493026160836e-01
