1.000000000000000056e-01 9.898426861065287574e-02 2.500048386197940009e-01 -9.617802244108429877e-01
2.000000000000000111e-01 2.171930106861767462e-01 4.601761459418671762e-01 -8.532183404385370595e-01
2.999999999999999889e-01 3.632228789677132141e-01 5.955108661663232050e-01 -6.907776438709457567e-01
4.000000000000000222e-01 5.285566869693554271e-01 6.311584797352284282e-01 -4.966333987425127772e-01
5.000000000000000000e-01 6.876652696825665823e-01 5.578714470197614350e-01 -2.931261021545429890e-01
5.999999999999999778e-01 8.046882297876243317e-01 3.860713946665096374e-01 -9.835226587126580378e-02
6.999999999999999556e-01 8.445623932258106148e-01 1.466179954116924866e-01 7.608547050840881731e-02
7.999999999999999334e-01 7.851970117517224068e-01 -1.133052930717003415e-01 2.251279390418079174e-01
8.999999999999999112e-01 6.269752834176230971e-01 -3.394742909004940246e-01 3.488559883396102346e-01
9.999999999999998890e-01 3.962383620052905564e-01 -4.838109815601248642e-01 4.505455722157779563e-01
1.099999999999999867e+00 1.405459109515907468e-01 -5.181093284007877164e-01 5.348318779830282255e-01
1.199999999999999956e+00 -8.408128042923529444e-02 -4.436507439617068949e-01 6.062515706147073580e-01
1.300000000000000044e+00 -2.307478888972826492e-01 -2.919665873900464947e-01 6.684500763878308272e-01
1.399999999999999911e+00 -2.775464939999832126e-01 -1.147317019111787906e-01 7.238160139093211543e-01
1.500000000000000000e+00 -2.346200805215239715e-01 3.456145057040416191e-02 7.735666078611932450e-01
1.599999999999999867e+00 -1.385198960603770679e-01 1.198113154297397454e-01 8.180430632804054358e-01
1.699999999999999956e+00 -3.576597528317349006e-02 1.336080732306975938e-01 8.571222962360259823e-01
1.800000000000000044e+00 3.646254544642080903e-02 9.545233334826846994e-02 8.905847615267497019e-01
1.899999999999999911e+00 6.308211612606605401e-02 3.851678830435001366e-02 9.183662170064840202e-01
2.000000000000000000e+00 5.187858890729180050e-02 -7.417785672339173575e-03 9.406795318055033439e-01
2.099999999999999645e+00 2.363773943037346739e-02 -2.778328600705830959e-02 9.580071950675840275e-01
2.199999999999999734e+00 -1.327344047005527342e-03 -2.493476685546216695e-02 9.710237860994401782e-01
2.299999999999999822e+00 -1.261730671356055961e-02 -1.116199022156191475e-02 9.804945469936670044e-01
2.399999999999999911e+00 -1.115411048059049455e-02 1.177118014167827936e-03 9.871789229113632214e-01
2.500000000000000000e+00 -4.173605137586283015e-03 6.095132820996064169e-03 9.917623347240874798e-01
2.600000000000000089e+00 1.434309321503158662e-03 4.603679113529190667e-03 9.948210581252838747e-01
2.699999999999999734e+00 2.959373497701670627e-03 1.014793702089785777e-03 9.968105070351027663e-01
2.799999999999999822e+00 1.618619182595991673e-03 -1.216395855611201136e-03 9.980738147927454840e-01
2.899999999999999911e+00 -1.091578750435689884e-04 -1.298887142625972536e-03 9.988580381808345177e-01
3.000000000000000000e+00 -7.567850580569699835e-04 -3.558376316711547426e-04 9.993346703669209186e-01
