1.000000000000000056e-01 2.610134310296896576e-01 8.564782215008583111e-02 -9.614206073678513986e-01
2.000000000000000111e-01 4.948780140655735793e-01 1.709332175420783251e-01 -8.507084284949834041e-01
2.999999999999999889e-01 6.796046291278793339e-01 2.547222304528182768e-01 -6.816381941446710835e-01
4.000000000000000222e-01 8.018359672917648728e-01 3.346759075275741457e-01 -4.733621551296584573e-01
5.000000000000000000e-01 8.577835528014432498e-01 4.072135081340788054e-01 -2.463661217773265022e-01
5.999999999999999778e-01 8.520082656568028767e-01 4.679323888277665544e-01 -1.911062986567021310e-02
6.999999999999999556e-01 7.950436332242046822e-01 5.123523865901467023e-01 1.940576469737228527e-01
7.999999999999999334e-01 7.008036286967100903e-01 5.367542986312289210e-01 3.835110437972985009e-01
8.999999999999999112e-01 5.843181267424094605e-01 5.390443620195013441e-01 5.440722836671539886e-01
9.999999999999998890e-01 4.599405774072175546e-01 5.193566290384034057e-01 6.742547961290803471e-01
1.099999999999999867e+00 3.399515684981294084e-01 4.802429429771984948e-01 7.753701616168207078e-01
1.199999999999999956e+00 2.335332896363396527e-01 4.263851779119677832e-01 8.506123076725030652e-01
1.300000000000000044e+00 1.462642780754422889e-01 3.637569363368586273e-01 9.042364513466143450e-01
1.399999999999999911e+00 8.012493374953393033e-02 2.985921204901397785e-01 9.408244060950025078e-01
1.500000000000000000e+00 3.410120986187746561e-02 2.362980714871352472e-01 9.647326268676210681e-01
1.599999999999999867e+00 5.144426423736747633e-03 1.807717480456363102e-01 9.797058525604889212e-01
1.699999999999999956e+00 -1.073854765233633879e-02 1.341582814694640691e-01 9.887040376469061753e-01
1.800000000000000044e+00 -1.757393071402565954e-02 9.697933307038228423e-02 9.939057751989893719e-01
1.899999999999999911e+00 -1.880204742290970260e-02 6.860383330712718775e-02 9.968053249926408510e-01
2.000000000000000000e+00 -1.704082202932559811e-02 4.773782766630386282e-02 9.983680372229962741e-01
2.099999999999999645e+00 -1.403336656991648751e-02 3.285254420259103858e-02 9.991851211525614174e-01
2.199999999999999734e+00 -1.083259491673308796e-02 2.247930448293804923e-02 9.996008974674652769e-01
2.299999999999999822e+00 -7.952813842934256666e-03 1.536830853136352155e-02 9.998076902402786015e-01
2.399999999999999911e+00 -5.609186926214963613e-03 1.053965404296228897e-02 9.999084879049976449e-01
2.500000000000000000e+00 -3.815844706018953029e-03 7.272201837951756433e-03 9.999568449286310168e-01
2.600000000000000089e+00 -2.507100746246799551e-03 5.057449665024415196e-03 9.999797488884027974e-01
2.699999999999999734e+00 -1.584889257424103868e-03 3.542771348289597364e-03 9.999905215722882934e-01
2.799999999999999822e+00 -9.529937889854187341e-04 2.500845453011564263e-03 9.999955536552865842e-01
2.899999999999999911e+00 -5.334911785810643025e-04 1.770072089326749478e-03 9.999979114684367509e-01
3.000000000000000000e+00 -2.655624625672219422e-04 1.262021569403476515e-03 9.999990035891684892e-01
