1.000000000000000056e-01 -9.373466592819224008e-02 -2.593767012875864419e-01 -9.616541138230932928e-01
2.000000000000000111e-01 -1.732671789240277926e-01 -4.967011057851796751e-01 -8.515480498312864022e-01
2.999999999999999889e-01 -2.272565855396231904e-01 -6.940375518355361706e-01 -6.831416501741160996e-01
4.000000000000000222e-01 -2.492699623979697243e-01 -8.400432642571790121e-01 -4.750740829778272167e-01
5.000000000000000000e-01 -2.385763706532189055e-01 -9.302613711937702812e-01 -2.472873481516888461e-01
5.999999999999999778e-01 -1.997058938267482486e-01 -9.659281614349259915e-01 -1.794842389350760278e-02
6.999999999999999556e-01 -1.411170446477668095e-01 -9.524047243134384777e-01 1.983409616942997111e-01
7.999999999999999334e-01 -7.330633086597482251e-02 -8.979194692871942385e-01 3.912156882747147568e-01
8.999999999999999112e-01 -6.761160715376468566e-03 -8.126642315735024269e-01 5.545552245319912421e-01
9.999999999999998890e-01 4.992509803559658232e-02 -7.079096875539325762e-01 6.861463915866857777e-01
1.099999999999999867e+00 9.132225913273075979e-02 -5.948922772572637907e-01 7.870642657752334737e-01
1.199999999999999956e+00 1.156415369246240055e-01 -4.835623771743571830e-01 8.607810728864023764e-01
1.300000000000000044e+00 1.242278813961444350e-01 -3.814745598255045445e-01 9.121502331101249972e-01
1.399999999999999911e+00 1.204671777021305012e-01 -2.933000168460584978e-01 9.463673676085976316e-01
1.500000000000000000e+00 1.085449734987585790e-01 -2.208691096656429931e-01 9.682275850971572284e-01
1.599999999999999867e+00 9.240079680019316899e-02 -1.638206331823134076e-01 9.816701190325259896e-01
1.699999999999999956e+00 7.513997297544018628e-02 -1.204031844403441465e-01 9.896583487271045643e-01
1.800000000000000044e+00 5.881928039973563505e-02 -8.819904035208005200e-02 9.942695932485015042e-01
1.899999999999999911e+00 4.457413552332838841e-02 -6.473692564957468643e-02 9.968665261342521955e-01
2.000000000000000000e+00 3.282331968710121978e-02 -4.781878624996609151e-02 9.983004418052664475e-01
2.099999999999999645e+00 2.353465451052071111e-02 -3.563480782440595768e-02 9.990813639302711380e-01
2.199999999999999734e+00 1.642438219010612654e-02 -2.682166490083803118e-02 9.995028466505790909e-01
2.299999999999999822e+00 1.112450223560787835e-02 -2.038311593429354904e-02 9.997294225504687049e-01
2.399999999999999911e+00 7.254415657426067747e-03 -1.561317213327804987e-02 9.998514414677301954e-01
2.500000000000000000e+00 4.487518266778184849e-03 -1.202960426830456189e-02 9.999174402735959699e-01
2.600000000000000089e+00 2.540896126950415411e-03 -9.301635519915139524e-03 9.999534593766313817e-01
2.699999999999999734e+00 1.203183800911955060e-03 -7.202306104080369656e-03 9.999733179556250517e-01
2.799999999999999822e+00 3.060805902784352042e-04 -5.563885321729114888e-03 9.999844646909471502e-01
2.899999999999999911e+00 -2.709663001605801822e-04 -4.283039436671971789e-03 9.999907856226751823e-01
3.000000000000000000e+00 -6.205277499913824241e-04 -3.274428904817459907e-03 9.999944431098803932e-01
