1.000000000000000056e-01 -2.498393442390593466e-01 -1.164250261594065583e-01 -9.619355579886577079e-01
2.000000000000000111e-01 -4.762348645906164801e-01 -2.243079425362914936e-01 -8.525161329227293194e-01
2.999999999999999889e-01 -6.596851599673682065e-01 -3.179851631656218647e-01 -6.847297384024966238e-01
4.000000000000000222e-01 -7.876729174331956740e-01 -3.949058231021488896e-01 -4.765137559886544194e-01
5.000000000000000000e-01 -8.559409934186845703e-01 -4.536237566292506407e-01 -2.472832695990198892e-01
5.999999999999999778e-01 -8.679576332821301587e-01 -4.922092620864509382e-01 -1.538320745153137770e-02
6.999999999999999556e-01 -8.331635623952541314e-01 -5.085376624091277886e-01 2.035366937567792134e-01
7.999999999999999334e-01 -7.645931890974855261e-01 -5.018929910774043712e-01 3.977677540428955494e-01
8.999999999999999112e-01 -6.762872699401333287e-01 -4.742525969108533079e-01 5.604017760094547329e-01
9.999999999999998890e-01 -5.809456911655431766e-01 -4.302405817879182415e-01 6.894371325418271468e-01
1.099999999999999867e+00 -4.883520475902083935e-01 -3.759686263271842521e-01 7.868762294546417513e-01
1.199999999999999956e+00 -4.047771438446959302e-01 -3.175795892100055084e-01 8.572586139650678616e-01
1.300000000000000044e+00 -3.332246233852975692e-01 -2.601838602470150641e-01 9.061550878814033094e-01
1.399999999999999911e+00 -2.741916436285119496e-01 -2.073514264153153430e-01 9.390286562169668505e-01
1.500000000000000000e+00 -2.265822768213698324e-01 -1.610887206887805512e-01 9.605703289617372187e-01
1.599999999999999867e+00 -1.885527967504681268e-01 -1.220921467683201145e-01 9.744416165124929474e-01
1.699999999999999956e+00 -1.581211850301212363e-01 -9.014851680019442259e-02 9.832950722689083323e-01
1.800000000000000044e+00 -1.335303257674311794e-01 -6.451820230677662860e-02 9.889419832574148916e-01
1.899999999999999911e+00 -1.133789080380347147e-01 -4.425563613244980210e-02 9.925654429477767104e-01
2.000000000000000000e+00 -9.662625662436266638e-02 -2.841227469403604169e-02 9.949149368144720729e-01
2.099999999999999645e+00 -8.251501415005915718e-02 -1.614552870912829702e-02 9.964588739485649160e-01
2.199999999999999734e+00 -7.049451214952830169e-02 -6.739970053217310408e-03 9.974892680516266319e-01
2.299999999999999822e+00 -6.016336849994072949e-02 3.951192038513171023e-04 9.981883555077427639e-01
2.399999999999999911e+00 -5.122192686851849419e-02 5.721796742872337777e-03 9.986708091334183246e-01
2.500000000000000000e+00 -4.345394960282318586e-02 9.628643599519644963e-03 9.990089478386315891e-01
2.600000000000000089e+00 -3.667215543452337356e-02 1.240895391366302752e-02 9.992502316267569684e-01
2.699999999999999734e+00 -3.075703984830482907e-02 1.430560397665625594e-02 9.994244473841780163e-01
2.799999999999999822e+00 -2.558226239074330721e-02 1.550268283834242526e-02 9.995524501608571422e-01
2.899999999999999911e+00 -2.106091896650737205e-02 1.614720231875090700e-02 9.996477396647529545e-01
3.000000000000000000e+00 -1.711125823025917356e-02 1.636890372724089660e-02 9.997195467027523152e-01
