1.000000000000000056e-01 -2.324055111684165120e-01 -1.432366890427707595e-01 -9.611994961236404178e-01
2.000000000000000111e-01 -4.375181663980493019e-01 -2.810868944180351936e-01 -8.498973190387046905e-01
2.999999999999999889e-01 -5.934149755230690992e-01 -4.079583005767315473e-01 -6.801025381447975970e-01
4.000000000000000222e-01 -6.872502756571226001e-01 -5.181202311464859767e-01 -4.713715376361979903e-01
5.000000000000000000e-01 -7.163705187913836925e-01 -6.061230177493746041e-01 -2.446674851561863318e-01
5.999999999999999778e-01 -6.870689941471396223e-01 -6.674426641187241049e-01 -1.877088416621323572e-02
6.999999999999999556e-01 -6.118670933364968034e-01 -6.991760283226319261e-01 1.919142336388878212e-01
7.999999999999999334e-01 -5.064172899984027421e-01 -7.005718887305540932e-01 3.781142862899184443e-01
8.999999999999999112e-01 -3.867308937393867385e-01 -6.732848148911418917e-01 5.353074592334600146e-01
9.999999999999998890e-01 -2.671353302795729245e-01 -6.213144132215141502e-01 6.627057217579342963e-01
1.099999999999999867e+00 -1.588913552549581498e-01 -5.506071574882493991e-01 7.621509869388577441e-01
1.199999999999999956e+00 -6.952904755506722489e-02 -4.683608070487254027e-01 8.370406755020597389e-01
1.300000000000000044e+00 -2.667520068507400754e-03 -3.821048769795516997e-01 8.915038326356424792e-01
1.399999999999999911e+00 4.158204631392120598e-02 -2.987007073533282098e-01 9.297797313199245295e-01
1.500000000000000000e+00 6.583858913324859563e-02 -2.235401726303968273e-01 9.557852789581049446e-01
1.599999999999999867e+00 7.437275898742887192e-02 -1.600179354645454299e-01 9.728837394455348564e-01
1.699999999999999956e+00 7.203648026954614925e-02 -1.094908917454557179e-01 9.837752874261123104e-01
1.800000000000000044e+00 6.334875032981018839e-02 -7.155552379905767701e-02 9.905111273641724612e-01
1.899999999999999911e+00 5.194713870281617019e-02 -4.462584711550696831e-02 9.945637124742094937e-01
2.000000000000000000e+00 4.033767667981256327e-02 -2.652623515290645703e-02 9.969424430087470146e-01
2.099999999999999645e+00 2.997877704594199832e-02 -1.500096631801102823e-02 9.983082399098510695e-01
2.199999999999999734e+00 2.149463000447750238e-02 -8.048029300153467999e-03 9.990776147896942572e-01
2.299999999999999822e+00 1.497381771882134831e-02 -4.080755682254859525e-03 9.995036782009911747e-01
2.399999999999999911e+00 1.019327115073011096e-02 -1.948591564310815042e-03 9.997361974739462642e-01
2.500000000000000000e+00 6.823557395067734663e-03 -8.704566560555860796e-04 9.998613589106547517e-01
2.600000000000000089e+00 4.505481169418606296e-03 -3.738619314554280509e-04 9.999279626077459682e-01
2.699999999999999734e+00 2.951493152479730576e-03 -1.617132201315119380e-04 9.999629658679758393e-01
2.799999999999999822e+00 1.920118704755239582e-03 -8.655289709539530467e-05 9.999811680985069007e-01
2.899999999999999911e+00 1.247423453902639107e-03 -6.587833285782019981e-05 9.999905195839153826e-01
3.000000000000000000e+00 8.089188655079641768e-04 -6.290156266364633347e-05 9.999952754571804769e-01
