1.000000000000000056e-01 -2.606407469058447113e-01 -9.055403617307529462e-02 -9.617846723578219459e-01
2.000000000000000111e-01 -4.959968219689152580e-01 -1.768714646462707374e-01 -8.520037889053049263e-01
2.999999999999999889e-01 -6.855419857857011356e-01 -2.558973901476804258e-01 -6.839057455933184038e-01
4.000000000000000222e-01 -8.165583725705705120e-01 -3.258530404102952249e-01 -4.758088781775672849e-01
5.000000000000000000e-01 -8.848790493346877506e-01 -3.852805628628366286e-01 -2.473742011623278891e-01
5.999999999999999778e-01 -8.938744515386417566e-01 -4.320459824699425244e-01 -1.673206289621773438e-02
6.999999999999999556e-01 -8.526417936723446056e-01 -4.632294324810731778e-01 2.011593311546792107e-01
7.999999999999999334e-01 -7.740203662397109330e-01 -4.760456628085035780e-01 3.953199132477063227e-01
8.999999999999999112e-01 -6.724984285514494786e-01 -4.692036928753304803e-01 5.591207110978226869e-01
9.999999999999998890e-01 -5.620793265637257230e-01 -4.438716667913608638e-01 6.901969295947659733e-01
1.099999999999999867e+00 -4.544087142005128754e-01 -4.036738024797439928e-01 7.898820087122117028e-01
1.199999999999999956e+00 -3.575687763829930033e-01 -3.538420697081585131e-01 8.621267705353634625e-01
1.300000000000000044e+00 -2.758612273823876637e-01 -2.999489972640482227e-01 9.121932029182082680e-01
1.399999999999999911e+00 -2.103456188225813484e-01 -2.468209780758688909e-01 9.455145598936298690e-01
1.500000000000000000e+00 -1.598752089560199208e-01 -1.979176825820184171e-01 9.669104703883674157e-01
1.599999999999999867e+00 -1.220964471379594740e-01 -1.552302044930808644e-01 9.802330872745430579e-01
1.699999999999999956e+00 -9.431128781109292258e-02 -1.194808609331321214e-01 9.883206835075749597e-01
1.800000000000000044e+00 -7.398249007917739872e-02 -9.049073580785504944e-02 9.931361806116039137e-01
1.899999999999999911e+00 -5.901443540302601237e-02 -6.754843610581734437e-02 9.959659059334567965e-01
2.000000000000000000e+00 -4.781312596146460731e-02 -4.972542302573677853e-02 9.976167036236516239e-01
2.099999999999999645e+00 -3.923366823717690938e-02 -3.605699342596938722e-02 9.985789093419846774e-01
2.199999999999999734e+00 -3.249298403958581632e-02 -2.567832298360049961e-02 9.991418973991347263e-01
2.299999999999999822e+00 -2.706880070063108490e-02 -1.785936301660098063e-02 9.994739544884706506e-01
2.399999999999999911e+00 -2.261551765568171543e-02 -1.200401564381884702e-02 9.996721279229028312e-01
2.500000000000000000e+00 -1.890317356559293241e-02 -7.652963186434167189e-03 9.997920026246742697e-01
2.600000000000000089e+00 -1.577256910258179740e-02 -4.437552460935351509e-03 9.998657377555434378e-01
2.699999999999999734e+00 -1.311916910748595413e-02 -2.099833595504215986e-03 9.999117190124048316e-01
2.799999999999999822e+00 -1.085656258066939814e-02 -4.180357387785369134e-04 9.999409651016197831e-01
2.899999999999999911e+00 -8.926409005863302631e-03 7.655506665256899337e-04 9.999598547104034951e-01
3.000000000000000000e+00 -7.280907190436623592e-03 1.568326553411632587e-03 9.999722547443063991e-01
