1.000000000000000056e-01 -1.156598599657697457e-01 2.457440632087461163e-01 -9.624097922464229793e-01
2.000000000000000111e-01 -2.131114762690649311e-01 4.756643100732177443e-01 -8.534207357899527002e-01
2.999999999999999889e-01 -2.761929817160144740e-01 6.751777695918138589e-01 -6.839978689963250869e-01
4.000000000000000222e-01 -2.926098277201581999e-01 8.320808145216316287e-01 -4.711931936880870975e-01
5.000000000000000000e-01 -2.553640873265790590e-01 9.374915866115806073e-01 -2.364371197061790608e-01
5.999999999999999778e-01 -1.636112202481956879e-01 9.865219165179768268e-01 -3.389317875175067163e-03
6.999999999999999556e-01 -2.287858944714629694e-02 9.786174715235494981e-01 2.044293444624327716e-01
7.999999999999999334e-01 1.554022443732853420e-01 9.175488734082244413e-01 3.660076456781160559e-01
8.999999999999999112e-01 3.549978432961556907e-01 8.110472902036451881e-01 4.649576295098112877e-01
9.999999999999998890e-01 5.564927237726200460e-01 6.701289859871458754e-01 4.911702358710396399e-01
1.099999999999999867e+00 7.392902353915918878e-01 5.081491739645681571e-01 4.418568131650000841e-01
1.199999999999999956e+00 8.837546311218700268e-01 3.396887061533850338e-01 3.218543573275741143e-01
1.300000000000000044e+00 9.733145626640592463e-01 1.793404388883026168e-01 1.431604243544404576e-01
1.399999999999999911e+00 9.962656636340201377e-01 4.053051455755529719e-02 -7.622421966521106262e-02
1.500000000000000000e+00 9.471305704709488404e-01 -6.555946165783922697e-02 -3.140757110107065819e-01
1.599999999999999867e+00 8.273953095493136178e-01 -1.308654260753611964e-01 -5.461589051819724094e-01
1.699999999999999956e+00 6.455494052315351450e-01 -1.510319877637978925e-01 -7.486349451409001210e-01
1.800000000000000044e+00 4.164295192948174185e-01 -1.256933073897756326e-01 -9.004372457288271070e-01
1.899999999999999911e+00 1.598849355397705674e-01 -5.840181652991657119e-02 -9.854064964227030599e-01
2.000000000000000000e+00 -1.010557874209984941e-01 4.375872026956588445e-02 -9.939179547119475489e-01
2.099999999999999645e+00 -3.424026114570195567e-01 1.708624774131230484e-01 -9.238865994830779416e-01
2.199999999999999734e+00 -5.415288299427661878e-01 3.110576736671226694e-01 -7.810184448395880441e-01
2.299999999999999822e+00 -6.794180754121975641e-01 4.516210002797679812e-01 -5.782995088970240838e-01
2.399999999999999911e+00 -7.425920309798497154e-01 5.800928015292678985e-01 -3.347406607395537192e-01
2.500000000000000000e+00 -7.245056264979937710e-01 6.853354571771153037e-01 -7.355469251228134719e-02
2.600000000000000089e+00 -6.263034033735018768e-01 7.584867471524719962e-01 1.801300004495819951e-01
2.699999999999999734e+00 -4.568160085539149651e-01 7.936860927522904063e-01 4.017307300132870185e-01
2.799999999999999822e+00 -2.318151450934172741e-01 7.885323794310914458e-01 5.696357382545942372e-01
2.899999999999999911e+00 2.744468717681489145e-02 7.442320539771479782e-01 6.673614856849865440e-01
3.000000000000000000e+00 2.961904501281716895e-01 6.654263539530113070e-01 6.851886724827076502e-01
