0.000000000000000000e+00 -6.593748265560122422e-12 -1.931745308168798952e-12 -1.000000000000000000e+00
1.000000000000000056e-01 -1.294252855497003418e-01 -8.497756650323373684e-03 -9.915526619131412867e-01
2.000000000000000111e-01 -2.543035949204841550e-01 -2.683507122947673129e-02 -9.667518483312029787e-01
3.000000000000000444e-01 -3.693282853376033126e-01 -6.373870089257110960e-02 -9.271102069687447988e-01
4.000000000000000222e-01 -4.678814597511942175e-01 -1.257414472045964016e-01 -8.748000655306604756e-01
5.000000000000000000e-01 -5.418464442924978419e-01 -2.161435637959721601e-01 -8.122088709844480503e-01
6.000000000000000888e-01 -5.819216830742749424e-01 -3.340204845439833647e-01 -7.414823701021470148e-01
7.000000000000000666e-01 -5.785706062785644921e-01 -4.734918197223340064e-01 -6.641235125609779022e-01
8.000000000000000444e-01 -5.235984309383406865e-01 -6.233446051308162428e-01 -5.807619199636044893e-01
9.000000000000000222e-01 -4.122771929326775608e-01 -7.673317005709343608e-01 -4.911493291202349565e-01
1.000000000000000000e+00 -2.457108468131283252e-01 -8.854914470525362402e-01 -3.943717505545121793e-01
1.100000000000000089e+00 -3.293345294928390343e-02 -9.566844535995940868e-01 -2.892543960828289906e-01
1.200000000000000178e+00 2.081226406121997607e-01 -9.623214674810954827e-01 -1.749859154172780373e-01
1.300000000000000044e+00 4.514397376989942590e-01 -8.908010497547871331e-01 -5.170435114689243133e-02
1.400000000000000133e+00 6.661573435534703380e-01 -7.416066979897446565e-01 7.906724567522026292e-02
1.500000000000000000e+00 8.220175335985373533e-01 -5.276650753742037070e-01 2.141367275705781947e-01
1.600000000000000089e+00 8.959974244239867769e-01 -2.746965935903627476e-01 3.488958629598218897e-01
1.700000000000000178e+00 8.782484191744558411e-01 -1.693791247452930415e-02 4.779025788970088784e-01
1.800000000000000044e+00 7.752215669078220683e-01 2.100227018532852541e-01 5.957518709390171585e-01
1.900000000000000133e+00 6.084876927166626981e-01 3.775053551886736192e-01 6.980193114577150082e-01
2.000000000000000000e+00 4.091264298662120602e-01 4.701001112035292362e-01 7.820615090752255361e-01
2.100000000000000089e+00 2.095353658250801165e-01 4.880118085556766072e-01 8.473124848858412106e-01
2.200000000000000178e+00 3.560226827464474386e-02 4.443590877385300564e-01 8.951406008394875435e-01
2.300000000000000266e+00 -9.772494250365604262e-02 3.588868856803432150e-01 9.282507114452880348e-01
2.400000000000000355e+00 -1.860479581408901462e-01 2.510553202670318118e-01 9.499246622169765786e-01
2.500000000000000000e+00 -2.313860859846831874e-01 1.358141169142635940e-01 9.633351176200396493e-01
2.600000000000000089e+00 -2.373267958024882496e-01 2.369210072882400875e-02 9.711407154171397549e-01
2.700000000000000178e+00 -2.068124000501251891e-01 -7.597654713003604288e-02 9.754259826688809198e-01
2.800000000000000266e+00 -1.441198101848505941e-01 -1.519288676751734957e-01 9.778275718586949550e-01
2.900000000000000355e+00 -5.921248567435576787e-02 -1.915086427701723770e-01 9.797030103124229061e-01
3.000000000000000000e+00 2.935191258250926388e-02 -1.859228923005968037e-01 9.821256754047916759e-01
3.100000000000000089e+00 9.700751329789789046e-02 -1.377151202475830893e-01 9.857098054411896904e-01
3.200000000000000178e+00 1.220866276242204007e-01 -6.515172306083116816e-02 9.903786603384248100e-01
3.300000000000000266e+00 9.720925130841565065e-02 1.140656089491556835e-03 9.952632357385130524e-01
3.400000000000000355e+00 3.657954943260928460e-02 2.992115689736988410e-02 9.988826682609179830e-01
3.500000000000000000e+00 -2.674734608473591790e-02 4.780564983990933173e-03 9.996307722662030049e-01
3.600000000000000089e+00 -5.442033945487042418e-02 -6.511862164380309570e-02 9.963924232473421183e-01
3.700000000000000178e+00 -2.151468483071819135e-02 -1.460286693209984499e-01 9.890462633898293721e-01
3.800000000000000266e+00 6.917534663243070370e-02 -1.936775802141919023e-01 9.786232365827101098e-01
3.900000000000000355e+00 1.856930177986151065e-01 -1.742177987805097472e-01 9.670397349180472890e-01
4.000000000000000000e+00 2.800435435791177596e-01 -8.141195862334932309e-02 9.565287259799765129e-01
4.100000000000000533e+00 3.098078435793251151e-01 5.894995829015726996e-02 9.489696907690209349e-01
4.200000000000000178e+00 2.572470062011823488e-01 2.000447576568140373e-01 9.454128823420824279e-01
4.299999999999999822e+00 1.365460828108528979e-01 2.943261793686857697e-01 9.458999414799140748e-01
4.400000000000000355e+00 -1.379763425002442090e-02 3.129773420210825163e-01 9.496600936151298189e-01
4.500000000000000000e+00 -1.481367869160238881e-01 2.552544270788292824e-01 9.554581048353347761e-01
4.600000000000000533e+00 -2.313884214817974183e-01 1.447931268318095599e-01 9.620259298825805105e-01
4.700000000000000178e+00 -2.490192840552448994e-01 1.713850420656048978e-02 9.683466640520810298e-01
4.800000000000000711e+00 -2.070392417327295842e-01 -9.419538279246107704e-02 9.737872474296747072e-01
4.900000000000000355e+00 -1.247761317959602406e-01 -1.667069366735328129e-01 9.780794325972876901e-01
5.000000000000000000e+00 -2.609682138717350774e-02 -1.911024172618930594e-01 9.812229646930049620e-01
5.100000000000000533e+00 6.672597704794049067e-02 -1.689693962140570438e-01 9.833599003664764693e-01
5.200000000000000178e+00 1.356659395625732234e-01 -1.094008893497109836e-01 9.846958504960987568e-01
5.300000000000000711e+00 1.679025536661272189e-01 -2.692103242633221011e-02 9.854357987487802895e-01
5.400000000000000355e+00 1.570682160218147827e-01 5.981279161891785850e-02 9.857746913550857748e-01
5.500000000000000000e+00 1.054033047091417347e-01 1.300882990072686485e-01 9.858838186168173978e-01
5.600000000000000533e+00 2.526916550634505931e-02 1.652791618441143140e-01 9.859229211569213724e-01
5.700000000000000178e+00 -6.193417308178337383e-02 1.546251299283147862e-01 9.860298979409842790e-01
5.800000000000000711e+00 -1.307882106380268417e-01 1.002332145198388813e-01 9.863303095690296729e-01
5.900000000000000355e+00 -1.601045047245365505e-01 1.844961683518587733e-02 9.869275067745501007e-01
6.000000000000000000e+00 -1.411841148503106269e-01 -6.429263921443136021e-02 9.878933442601670611e-01
6.100000000000000533e+00 -8.242485084433406883e-02 -1.207934408629245671e-01 9.892496436406778004e-01
6.200000000000000178e+00 -6.909099405850670922e-03 -1.340198656673234900e-01 9.909544531822531699e-01
6.300000000000000711e+00 5.690539168144800874e-02 -1.045178692416645488e-01 9.928935533214906517e-01
6.400000000000000355e+00 8.773575171223138569e-02 -5.005610162837498961e-02 9.948852494557223203e-01
6.500000000000000000e+00 8.083582088377137820e-02 3.316672092174489939e-03 9.967218480311754725e-01
6.600000000000000533e+00 4.892467949746739236e-02 3.428813547089601399e-02 9.982137069596822565e-01
6.700000000000000178e+00 1.382847158604104745e-02 3.628583007124062954e-02 9.992457405300015916e-01
6.800000000000000711e+00 -6.151571354733610317e-03 1.868639875481129670e-02 9.998064529278984924e-01
6.900000000000000355e+00 -5.537724073194656010e-03 -1.084399091344589875e-03 9.999840737430725213e-01
7.000000000000000000e+00 7.781469779702717381e-03 -9.102536238675875552e-03 9.999282833338084542e-01
7.100000000000000533e+00 2.017118709511094704e-02 -2.429691319935711052e-03 9.997935713871755059e-01
7.200000000000000178e+00 2.201601306648806947e-02 1.158980262049609175e-02 9.996904172234578612e-01
7.300000000000000711e+00 1.286012152712806035e-02 2.251199882646168215e-02 9.996638356104592393e-01
7.400000000000000355e+00 -7.410976163851144133e-04 2.434468255805908449e-02 9.997033294497050804e-01
7.500000000000000000e+00 -1.148493699333771531e-02 1.802223893661947240e-02 9.997716033698818006e-01
7.600000000000000533e+00 -1.622018781110571087e-02 8.294779416735653318e-03 9.998340219397903184e-01
7.700000000000000178e+00 -1.596942531485410349e-02 -1.079630917427146231e-03 9.998718838929823161e-01
7.800000000000000711e+00 -1.242252945601968542e-02 -9.271376107939453826e-03 9.998798408769152823e-01
7.900000000000000355e+00 -5.349346193216638484e-03 -1.631211440250597902e-02 9.998526240799041620e-01
8.000000000000000000e+00 6.475920704809255690e-03 -2.005367780715767989e-02 9.997779142178105927e-01
