0.000000000000000000e+00 7.964762934137653952e-12 9.499509210849685952e-12 -1.000000000000000000e+00
2.105263157894736725e-01 4.284343026108264896e-01 4.218735000893197307e-01 -7.949589647221980693e-01
4.210526315789473450e-01 7.900554468571550082e-01 4.967696382123207854e-01 -3.054078352729563406e-01
6.315789473684210176e-01 9.246857494685901679e-01 1.948284137328913090e-01 2.318237516252812380e-01
8.421052631578946901e-01 7.149317389862802630e-01 -2.061271936062374077e-01 6.415173032910196360e-01
1.052631578947368363e+00 2.988536939266825398e-01 -3.774607793790073496e-01 8.695498848437243078e-01
1.263157894736842035e+00 -1.915218027985120600e-02 -2.637984867344224660e-01 9.631089930505465357e-01
1.473684210526315708e+00 -1.000092812654402863e-01 -7.631868154300736062e-02 9.918978723080450477e-01
1.684210526315789380e+00 -5.004283163551524055e-02 1.445574315161488738e-02 9.986297807827440032e-01
1.894736842105263053e+00 -5.236316038594864691e-03 1.793959619823800797e-02 9.998246937228058018e-01
2.105263157894736725e+00 4.061255202684048091e-03 4.067634281358410188e-03 9.999834570663732602e-01
2.315789473684210620e+00 1.408120979131302847e-03 -4.994265251149326281e-04 9.999988833594203319e-01
2.526315789473684070e+00 1.794441353596926505e-05 -3.207208668395010367e-04 9.999999484049902909e-01
2.736842105263157521e+00 -4.924402179053769511e-05 -1.976693502322745725e-05 9.999999985969071359e-01
2.947368421052631415e+00 -4.489224291378305523e-06 6.963452689057528911e-06 9.999999999708315546e-01
3.157894736842105310e+00 3.265973533154248690e-06 1.449996981742571809e-06 1.000000000001413980e+00
3.368421052631578760e+00 2.146103907322506913e-07 -3.509475710134472627e-07 1.000000000006999734e+00
3.578947368421052211e+00 5.638721396080787685e-07 7.324218254387235135e-07 1.000000000008691048e+00
3.789473684210526105e+00 2.311702645678425103e-06 -1.347475718145741784e-06 1.000000000005964118e+00
4.000000000000000000e+00 -2.280091034968853090e-06 -4.866010736925973517e-07 1.000000000009818146e+00
