1.000000000000000056e-01 1.071238093897727872e+18 -3.020483306983360000e+15 5.496525879208492000e+16
2.000000000000000111e-01 2.235368979422813696e+18 -1.766603607259394560e+17 2.604358813095462080e+17
2.999999999999999889e-01 3.452158722625573888e+18 -6.381226690969858560e+17 6.977431366105224960e+17
4.000000000000000222e-01 4.518989189257797120e+18 -1.403849073588332032e+18 1.403160532662910976e+18
5.000000000000000000e-01 5.162507212370694144e+18 -2.366250509773850624e+18 2.307068181547363328e+18
5.999999999999999778e-01 5.181589647535212544e+18 -3.314892856014496256e+18 3.239528805371313664e+18
6.999999999999999556e-01 4.552890075870661120e+18 -4.004405627446194176e+18 3.991875097778448384e+18
7.999999999999999334e-01 3.448358474837063168e+18 -4.246037380250454528e+18 4.394433505151702016e+18
8.999999999999999112e-01 2.165444326894121472e+18 -3.982628564984099328e+18 4.373321989091405824e+18
9.999999999999998890e-01 1.008798651628845568e+18 -3.309778731236174848e+18 3.966369582030297088e+18
1.099999999999999867e+00 1.818408683484617600e+17 -2.430013853523171328e+18 3.297284811042908672e+18
1.199999999999999956e+00 -2.622344945989682240e+17 -1.564397819189018112e+18 2.524050515651734016e+18
1.300000000000000044e+00 -3.958393065654161280e+17 -8.704296891946631680e+17 1.786412744236381696e+18
1.399999999999999911e+00 -3.477269743844344320e+17 -4.065548645045735680e+17 1.173426218044403712e+18
1.500000000000000000e+00 -2.355063170595529600e+17 -1.485209310093159680e+17 7.179148533619536640e+17
1.599999999999999867e+00 -1.311376720985909120e+17 -3.247207619432284400e+16 4.104464671165651200e+17
1.699999999999999956e+00 -6.095213190551121600e+16 5.852160825947892000e+15 2.199205135332114880e+17
1.800000000000000044e+00 -2.335803124912179200e+16 1.133028111531993200e+16 1.107071288542971520e+17
1.899999999999999911e+00 -7.001633861757770000e+15 7.559560137234962000e+15 5.246620833290017600e+16
2.000000000000000000e+00 -1.349923442220180000e+15 3.582520988509161000e+15 2.344821033365411200e+16
2.099999999999999645e+00 5.259714761204965625e+13 1.329433798719797500e+15 9.896041644534146000e+15
2.199999999999999734e+00 1.882201126020005000e+14 3.885380048291011875e+14 3.948432528352776000e+15
2.299999999999999822e+00 9.995530769327404688e+13 8.381002176197837500e+13 1.490759347544755750e+15
2.399999999999999911e+00 3.526281407623568750e+13 9.633186469443697266e+12 5.330398901977302500e+14
2.500000000000000000e+00 9.309680708942242188e+12 -1.623464730004619141e+12 1.806302013207005938e+14
2.600000000000000089e+00 1.821450295577676758e+12 -1.298916245563666992e+12 5.804708619730032812e+13
2.699999999999999734e+00 2.290192925654088135e+11 -4.216455864524162598e+11 1.770095944604392969e+13
2.799999999999999822e+00 3.423797114818780899e+09 -9.169595621294534302e+10 5.125059562224694336e+12
2.899999999999999911e+00 -6.335901591872327805e+09 -1.385053845391159439e+10 1.409776107216759033e+12
3.000000000000000000e+00 -1.632977684210515499e+09 -1.292341529046586752e+09 3.686585357223868408e+11
