1.000000000000000056e-01 1.071238082850974592e+18 3.020519295756672000e+15 -5.496523181141292000e+16
2.000000000000000111e-01 2.235369070959068416e+18 1.766600228833294720e+17 -2.604365804091103680e+17
2.999999999999999889e-01 3.452158532142608384e+18 6.381246836565859840e+17 -6.977422976844878080e+17
4.000000000000000222e-01 4.518985362452186112e+18 1.403843555632610304e+18 -1.403178739834216448e+18
5.000000000000000000e-01 5.162511265984652288e+18 2.366257734818944000e+18 -2.307051793547275264e+18
5.999999999999999778e-01 5.181597550497038336e+18 3.314893399602139136e+18 -3.239515664088133120e+18
6.999999999999999556e-01 4.552875446044156416e+18 4.004400994244082688e+18 -3.991896727201427456e+18
7.999999999999999334e-01 3.448362653833602048e+18 4.246032866108636160e+18 -4.394434648033063936e+18
8.999999999999999112e-01 2.165446524346221312e+18 3.982629413508555776e+18 -4.373320566688226816e+18
9.999999999999998890e-01 1.008800822695444992e+18 3.309780083110969344e+18 -3.966367385314319360e+18
1.099999999999999867e+00 1.818357604481667200e+17 2.430013699250381824e+18 -3.297285719053115392e+18
1.199999999999999956e+00 -2.622339407161951680e+17 1.564392970213486592e+18 -2.524053447978644480e+18
1.300000000000000044e+00 -3.958387354785476480e+17 8.704296077235095040e+17 -1.786413225556339200e+18
1.399999999999999911e+00 -3.477275709180711680e+17 4.065537551583818240e+17 -1.173426628785623296e+18
1.500000000000000000e+00 -2.355066015044066240e+17 1.485213032942972480e+17 -7.179148169861969920e+17
1.599999999999999867e+00 -1.311379502437675520e+17 3.247224665759330800e+16 -4.104464730835955840e+17
1.699999999999999956e+00 -6.095202686953229600e+16 -5.852221221243704000e+15 -2.199204299778191040e+17
1.800000000000000044e+00 -2.335806151993676800e+16 -1.133025731389289200e+16 -1.107071097423048320e+17
1.899999999999999911e+00 -7.001590041173173000e+15 -7.559542368258246000e+15 -5.246622053501294400e+16
2.000000000000000000e+00 -1.349920187023918000e+15 -3.582514321306077000e+15 -2.344821045548988800e+16
2.099999999999999645e+00 5.260088653986909375e+13 -1.329436860653476750e+15 -9.896044535918514000e+15
2.199999999999999734e+00 1.882219660764331250e+14 -3.885358479896760625e+14 -3.948432036211972000e+15
2.299999999999999822e+00 9.995462286508056250e+13 -8.381049856668354688e+13 -1.490759283884830750e+15
2.399999999999999911e+00 3.526262141655450781e+13 -9.633023972840839844e+12 -5.330398263391093125e+14
2.500000000000000000e+00 9.309682450949853516e+12 1.623604881946060547e+12 -1.806301860795518125e+14
2.600000000000000089e+00 1.821402254909038818e+12 1.298946987690897705e+12 -5.804711293157189062e+13
2.699999999999999734e+00 2.290204490060391541e+11 4.216589722132651367e+11 -1.770096194328267188e+13
2.799999999999999822e+00 3.424449000124727249e+09 9.169814101196162415e+10 -5.125059938641335938e+12
2.899999999999999911e+00 -6.336206633345568657e+09 1.384972811603577423e+10 -1.409775644092714111e+12
3.000000000000000000e+00 -1.633104368320401669e+09 1.292551313858460426e+09 -3.686585607580960083e+11
