1.000000000000000056e-01 5.779636662133530445e-02 -3.030827380078993660e-01 -9.473339682075540003e-01
2.000000000000000111e-01 8.600820497007460874e-02 -5.720282688156831385e-01 -7.984976181222579461e-01
2.999999999999999889e-01 6.509655767722111186e-02 -7.763803778907604203e-01 -5.786141264640779491e-01
4.000000000000000222e-01 -7.814374707686420549e-03 -8.934716782727291084e-01 -3.224992986680383922e-01
5.000000000000000000e-01 -1.179866489930843504e-01 -9.126320946907492404e-01 -6.659248545192746060e-02
5.999999999999999778e-01 -2.380412860135537323e-01 -8.382543795047180391e-01 1.584198091783156626e-01
6.999999999999999556e-01 -3.370287835597590154e-01 -6.900957193364994913e-01 3.323613829969346845e-01
7.999999999999999334e-01 -3.903648503774525547e-01 -4.997995984616512843e-01 4.469515535521386140e-01
8.999999999999999112e-01 -3.872091820447537414e-01 -3.039880726076804596e-01 5.042556721072298798e-01
9.999999999999998890e-01 -3.329381197676273274e-01 -1.357319078507107368e-01 5.133785747957656520e-01
1.099999999999999867e+00 -2.462117390489898250e-01 -1.698095316796597101e-02 4.867393102239434000e-01
1.199999999999999956e+00 -1.519960767659534195e-01 4.567479972706406377e-02 4.369202360296674525e-01
1.300000000000000044e+00 -7.311906319839481250e-02 6.063214587520086851e-02 3.745879452524610853e-01
1.399999999999999911e+00 -2.324005624412760207e-02 4.649563039450574364e-02 3.075281039210301937e-01
1.500000000000000000e+00 -3.556028940027587161e-03 2.446723302226224903e-02 2.405796168726288264e-01
1.599999999999999867e+00 -4.349873599567514321e-03 1.051052333222248641e-02 1.761648735749462291e-01
1.699999999999999956e+00 -1.080503606577161088e-02 1.018741556378989152e-02 1.151208033570699507e-01
1.800000000000000044e+00 -1.071670063589177414e-02 1.836905324118034977e-02 5.756232519288830701e-02
1.899999999999999911e+00 -5.259084813783725543e-04 2.414212921257020972e-02 3.540371706815707582e-03
2.000000000000000000e+00 1.359353165160232489e-02 1.863587896834752525e-02 -4.667593438546530082e-02
2.099999999999999645e+00 2.058364741010217797e-02 1.463956082142624498e-03 -9.271937757784924627e-02
2.199999999999999734e+00 1.275277187030530480e-02 -1.837395078624376801e-02 -1.344818696441978378e-01
2.299999999999999822e+00 -7.791738432356292571e-03 -2.829451881782663047e-02 -1.723952498329529015e-01
2.399999999999999911e+00 -2.935263298947173721e-02 -2.128781547023125831e-02 -2.073546681186192453e-01
2.500000000000000000e+00 -3.824341679063458094e-02 -2.019301295532419972e-03 -2.402471920689585871e-01
2.600000000000000089e+00 -2.899840633035988616e-02 1.529159155808705768e-02 -2.713800439759669336e-01
2.699999999999999734e+00 -9.519514812861536515e-03 1.680508693320579075e-02 -3.002689830192895593e-01
2.799999999999999822e+00 3.760979062994081971e-03 -4.462131466672881727e-06 -3.260527840300079250e-01
2.899999999999999911e+00 -1.754403059500296048e-03 -2.320315480822004658e-02 -3.483151876309666939e-01
3.000000000000000000e+00 -2.414048989281206495e-02 -3.482255950159870994e-02 -3.676745749043605072e-01
