1.000000000000000056e-01 -5.788762140398694828e-02 -2.992642273134548114e-01 -9.479191461947447106e-01
2.000000000000000111e-01 -8.696375394578614859e-02 -5.667874712634514145e-01 -8.000687995494158988e-01
2.999999999999999889e-01 -6.788464359063943465e-02 -7.738291406080070045e-01 -5.795296879319795647e-01
4.000000000000000222e-01 2.847882233683483519e-03 -8.982495198349929044e-01 -3.184900381217711240e-01
5.000000000000000000e-01 1.116972237615862507e-01 -9.285446636287310040e-01 -5.101041571847406142e-02
5.999999999999999778e-01 2.324920598376723213e-01 -8.671653254195458294e-01 1.936778090228066795e-01
6.999999999999999556e-01 3.349328849232863781e-01 -7.314363237077572411e-01 3.956307880906786978e-01
7.999999999999999334e-01 3.942947164607626953e-01 -5.507999410923654082e-01 5.456817515078304925e-01
8.999999999999999112e-01 3.989764508976548218e-01 -3.603979027423259707e-01 6.442779317269126116e-01
9.999999999999998890e-01 3.533129981768255989e-01 -1.925740130158477559e-01 6.986677437019541692e-01
1.099999999999999867e+00 2.747871673776082768e-01 -6.902671838206325683e-02 7.195756832142673476e-01
1.199999999999999956e+00 1.868510340839780182e-01 3.624839105513714878e-03 7.182896787833495944e-01
1.300000000000000044e+00 1.102231718282042361e-01 3.316873810630897867e-02 7.046316627387433362e-01
1.399999999999999911e+00 5.612627447403399639e-02 3.626883730567558028e-02 6.859137479518289116e-01
1.500000000000000000e+00 2.416455241614351088e-02 3.034468724892159380e-02 6.667354362352150288e-01
1.599999999999999867e+00 5.560768849258201744e-03 2.635579108314289529e-02 6.493831635573568128e-01
1.699999999999999956e+00 -1.002379798915874892e-02 2.577074145121790311e-02 6.345728065789246752e-01
1.800000000000000044e+00 -2.777711183734595315e-02 2.306317051301948889e-02 6.222754512113249925e-01
1.899999999999999911e+00 -4.496378951822235098e-02 1.215800055287922198e-02 6.123763945561666588e-01
2.000000000000000000e+00 -5.385656360466353765e-02 -7.203864222542097524e-03 6.049777983171378271e-01
2.099999999999999645e+00 -4.860880934826988797e-02 -2.752549994863332655e-02 6.003000573318746369e-01
2.199999999999999734e+00 -3.138296091181107250e-02 -3.781616537757644114e-02 5.983393290153302679e-01
2.299999999999999822e+00 -1.293723378233017918e-02 -3.156499200216777989e-02 5.985923620844022519e-01
2.399999999999999911e+00 -6.331875145077596467e-03 -1.270727451729306359e-02 6.001327974364347728e-01
2.500000000000000000e+00 -1.756976098856653096e-02 5.536786256589162382e-03 6.020768779764593681e-01
2.600000000000000089e+00 -4.013547061287076057e-02 9.336139224158259906e-03 6.041452435595393577e-01
2.699999999999999734e+00 -5.854766772905386357e-02 -5.251139920457716277e-03 6.068605761371022034e-01
2.799999999999999822e+00 -5.953715130720979576e-02 -2.817276981323225613e-02 6.111206312227562831e-01
2.899999999999999911e+00 -4.288477206489321736e-02 -4.207346480368286817e-02 6.173708828413290162e-01
3.000000000000000000e+00 -2.281770257006935851e-02 -3.581629504225716798e-02 6.250198831841256020e-01
