1.000000000000000056e-01 -4.858843680097015547e-04 -3.080609299204500329e-01 -9.511749028744155288e-01
2.000000000000000111e-01 -3.658806983511736152e-03 -5.808458929346715927e-01 -8.107669677443924972e-01
2.999999999999999889e-01 -1.118301989876290328e-02 -7.891271909842197951e-01 -5.955494488425928656e-01
4.000000000000000222e-01 -2.314974647128226898e-02 -9.136741709439217818e-01 -3.294125981315917939e-01
5.000000000000000000e-01 -3.818129255098595687e-02 -9.462328579256434891e-01 -3.921453842101878945e-02
5.999999999999999778e-01 -5.402721759136814433e-02 -8.881749755324457318e-01 2.484686335463283657e-01
6.999999999999999556e-01 -6.832356590852767253e-02 -7.482473617297505930e-01 5.091338477328042345e-01
7.999999999999999334e-01 -7.923173425532606395e-02 -5.406639756317936918e-01 7.210659524635890660e-01
8.999999999999999112e-01 -8.581468959510780981e-02 -2.840124471419738783e-01 8.658333487494890290e-01
9.999999999999998890e-01 -8.812538125001607991e-02 -6.826909059162217155e-04 9.292873406266214387e-01
1.099999999999999867e+00 -8.704594403101038880e-02 2.838990398006440152e-01 9.032735774328352063e-01
1.199999999999999956e+00 -8.394933869106278868e-02 5.428512029933275640e-01 7.876105786461280456e-01
1.300000000000000044e+00 -8.028516794031217985e-02 7.504241484072931012e-01 5.914747594328745306e-01
1.399999999999999911e+00 -7.721071986212295346e-02 8.851546664853631174e-01 3.333603608072828739e-01
1.500000000000000000e+00 -7.536944629535217988e-02 9.327889645705214061e-01 3.928491913469329966e-02
1.599999999999999867e+00 -7.486102816216172462e-02 8.881921804204752080e-01 -2.604194069209044837e-01
1.699999999999999956e+00 -7.537082002171212325e-02 7.558675982200622201e-01 -5.348945177244535110e-01
1.800000000000000044e+00 -7.637773101035295886e-02 5.491857322789760465e-01 -7.563348698261695979e-01
1.899999999999999911e+00 -7.735433025209688396e-02 2.886959978888445910e-01 -9.028026935661046526e-01
2.000000000000000000e+00 -7.790375506222081692e-02 -7.014907832662763631e-05 -9.601311948150493825e-01
2.099999999999999645e+00 -7.781664030711898938e-02 -2.890558670319137713e-01 -9.229837694121496572e-01
2.199999999999999734e+00 -7.706188185016955849e-02 -5.502384624852445505e-01 -7.951509667222355082e-01
2.299999999999999822e+00 -7.573810811174640223e-02 -7.581921149096426671e-01 -5.891285753337963671e-01
2.399999999999999911e+00 -7.401275569213992822e-02 -8.924983904677374902e-01 -3.249634210102642640e-01
2.500000000000000000e+00 -7.206805304484596719e-02 -9.397692575863308972e-01 -2.840025741844309087e-02
2.600000000000000089e+00 -7.006376155099885983e-02 -8.950520052427897166e-01 2.715607862897637115e-01
2.699999999999999734e+00 -6.811852591897288312e-02 -7.624161501257963325e-01 5.454837360639602784e-01
2.799999999999999822e+00 -6.630647589050951696e-02 -5.546211514301795376e-01 7.664026912563071114e-01
2.899999999999999911e+00 -6.466337672803426639e-02 -2.919002946666580112e-01 9.124962754817450561e-01
3.000000000000000000e+00 -6.319695027968266765e-02 4.241848254571509592e-05 9.692736314037241341e-01
