0.000000000000000000e+00 2.717908049396253666e-09 1.278334377804307939e-09 -1.000000000000000000e+00
1.034482758620689641e-01 3.800342462139458949e-02 2.112472449753098266e-03 -9.992750523090087045e-01
2.068965517241379282e-01 7.578591175921914336e-02 4.395211626586029152e-03 -9.971138088950425304e-01
3.103448275862069061e-01 1.131277124068840179e-01 6.963252269409608841e-03 -9.935551441813454954e-01
4.137931034482758563e-01 1.498386589420089843e-01 9.934655800684054350e-03 -9.886593377090947543e-01
5.172413793103448620e-01 1.857608342430151493e-01 1.339911824896733439e-02 -9.825021086234748680e-01
6.206896551724138122e-01 2.207728282406427600e-01 1.741358834692458696e-02 -9.751679595274466150e-01
7.241379310344827624e-01 2.547812966751743513e-01 2.199817943568356526e-02 -9.667462947533466133e-01
8.275862068965517127e-01 2.877206787521292553e-01 2.713496561290185127e-02 -9.573273925170444620e-01
9.310344827586206629e-01 3.195407835018082565e-01 3.277320420262798406e-02 -9.470027668985833147e-01
1.034482758620689724e+00 3.501992066030262807e-01 3.883807604183195372e-02 -9.358665301395703295e-01
1.137931034482758674e+00 3.796600243182104428e-01 4.524218930991921739e-02 -9.240156199838264195e-01
1.241379310344827624e+00 4.078850706223143829e-01 5.190002434857057811e-02 -9.115530897669357202e-01
1.344827586206896575e+00 4.348390472057946932e-01 5.873164094039257099e-02 -8.985866170873946235e-01
1.448275862068965525e+00 4.604935895716437133e-01 6.568215602390138630e-02 -8.852249795679432154e-01
1.551724137931034475e+00 4.848392872068273407e-01 7.271865291879554827e-02 -8.715698934504877426e-01
1.655172413793103425e+00 5.078828108253411466e-01 7.983420013161021678e-02 -8.577133817967153018e-01
1.758620689655172376e+00 5.296581582327954951e-01 8.703609257625266604e-02 -8.437281213163485560e-01
1.862068965517241326e+00 5.502284424425968323e-01 9.433333015103759212e-02 -8.296623311092992115e-01
1.965517241379310276e+00 5.696754341494458806e-01 1.017304398947619370e-01 -8.155427919639195444e-01
2.068965517241379448e+00 5.880958543172378761e-01 1.092095514964537828e-01 -8.013771336642353527e-01
2.172413793103448398e+00 6.055892561543628760e-01 1.167227445322970292e-01 -7.871631226082205224e-01
2.275862068965517349e+00 6.222422181171295419e-01 1.241957745811119174e-01 -7.729022779711114399e-01
2.379310344827586299e+00 6.381255635994411701e-01 1.315424235709189982e-01 -7.586038738454278230e-01
2.482758620689655249e+00 6.532761468094292479e-01 1.386622247206458491e-01 -7.443051399133409074e-01
2.586206896551724199e+00 6.677093294835624304e-01 1.454714998273869409e-01 -7.300609447871955204e-01
2.689655172413793149e+00 6.814143969905684939e-01 1.519124671817075334e-01 -7.159492561732161420e-01
2.793103448275862100e+00 6.943677939047750991e-01 1.579805831657982162e-01 -7.020551687625784520e-01
2.896551724137931050e+00 7.065497969714611415e-01 1.637105598320128530e-01 -6.884561377454627706e-01
3.000000000000000000e+00 7.179500179528256476e-01 1.691795818095771231e-01 -6.752120687783245145e-01
