0.000000000000000000e+00 5.292262245636381122e-10 -2.955888325419223922e-09 -1.000000000000000000e+00
1.034482758620689641e-01 -9.719730167051318301e-03 -5.512716740668167827e-04 -9.999525164107221364e-01
2.068965517241379282e-01 -1.947120937485870978e-02 -1.140974154565632323e-03 -9.998095920150680271e-01
3.103448275862069061e-01 -2.926599138921483906e-02 -1.760540132624693888e-03 -9.995698557810506202e-01
4.137931034482758563e-01 -3.912174558933850799e-02 -2.426291336525778289e-03 -9.992311759585684738e-01
5.172413793103448620e-01 -4.905308827112619952e-02 -3.154027867138184393e-03 -9.987907863606754200e-01
6.206896551724138122e-01 -5.906782929382382169e-02 -3.959546249053407657e-03 -9.982456353467762389e-01
7.241379310344827624e-01 -6.916923165317866162e-02 -4.859598859714181485e-03 -9.975925433515643315e-01
8.275862068965517127e-01 -7.935607576388578610e-02 -5.873687388375875562e-03 -9.968283892504838928e-01
9.310344827586206629e-01 -8.962194994076058685e-02 -7.019845227467499948e-03 -9.959503976235295486e-01
1.034482758620689724e+00 -9.995749147858831729e-02 -8.315513154550563391e-03 -9.949561595517372181e-01
1.137931034482758674e+00 -1.103533621246379492e-01 -9.777734753674251211e-03 -9.938434366937598519e-01
1.241379310344827624e+00 -1.207912396451159970e-01 -1.142589468385544343e-02 -9.926112061310184975e-01
1.344827586206896575e+00 -1.312618773450756060e-01 -1.327276148286253565e-02 -9.912578214670867416e-01
1.448275862068965525e+00 -1.417508059396358489e-01 -1.532919917357249140e-02 -9.897825378230760140e-01
1.551724137931034475e+00 -1.522456736475207573e-01 -1.760167366316128801e-02 -9.881847062600215281e-01
1.655172413793103425e+00 -1.627277436774723918e-01 -2.009812583875364433e-02 -9.864649777328075020e-01
1.758620689655172376e+00 -1.731867594728172810e-01 -2.280985804924989119e-02 -9.846234246040227456e-01
1.862068965517241326e+00 -1.836065043861719592e-01 -2.573655269642578791e-02 -9.826613545062163890e-01
1.965517241379310276e+00 -1.939641086863349850e-01 -2.886951476327016819e-02 -9.805821511561526593e-01
2.068965517241379448e+00 -2.042429340857533360e-01 -3.219893750617809636e-02 -9.783888564865717008e-01
2.172413793103448398e+00 -2.144204496085022615e-01 -3.571916163813743106e-02 -9.760863361293711238e-01
2.275862068965517349e+00 -2.244761833982590882e-01 -3.942193805313075339e-02 -9.736799774245967765e-01
2.379310344827586299e+00 -2.343881219025479301e-01 -4.330228840248702415e-02 -9.711762378261122874e-01
2.482758620689655249e+00 -2.441406238748987656e-01 -4.735799498029151511e-02 -9.685806944126821305e-01
2.586206896551724199e+00 -2.537216984579632184e-01 -5.159074251131597066e-02 -9.658982874949413322e-01
2.689655172413793149e+00 -2.631221165530557848e-01 -5.600232925574372134e-02 -9.631334902059275338e-01
2.793103448275862100e+00 -2.723428870573075256e-01 -6.059158192888478012e-02 -9.602882185669152637e-01
2.896551724137931050e+00 -2.813835778316693959e-01 -6.534981314932214458e-02 -9.573651121419975984e-01
3.000000000000000000e+00 -2.902535096387487412e-01 -7.027166837372397779e-02 -9.543636047485076768e-01
