0.000000000000000000e+00 1.489126518103082549e-09 -2.615646310545953744e-09 -1.000000000000000000e+00
1.034482758620689641e-01 -6.016321336511076812e-02 2.371344589442650128e-03 -9.981852125816830235e-01
2.068965517241379282e-01 -1.196729956545897061e-01 9.866879428047890810e-04 -9.928118558327074794e-01
3.103448275862069061e-01 -1.775363634667163626e-01 -7.664885501975943205e-03 -9.840828648901555065e-01
4.137931034482758563e-01 -2.321701295516183372e-01 -2.670330693310705994e-02 -9.723065182365302483e-01
5.172413793103448620e-01 -2.811986435828872644e-01 -5.856697213079178899e-02 -9.578581423409217033e-01
6.206896551724138122e-01 -3.213841704513575870e-01 -1.047136532340822990e-01 -9.411382739767965022e-01
7.241379310344827624e-01 -3.487198972420874621e-01 -1.652811835535183405e-01 -9.225343184555983012e-01
8.275862068965517127e-01 -3.586957476347379381e-01 -2.387739548057045691e-01 -9.023948051683536864e-01
9.310344827586206629e-01 -3.467495462471656964e-01 -3.218130115847030459e-01 -8.810177221552285554e-01
1.034482758620689724e+00 -3.088926661030531040e-01 -4.090052602132909221e-01 -8.586560406450293170e-01
1.137931034482758674e+00 -2.424462329442330644e-01 -4.930572244968878248e-01 -8.355260182811706793e-01
1.241379310344827624e+00 -1.468008213678177742e-01 -5.651263853507816348e-01 -8.118313736754108056e-01
1.344827586206896575e+00 -2.413601862087980110e-02 -6.154786765689055361e-01 -7.877760671153647420e-01
1.448275862068965525e+00 1.200828292223123372e-01 -6.344466834112567621e-01 -7.635734656232509021e-01
1.551724137931034475e+00 2.769170711931754347e-01 -6.136173921848386836e-01 -7.394435699217080105e-01
1.655172413793103425e+00 4.342065190005385822e-01 -5.471537053249343474e-01 -7.155927944463857937e-01
1.758620689655172376e+00 5.773282694887487132e-01 -4.330671496868294668e-01 -6.921920606867524306e-01
1.862068965517241326e+00 6.904454844007834602e-01 -2.742676022050236639e-01 -6.693628577421534276e-01
1.965517241379310276e+00 7.582222976457475561e-01 -7.916999247588124566e-02 -6.471590566658143029e-01
2.068965517241379448e+00 7.678194644803548741e-01 1.382959288719652902e-01 -6.255484009552603197e-01
2.172413793103448398e+00 7.109238408608133941e-01 3.594694820136988822e-01 -6.044433595051770247e-01
2.275862068965517349e+00 5.855674322995130243e-01 5.624618746338871933e-01 -5.837206257309283108e-01
2.379310344827586299e+00 3.973782011248948587e-01 7.244367865666881956e-01 -5.632617414114396981e-01
2.482758620689655249e+00 1.600272821226687570e-01 8.243440616772773621e-01 -5.429822111482257574e-01
2.586206896551724199e+00 -1.053586153748533594e-01 8.458690637598570428e-01 -5.228635030732803335e-01
2.689655172413793149e+00 -3.719157006693517009e-01 7.801765865683651935e-01 -5.029751573313916424e-01
2.793103448275862100e+00 -6.097977348530356778e-01 6.280088298449586492e-01 -4.834584978719275727e-01
2.896551724137931050e+00 -7.896977687665827084e-01 4.007453819293902986e-01 -4.645005522908061124e-01
3.000000000000000000e+00 -8.867775766592368436e-01 1.201100654867418571e-01 -4.462946834742602120e-01
