0.000000000000000000e+00 -3.248066498924168951e-10 2.995204625006000350e-09 -1.000000000000000000e+00
1.034482758620689641e-01 4.302819249059790848e-04 -2.692063117776271122e-03 -9.999962508547950435e-01
2.068965517241379282e-01 9.639718097396413228e-04 -5.381148073335376494e-03 -9.999849957788101706e-01
3.103448275862069061e-01 1.654419374318781555e-03 -8.043233377279418103e-03 -9.999661964115275081e-01
4.137931034482758563e-01 2.581334216639479592e-03 -1.065702767981310632e-02 -9.999397670628195067e-01
5.172413793103448620e-01 3.816747617280485949e-03 -1.318792034220476334e-02 -9.999056124756069419e-01
6.206896551724138122e-01 5.432145207075626814e-03 -1.558982988429981689e-02 -9.998635517038595433e-01
7.241379310344827624e-01 7.491574334868127127e-03 -1.779638522367644679e-02 -9.998133768967870649e-01
8.275862068965517127e-01 1.004578610543964412e-02 -1.972485893035191493e-02 -9.997547630115517503e-01
9.310344827586206629e-01 1.313062034774811759e-02 -2.126555746771487815e-02 -9.996873951570460770e-01
1.034482758620689724e+00 1.676022746613869963e-02 -2.228832159105384458e-02 -9.996108245712481688e-01
1.137931034482758674e+00 2.091024093993733637e-02 -2.264631174764469845e-02 -9.995245530710341608e-01
1.241379310344827624e+00 2.552679098727406518e-02 -2.217074310227006018e-02 -9.994279445917551019e-01
1.344827586206896575e+00 3.049881746900409696e-02 -2.068327609057585628e-02 -9.993204433754454552e-01
1.448275862068965525e+00 3.565985773549767979e-02 -1.800829568881704562e-02 -9.992013552809065891e-01
1.551724137931034475e+00 4.077519083153091639e-02 -1.399457959803659252e-02 -9.990699450663025338e-01
1.655172413793103425e+00 4.554420154780833285e-02 -8.511816139397405251e-03 -9.989256428074667626e-01
1.758620689655172376e+00 4.959896504573442499e-02 -1.505154104514183633e-03 -9.987676349106900942e-01
1.862068965517241326e+00 5.251581884131985289e-02 6.997878398419855178e-03 -9.985951004579174395e-01
1.965517241379310276e+00 5.382415761183572539e-02 1.686150455988212615e-02 -9.984075588350038721e-01
2.068965517241379448e+00 5.305048598657130521e-02 2.780599991815266639e-02 -9.982040937786339496e-01
2.172413793103448398e+00 4.974389759391901339e-02 3.939779488272726615e-02 -9.979840885543057594e-01
2.275862068965517349e+00 4.353027522828961660e-02 5.104106762489245275e-02 -9.977468353582606975e-01
2.379310344827586299e+00 3.417354486980562350e-02 6.198159762581610666e-02 -9.974914596689641311e-01
2.482758620689655249e+00 2.162491307735194684e-02 7.133322599483249427e-02 -9.972174462847720466e-01
2.586206896551724199e+00 6.089108349870451381e-03 7.812857196326651599e-02 -9.969240121554974188e-01
2.689655172413793149e+00 -1.193333173482301335e-02 8.138739106775544352e-02 -9.966103847577476582e-01
2.793103448275862100e+00 -3.161432807279817431e-02 8.020344218410144221e-02 -9.962762919539228657e-01
2.896551724137931050e+00 -5.180803031440926743e-02 7.385862648869739866e-02 -9.959213168941253302e-01
3.000000000000000000e+00 -7.107789273039225031e-02 6.193763957878178211e-02 -9.955450945761672443e-01
