0.000000000000000000e+00 -2.277420829114362488e-09 -1.960478121990745116e-09 -1.000000000000000000e+00
1.034482758620689641e-01 -1.118353492506919261e-01 1.840531785393458852e-01 -9.765314898838778346e-01
2.068965517241379282e-01 -2.131011650814629288e-01 3.592362383305262585e-01 -9.085867270540767260e-01
3.103448275862069061e-01 -2.946659804566470475e-01 5.177672668216880547e-01 -8.031672644372790382e-01
4.137931034482758563e-01 -3.501495458784225079e-01 6.538219445841988442e-01 -6.707436915330934335e-01
5.172413793103448620e-01 -3.766779120946383563e-01 7.641040853986109660e-01 -5.236798512066518363e-01
6.206896551724138122e-01 -3.750844263453172456e-01 8.479869696475595964e-01 -3.744455233525367799e-01
7.241379310344827624e-01 -3.495186004140791169e-01 9.072514212765937502e-01 -2.339015050548206853e-01
8.275862068965517127e-01 -3.065444005396824600e-01 9.454686879389878618e-01 -1.099869267592077093e-01
9.310344827586206629e-01 -2.539130147231878354e-01 9.671903808377211309e-01 -6.956300004814374056e-03
1.034482758620689724e+00 -1.992259475353881371e-01 9.770932449099392070e-01 7.466820641499026523e-02
1.137931034482758674e+00 -1.487489938859197225e-01 9.792487355347280209e-01 1.375623100029973733e-01
1.241379310344827624e+00 -1.065597257338463943e-01 9.766421006996488519e-01 1.865294208559801215e-01
1.344827586206896575e+00 -7.416414482061806090e-02 9.710047279837493717e-01 2.272174090606991215e-01
1.448275862068965525e+00 -5.063495051277272507e-02 9.629498579591705409e-01 2.648437706373112377e-01
1.551724137931034475e+00 -3.317750993742758087e-02 9.523449530779336536e-01 3.031785602509927124e-01
1.655172413793103425e+00 -1.801760419004416747e-02 9.387927063238805658e-01 3.439810252578606176e-01
1.758620689655172376e+00 -1.385515694323546931e-03 9.221038231771730986e-01 3.869140080957487737e-01
1.862068965517241326e+00 1.959113586521976647e-02 9.026184292495882389e-01 4.299727491242573141e-01
1.965517241379310276e+00 4.626942271989498146e-02 8.813272007205228409e-01 4.702153769774730097e-01
2.068965517241379448e+00 7.824048575263370386e-02 8.597442838553412958e-01 5.046778782703635891e-01
2.172413793103448398e+00 1.135123176066211714e-01 8.396023516010397980e-01 5.311919325927849655e-01
2.275862068965517349e+00 1.490205325652410595e-01 8.224373639988460383e-01 5.489735891762769215e-01
2.379310344827586299e+00 1.813702693009575651e-01 8.091827074720454593e-01 5.588476594389217844e-01
2.482758620689655249e+00 2.076363220054794345e-01 7.999052254271586948e-01 5.630465378570698176e-01
2.586206896551724199e+00 2.260173452515470416e-01 7.937228160553730927e-01 5.647148810543689557e-01
2.689655172413793149e+00 2.362581270884026585e-01 7.889683618054816883e-01 5.671804880697622897e-01
2.793103448275862100e+00 2.396923550280349868e-01 7.835455193448657152e-01 5.732249143915448819e-01
2.896551724137931050e+00 2.389541586524786543e-01 7.754321204750613816e-01 5.844561354322425073e-01
3.000000000000000000e+00 2.374006761912354491e-01 7.631554355560605796e-01 6.010142013578254616e-01
