1.000000000000000056e-01 9.755280885925790013e-01 0.000000000000000000e+00 2.447191140742212626e-02 0.000000000000000000e+00 0.000000000000000000e+00 0.000000000000000000e+00 -3.095931087860644803e-14 1.545090190002092190e-01 0.000000000000000000e+00 0.000000000000000000e+00 0.000000000000000000e+00 0.000000000000000000e+00 0.000000000000000000e+00 0.000000000000000000e+00 0.000000000000000000e+00 0.000000000000000000e+00
2.000000000000000111e-01 9.045081814209325888e-01 0.000000000000000000e+00 9.549181857906911819e-02 0.000000000000000000e+00 0.000000000000000000e+00 0.000000000000000000e+00 4.882027634595051471e-15 2.938930607889389535e-01 0.000000000000000000e+00 0.000000000000000000e+00 0.000000000000000000e+00 0.000000000000000000e+00 0.000000000000000000e+00 0.000000000000000000e+00 0.000000000000000000e+00 0.000000000000000000e+00
2.999999999999999889e-01 7.938924060209391342e-01 0.000000000000000000e+00 2.061075939790627531e-01 0.000000000000000000e+00 0.000000000000000000e+00 0.000000000000000000e+00 -3.581174717425201737e-14 4.045086570704930495e-01 0.000000000000000000e+00 0.000000000000000000e+00 0.000000000000000000e+00 0.000000000000000000e+00 0.000000000000000000e+00 0.000000000000000000e+00 0.000000000000000000e+00 0.000000000000000000e+00
4.000000000000000222e-01 6.545090581680772512e-01 0.000000000000000000e+00 3.454909418319255243e-01 0.000000000000000000e+00 0.000000000000000000e+00 0.000000000000000000e+00 1.459067199671838254e-14 4.755280758958040921e-01 0.000000000000000000e+00 0.000000000000000000e+00 0.000000000000000000e+00 0.000000000000000000e+00 0.000000000000000000e+00 0.000000000000000000e+00 0.000000000000000000e+00 0.000000000000000000e+00
5.000000000000000000e-01 4.999993482662634658e-01 0.000000000000000000e+00 5.000006517337364231e-01 0.000000000000000000e+00 0.000000000000000000e+00 0.000000000000000000e+00 -7.027950263240432275e-14 5.000000000942739220e-01 0.000000000000000000e+00 0.000000000000000000e+00 0.000000000000000000e+00 0.000000000000000000e+00 0.000000000000000000e+00 0.000000000000000000e+00 0.000000000000000000e+00 0.000000000000000000e+00
5.999999999999999778e-01 3.454902173233650453e-01 0.000000000000000000e+00 6.545097826766355098e-01 0.000000000000000000e+00 0.000000000000000000e+00 0.000000000000000000e+00 1.189218591259083467e-13 4.755278403252246044e-01 0.000000000000000000e+00 0.000000000000000000e+00 0.000000000000000000e+00 0.000000000000000000e+00 0.000000000000000000e+00 0.000000000000000000e+00 0.000000000000000000e+00 0.000000000000000000e+00
6.999999999999999556e-01 2.061075577596291064e-01 0.000000000000000000e+00 7.938924422403711434e-01 0.000000000000000000e+00 0.000000000000000000e+00 0.000000000000000000e+00 -1.227649071450866719e-13 4.045086307361896449e-01 0.000000000000000000e+00 0.000000000000000000e+00 0.000000000000000000e+00 0.000000000000000000e+00 0.000000000000000000e+00 0.000000000000000000e+00 0.000000000000000000e+00 0.000000000000000000e+00
7.999999999999999334e-01 9.549165209600229964e-02 0.000000000000000000e+00 9.045083479039978114e-01 0.000000000000000000e+00 0.000000000000000000e+00 0.000000000000000000e+00 -7.437099978994469235e-14 2.938928320094130742e-01 0.000000000000000000e+00 0.000000000000000000e+00 0.000000000000000000e+00 0.000000000000000000e+00 0.000000000000000000e+00 0.000000000000000000e+00 0.000000000000000000e+00 0.000000000000000000e+00
8.999999999999999112e-01 2.447157303025252265e-02 0.000000000000000000e+00 9.755284269697461763e-01 0.000000000000000000e+00 0.000000000000000000e+00 0.000000000000000000e+00 2.176141689143561708e-15 1.545079774355332114e-01 0.000000000000000000e+00 0.000000000000000000e+00 0.000000000000000000e+00 0.000000000000000000e+00 0.000000000000000000e+00 0.000000000000000000e+00 0.000000000000000000e+00 0.000000000000000000e+00
9.999999999999998890e-01 1.344884663730960402e-10 0.000000000000000000e+00 9.999999998655119127e-01 0.000000000000000000e+00 0.000000000000000000e+00 0.000000000000000000e+00 3.010002762023974170e-14 1.278562098828689730e-07 0.000000000000000000e+00 0.000000000000000000e+00 0.000000000000000000e+00 0.000000000000000000e+00 0.000000000000000000e+00 0.000000000000000000e+00 0.000000000000000000e+00 0.000000000000000000e+00
1.099999999999999867e+00 2.447175689780582697e-02 0.000000000000000000e+00 9.755282431021902179e-01 0.000000000000000000e+00 0.000000000000000000e+00 0.000000000000000000e+00 1.535470478452811154e-13 -1.545085438909176712e-01 0.000000000000000000e+00 0.000000000000000000e+00 0.000000000000000000e+00 0.000000000000000000e+00 0.000000000000000000e+00 0.000000000000000000e+00 0.000000000000000000e+00 0.000000000000000000e+00
1.199999999999999956e+00 9.549106278965625860e-02 0.000000000000000000e+00 9.045089372103425340e-01 0.000000000000000000e+00 0.000000000000000000e+00 0.000000000000000000e+00 -8.226326724069337068e-14 -2.938920203342001436e-01 0.000000000000000000e+00 0.000000000000000000e+00 0.000000000000000000e+00 0.000000000000000000e+00 0.000000000000000000e+00 0.000000000000000000e+00 0.000000000000000000e+00 0.000000000000000000e+00
1.300000000000000044e+00 2.061060573961771836e-01 0.000000000000000000e+00 7.938939426038221781e-01 0.000000000000000000e+00 0.000000000000000000e+00 0.000000000000000000e+00 -4.331960747477529842e-14 -4.045075407088927211e-01 0.000000000000000000e+00 0.000000000000000000e+00 0.000000000000000000e+00 0.000000000000000000e+00 0.000000000000000000e+00 0.000000000000000000e+00 0.000000000000000000e+00 0.000000000000000000e+00
1.399999999999999911e+00 3.454905989041139880e-01 0.000000000000000000e+00 6.545094010958850683e-01 0.000000000000000000e+00 0.000000000000000000e+00 0.000000000000000000e+00 8.517406356339962640e-15 -4.755279644097548664e-01 0.000000000000000000e+00 0.000000000000000000e+00 0.000000000000000000e+00 0.000000000000000000e+00 0.000000000000000000e+00 0.000000000000000000e+00 0.000000000000000000e+00 0.000000000000000000e+00
1.500000000000000000e+00 4.999996170148986452e-01 0.000000000000000000e+00 5.000003829851022985e-01 0.000000000000000000e+00 0.000000000000000000e+00 0.000000000000000000e+00 -2.826016146702880136e-14 -4.999999999277837115e-01 0.000000000000000000e+00 0.000000000000000000e+00 0.000000000000000000e+00 0.000000000000000000e+00 0.000000000000000000e+00 0.000000000000000000e+00 0.000000000000000000e+00 0.000000000000000000e+00
1.599999999999999867e+00 6.545082854736729017e-01 0.000000000000000000e+00 3.454917145263239342e-01 0.000000000000000000e+00 0.000000000000000000e+00 0.000000000000000000e+00 -4.978867245846499428e-14 -4.755283271297632286e-01 0.000000000000000000e+00 0.000000000000000000e+00 0.000000000000000000e+00 0.000000000000000000e+00 0.000000000000000000e+00 0.000000000000000000e+00 0.000000000000000000e+00 0.000000000000000000e+00
1.699999999999999956e+00 7.938922135848718309e-01 0.000000000000000000e+00 2.061077864151281969e-01 0.000000000000000000e+00 0.000000000000000000e+00 0.000000000000000000e+00 1.108685824875306569e-13 -4.045087966533945645e-01 0.000000000000000000e+00 0.000000000000000000e+00 0.000000000000000000e+00 0.000000000000000000e+00 0.000000000000000000e+00 0.000000000000000000e+00 0.000000000000000000e+00 0.000000000000000000e+00
1.800000000000000044e+00 9.045083156015085724e-01 0.000000000000000000e+00 9.549168439848913781e-02 0.000000000000000000e+00 0.000000000000000000e+00 0.000000000000000000e+00 8.165719299434836990e-14 -2.938928739632452047e-01 0.000000000000000000e+00 0.000000000000000000e+00 0.000000000000000000e+00 0.000000000000000000e+00 0.000000000000000000e+00 0.000000000000000000e+00 0.000000000000000000e+00 0.000000000000000000e+00
1.899999999999999911e+00 9.755283837145745096e-01 0.000000000000000000e+00 2.447161628542470629e-02 0.000000000000000000e+00 0.000000000000000000e+00 0.000000000000000000e+00 1.384389437418376599e-13 -1.545081099002888203e-01 0.000000000000000000e+00 0.000000000000000000e+00 0.000000000000000000e+00 0.000000000000000000e+00 0.000000000000000000e+00 0.000000000000000000e+00 0.000000000000000000e+00 0.000000000000000000e+00
2.000000000000000000e+00 9.999999999477683366e-01 0.000000000000000000e+00 5.223138361354763596e-11 0.000000000000000000e+00 0.000000000000000000e+00 0.000000000000000000e+00 1.388196808780907068e-13 -2.410756601710663476e-06 0.000000000000000000e+00 0.000000000000000000e+00 0.000000000000000000e+00 0.000000000000000000e+00 0.000000000000000000e+00 0.000000000000000000e+00 0.000000000000000000e+00 0.000000000000000000e+00
2.099999999999999645e+00 9.755291510891492823e-01 0.000000000000000000e+00 2.447084891085239688e-02 0.000000000000000000e+00 0.000000000000000000e+00 0.000000000000000000e+00 1.599934605734665532e-13 1.545057494312985225e-01 0.000000000000000000e+00 0.000000000000000000e+00 0.000000000000000000e+00 0.000000000000000000e+00 0.000000000000000000e+00 0.000000000000000000e+00 0.000000000000000000e+00 0.000000000000000000e+00
2.199999999999999734e+00 9.045082885909969672e-01 0.000000000000000000e+00 9.549171140900669652e-02 0.000000000000000000e+00 0.000000000000000000e+00 0.000000000000000000e+00 1.547881775142870337e-13 2.938929139071841390e-01 0.000000000000000000e+00 0.000000000000000000e+00 0.000000000000000000e+00 0.000000000000000000e+00 0.000000000000000000e+00 0.000000000000000000e+00 0.000000000000000000e+00 0.000000000000000000e+00
2.299999999999999822e+00 7.938939574458845350e-01 0.000000000000000000e+00 2.061060425541145491e-01 0.000000000000000000e+00 0.000000000000000000e+00 0.000000000000000000e+00 1.139066988693317530e-13 4.045075288039813310e-01 0.000000000000000000e+00 0.000000000000000000e+00 0.000000000000000000e+00 0.000000000000000000e+00 0.000000000000000000e+00 0.000000000000000000e+00 0.000000000000000000e+00 0.000000000000000000e+00
2.399999999999999911e+00 6.545093485519131171e-01 0.000000000000000000e+00 3.454906514480868274e-01 0.000000000000000000e+00 0.000000000000000000e+00 0.000000000000000000e+00 7.034263115409590576e-14 4.755279816057414455e-01 0.000000000000000000e+00 0.000000000000000000e+00 0.000000000000000000e+00 0.000000000000000000e+00 0.000000000000000000e+00 0.000000000000000000e+00 0.000000000000000000e+00 0.000000000000000000e+00
2.500000000000000000e+00 5.000028986490913097e-01 0.000000000000000000e+00 4.999971013509081352e-01 0.000000000000000000e+00 0.000000000000000000e+00 0.000000000000000000e+00 -3.495239511433639584e-15 4.999999999500893133e-01 0.000000000000000000e+00 0.000000000000000000e+00 0.000000000000000000e+00 0.000000000000000000e+00 0.000000000000000000e+00 0.000000000000000000e+00 0.000000000000000000e+00 0.000000000000000000e+00
2.600000000000000089e+00 3.454930686167445586e-01 0.000000000000000000e+00 6.545069313832561075e-01 0.000000000000000000e+00 0.000000000000000000e+00 0.000000000000000000e+00 -2.563338767902451612e-14 4.755287664022809779e-01 0.000000000000000000e+00 0.000000000000000000e+00 0.000000000000000000e+00 0.000000000000000000e+00 0.000000000000000000e+00 0.000000000000000000e+00 0.000000000000000000e+00 0.000000000000000000e+00
2.699999999999999734e+00 2.061076116664563862e-01 0.000000000000000000e+00 7.938923883335439191e-01 0.000000000000000000e+00 0.000000000000000000e+00 0.000000000000000000e+00 -3.031859152383224684e-14 4.045086701959418329e-01 0.000000000000000000e+00 0.000000000000000000e+00 0.000000000000000000e+00 0.000000000000000000e+00 0.000000000000000000e+00 0.000000000000000000e+00 0.000000000000000000e+00 0.000000000000000000e+00
2.799999999999999822e+00 9.549331117943229974e-02 0.000000000000000000e+00 9.045066888205671729e-01 0.000000000000000000e+00 0.000000000000000000e+00 0.000000000000000000e+00 -4.275655820044944270e-14 2.938951135228841105e-01 0.000000000000000000e+00 0.000000000000000000e+00 0.000000000000000000e+00 0.000000000000000000e+00 0.000000000000000000e+00 0.000000000000000000e+00 0.000000000000000000e+00 0.000000000000000000e+00
2.899999999999999911e+00 2.447234441358343143e-02 0.000000000000000000e+00 9.755276555864147436e-01 0.000000000000000000e+00 0.000000000000000000e+00 0.000000000000000000e+00 -3.534069475516349252e-14 1.545103420025172314e-01 0.000000000000000000e+00 0.000000000000000000e+00 0.000000000000000000e+00 0.000000000000000000e+00 0.000000000000000000e+00 0.000000000000000000e+00 0.000000000000000000e+00 0.000000000000000000e+00
3.000000000000000000e+00 5.105042692363517611e-10 0.000000000000000000e+00 9.999999994894958055e-01 0.000000000000000000e+00 0.000000000000000000e+00 0.000000000000000000e+00 -2.160329362450787088e-14 3.500918390652469712e-06 0.000000000000000000e+00 0.000000000000000000e+00 0.000000000000000000e+00 0.000000000000000000e+00 0.000000000000000000e+00 0.000000000000000000e+00 0.000000000000000000e+00 0.000000000000000000e+00
