1.000000000000000056e-01 9.756257293773920036e-01 0.000000000000000000e+00 2.437427062260832944e-02 0.000000000000000000e+00 0.000000000000000000e+00 0.000000000000000000e+00 -2.677790910504980210e-03 1.541849376274395667e-01 0.000000000000000000e+00 0.000000000000000000e+00 0.000000000000000000e+00 0.000000000000000000e+00 0.000000000000000000e+00 0.000000000000000000e+00 0.000000000000000000e+00 0.000000000000000000e+00
2.000000000000000111e-01 9.059843901067118344e-01 0.000000000000000000e+00 9.401560989328432150e-02 0.000000000000000000e+00 0.000000000000000000e+00 0.000000000000000000e+00 -2.025765262663358629e-02 2.911465309843483396e-01 0.000000000000000000e+00 0.000000000000000000e+00 0.000000000000000000e+00 0.000000000000000000e+00 0.000000000000000000e+00 0.000000000000000000e+00 0.000000000000000000e+00 0.000000000000000000e+00
2.999999999999999889e-01 8.007102685805080888e-01 0.000000000000000000e+00 1.992897314194953529e-01 0.000000000000000000e+00 0.000000000000000000e+00 0.000000000000000000e+00 -6.220081286574222212e-02 3.945939599642069306e-01 0.000000000000000000e+00 0.000000000000000000e+00 0.000000000000000000e+00 0.000000000000000000e+00 0.000000000000000000e+00 0.000000000000000000e+00 0.000000000000000000e+00 0.000000000000000000e+00
4.000000000000000222e-01 6.734253423266808314e-01 0.000000000000000000e+00 3.265746576733196127e-01 0.000000000000000000e+00 0.000000000000000000e+00 0.000000000000000000e+00 -1.287184540903612562e-01 4.509492323907452471e-01 0.000000000000000000e+00 0.000000000000000000e+00 0.000000000000000000e+00 0.000000000000000000e+00 0.000000000000000000e+00 0.000000000000000000e+00 0.000000000000000000e+00 0.000000000000000000e+00
5.000000000000000000e-01 5.388547708097450872e-01 0.000000000000000000e+00 4.611452291902556899e-01 0.000000000000000000e+00 0.000000000000000000e+00 0.000000000000000000e+00 -2.098544359822028804e-01 4.521630485723949766e-01 0.000000000000000000e+00 0.000000000000000000e+00 0.000000000000000000e+00 0.000000000000000000e+00 0.000000000000000000e+00 0.000000000000000000e+00 0.000000000000000000e+00 0.000000000000000000e+00
5.999999999999999778e-01 4.101215616580196066e-01 0.000000000000000000e+00 5.898784383419820587e-01 0.000000000000000000e+00 0.000000000000000000e+00 0.000000000000000000e+00 -2.880592074877008080e-01 3.986775128421945480e-01 0.000000000000000000e+00 0.000000000000000000e+00 0.000000000000000000e+00 0.000000000000000000e+00 0.000000000000000000e+00 0.000000000000000000e+00 0.000000000000000000e+00 0.000000000000000000e+00
6.999999999999999556e-01 2.968105203849702445e-01 0.000000000000000000e+00 7.031894796150286453e-01 0.000000000000000000e+00 0.000000000000000000e+00 0.000000000000000000e+00 -3.435980865178084875e-01 3.010886749848667443e-01 0.000000000000000000e+00 0.000000000000000000e+00 0.000000000000000000e+00 0.000000000000000000e+00 0.000000000000000000e+00 0.000000000000000000e+00 0.000000000000000000e+00 0.000000000000000000e+00
7.999999999999999334e-01 2.041726470608295207e-01 0.000000000000000000e+00 7.958273529391741707e-01 0.000000000000000000e+00 0.000000000000000000e+00 0.000000000000000000e+00 -3.611637284500884282e-01 1.790165869493646478e-01 0.000000000000000000e+00 0.000000000000000000e+00 0.000000000000000000e+00 0.000000000000000000e+00 0.000000000000000000e+00 0.000000000000000000e+00 0.000000000000000000e+00 0.000000000000000000e+00
8.999999999999999112e-01 1.334385222835031137e-01 0.000000000000000000e+00 8.665614777165033811e-01 0.000000000000000000e+00 0.000000000000000000e+00 0.000000000000000000e+00 -3.352716999908282869e-01 5.679410261272074822e-02 0.000000000000000000e+00 0.000000000000000000e+00 0.000000000000000000e+00 0.000000000000000000e+00 0.000000000000000000e+00 0.000000000000000000e+00 0.000000000000000000e+00 0.000000000000000000e+00
9.999999999999998890e-01 8.281255668963098671e-02 0.000000000000000000e+00 9.171874433103679447e-01 0.000000000000000000e+00 0.000000000000000000e+00 0.000000000000000000e+00 -2.722365136485507264e-01 -4.291756769085515455e-02 0.000000000000000000e+00 0.000000000000000000e+00 0.000000000000000000e+00 0.000000000000000000e+00 0.000000000000000000e+00 0.000000000000000000e+00 0.000000000000000000e+00 0.000000000000000000e+00
1.099999999999999867e+00 4.877677956750357119e-02 0.000000000000000000e+00 9.512232204324979623e-01 0.000000000000000000e+00 0.000000000000000000e+00 0.000000000000000000e+00 -1.879037441099190853e-01 -1.053080631431810021e-01 0.000000000000000000e+00 0.000000000000000000e+00 0.000000000000000000e+00 0.000000000000000000e+00 0.000000000000000000e+00 0.000000000000000000e+00 0.000000000000000000e+00 0.000000000000000000e+00
1.199999999999999956e+00 2.724478145843171190e-02 0.000000000000000000e+00 9.727552185415648811e-01 0.000000000000000000e+00 0.000000000000000000e+00 0.000000000000000000e+00 -1.019854771569141810e-01 -1.268915508438723527e-01 0.000000000000000000e+00 0.000000000000000000e+00 0.000000000000000000e+00 0.000000000000000000e+00 0.000000000000000000e+00 0.000000000000000000e+00 0.000000000000000000e+00 0.000000000000000000e+00
1.300000000000000044e+00 1.442421940910842103e-02 0.000000000000000000e+00 9.855757805908923475e-01 0.000000000000000000e+00 0.000000000000000000e+00 0.000000000000000000e+00 -3.150624079928406041e-02 -1.149935562343558232e-01 0.000000000000000000e+00 0.000000000000000000e+00 0.000000000000000000e+00 0.000000000000000000e+00 0.000000000000000000e+00 0.000000000000000000e+00 0.000000000000000000e+00 0.000000000000000000e+00
1.399999999999999911e+00 7.231563706630163985e-03 0.000000000000000000e+00 9.927684362933715256e-01 0.000000000000000000e+00 0.000000000000000000e+00 0.000000000000000000e+00 1.406510012444503986e-02 -8.355501781692616092e-02 0.000000000000000000e+00 0.000000000000000000e+00 0.000000000000000000e+00 0.000000000000000000e+00 0.000000000000000000e+00 0.000000000000000000e+00 0.000000000000000000e+00 0.000000000000000000e+00
1.500000000000000000e+00 3.428798903162236233e-03 0.000000000000000000e+00 9.965712010968439394e-01 0.000000000000000000e+00 0.000000000000000000e+00 0.000000000000000000e+00 3.413902375969733033e-02 -4.745070242809138611e-02 0.000000000000000000e+00 0.000000000000000000e+00 0.000000000000000000e+00 0.000000000000000000e+00 0.000000000000000000e+00 0.000000000000000000e+00 0.000000000000000000e+00 0.000000000000000000e+00
1.599999999999999867e+00 1.536533184780324805e-03 0.000000000000000000e+00 9.984634668152150283e-01 0.000000000000000000e+00 0.000000000000000000e+00 0.000000000000000000e+00 3.494043232158645235e-02 -1.770136578861457657e-02 0.000000000000000000e+00 0.000000000000000000e+00 0.000000000000000000e+00 0.000000000000000000e+00 0.000000000000000000e+00 0.000000000000000000e+00 0.000000000000000000e+00 0.000000000000000000e+00
1.699999999999999956e+00 6.499893266368047488e-04 0.000000000000000000e+00 9.993500106733591570e-01 0.000000000000000000e+00 0.000000000000000000e+00 0.000000000000000000e+00 2.547616266274308969e-02 7.292827023961461711e-04 0.000000000000000000e+00 0.000000000000000000e+00 0.000000000000000000e+00 0.000000000000000000e+00 0.000000000000000000e+00 0.000000000000000000e+00 0.000000000000000000e+00 0.000000000000000000e+00
1.800000000000000044e+00 2.593317008210983799e-04 0.000000000000000000e+00 9.997406682991797355e-01 0.000000000000000000e+00 0.000000000000000000e+00 0.000000000000000000e+00 1.377350657132065531e-02 8.339954805577538821e-03 0.000000000000000000e+00 0.000000000000000000e+00 0.000000000000000000e+00 0.000000000000000000e+00 0.000000000000000000e+00 0.000000000000000000e+00 0.000000000000000000e+00 0.000000000000000000e+00
1.899999999999999911e+00 9.734207574620354375e-05 0.000000000000000000e+00 9.999026579242527024e-01 0.000000000000000000e+00 0.000000000000000000e+00 0.000000000000000000e+00 4.676503765349005783e-03 8.686930236417894635e-03 0.000000000000000000e+00 0.000000000000000000e+00 0.000000000000000000e+00 0.000000000000000000e+00 0.000000000000000000e+00 0.000000000000000000e+00 0.000000000000000000e+00 0.000000000000000000e+00
2.000000000000000000e+00 3.434841818168111387e-05 0.000000000000000000e+00 9.999656515818148295e-01 0.000000000000000000e+00 0.000000000000000000e+00 0.000000000000000000e+00 -3.259098288698026409e-04 5.851570886864329753e-03 0.000000000000000000e+00 0.000000000000000000e+00 0.000000000000000000e+00 0.000000000000000000e+00 0.000000000000000000e+00 0.000000000000000000e+00 0.000000000000000000e+00 0.000000000000000000e+00
2.099999999999999645e+00 1.137039727414793650e-05 0.000000000000000000e+00 9.999886296027300503e-01 0.000000000000000000e+00 0.000000000000000000e+00 0.000000000000000000e+00 -1.959407624373391346e-03 2.744243716524374932e-03 0.000000000000000000e+00 0.000000000000000000e+00 0.000000000000000000e+00 0.000000000000000000e+00 0.000000000000000000e+00 0.000000000000000000e+00 0.000000000000000000e+00 0.000000000000000000e+00
2.199999999999999734e+00 3.540023061614339547e-06 0.000000000000000000e+00 9.999964599769393114e-01 0.000000000000000000e+00 0.000000000000000000e+00 0.000000000000000000e+00 -1.753247055311652489e-03 6.826348754623563601e-04 0.000000000000000000e+00 0.000000000000000000e+00 0.000000000000000000e+00 0.000000000000000000e+00 0.000000000000000000e+00 0.000000000000000000e+00 0.000000000000000000e+00 0.000000000000000000e+00
2.299999999999999822e+00 1.017797490312766938e-06 0.000000000000000000e+00 9.999989822025072694e-01 0.000000000000000000e+00 0.000000000000000000e+00 0.000000000000000000e+00 -9.835177842665862938e-04 -2.243883276245620898e-04 0.000000000000000000e+00 0.000000000000000000e+00 0.000000000000000000e+00 0.000000000000000000e+00 0.000000000000000000e+00 0.000000000000000000e+00 0.000000000000000000e+00 0.000000000000000000e+00
2.399999999999999911e+00 2.769251127257944042e-07 0.000000000000000000e+00 9.999997230748869370e-01 0.000000000000000000e+00 0.000000000000000000e+00 0.000000000000000000e+00 -3.512416761408385427e-04 -3.916590086345642942e-04 0.000000000000000000e+00 0.000000000000000000e+00 0.000000000000000000e+00 0.000000000000000000e+00 0.000000000000000000e+00 0.000000000000000000e+00 0.000000000000000000e+00 0.000000000000000000e+00
2.500000000000000000e+00 7.210620315025150097e-08 0.000000000000000000e+00 9.999999278937986569e-01 0.000000000000000000e+00 0.000000000000000000e+00 0.000000000000000000e+00 -3.010461960166150393e-05 -2.665359513468500206e-04 0.000000000000000000e+00 0.000000000000000000e+00 0.000000000000000000e+00 0.000000000000000000e+00 0.000000000000000000e+00 0.000000000000000000e+00 0.000000000000000000e+00 0.000000000000000000e+00
2.600000000000000089e+00 1.446680533167350558e-08 0.000000000000000000e+00 9.999999855331923593e-01 0.000000000000000000e+00 0.000000000000000000e+00 0.000000000000000000e+00 5.704667299328389267e-05 -1.052521073983289467e-04 0.000000000000000000e+00 0.000000000000000000e+00 0.000000000000000000e+00 0.000000000000000000e+00 0.000000000000000000e+00 0.000000000000000000e+00 0.000000000000000000e+00 0.000000000000000000e+00
2.699999999999999734e+00 2.464893140577608727e-09 0.000000000000000000e+00 9.999999975351095971e-01 0.000000000000000000e+00 0.000000000000000000e+00 0.000000000000000000e+00 4.581135315288810319e-05 -1.473229650910993249e-05 0.000000000000000000e+00 0.000000000000000000e+00 0.000000000000000000e+00 0.000000000000000000e+00 0.000000000000000000e+00 0.000000000000000000e+00 0.000000000000000000e+00 0.000000000000000000e+00
2.799999999999999822e+00 6.256886804494896868e-10 0.000000000000000000e+00 9.999999993743052817e-01 0.000000000000000000e+00 0.000000000000000000e+00 0.000000000000000000e+00 1.907878068600330661e-05 8.918280645380827502e-06 0.000000000000000000e+00 0.000000000000000000e+00 0.000000000000000000e+00 0.000000000000000000e+00 0.000000000000000000e+00 0.000000000000000000e+00 0.000000000000000000e+00 0.000000000000000000e+00
2.899999999999999911e+00 1.667407010624313226e-10 0.000000000000000000e+00 9.999999998332657070e-01 0.000000000000000000e+00 0.000000000000000000e+00 0.000000000000000000e+00 2.639100486313764433e-06 5.142528980454900723e-06 0.000000000000000000e+00 0.000000000000000000e+00 0.000000000000000000e+00 0.000000000000000000e+00 0.000000000000000000e+00 0.000000000000000000e+00 0.000000000000000000e+00 0.000000000000000000e+00
3.000000000000000000e+00 2.028442615156240091e-10 0.000000000000000000e+00 9.999999997971542598e-01 0.000000000000000000e+00 0.000000000000000000e+00 0.000000000000000000e+00 -2.023542448129315686e-06 3.904847800211249212e-06 0.000000000000000000e+00 0.000000000000000000e+00 0.000000000000000000e+00 0.000000000000000000e+00 0.000000000000000000e+00 0.000000000000000000e+00 0.000000000000000000e+00 0.000000000000000000e+00
