1.000000000000000056e-01 9.756146652505784944e-01 0.000000000000000000e+00 2.438533474942387522e-02 0.000000000000000000e+00 0.000000000000000000e+00 0.000000000000000000e+00 -1.597799567001985084e-03 1.542340339982379571e-01 0.000000000000000000e+00 0.000000000000000000e+00 0.000000000000000000e+00 0.000000000000000000e+00 0.000000000000000000e+00 0.000000000000000000e+00 0.000000000000000000e+00 0.000000000000000000e+00
2.000000000000000111e-01 9.058159262983160875e-01 0.000000000000000000e+00 9.418407370168618842e-02 0.000000000000000000e+00 0.000000000000000000e+00 0.000000000000000000e+00 -1.211175450602856342e-02 2.918334103153846781e-01 0.000000000000000000e+00 0.000000000000000000e+00 0.000000000000000000e+00 0.000000000000000000e+00 0.000000000000000000e+00 0.000000000000000000e+00 0.000000000000000000e+00 0.000000000000000000e+00
2.999999999999999889e-01 7.999580956837816226e-01 0.000000000000000000e+00 2.000419043162217636e-01 0.000000000000000000e+00 0.000000000000000000e+00 0.000000000000000000e+00 -3.736012458953476278e-02 3.982830173678456598e-01 0.000000000000000000e+00 0.000000000000000000e+00 0.000000000000000000e+00 0.000000000000000000e+00 0.000000000000000000e+00 0.000000000000000000e+00 0.000000000000000000e+00 0.000000000000000000e+00
4.000000000000000222e-01 6.713956631495165972e-01 0.000000000000000000e+00 3.286043368504853457e-01 0.000000000000000000e+00 0.000000000000000000e+00 0.000000000000000000e+00 -7.793708870549477530e-02 4.631947072384044461e-01 0.000000000000000000e+00 0.000000000000000000e+00 0.000000000000000000e+00 0.000000000000000000e+00 0.000000000000000000e+00 0.000000000000000000e+00 0.000000000000000000e+00 0.000000000000000000e+00
5.000000000000000000e-01 5.348516798371426573e-01 0.000000000000000000e+00 4.651483201628548447e-01 0.000000000000000000e+00 0.000000000000000000e+00 0.000000000000000000e+00 -1.288305277386958825e-01 4.818589581518751830e-01 0.000000000000000000e+00 0.000000000000000000e+00 0.000000000000000000e+00 0.000000000000000000e+00 0.000000000000000000e+00 0.000000000000000000e+00 0.000000000000000000e+00 0.000000000000000000e+00
5.999999999999999778e-01 4.037269662037735185e-01 0.000000000000000000e+00 5.962730337962294236e-01 0.000000000000000000e+00 0.000000000000000000e+00 0.000000000000000000e+00 -1.808079491267113592e-01 4.561140082282398867e-01 0.000000000000000000e+00 0.000000000000000000e+00 0.000000000000000000e+00 0.000000000000000000e+00 0.000000000000000000e+00 0.000000000000000000e+00 0.000000000000000000e+00 0.000000000000000000e+00
6.999999999999999556e-01 2.881161881698562355e-01 0.000000000000000000e+00 7.118838118301462625e-01 0.000000000000000000e+00 0.000000000000000000e+00 0.000000000000000000e+00 -2.231820543404280377e-01 3.940748924656167773e-01 0.000000000000000000e+00 0.000000000000000000e+00 0.000000000000000000e+00 0.000000000000000000e+00 0.000000000000000000e+00 0.000000000000000000e+00 0.000000000000000000e+00 0.000000000000000000e+00
7.999999999999999334e-01 1.938355029961935094e-01 0.000000000000000000e+00 8.061644970038054359e-01 0.000000000000000000e+00 0.000000000000000000e+00 0.000000000000000000e+00 -2.469888989395060130e-01 3.086418386150374671e-01 0.000000000000000000e+00 0.000000000000000000e+00 0.000000000000000000e+00 0.000000000000000000e+00 0.000000000000000000e+00 0.000000000000000000e+00 0.000000000000000000e+00 0.000000000000000000e+00
8.999999999999999112e-01 1.224849621725043747e-01 0.000000000000000000e+00 8.775150378274946261e-01 0.000000000000000000e+00 0.000000000000000000e+00 0.000000000000000000e+00 -2.475653459594093497e-01 2.149274195110507102e-01 0.000000000000000000e+00 0.000000000000000000e+00 0.000000000000000000e+00 0.000000000000000000e+00 0.000000000000000000e+00 0.000000000000000000e+00 0.000000000000000000e+00 0.000000000000000000e+00
9.999999999999998890e-01 7.235758057755659056e-02 0.000000000000000000e+00 9.276424194224441866e-01 0.000000000000000000e+00 0.000000000000000000e+00 0.000000000000000000e+00 -2.256939369277737029e-01 1.272171681458595383e-01 0.000000000000000000e+00 0.000000000000000000e+00 0.000000000000000000e+00 0.000000000000000000e+00 0.000000000000000000e+00 0.000000000000000000e+00 0.000000000000000000e+00 0.000000000000000000e+00
1.099999999999999867e+00 3.971761931384857475e-02 0.000000000000000000e+00 9.602823806861539024e-01 0.000000000000000000e+00 0.000000000000000000e+00 0.000000000000000000e+00 -1.870311736418917015e-01 5.620916340538821554e-02 0.000000000000000000e+00 0.000000000000000000e+00 0.000000000000000000e+00 0.000000000000000000e+00 0.000000000000000000e+00 0.000000000000000000e+00 0.000000000000000000e+00 0.000000000000000000e+00
1.199999999999999956e+00 2.009621000303048188e-02 0.000000000000000000e+00 9.799037899969691434e-01 0.000000000000000000e+00 0.000000000000000000e+00 0.000000000000000000e+00 -1.401373837597662542e-01 7.339343864595357890e-03 0.000000000000000000e+00 0.000000000000000000e+00 0.000000000000000000e+00 0.000000000000000000e+00 0.000000000000000000e+00 0.000000000000000000e+00 0.000000000000000000e+00 0.000000000000000000e+00
1.300000000000000044e+00 9.271619638004685582e-03 0.000000000000000000e+00 9.907283803619967300e-01 0.000000000000000000e+00 0.000000000000000000e+00 0.000000000000000000e+00 -9.385601174584734530e-02 -1.940890771207717455e-02 0.000000000000000000e+00 0.000000000000000000e+00 0.000000000000000000e+00 0.000000000000000000e+00 0.000000000000000000e+00 0.000000000000000000e+00 0.000000000000000000e+00 0.000000000000000000e+00
1.399999999999999911e+00 3.841264532955645378e-03 0.000000000000000000e+00 9.961587354670442540e-01 0.000000000000000000e+00 0.000000000000000000e+00 0.000000000000000000e+00 -5.500582627230633792e-02 -2.829961605046336232e-02 0.000000000000000000e+00 0.000000000000000000e+00 0.000000000000000000e+00 0.000000000000000000e+00 0.000000000000000000e+00 0.000000000000000000e+00 0.000000000000000000e+00 0.000000000000000000e+00
1.500000000000000000e+00 1.397706025886252855e-03 0.000000000000000000e+00 9.986022939741132642e-01 0.000000000000000000e+00 0.000000000000000000e+00 0.000000000000000000e+00 -2.709388866664566575e-02 -2.572301635291533370e-02 0.000000000000000000e+00 0.000000000000000000e+00 0.000000000000000000e+00 0.000000000000000000e+00 0.000000000000000000e+00 0.000000000000000000e+00 0.000000000000000000e+00 0.000000000000000000e+00
1.599999999999999867e+00 4.307032851533530780e-04 0.000000000000000000e+00 9.995692967148454011e-01 0.000000000000000000e+00 0.000000000000000000e+00 0.000000000000000000e+00 -1.022442015624050113e-02 -1.805488805828298071e-02 0.000000000000000000e+00 0.000000000000000000e+00 0.000000000000000000e+00 0.000000000000000000e+00 0.000000000000000000e+00 0.000000000000000000e+00 0.000000000000000000e+00 0.000000000000000000e+00
1.699999999999999956e+00 1.054133604676797009e-04 0.000000000000000000e+00 9.998945866395299031e-01 0.000000000000000000e+00 0.000000000000000000e+00 0.000000000000000000e+00 -2.128496627692704358e-03 -1.004349088975403474e-02 0.000000000000000000e+00 0.000000000000000000e+00 0.000000000000000000e+00 0.000000000000000000e+00 0.000000000000000000e+00 0.000000000000000000e+00 0.000000000000000000e+00 0.000000000000000000e+00
1.800000000000000044e+00 1.781666088634839716e-05 0.000000000000000000e+00 9.999821833391119297e-01 0.000000000000000000e+00 0.000000000000000000e+00 0.000000000000000000e+00 4.519450074549458238e-04 -4.196668881106258887e-03 0.000000000000000000e+00 0.000000000000000000e+00 0.000000000000000000e+00 0.000000000000000000e+00 0.000000000000000000e+00 0.000000000000000000e+00 0.000000000000000000e+00 0.000000000000000000e+00
1.899999999999999911e+00 1.299340882174410711e-06 0.000000000000000000e+00 9.999987006591214422e-01 0.000000000000000000e+00 0.000000000000000000e+00 0.000000000000000000e+00 4.759909132498011146e-04 -1.035723568503664829e-03 0.000000000000000000e+00 0.000000000000000000e+00 0.000000000000000000e+00 0.000000000000000000e+00 0.000000000000000000e+00 0.000000000000000000e+00 0.000000000000000000e+00 0.000000000000000000e+00
2.000000000000000000e+00 1.707984089099378519e-08 0.000000000000000000e+00 9.999999829201624557e-01 0.000000000000000000e+00 0.000000000000000000e+00 0.000000000000000000e+00 -9.064489328210889466e-05 9.384505324760964340e-05 0.000000000000000000e+00 0.000000000000000000e+00 0.000000000000000000e+00 0.000000000000000000e+00 0.000000000000000000e+00 0.000000000000000000e+00 0.000000000000000000e+00 0.000000000000000000e+00
2.099999999999999645e+00 1.849471662450890511e-07 0.000000000000000000e+00 9.999998150528356389e-01 0.000000000000000000e+00 0.000000000000000000e+00 0.000000000000000000e+00 -3.850001144510617262e-04 1.915473149337646960e-04 0.000000000000000000e+00 0.000000000000000000e+00 0.000000000000000000e+00 0.000000000000000000e+00 0.000000000000000000e+00 0.000000000000000000e+00 0.000000000000000000e+00 0.000000000000000000e+00
2.199999999999999734e+00 1.058804183824018650e-07 0.000000000000000000e+00 9.999998941195786806e-01 0.000000000000000000e+00 0.000000000000000000e+00 0.000000000000000000e+00 -3.225826417531127508e-04 4.190787845046674336e-05 0.000000000000000000e+00 0.000000000000000000e+00 0.000000000000000000e+00 0.000000000000000000e+00 0.000000000000000000e+00 0.000000000000000000e+00 0.000000000000000000e+00 0.000000000000000000e+00
2.299999999999999822e+00 1.577727295871514160e-08 0.000000000000000000e+00 9.999999842227307312e-01 0.000000000000000000e+00 0.000000000000000000e+00 0.000000000000000000e+00 -1.219029335279651075e-04 -2.920707046460057163e-05 0.000000000000000000e+00 0.000000000000000000e+00 0.000000000000000000e+00 0.000000000000000000e+00 0.000000000000000000e+00 0.000000000000000000e+00 0.000000000000000000e+00 0.000000000000000000e+00
2.399999999999999911e+00 6.133984881141334268e-10 0.000000000000000000e+00 9.999999993865997805e-01 0.000000000000000000e+00 0.000000000000000000e+00 0.000000000000000000e+00 1.876639070124110417e-05 1.331423724070377165e-05 0.000000000000000000e+00 0.000000000000000000e+00 0.000000000000000000e+00 0.000000000000000000e+00 0.000000000000000000e+00 0.000000000000000000e+00 0.000000000000000000e+00 0.000000000000000000e+00
2.500000000000000000e+00 7.074770836583030608e-09 0.000000000000000000e+00 9.999999929252308961e-01 0.000000000000000000e+00 0.000000000000000000e+00 0.000000000000000000e+00 4.942601964772640248e-05 6.744760082771565732e-05 0.000000000000000000e+00 0.000000000000000000e+00 0.000000000000000000e+00 0.000000000000000000e+00 0.000000000000000000e+00 0.000000000000000000e+00 0.000000000000000000e+00 0.000000000000000000e+00
2.600000000000000089e+00 6.569905938243372181e-09 0.000000000000000000e+00 9.999999934300914939e-01 0.000000000000000000e+00 0.000000000000000000e+00 0.000000000000000000e+00 2.223387667936780506e-05 7.754691048893018728e-05 0.000000000000000000e+00 0.000000000000000000e+00 0.000000000000000000e+00 0.000000000000000000e+00 0.000000000000000000e+00 0.000000000000000000e+00 0.000000000000000000e+00 0.000000000000000000e+00
2.699999999999999734e+00 1.495888893708217298e-09 0.000000000000000000e+00 9.999999985041101436e-01 0.000000000000000000e+00 0.000000000000000000e+00 0.000000000000000000e+00 6.496051918984100521e-08 3.791775500698338851e-05 0.000000000000000000e+00 0.000000000000000000e+00 0.000000000000000000e+00 0.000000000000000000e+00 0.000000000000000000e+00 0.000000000000000000e+00 0.000000000000000000e+00 0.000000000000000000e+00
2.799999999999999822e+00 8.983022769108932660e-11 0.000000000000000000e+00 9.999999999101732984e-01 0.000000000000000000e+00 0.000000000000000000e+00 0.000000000000000000e+00 -1.671341274787763933e-06 -2.294408236914977083e-06 0.000000000000000000e+00 0.000000000000000000e+00 0.000000000000000000e+00 0.000000000000000000e+00 0.000000000000000000e+00 0.000000000000000000e+00 0.000000000000000000e+00 0.000000000000000000e+00
2.899999999999999911e+00 6.401254491259422746e-10 0.000000000000000000e+00 9.999999993598762682e-01 0.000000000000000000e+00 0.000000000000000000e+00 0.000000000000000000e+00 2.019389732493299741e-05 -1.297440161707038173e-05 0.000000000000000000e+00 0.000000000000000000e+00 0.000000000000000000e+00 0.000000000000000000e+00 0.000000000000000000e+00 0.000000000000000000e+00 0.000000000000000000e+00 0.000000000000000000e+00
3.000000000000000000e+00 1.044285419651563596e-09 0.000000000000000000e+00 9.999999989557131208e-01 0.000000000000000000e+00 0.000000000000000000e+00 0.000000000000000000e+00 2.883205773652924614e-05 -1.005322493565697747e-05 0.000000000000000000e+00 0.000000000000000000e+00 0.000000000000000000e+00 0.000000000000000000e+00 0.000000000000000000e+00 0.000000000000000000e+00 0.000000000000000000e+00 0.000000000000000000e+00
