1.000000000000000056e-01 9.764674657141174663e-01 1.833389069195186238e-02 5.198643593930002589e-03 0.000000000000000000e+00 1.337517470959011245e-01 -3.594149797739016813e-03 7.714911641498303354e-06 7.124820187954167272e-02 -2.611913213535919302e-04 9.759259320831149137e-03 0.000000000000000000e+00 0.000000000000000000e+00 0.000000000000000000e+00 0.000000000000000000e+00 0.000000000000000000e+00 0.000000000000000000e+00
2.000000000000000111e-01 9.080849554014590597e-01 7.160977674567171880e-02 2.030526785286829172e-02 0.000000000000000000e+00 2.549100802942895205e-01 -6.972223124528933655e-03 6.094710666245497556e-05 1.357899279786783375e-01 -1.025478550749432411e-03 3.811829077290256051e-02 0.000000000000000000e+00 0.000000000000000000e+00 0.000000000000000000e+00 0.000000000000000000e+00 0.000000000000000000e+00 0.000000000000000000e+00
2.999999999999999889e-01 8.012904468781120171e-01 1.548118092669595047e-01 4.389774385492813125e-02 0.000000000000000000e+00 3.520661285415065400e-01 -9.933025326247783837e-03 2.014167266049729911e-04 1.875494660880842324e-01 -2.236419511973774914e-03 8.240684180750221244e-02 0.000000000000000000e+00 0.000000000000000000e+00 0.000000000000000000e+00 0.000000000000000000e+00 0.000000000000000000e+00 0.000000000000000000e+00
4.000000000000000222e-01 6.661368380344115936e-01 2.601077467234644836e-01 7.375541524212514410e-02 0.000000000000000000e+00 4.160720612085758718e-01 -1.230413817379427677e-02 4.635691392899951666e-04 2.216551018957365615e-01 -3.804618946139705273e-03 1.384553348266248929e-01 0.000000000000000000e+00 0.000000000000000000e+00 0.000000000000000000e+00 0.000000000000000000e+00 0.000000000000000000e+00 0.000000000000000000e+00
5.000000000000000000e-01 5.153487726289271986e-01 3.775837902786138844e-01 1.070674370924587782e-01 0.000000000000000000e+00 4.408998052240666876e-01 -1.395366487507457287e-02 8.716688616509294567e-04 2.348963867816801221e-01 -5.614346988336901129e-03 2.009860886247554213e-01 0.000000000000000000e+00 0.000000000000000000e+00 0.000000000000000000e+00 0.000000000000000000e+00 0.000000000000000000e+00 0.000000000000000000e+00
5.999999999999999778e-01 3.631241365258353060e-01 4.961783475115711384e-01 1.406975159625935834e-01 0.000000000000000000e+00 4.242114197308961554e-01 -1.479883104231165605e-02 1.437727181938694334e-03 2.260278676260409625e-01 -7.531991570846311226e-03 2.641104505169710182e-01 0.000000000000000000e+00 0.000000000000000000e+00 0.000000000000000000e+00 0.000000000000000000e+00 0.000000000000000000e+00 0.000000000000000000e+00
6.999999999999999556e-01 2.237896173678307343e-01 6.047294951123854956e-01 1.714808875197834925e-01 0.000000000000000000e+00 3.675769314824991474e-01 -1.481154232783085493e-02 2.160470150445107599e-03 1.958851055566238342e-01 -9.416082699634618566e-03 3.218864519016677583e-01 0.000000000000000000e+00 0.000000000000000000e+00 0.000000000000000000e+00 0.000000000000000000e+00 0.000000000000000000e+00 0.000000000000000000e+00
7.999999999999999334e-01 1.104647927443830613e-01 6.930157982739313383e-01 1.965194089816859890e-01 0.000000000000000000e+00 2.763282539784742142e-01 -1.401936840543438305e-02 3.025269340134919063e-03 1.473069026240873269e-01 -1.112736746007609266e-02 3.688729276935031609e-01 0.000000000000000000e+00 0.000000000000000000e+00 0.000000000000000000e+00 0.000000000000000000e+00 0.000000000000000000e+00 0.000000000000000000e+00
8.999999999999999112e-01 3.381603429488237028e-02 7.527271511682176452e-01 2.134568145369021841e-01 0.000000000000000000e+00 1.590532143625117967e-01 -1.250288996797230615e-02 4.005254903206022753e-03 8.486589964082105753e-02 -1.253903203658403992e-02 4.006463684839481898e-01 0.000000000000000000e+00 0.000000000000000000e+00 0.000000000000000000e+00 0.000000000000000000e+00 0.000000000000000000e+00 0.000000000000000000e+00
9.999999999999998890e-01 1.061470634589228293e-03 7.782400165181639906e-01 2.206985128472461200e-01 0.000000000000000000e+00 2.679816609461308993e-02 -1.038929535288921416e-02 5.063210469584104520e-03 1.444399384703072206e-02 -1.354550794741682038e-02 4.142136326802998147e-01 0.000000000000000000e+00 0.000000000000000000e+00 0.000000000000000000e+00 0.000000000000000000e+00 0.000000000000000000e+00 0.000000000000000000e+00
1.099999999999999867e+00 1.528180975093171128e-02 7.671543621121513779e-01 2.175638281369162430e-01 0.000000000000000000e+00 -1.079907491768389294e-01 -7.842509101929000942e-03 6.154586350300968872e-03 -5.733140547153276617e-02 -1.407008249171417744e-02 4.082977743897959755e-01 0.000000000000000000e+00 0.000000000000000000e+00 0.000000000000000000e+00 0.000000000000000000e+00 0.000000000000000000e+00 0.000000000000000000e+00
1.199999999999999956e+00 7.513901492184231479e-02 7.205128399392770611e-01 2.043481451388798609e-01 0.000000000000000000e+00 -2.326222526069585961e-01 -5.050995772959614681e-03 7.230645589396158569e-03 -1.237022072266481532e-01 -1.406978437912220770e-02 3.834546955739923657e-01 0.000000000000000000e+00 0.000000000000000000e+00 0.000000000000000000e+00 0.000000000000000000e+00 0.000000000000000000e+00 0.000000000000000000e+00
1.300000000000000044e+00 1.749967321603401738e-01 6.427069533286762226e-01 1.822963145109842420e-01 0.000000000000000000e+00 -3.353605744248017162e-01 -2.213966756339938967e-03 8.242150499199765029e-03 -1.784189627466941652e-01 -1.353784521337468745e-02 3.420231507505251956e-01 0.000000000000000000e+00 0.000000000000000000e+00 0.000000000000000000e+00 0.000000000000000000e+00 0.000000000000000000e+00 0.000000000000000000e+00
1.399999999999999911e+00 3.054515329664592160e-01 5.410631551108057158e-01 1.534853119227374552e-01 0.000000000000000000e+00 -4.065320976329521163e-01 4.731436385260581788e-04 9.142896777909203382e-03 -2.163301441882176379e-01 -1.250357526882910943e-02 2.879043378234067974e-01 0.000000000000000000e+00 0.000000000000000000e+00 0.000000000000000000e+00 0.000000000000000000e+00 0.000000000000000000e+00 0.000000000000000000e+00
1.500000000000000000e+00 4.542213314552390191e-01 4.251506666327422579e-01 1.206280019120189173e-01 0.000000000000000000e+00 -4.394365476636764023e-01 2.832380559137922388e-03 9.893068292866097346e-03 -2.338673530458029171e-01 -1.102937439223444609e-02 2.261933428020848902e-01 0.000000000000000000e+00 0.000000000000000000e+00 0.000000000000000000e+00 0.000000000000000000e+00 0.000000000000000000e+00 0.000000000000000000e+00
1.599999999999999867e+00 6.073048279427740725e-01 3.058781400059802924e-01 8.681703205124433054e-02 0.000000000000000000e+00 -4.309745161666607705e-01 4.715671104071472199e-03 1.046185435431946573e-02 -2.293794940749387112e-01 -9.205378603049036226e-03 1.626981662139847518e-01 0.000000000000000000e+00 0.000000000000000000e+00 0.000000000000000000e+00 0.000000000000000000e+00 0.000000000000000000e+00 0.000000000000000000e+00
1.699999999999999956e+00 7.502793799695729460e-01 1.944824730894386955e-01 5.523814694098896222e-02 0.000000000000000000e+00 -3.819424249966664742e-01 6.014411175952682868e-03 1.082918942906991103e-02 -2.032898700025068395e-01 -7.142400389709553828e-03 1.034013420733033567e-01 0.000000000000000000e+00 0.000000000000000000e+00 0.000000000000000000e+00 0.000000000000000000e+00 0.000000000000000000e+00 0.000000000000000000e+00
1.800000000000000044e+00 8.696932141731950061e-01 1.014441164629904246e-01 2.886266936381289352e-02 0.000000000000000000e+00 -2.969525520031773280e-01 6.666435363443238248e-03 1.098706623880409301e-02 -1.580536364855921749e-01 -4.963004931028676056e-03 5.388243289213560244e-02 0.000000000000000000e+00 0.000000000000000000e+00 0.000000000000000000e+00 0.000000000000000000e+00 0.000000000000000000e+00 0.000000000000000000e+00
1.899999999999999911e+00 9.542978890866855579e-01 3.552685518115452495e-02 1.017525573215899252e-02 0.000000000000000000e+00 -1.840077771418544006e-01 6.658902739864558905e-03 1.093915727429039218e-02 -9.793140426275681598e-02 -2.792635014907517404e-03 1.880680798211883595e-02 0.000000000000000000e+00 0.000000000000000000e+00 0.000000000000000000e+00 0.000000000000000000e+00 0.000000000000000000e+00 0.000000000000000000e+00
2.000000000000000000e+00 9.961288990297708645e-01 2.935895342545549215e-03 9.352056276834716476e-04 0.000000000000000000e+00 -5.374195366878617430e-02 6.027642028210959332e-03 1.070023278051092028e-02 -2.858479194071560092e-02 -7.502546123909521877e-04 1.477424727625677560e-03 0.000000000000000000e+00 0.000000000000000000e+00 0.000000000000000000e+00 0.000000000000000000e+00 0.000000000000000000e+00 0.000000000000000000e+00
2.099999999999999645e+00 9.912486710776006182e-01 6.738994082137614305e-03 2.012334840261772225e-03 0.000000000000000000e+00 8.158718628876246437e-02 4.852830052605510910e-03 1.029420984239468213e-02 4.345979152292511055e-02 1.060055502936913972e-03 3.526669098797934315e-03 0.000000000000000000e+00 0.000000000000000000e+00 0.000000000000000000e+00 0.000000000000000000e+00 0.000000000000000000e+00 0.000000000000000000e+00
2.199999999999999734e+00 9.401174270186025694e-01 4.657751977364558982e-02 1.330505320775306373e-02 0.000000000000000000e+00 2.092313692374255796e-01 3.251417929950270805e-03 9.751912893504558269e-03 1.114145971317697104e-01 2.555703612218514047e-03 2.476256767467484299e-02 0.000000000000000000e+00 0.000000000000000000e+00 0.000000000000000000e+00 0.000000000000000000e+00 0.000000000000000000e+00 0.000000000000000000e+00
2.299999999999999822e+00 8.475453406111984611e-01 1.187037324501368785e-01 3.375092693866314775e-02 0.000000000000000000e+00 3.171827970975016342e-01 1.366851785295657151e-03 9.108203250686787780e-03 1.688860012514900033e-01 3.680991879902518246e-03 6.318869598293265499e-02 0.000000000000000000e+00 0.000000000000000000e+00 0.000000000000000000e+00 0.000000000000000000e+00 0.000000000000000000e+00 0.000000000000000000e+00
2.399999999999999911e+00 7.222495437525661144e-01 2.163259296026032452e-01 6.142452664483062652e-02 0.000000000000000000e+00 3.952731842613350088e-01 -6.428195777594485592e-04 8.399200487129832027e-03 2.104597102089194316e-01 4.409405501922115771e-03 1.151879983768606674e-01 0.000000000000000000e+00 0.000000000000000000e+00 0.000000000000000000e+00 0.000000000000000000e+00 0.000000000000000000e+00 0.000000000000000000e+00
2.500000000000000000e+00 5.760273268307578576e-01 3.302526213368148778e-01 9.372005183242863857e-02 0.000000000000000000e+00 4.361509856248801387e-01 -2.617601923780125094e-03 7.659358416862513050e-03 2.322211123072010774e-01 4.744174751083221099e-03 1.758658170182337555e-01 0.000000000000000000e+00 0.000000000000000000e+00 0.000000000000000000e+00 0.000000000000000000e+00 0.000000000000000000e+00 0.000000000000000000e+00
2.600000000000000089e+00 4.226420275442187013e-01 4.497605503155130413e-01 1.275974221402681741e-01 0.000000000000000000e+00 4.359682066565384595e-01 -4.408347272752051807e-03 6.919079112668502854e-03 2.321210018574565992e-01 4.716115299787510678e-03 2.395120979350557899e-01 0.000000000000000000e+00 0.000000000000000000e+00 0.000000000000000000e+00 0.000000000000000000e+00 0.000000000000000000e+00 0.000000000000000000e+00
2.699999999999999734e+00 2.765360181916398097e-01 5.635974223729774968e-01 1.598665594353826935e-01 0.000000000000000000e+00 3.947408271262206059e-01 -5.887837275988187097e-03 6.202814864156263111e-03 2.101675211051825809e-01 4.379437141823797411e-03 3.001353050740526163e-01 0.000000000000000000e+00 0.000000000000000000e+00 0.000000000000000000e+00 0.000000000000000000e+00 0.000000000000000000e+00 0.000000000000000000e+00
2.799999999999999822e+00 1.514656890736070516e-01 6.610454081761183431e-01 1.874889027502751049e-01 0.000000000000000000e+00 3.163498886778331465e-01 -6.960298000902829206e-03 5.527910466138295960e-03 1.684267731940361501e-01 3.805834451431547652e-03 3.520286833079216415e-01 0.000000000000000000e+00 0.000000000000000000e+00 0.000000000000000000e+00 0.000000000000000000e+00 0.000000000000000000e+00 0.000000000000000000e+00
2.899999999999999911e+00 5.920797412420804318e-02 7.329289050359439894e-01 2.078631208398468433e-01 0.000000000000000000e+00 2.081777216599529079e-01 -7.567772114455464591e-03 4.904187573424641927e-03 1.108291614743347475e-01 3.077503746153891374e-03 3.903068261321314125e-01 0.000000000000000000e+00 0.000000000000000000e+00 0.000000000000000000e+00 0.000000000000000000e+00 0.000000000000000000e+00 0.000000000000000000e+00
3.000000000000000000e+00 8.445415997088747892e-03 7.724831956432267610e-01 2.190713883596842604e-01 0.000000000000000000e+00 8.040366842554924620e-02 -7.693609581878653458e-03 4.334311035894221169e-03 4.279442298113098758e-02 2.279452768063824301e-03 4.113681687361627759e-01 0.000000000000000000e+00 0.000000000000000000e+00 0.000000000000000000e+00 0.000000000000000000e+00 0.000000000000000000e+00 0.000000000000000000e+00
