0.000000000000000000e+00 7.959094119414689626e-12 9.541947624454381481e-12 -1.000000000000000000e+00
1.025641025641025605e-01 2.108349329673462058e-01 2.334246176332481493e-01 -9.488606408548070359e-01
2.051282051282051211e-01 4.183611036925370397e-01 4.177213982807144732e-01 -8.038620065370959411e-01
3.076923076923077094e-01 6.141173831853291576e-01 5.165950558459364572e-01 -5.868357611854335687e-01
4.102564102564102422e-01 7.813078320697462997e-01 5.127117641929155312e-01 -3.264753767496729187e-01
5.128205128205127750e-01 8.959253541277526489e-01 4.093469837833315639e-01 -5.328358211875724310e-02
6.153846153846154188e-01 9.339034198292870403e-01 2.310112840807007628e-01 2.047885742324105085e-01
7.179487179487179516e-01 8.822782665741046859e-01 1.992357114459744616e-02 4.275819622272624687e-01
8.205128205128204844e-01 7.476148791109010761e-01 -1.751447046601669055e-01 6.060471328523169277e-01
9.230769230769230171e-01 5.560720483993201180e-01 -3.137942720807049835e-01 7.408274343485906632e-01
1.025641025641025550e+00 3.456017109998472114e-01 -3.750816954816905135e-01 8.377600054927586415e-01
1.128205128205128194e+00 1.545904688600469590e-01 -3.607733591091195624e-01 9.041243585147372697e-01
1.230769230769230838e+00 1.144611281145799936e-02 -2.912611108290573125e-01 9.469478862465503521e-01
1.333333333333333259e+00 -7.190694290787318088e-02 -1.963633264090419994e-01 9.726814329434249062e-01
1.435897435897435903e+00 -1.004074267505138118e-01 -1.046519945328882040e-01 9.869519679138124557e-01
1.538461538461538325e+00 -9.067799656507950778e-02 -3.524088277763096771e-02 9.942220885822912191e-01
1.641025641025640969e+00 -6.289350647099004044e-02 5.347576408841259177e-03 9.976246892218647577e-01
1.743589743589743613e+00 -3.357572755363522066e-02 2.098426852027360234e-02 9.990916031740196823e-01
1.846153846153846034e+00 -1.195658935973733551e-02 2.080042683458673686e-02 9.996762288246702211e-01
1.948717948717948678e+00 -2.180171006809384499e-04 1.402647781579493928e-02 9.998923651865062601e-01
2.051282051282051100e+00 3.823414264147108506e-03 6.911312062172794007e-03 9.999666905351878299e-01
2.153846153846153744e+00 3.690629410110830670e-03 2.172297721735137049e-03 9.999903967710679353e-01
2.256410256410256387e+00 2.224436888080328668e-03 -3.399163748396679882e-05 9.999974459492657619e-01
2.358974358974359031e+00 9.287766131965102508e-04 -6.025496429088734573e-04 9.999993741127627400e-01
2.461538461538461675e+00 2.184273693607124132e-04 -4.780128104925268151e-04 9.999998599788633147e-01
2.564102564102563875e+00 -3.948072272445942929e-05 -2.338023567025009465e-04 9.999999716404646133e-01
2.666666666666666519e+00 -6.871017073988266565e-05 -7.422540586371245870e-05 9.999999948597467769e-01
2.769230769230769162e+00 -4.290333604102208160e-05 -9.791783735809589829e-06 9.999999990341100764e-01
2.871794871794871806e+00 -1.326220434565945733e-05 7.293147282375315947e-06 9.999999998910021892e-01
2.974358974358974450e+00 -5.943904932970401242e-06 5.241185174713807059e-06 9.999999999744484391e-01
3.076923076923076650e+00 -2.057461956070579288e-06 3.901444101261960425e-06 9.999999999966001640e-01
3.179487179487179294e+00 -2.744242712119381941e-06 3.169503212547922006e-06 9.999999999973370191e-01
3.282051282051281937e+00 -5.426820170731317632e-07 -3.481060617594333564e-06 9.999999999995037303e-01
3.384615384615384581e+00 5.077965379633742647e-07 1.739436740745309687e-06 1.000000000006315171e+00
3.487179487179487225e+00 -7.005957425629465930e-07 -1.609880549211858286e-06 1.000000000007624568e+00
3.589743589743589425e+00 -3.231595209633298785e-07 -8.380752913279555024e-07 1.000000000007604806e+00
3.692307692307692069e+00 -8.200961137445320873e-07 -8.217760752549980447e-07 1.000000000005969003e+00
3.794871794871794712e+00 1.176973677259330606e-06 -4.320165073904701901e-06 1.000000000000170308e+00
3.897435897435897356e+00 -7.870266049810795010e-07 -5.328838465846388991e-06 9.999999999948533391e-01
4.000000000000000000e+00 1.514096297728143032e-06 1.908121832131750037e-06 1.000000000008830714e+00
