1.000000000000000056e-01 -6.508370244307276620e-02 -1.065595001927759945e-02 -8.842728382575504309e-01
2.000000000000000111e-01 -7.233964863036490209e-03 -1.075971641295463349e-03 -8.355795942991683933e-01
2.999999999999999889e-01 -8.779674776916710009e-05 -1.082612072597354420e-05 -7.598866763847760275e-01
4.000000000000000222e-01 -1.378440097651383671e-07 -1.195379197192725247e-08 -6.645586204367760486e-01
5.000000000000000000e-01 -2.950518142427410672e-11 -1.115670482174025273e-12 -5.584032508805653050e-01
5.999999999999999778e-01 -2.466009727628306708e-15 -2.672737731233442139e-15 -4.504934596470100416e-01
6.999999999999999556e-01 1.067299294010920218e-15 -1.236179162712695296e-15 -3.490446673477307638e-01
7.999999999999999334e-01 7.001661759457231296e-16 -2.346379437503789471e-15 -2.605161747947905559e-01
8.999999999999999112e-01 -2.079674056352656233e-16 -7.388264359750806608e-16 -1.890583642294614841e-01
9.999999999999998890e-01 1.435535554232041161e-16 2.259916826407535353e-17 -1.363512958242378004e-01
1.099999999999999867e+00 4.271666347488627280e-17 -3.816760376654431090e-16 -1.018129394439823282e-01
1.199999999999999956e+00 -7.543979214290030003e-18 -2.961612435757719214e-16 -8.307577472765864668e-02
1.300000000000000044e+00 -9.085770204262219991e-17 -3.103498951351937231e-16 -7.663104002144054128e-02
1.399999999999999911e+00 1.366686486487533581e-16 -2.161338855627098559e-16 -7.850128580970235082e-02
1.500000000000000000e+00 1.176579699735917162e-16 -3.523015842143916039e-16 -8.483294162617951994e-02
1.599999999999999867e+00 8.604446106284777852e-17 -3.352145459761006383e-16 -9.234003646141827892e-02
1.699999999999999956e+00 2.571948519112639440e-16 -2.663443250893639041e-16 -9.856954051472514855e-02
1.800000000000000044e+00 8.183859372952084686e-17 -3.608489288227561798e-16 -1.019799511560004895e-01
1.899999999999999911e+00 -2.822132603055378062e-17 -5.138939410162524622e-16 -1.018848621359605272e-01
2.000000000000000000e+00 1.172922694770632572e-18 -3.231664880235746493e-16 -9.829085692295692900e-02
2.099999999999999645e+00 1.283432736974346807e-16 -2.064186090037210998e-16 -9.169450329689757262e-02
2.199999999999999734e+00 9.748564598309328468e-19 -4.476527200116172490e-16 -8.287076142505567233e-02
2.299999999999999822e+00 -1.306688281997922047e-17 -2.379356203494512078e-16 -7.269107704075096488e-02
2.399999999999999911e+00 2.480261059468982746e-17 -1.476613914072249218e-16 -6.198542731053566929e-02
2.500000000000000000e+00 -2.504334934667428232e-17 -2.937977297014321474e-16 -5.145275437640379340e-02
2.600000000000000089e+00 1.251041774137100135e-17 -1.451003569706919989e-16 -4.161737818795623045e-02
2.699999999999999734e+00 1.372023766427949444e-17 -1.220075472919626201e-16 -3.282218201544003650e-02
2.799999999999999822e+00 -7.804321503541939674e-18 -1.232700621426508347e-16 -2.524529805397172574e-02
2.899999999999999911e+00 4.915381865168493795e-18 -5.190702443039717303e-17 -1.893143863098249377e-02
3.000000000000000000e+00 -1.824927997818025005e-18 -4.954643901397868102e-17 -1.382769001175606846e-02
