1.000000000000000056e-01 -3.536729914703227833e-03 -9.508952766940093060e-02 -8.658331117751330019e-01
2.000000000000000111e-01 -2.448788257801461088e-04 -1.039369121403590536e-02 -7.645953641154628055e-01
2.999999999999999889e-01 7.272322698813120064e-08 -1.225521284956707839e-04 -6.100686083444780694e-01
4.000000000000000222e-01 6.969069123845692964e-09 -1.843536146414349299e-07 -4.210596127752244122e-01
5.000000000000000000e-01 3.442970188626464824e-12 -3.718625927969116370e-11 -2.194459535038074671e-01
5.999999999999999778e-01 4.879396236940119436e-17 -1.214031618808097862e-15 -2.683461783504356712e-02
6.999999999999999556e-01 -1.080430014995400746e-17 6.200716925508433939e-16 1.384510172834474695e-01
7.999999999999999334e-01 1.796256166987227419e-16 5.566813820007729783e-16 2.635452605872813381e-01
8.999999999999999112e-01 7.173972426044695255e-16 -4.281255407416926747e-16 3.421003229234130805e-01
9.999999999999998890e-01 4.937496152320928689e-17 1.877302890573155399e-15 3.741735997897612798e-01
1.099999999999999867e+00 1.318343548170857365e-15 5.001752156243242893e-16 3.651733414380589071e-01
1.199999999999999956e+00 5.403573401888205178e-16 1.665150695979506619e-15 3.241715586993606513e-01
1.300000000000000044e+00 8.687720518990034001e-16 -9.204195824053967943e-17 2.620126634697881318e-01
1.399999999999999911e+00 6.563536565531137269e-16 -5.379445866791258206e-16 1.895458179472066240e-01
1.500000000000000000e+00 1.856625062933609337e-16 4.724074336580336957e-16 1.162605212298963714e-01
1.599999999999999867e+00 2.485070210656240524e-17 2.693250590843466472e-16 4.943074562815905765e-02
1.699999999999999956e+00 -1.656115670520480781e-18 -3.014821833916145090e-17 -6.213505039025778512e-03
1.800000000000000044e+00 -3.653481354870699889e-17 -1.993809660019267841e-16 -4.838331670827916708e-02
1.899999999999999911e+00 -8.670228392538493474e-18 -2.775381716416202376e-16 -7.682929436051687266e-02
2.000000000000000000e+00 -4.047507929773630237e-18 -3.146349979885052062e-16 -9.278375465215746298e-02
2.099999999999999645e+00 -6.117020575085309730e-17 -2.782727151889123547e-16 -9.837762326179132211e-02
2.199999999999999734e+00 -1.189721190822792250e-17 -2.798926837063516933e-16 -9.612742305771293516e-02
2.299999999999999822e+00 -1.611683886289108882e-17 -2.636307156828272274e-16 -8.853121084248878614e-02
2.399999999999999911e+00 -3.983148926863631399e-17 -2.944194354863028333e-16 -7.780326009539662024e-02
2.500000000000000000e+00 -3.140056195618891017e-19 -2.356369901962620542e-16 -6.573308555875424786e-02
2.600000000000000089e+00 -1.394263340158916438e-17 -1.067376151851418782e-16 -5.363987200611684131e-02
2.699999999999999734e+00 2.563889312539645467e-18 -1.452039976638179054e-16 -4.240224979258402221e-02
2.799999999999999822e+00 -4.324867860249579201e-18 -1.260733435433570082e-16 -3.252344016106964442e-02
2.899999999999999911e+00 -8.677873502707312559e-19 -1.116763869787286832e-16 -2.421802048789864492e-02
3.000000000000000000e+00 1.513304580235966335e-18 -7.424325781899865296e-17 -1.749504451416087833e-02
