1.000000000000000056e-01 1.745348847092993011e-02 7.625001993661799371e-02 -8.773806673178172755e-01
2.000000000000000111e-01 1.790340435007102028e-03 8.440354386583685808e-03 -8.090183925396177145e-01
2.999999999999999889e-01 1.865226693653954012e-05 1.017281912756658646e-04 -7.037222410876060597e-01
4.000000000000000222e-01 2.234850572817936017e-08 1.581279419386009106e-07 -5.730379181442772918e-01
5.000000000000000000e-01 2.806258836785985142e-12 3.340180627766684857e-11 -4.305796774610720079e-01
5.999999999999999778e-01 1.484713712871642965e-16 -1.092630188649861339e-15 -2.900803804467533831e-01
6.999999999999999556e-01 -6.088206369783279442e-16 -7.646769484150875152e-16 -1.635806140433498368e-01
7.999999999999999334e-01 -1.455382733270959182e-16 -1.407996773760381992e-16 -6.004354089052277299e-02
8.999999999999999112e-01 3.057976193446127391e-17 1.520026493767306830e-17 1.539934396180350946e-02
9.999999999999998890e-01 8.040028256310971878e-17 2.078348883812207394e-16 6.154706868679658827e-02
1.099999999999999867e+00 8.508327847907050001e-17 1.664504492922980077e-16 8.064100161696902136e-02
1.199999999999999956e+00 9.850995968056035826e-17 1.517021619713837503e-16 7.745894327574141813e-02
1.300000000000000044e+00 1.841431621064931487e-16 -1.419650569668975820e-17 5.821870236466102771e-02
1.399999999999999911e+00 2.293683807449316398e-17 8.821482946643584529e-17 2.950128124049694947e-02
1.500000000000000000e+00 -4.560242253303592691e-18 -1.314968616366535192e-17 -2.649789988261532555e-03
1.599999999999999867e+00 -6.074461949978883030e-17 -5.096147171077672403e-17 -3.334626957633836375e-02
1.699999999999999956e+00 4.815916193081691895e-17 -2.911239050109894954e-16 -5.916354323754551003e-02
1.800000000000000044e+00 -1.015820940085070647e-16 -2.108669218769623654e-16 -7.817387856721511041e-02
1.899999999999999911e+00 -9.241126594762360057e-17 -2.835186647719750358e-16 -8.976845428581296804e-02
2.000000000000000000e+00 -4.018034660863558670e-17 -4.917387875531021725e-16 -9.435760175274017503e-02
2.099999999999999645e+00 -1.559425604476459328e-17 -5.403209462111934660e-16 -9.302351315886030203e-02
2.199999999999999734e+00 1.962860951760174058e-17 -2.822566141935275220e-16 -8.718871138207863469e-02
2.299999999999999822e+00 -3.807019323639837405e-17 -1.456769711550172378e-16 -7.834908544409979747e-02
2.399999999999999911e+00 -4.963169158235309205e-17 -2.070296922928809847e-16 -6.787711129209419991e-02
2.500000000000000000e+00 4.028291790350272429e-18 -3.007171780732717268e-16 -5.690834979284482842e-02
2.600000000000000089e+00 -2.939934752608869126e-17 -7.823971416545565916e-17 -4.629347740463448518e-02
2.699999999999999734e+00 -1.270443738975628883e-17 -7.606689024278089407e-17 -3.660003166233635752e-02
2.799999999999999822e+00 4.793042542969731802e-18 -1.166233926647651276e-16 -2.814826125605370336e-02
2.899999999999999911e+00 1.759544773864294883e-18 -1.049746223202219906e-16 -2.106060034478117113e-02
3.000000000000000000e+00 2.249624838861666735e-19 -4.987543959369234449e-17 -1.531704282231980720e-02
