1.000000000000000056e-01 -7.622826438573816754e-02 -3.740080335268688994e-02 -8.731065312534685985e-01
2.000000000000000111e-01 -8.443443358451211550e-03 -3.977730824079588057e-03 -7.925659860772132914e-01
2.999999999999999889e-01 -1.018802883374779651e-04 -4.459277446204066360e-05 -6.690038560176887472e-01
4.000000000000000222e-01 -1.586327502117057818e-07 -6.171814683108475686e-08 -5.166214585655123370e-01
5.000000000000000000e-01 -3.359240481829110487e-11 -1.085538789428894659e-11 -3.520682532798751763e-01
5.999999999999999778e-01 -2.482613854522768952e-16 -1.371695570616297772e-15 -1.919850203890062501e-01
6.999999999999999556e-01 1.452408057591264918e-16 -1.602438766551291408e-17 -5.075380543094537567e-02
7.999999999999999334e-01 -2.728624524803466277e-17 1.389180899444236606e-16 6.118191069675506244e-02
8.999999999999999112e-01 -4.385566187257826243e-17 7.627343470289875984e-16 1.381890467215902696e-01
9.999999999999998890e-01 -1.511541195549477747e-16 7.526078479454453075e-16 1.794777312427019711e-01
1.099999999999999867e+00 -1.182022161103174084e-16 2.019647676390994111e-16 1.884167238643949527e-01
1.199999999999999956e+00 1.095955218871892950e-16 5.781842019480731644e-16 1.713440870354893397e-01
1.300000000000000044e+00 -1.326838885491543948e-16 2.236098612834756322e-16 1.361847590186087698e-01
1.399999999999999911e+00 -9.388851972994335788e-17 2.825815274747696346e-16 9.111021905171343138e-02
1.500000000000000000e+00 -5.800040375049801238e-17 8.345839758469264608e-17 4.346993130959963397e-02
1.599999999999999867e+00 2.444016952305293194e-19 -2.560375860130438684e-18 -9.296594232742766287e-04
1.699999999999999956e+00 6.052560576237965048e-18 -7.404581967281310206e-17 -3.814190691838417746e-02
1.800000000000000044e+00 6.046647652594041913e-17 -2.489943825537829873e-16 -6.607063411294625266e-02
1.899999999999999911e+00 4.545661648926503378e-17 -3.556107451971599449e-16 -8.421682258895643591e-02
2.000000000000000000e+00 2.814537040272518993e-17 -4.405875753960279641e-16 -9.327673218008633582e-02
2.099999999999999645e+00 3.184833077739351874e-17 -2.875750573350047456e-16 -9.471547201331485810e-02
2.199999999999999734e+00 -4.680900501249077752e-17 -4.685617319806247765e-16 -9.036093444111585604e-02
2.299999999999999822e+00 2.184336749633835893e-17 -1.534420499260792073e-16 -8.208590892801320704e-02
2.399999999999999911e+00 5.270183966729622455e-17 -7.127690378547294196e-17 -7.158350079892085438e-02
2.500000000000000000e+00 2.495283895908927870e-17 -2.472733950153827905e-16 -6.024083619418967722e-02
2.600000000000000089e+00 2.407134804256545264e-17 -6.836823681821984956e-17 -4.909099043364963111e-02
2.699999999999999734e+00 3.023622951962180531e-18 -1.220798844733397208e-16 -3.882426181584893582e-02
2.799999999999999822e+00 1.515431564246298286e-17 -2.730300578008256210e-17 -2.983519309343813167e-02
2.899999999999999911e+00 4.228384680844507879e-18 -5.304905893212025929e-17 -2.228389005745729998e-02
3.000000000000000000e+00 -2.963865669255975108e-18 -6.480151155527076708e-17 -1.616467663799390012e-02
