1.000000000000000056e-01 -1.176728561872476264e-01 2.558014251533044514e-01 -9.439819963798140590e-01
2.000000000000000111e-01 -2.371570918866218458e-01 4.702095311319653970e-01 -7.858657742052024275e-01
2.999999999999999889e-01 -3.551375864156661732e-01 6.113502621782960222e-01 -5.525931090393438883e-01
4.000000000000000222e-01 -4.617486446984385151e-01 6.639384725069933380e-01 -2.804628290591076323e-01
5.000000000000000000e-01 -5.436009850032864632e-01 6.315551752158965471e-01 -5.464601504272395029e-03
5.999999999999999778e-01 -5.888243657956685473e-01 5.333456784997686606e-01 2.446221329955219348e-01
6.999999999999999556e-01 -5.912239589410686058e-01 3.970114122620481689e-01 4.538192153236151882e-01
7.999999999999999334e-01 -5.521114804255559116e-01 2.512731851314818909e-01 6.171647931097373752e-01
8.999999999999999112e-01 -4.798904915278346950e-01 1.199049179448919700e-01 7.375594596023529181e-01
9.999999999999998890e-01 -3.878264228409443737e-01 1.813558631257586318e-02 8.221368182934356561e-01
1.099999999999999867e+00 -2.905581806393915389e-01 -4.836582909908224148e-02 8.793646902154309553e-01
1.199999999999999956e+00 -2.005738065310135598e-01 -8.201759856103268964e-02 9.171333021387306772e-01
1.300000000000000044e+00 -1.259496364104771282e-01 -9.022883437666706641e-02 9.418086077686734781e-01
1.399999999999999911e+00 -6.993913291081318984e-02 -8.204062807911172150e-02 9.580176369740315279e-01
1.500000000000000000e+00 -3.194919366676880756e-02 -6.565629285038329654e-02 9.688753537738200583e-01
1.599999999999999867e+00 -9.057782399247645694e-03 -4.722843905489033933e-02 9.763648487647728080e-01
1.699999999999999956e+00 2.597659779621411258e-03 -3.061657742042445118e-02 9.817073844192325538e-01
1.800000000000000044e+00 6.858455251753842880e-03 -1.770259552534743722e-02 9.856448688332734021e-01
1.899999999999999911e+00 6.965777366473032729e-03 -8.883715123382552800e-03 9.886303721005603728e-01
2.000000000000000000e+00 5.300527053361953934e-03 -3.635843738328578545e-03 9.909460041041533440e-01
2.099999999999999645e+00 3.334920724562563492e-03 -9.940848066551282239e-04 9.927730652555619706e-01
2.199999999999999734e+00 1.773449494727608999e-03 4.301437736629475268e-05 9.942323446274861087e-01
2.299999999999999822e+00 7.948481120904945640e-04 2.772345608088212657e-04 9.954074271706910837e-01
2.399999999999999911e+00 2.953507483787345218e-04 2.173134492726744673e-04 9.963581353218420311e-01
2.500000000000000000e+00 9.175143874169875671e-05 1.140496106227555708e-04 9.971286307131579374e-01
2.600000000000000089e+00 2.326579582462497497e-05 4.254134656926862238e-05 9.977523733716090470e-01
2.699999999999999734e+00 7.724542534257715528e-06 1.200776094085607060e-05 9.982554121208710995e-01
2.799999999999999822e+00 5.311630436762299130e-06 4.775208023233722248e-06 9.986585973882307066e-01
2.899999999999999911e+00 -3.316103974510441447e-07 -1.304681104172709636e-06 9.989790738602043474e-01
3.000000000000000000e+00 2.762148348484891459e-06 2.389806039138405992e-06 9.992312584371386697e-01
