1.000000000000000056e-01 1.674723014927912146e-01 8.985102875096243058e-02 -9.817907599789540418e-01
2.000000000000000111e-01 3.181427179042196074e-01 1.928460272830258282e-01 -9.282340671106832364e-01
2.999999999999999889e-01 4.343820116409277121e-01 3.183575011428947388e-01 -8.424182490065622586e-01
4.000000000000000222e-01 4.978170153327809988e-01 4.684513243906915370e-01 -7.290913390735406230e-01
5.000000000000000000e-01 4.910071529530066758e-01 6.350029528070666451e-01 -5.941749194205239171e-01
5.999999999999999778e-01 4.011182625769362797e-01 7.982659110473677710e-01 -4.442032006792713816e-01
6.999999999999999556e-01 2.252403565092339632e-01 9.279261250116641602e-01 -2.857839603463948608e-01
7.999999999999999334e-01 -2.392487623804756547e-02 9.877099791406489526e-01 -1.251927574734245652e-01
8.999999999999999112e-01 -3.141477363469991624e-01 9.440042089487303834e-01 3.199452754648648978e-02
9.999999999999998890e-01 -5.944771683399764362e-01 7.774760276871623965e-01 1.812026206197113187e-01
1.099999999999999867e+00 -8.029965072056144404e-01 4.947767886778330348e-01 3.188964010829397067e-01
1.199999999999999956e+00 -8.820980682748214008e-01 1.355655553558947068e-01 4.426753463401836286e-01
1.300000000000000044e+00 -7.980927017542738255e-01 -2.301980816336099411e-01 5.512730198064518250e-01
1.399999999999999911e+00 -5.586730779258207713e-01 -5.176678233726454970e-01 6.443522672937392892e-01
1.500000000000000000e+00 -2.195022172996727028e-01 -6.530923298517202769e-01 7.224079453622224145e-01
1.599999999999999867e+00 1.266990759161975566e-01 -6.024824860375348479e-01 7.865182935472238013e-01
1.699999999999999956e+00 3.789220471824297776e-01 -3.903579206136537083e-01 8.381501116421569142e-01
1.800000000000000044e+00 4.658191500283864750e-01 -9.725180552971401937e-02 8.789684419007358640e-01
1.899999999999999911e+00 3.766930866144106993e-01 1.679032690561198804e-01 9.106737433394749281e-01
2.000000000000000000e+00 1.687907318574269622e-01 3.116636911326146064e-01 9.348992522208141587e-01
2.099999999999999645e+00 -5.658117081236459234e-02 2.969423351104785724e-01 9.531181307423695070e-01
2.199999999999999734e+00 -2.008222407029868761e-01 1.587789629379560696e-01 9.666214374098800466e-01
2.299999999999999822e+00 -2.148624717516462446e-01 -1.567083879921653961e-02 9.764910024239870090e-01
2.399999999999999911e+00 -1.199814338265570157e-01 -1.344847497231927980e-01 9.836111428980036653e-01
2.500000000000000000e+00 1.021448401611332879e-02 -1.496179858367481796e-01 9.886842425266072487e-01
2.600000000000000089e+00 9.659896875024207019e-02 -7.801620748987539433e-02 9.922578056470513497e-01
2.699999999999999734e+00 1.008848555513059408e-01 1.731047276794627290e-02 9.947459429926674979e-01
2.799999999999999822e+00 4.219309714744650525e-02 7.266501113510150101e-02 9.964627964195104104e-01
2.899999999999999911e+00 -2.509161043013335979e-02 6.397260677155078290e-02 9.976358375445374405e-01
3.000000000000000000e+00 -5.393946079847837527e-02 1.508118625207139143e-02 9.984301672807329719e-01
