1.000000000000000056e-01 1.493823421739044477e-01 6.300942533006965995e-02 -9.867862600999651734e-01
2.000000000000000111e-01 2.935453002271378176e-01 1.254622620086525142e-01 -9.477138754405342036e-01
2.999999999999999889e-01 4.276062806093260393e-01 1.867832649064367079e-01 -8.844394177175209926e-01
4.000000000000000222e-01 5.473165306195293400e-01 2.463370535478514034e-01 -7.995724810150455220e-01
5.000000000000000000e-01 6.492922621839025688e-01 3.034399552009743317e-01 -6.964613166093203134e-01
5.999999999999999778e-01 7.311482877849850848e-01 3.573288890951243357e-01 -5.789569955117974676e-01
6.999999999999999556e-01 7.915587838520287134e-01 4.071825553159081901e-01 -4.511462328612917405e-01
7.999999999999999334e-01 8.302173434961434006e-01 4.521354843827904424e-01 -3.171383297742298990e-01
8.999999999999999112e-01 8.477629602508677253e-01 4.913270000392785386e-01 -1.808463669583554867e-01
9.999999999999998890e-01 8.456464290009242379e-01 5.239570593908283724e-01 -4.583900208268719412e-02
1.099999999999999867e+00 8.259855690400630390e-01 5.493387271924046189e-01 8.481558940144937053e-02
1.199999999999999956e+00 7.913697056974624555e-01 5.669838282732618806e-01 2.085891340676520045e-01
1.300000000000000044e+00 7.447042393320331133e-01 5.766358516032621395e-01 3.235347690041858737e-01
1.399999999999999911e+00 6.890016766325676167e-01 5.783128585813945843e-01 4.283543919719684512e-01
1.500000000000000000e+00 6.272500152136413210e-01 5.723157098329865189e-01 5.222735955778433636e-01
1.599999999999999867e+00 5.622332770309569350e-01 5.592146268734523584e-01 6.050591459788118298e-01
1.699999999999999956e+00 4.964470752690451905e-01 5.398031516180035183e-01 6.768983009150140173e-01
1.800000000000000044e+00 4.319876501091585164e-01 5.150534102763165700e-01 7.383297516490574530e-01
1.899999999999999911e+00 3.705382727219521111e-01 4.860464234790223825e-01 7.901284946232089990e-01
2.000000000000000000e+00 3.133529734028849267e-01 4.538946557034602702e-01 8.332328091365456268e-01
2.099999999999999645e+00 2.612691502763577756e-01 4.196916917894020771e-01 8.686593851766178931e-01
2.199999999999999734e+00 2.147579819606045548e-01 3.844637500828558263e-01 8.974340151755588746e-01
2.299999999999999822e+00 1.739811363420276924e-01 3.491254974689597113e-01 9.205465045457450479e-01
2.399999999999999911e+00 1.388389291236068745e-01 3.144419583254857153e-01 9.389233097662423866e-01
2.500000000000000000e+00 1.090588665597708173e-01 2.810617381650102331e-01 9.533853387864786866e-01
2.600000000000000089e+00 8.421513715972631098e-02 2.494527626525892272e-01 9.646664932141986171e-01
2.699999999999999734e+00 6.382050388762763871e-02 2.199585607435640688e-01 9.733893794081700523e-01
2.799999999999999822e+00 4.733025882670485740e-02 1.927908894165787923e-01 9.800806711204450572e-01
2.899999999999999911e+00 3.422066105483186071e-02 1.680692035537460771e-01 9.851715165526671036e-01
3.000000000000000000e+00 2.397171156578314921e-02 1.457871811157903930e-01 9.890202681799074025e-01
