1.000000000000000056e-01 -1.799256780835230621e-02 9.884504775639013641e-02 -9.949450019204487683e-01
2.000000000000000111e-01 -4.297124674680810608e-02 1.950443394971403677e-01 -9.798676642231487488e-01
2.999999999999999889e-01 -8.143470229266477900e-02 2.851735490325713607e-01 -9.550278627074798576e-01
4.000000000000000222e-01 -1.387929307567480897e-01 3.643601387941886594e-01 -9.208492622393419369e-01
5.000000000000000000e-01 -2.185798214141006501e-01 4.258574816143467778e-01 -8.779007971971779511e-01
5.999999999999999778e-01 -3.214212793570723758e-01 4.609979139843666252e-01 -8.268819347805170805e-01
6.999999999999999556e-01 -4.438857258597594946e-01 4.597224524536727142e-01 -7.686004676385500556e-01
7.999999999999999334e-01 -5.773680730840360376e-01 4.118603752293123477e-01 -7.039403528863857895e-01
8.999999999999999112e-01 -7.073659293872588405e-01 3.092234418368859372e-01 -6.338403082198966754e-01
9.999999999999998890e-01 -8.136348226879321910e-01 1.484643358952454917e-01 -5.592706230695867475e-01
1.099999999999999867e+00 -8.717348667752164992e-01 -6.565537119933295696e-02 -4.812384535558712484e-01
1.199999999999999956e+00 -8.564957763457182738e-01 -3.172572068048253313e-01 -4.006808919649365586e-01
1.300000000000000044e+00 -7.473277744043801407e-01 -5.777456529804942953e-01 -3.185571710692057246e-01
1.399999999999999911e+00 -5.351346279980344622e-01 -8.067784103093356141e-01 -2.357500181185360200e-01
1.500000000000000000e+00 -2.292962832661653572e-01 -9.570974263031445384e-01 -1.530908431476713238e-01
1.599999999999999867e+00 1.373414661707989537e-01 -9.836071706131250814e-01 -7.137903289250317751e-02
1.699999999999999956e+00 5.082162477784846200e-01 -8.559668227124888062e-01 8.763193579553549967e-03
1.800000000000000044e+00 8.099842482474512995e-01 -5.720711198295524991e-01 8.670389315096846405e-02
1.899999999999999911e+00 9.676807227183676918e-01 -1.681381286592323332e-01 1.619045845684420060e-01
2.000000000000000000e+00 9.262863258380357179e-01 2.799276530913584193e-01 2.339941189775164021e-01
2.099999999999999645e+00 6.734830451831705922e-01 6.681144393517826074e-01 3.025929932152656154e-01
2.199999999999999734e+00 2.551928667578330368e-01 8.898896171376708963e-01 3.674619960480564607e-01
2.299999999999999822e+00 -2.250026337079898964e-01 8.709410572035940490e-01 4.284003839730612384e-01
2.399999999999999911e+00 -6.285192933255268066e-01 6.023409656037582716e-01 4.853238467212744323e-01
2.500000000000000000e+00 -8.244180365513699149e-01 1.575192562186814027e-01 5.381833838490690525e-01
2.600000000000000089e+00 -7.402548473776209281e-01 -3.198201797896678134e-01 5.870128295532097695e-01
2.699999999999999734e+00 -4.005657610650311673e-01 -6.601809440024194453e-01 6.318679866915460908e-01
2.799999999999999822e+00 6.847211913122219773e-02 -7.339969202345797417e-01 6.728810027521372472e-01
2.899999999999999911e+00 4.793002125749949993e-01 -5.125411866730761323e-01 7.102010252219224107e-01
3.000000000000000000e+00 6.596973703658161048e-01 -9.282342710997193436e-02 7.440007314939157679e-01
