0.000000000000000000e+00 1.846211913219869387e-14 1.485846055043738887e-18 -1.000000000000000000e+00
1.000000000000000056e-01 -1.281598406582848959e-01 9.202318388595469301e-02 -9.874746523147325261e-01
2.000000000000000111e-01 -2.594519893711219605e-01 1.675830229979810571e-01 -9.511042745494889816e-01
3.000000000000000444e-01 -3.949018743083002048e-01 2.114498683617289654e-01 -8.940578907873937275e-01
4.000000000000000222e-01 -5.316966482437260888e-01 2.109019144074253116e-01 -8.202538555275104004e-01
5.000000000000000000e-01 -6.621152494520941012e-01 1.571900513109925346e-01 -7.327286810397487526e-01
6.000000000000000888e-01 -7.734544315395686098e-01 4.735680149959536900e-02 -6.320771801781691623e-01
7.000000000000000666e-01 -8.493467585029627065e-01 -1.135376908510858929e-01 -5.154751496244796005e-01
8.000000000000000444e-01 -8.728137703205316456e-01 -3.100974340377750105e-01 -3.768696481213966165e-01
9.000000000000000222e-01 -8.312276315675908300e-01 -5.152288412896501857e-01 -2.087931338653660207e-01
1.000000000000000000e+00 -7.225465846590970465e-01 -6.912913282431900619e-01 -6.119919490460341317e-03
1.100000000000000089e+00 -5.611063188097082932e-01 -7.955185782408875639e-01 2.287028248996050839e-01
1.200000000000000178e+00 -3.801064251218700396e-01 -7.904163268994988112e-01 4.803716791732341451e-01
1.300000000000000044e+00 -2.277170885332813755e-01 -6.577463923057642603e-01 7.179914263703502941e-01
1.400000000000000133e+00 -1.552033897432245069e-01 -4.118693889183670520e-01 8.979275432617565000e-01
1.500000000000000000e+00 -1.987980747370181600e-01 -1.059690145246945242e-01 9.742941631353915222e-01
1.600000000000000089e+00 -3.610861783201570474e-01 1.749311217983184341e-01 9.159772711382832000e-01
1.700000000000000178e+00 -6.006825408398470678e-01 3.367539514451571847e-01 7.251031144407550366e-01
1.800000000000000044e+00 -8.382364323467261791e-01 3.104831597608683769e-01 4.482809262627521774e-01
1.900000000000000133e+00 -9.813720554285302322e-01 8.580578470115324263e-02 1.718756755100759870e-01
2.000000000000000000e+00 -9.623083758107229269e-01 -2.719376332457255074e-01 -2.690708153128479069e-03
2.100000000000000089e+00 -7.729526630977743284e-01 -6.344576212864625475e-01 1.563606813932029568e-03
2.200000000000000178e+00 -4.792072245536480590e-01 -8.550560805067938253e-01 1.980770960474783349e-01
2.300000000000000266e+00 -2.021423444448489648e-01 -8.312113541705425934e-01 5.179015355350111705e-01
2.400000000000000355e+00 -6.817243455365708249e-02 -5.584360856971322118e-01 8.267401804880014637e-01
2.500000000000000000e+00 -1.478880613121649479e-01 -1.462431651869852411e-01 9.781315709323741281e-01
2.600000000000000089e+00 -4.136084699712398449e-01 2.196385794353786225e-01 8.835638680642037279e-01
2.700000000000000178e+00 -7.420216551302617480e-01 3.595597698593770986e-01 5.657889246553994278e-01
2.800000000000000266e+00 -9.679251648200960512e-01 1.912309163299164561e-01 1.629313640941423280e-01
2.900000000000000355e+00 -9.676443848004567805e-01 -2.171222732320735593e-01 -1.285180489536120740e-01
3.000000000000000000e+00 -7.298002421388849470e-01 -6.666317378288104667e-01 -1.516192193645705677e-01
3.100000000000000089e+00 -3.714192518556543310e-01 -9.206426651593223598e-01 1.202485452668220905e-01
3.200000000000000178e+00 -8.299542983224034165e-02 -8.291854808477783223e-01 5.527743006160703576e-01
3.300000000000000266e+00 -2.563202844571599304e-02 -4.193025581383180156e-01 9.074837374670595702e-01
3.400000000000000355e+00 -2.355425791071652508e-01 1.045400979683923232e-01 9.662247192989652511e-01
3.500000000000000000e+00 -5.939008350610652798e-01 4.607346158717539053e-01 6.595469845933682462e-01
3.600000000000000089e+00 -8.872786109955814737e-01 4.444998262737157035e-01 1.230914635243995636e-01
3.700000000000000178e+00 -9.309421792869564394e-01 5.069151381226993935e-02 -3.616239458258609374e-01
3.800000000000000266e+00 -6.844827557288472031e-01 -5.105844326587232196e-01 -5.203673666762204109e-01
3.900000000000000355e+00 -2.863001352888793205e-01 -9.246821884551575943e-01 -2.509776732027209634e-01
4.000000000000000000e+00 2.238274388767413914e-02 -9.533241031193447901e-01 3.011102361783238313e-01
4.100000000000000533e+00 4.496236409090331732e-02 -5.807325140717910505e-01 8.128502820726837275e-01
4.200000000000000178e+00 -2.411115552361336456e-01 -3.210739780096066864e-02 9.699657159253515237e-01
4.299999999999999822e+00 -6.593211277147132954e-01 3.557059772391648056e-01 6.623940297971837587e-01
4.400000000000000355e+00 -9.382930572695231675e-01 3.396614796702666084e-01 6.504628762547241816e-02
4.500000000000000000e+00 -8.859309118259866000e-01 -7.432301772392574390e-02 -4.578181946437385186e-01
4.600000000000000533e+00 -5.219453701868836948e-01 -6.288800601530945000e-01 -5.762624077366065301e-01
4.700000000000000178e+00 -7.593446392122843447e-02 -9.749526390817264687e-01 -2.090360516315155626e-01
4.800000000000000711e+00 1.570990830699212637e-01 -8.968561881149464954e-01 4.134782395868566995e-01
4.900000000000000355e+00 1.426608880782950783e-02 -4.565130535216381791e-01 8.896012889418531966e-01
5.000000000000000000e+00 -4.175005257095238398e-01 4.319434685477527291e-02 9.076486070479712343e-01
5.100000000000000533e+00 -8.505032544551520690e-01 2.586545415371874213e-01 4.579719311715414465e-01
5.200000000000000178e+00 -9.875621635226775608e-01 3.915104176674871761e-02 -1.522588205307480735e-01
5.300000000000000711e+00 -7.289566910640193909e-01 -4.658388842521390960e-01 -5.016090539758782940e-01
5.400000000000000355e+00 -2.494506967001964282e-01 -9.053078660811675338e-01 -3.437831232432474460e-01
5.500000000000000000e+00 1.164024404242159361e-01 -9.695538190910828469e-01 2.154318318771794027e-01
5.600000000000000533e+00 1.076369988243016385e-01 -6.108432650182137325e-01 7.843991849790347137e-01
5.700000000000000178e+00 -2.738371396575766670e-01 -8.327852555835107973e-02 9.581632768427009728e-01
5.800000000000000711e+00 -7.575513769196400293e-01 2.333747861211169505e-01 6.096301310010808772e-01
5.900000000000000355e+00 -9.942531875420369536e-01 1.064324837536887447e-01 -1.128905896650228904e-02
6.000000000000000000e+00 -8.094384493894402066e-01 -3.758519290360971543e-01 -4.511537526232651807e-01
6.100000000000000533e+00 -3.358461517198966240e-01 -8.608525435375751211e-01 -3.822765870836813962e-01
6.200000000000000178e+00 7.830804832355980905e-02 -9.855208956277810017e-01 1.503703888074399142e-01
6.300000000000000711e+00 1.246220154698215177e-01 -6.464739680619169260e-01 7.526871305857187888e-01
6.400000000000000355e+00 -2.333031813591760206e-01 -8.490362537207435389e-02 9.686899005818631059e-01
6.500000000000000000e+00 -7.272999437690952362e-01 2.846330120166536970e-01 6.245124812634738065e-01
6.600000000000000533e+00 -9.827672708239010291e-01 1.822780993712694864e-01 -3.062473458592615549e-02
6.700000000000000178e+00 -8.027593529748395795e-01 -3.206290756362858985e-01 -5.027620678812995125e-01
6.800000000000000711e+00 -3.221876161915603332e-01 -8.451164769898759088e-01 -4.265774150457019021e-01
6.900000000000000355e+00 9.121550439234082930e-02 -9.848915107296429827e-01 1.471844642989637575e-01
7.000000000000000000e+00 1.189266175690428806e-01 -6.173036396369246948e-01 7.776824002015729764e-01
7.100000000000000533e+00 -2.588392649081402985e-01 -6.546896685764885815e-03 9.658977491600208021e-01
7.200000000000000178e+00 -7.432571561352124823e-01 3.883745529667083085e-01 5.447298231571983118e-01
7.300000000000000711e+00 -9.482865293728739431e-01 2.629777116760071975e-01 -1.777357126752255601e-01
7.400000000000000355e+00 -7.058039490274528038e-01 -2.918613986059871435e-01 -6.454873701464154401e-01
7.500000000000000000e+00 -2.029624633673106082e-01 -8.493330165208449190e-01 -4.872729317076832656e-01
7.600000000000000533e+00 1.630326881488194379e-01 -9.698344757564043572e-01 1.812079133358116267e-01
7.700000000000000178e+00 1.024398121155994795e-01 -5.438915364892144000e-01 8.328779688316473306e-01
7.800000000000000711e+00 -3.301141532199896034e-01 1.140053511578673628e-01 9.370304896459324961e-01
7.900000000000000355e+00 -7.746289563588035776e-01 5.015938966035804469e-01 3.851612211788177920e-01
8.000000000000000000e+00 -8.558379948531125159e-01 3.186049346824773587e-01 -4.074642960221218635e-01
