1.000000000000000056e-01 9.755280360604067225e-01 1.223598196979716439e-02 1.223598196979716439e-02 0.000000000000000000e+00 2.524849426911932694e-15 1.092544894245795484e-01 1.092544894245795484e-01 -2.524849426911932694e-15 0.000000000000000000e+00 -1.223598196979716439e-02 0.000000000000000000e+00 0.000000000000000000e+00 0.000000000000000000e+00 0.000000000000000000e+00 0.000000000000000000e+00 0.000000000000000000e+00
2.000000000000000111e-01 9.045078985823931106e-01 4.774605070880300756e-02 4.774605070880300756e-02 0.000000000000000000e+00 -2.468157332389367172e-14 2.078140515276364897e-01 2.078140515276364897e-01 2.468157332389367172e-14 0.000000000000000000e+00 -4.774605070880300756e-02 0.000000000000000000e+00 0.000000000000000000e+00 0.000000000000000000e+00 0.000000000000000000e+00 0.000000000000000000e+00 0.000000000000000000e+00
2.999999999999999889e-01 7.938918263185992252e-01 1.030540868406997629e-01 1.030540868406997629e-01 0.000000000000000000e+00 5.966255056754446674e-14 2.860311122972781228e-01 2.860311122972781228e-01 -5.966255056754446674e-14 0.000000000000000000e+00 -1.030540868406997629e-01 0.000000000000000000e+00 0.000000000000000000e+00 0.000000000000000000e+00 0.000000000000000000e+00 0.000000000000000000e+00 0.000000000000000000e+00
4.000000000000000222e-01 6.545093371566047535e-01 1.727453314216976232e-01 1.727453314216976232e-01 0.000000000000000000e+00 2.184146644583441146e-14 3.362490630551696613e-01 3.362490630551696613e-01 -2.184146644583441146e-14 0.000000000000000000e+00 -1.727453314216976232e-01 0.000000000000000000e+00 0.000000000000000000e+00 0.000000000000000000e+00 0.000000000000000000e+00 0.000000000000000000e+00 0.000000000000000000e+00
5.000000000000000000e-01 5.000003100562417924e-01 2.499998449718774662e-01 2.499998449718774662e-01 0.000000000000000000e+00 -3.077618350616059193e-14 3.535533905489028905e-01 3.535533905489028905e-01 3.077618350616059193e-14 0.000000000000000000e+00 -2.499998449718774662e-01 0.000000000000000000e+00 0.000000000000000000e+00 0.000000000000000000e+00 0.000000000000000000e+00 0.000000000000000000e+00 0.000000000000000000e+00
5.999999999999999778e-01 3.454904885011159110e-01 3.272547557494415726e-01 3.272547557494415726e-01 0.000000000000000000e+00 -8.050507916266556570e-14 3.362490229686976306e-01 3.362490229686976306e-01 8.050507916266556570e-14 0.000000000000000000e+00 -3.272547557494415726e-01 0.000000000000000000e+00 0.000000000000000000e+00 0.000000000000000000e+00 0.000000000000000000e+00 0.000000000000000000e+00 0.000000000000000000e+00
6.999999999999999556e-01 2.061079857984173813e-01 3.969460071007919755e-01 3.969460071007919755e-01 0.000000000000000000e+00 2.333480491541433534e-14 2.860310158219629417e-01 2.860310158219629417e-01 -2.333480491541433534e-14 0.000000000000000000e+00 -3.969460071007919755e-01 0.000000000000000000e+00 0.000000000000000000e+00 0.000000000000000000e+00 0.000000000000000000e+00 0.000000000000000000e+00 0.000000000000000000e+00
7.999999999999999334e-01 9.549112038259130464e-02 4.522544398087058881e-01 4.522544398087058881e-01 0.000000000000000000e+00 9.655707584544602146e-14 2.078130969042800702e-01 2.078130969042800702e-01 -9.655707584544602146e-14 0.000000000000000000e+00 -4.522544398087058881e-01 0.000000000000000000e+00 0.000000000000000000e+00 0.000000000000000000e+00 0.000000000000000000e+00 0.000000000000000000e+00 0.000000000000000000e+00
8.999999999999999112e-01 2.447174315194184172e-02 4.877641284240304964e-01 4.877641284240304964e-01 0.000000000000000000e+00 3.342215327273225758e-14 1.092540086029200330e-01 1.092540086029200330e-01 -3.342215327273225758e-14 0.000000000000000000e+00 -4.877641284240304964e-01 0.000000000000000000e+00 0.000000000000000000e+00 0.000000000000000000e+00 0.000000000000000000e+00 0.000000000000000000e+00 0.000000000000000000e+00
9.999999999999998890e-01 -1.202488968278718843e-10 5.000000000601247940e-01 5.000000000601247940e-01 0.000000000000000000e+00 -4.314016242433591918e-14 2.557882296691753355e-08 2.557882296691753355e-08 4.314016242433591918e-14 0.000000000000000000e+00 -5.000000000601247940e-01 0.000000000000000000e+00 0.000000000000000000e+00 0.000000000000000000e+00 0.000000000000000000e+00 0.000000000000000000e+00 0.000000000000000000e+00
1.099999999999999867e+00 2.447163319359760628e-02 4.877641834032016566e-01 4.877641834032016566e-01 0.000000000000000000e+00 -7.821526033549739490e-14 -1.092537694527871139e-01 -1.092537694527871139e-01 7.821526033549739490e-14 0.000000000000000000e+00 -4.877641834032016566e-01 0.000000000000000000e+00 0.000000000000000000e+00 0.000000000000000000e+00 0.000000000000000000e+00 0.000000000000000000e+00 0.000000000000000000e+00
1.199999999999999956e+00 9.549101269103521528e-02 4.522544936544818373e-01 4.522544936544818373e-01 0.000000000000000000e+00 1.022150216286538158e-14 -2.078129917291903217e-01 -2.078129917291903217e-01 -1.022150216286538158e-14 0.000000000000000000e+00 -4.522544936544818373e-01 0.000000000000000000e+00 0.000000000000000000e+00 0.000000000000000000e+00 0.000000000000000000e+00 0.000000000000000000e+00 0.000000000000000000e+00
1.300000000000000044e+00 2.061051741674985727e-01 3.969474129162496312e-01 3.969474129162496312e-01 0.000000000000000000e+00 6.338477476074806322e-14 -2.860295714709884529e-01 -2.860295714709884529e-01 -6.338477476074806322e-14 0.000000000000000000e+00 -3.969474129162496312e-01 0.000000000000000000e+00 0.000000000000000000e+00 0.000000000000000000e+00 0.000000000000000000e+00 0.000000000000000000e+00 0.000000000000000000e+00
1.399999999999999911e+00 3.454907033326136134e-01 3.272546483336919998e-01 3.272546483336919998e-01 0.000000000000000000e+00 6.779717304277545546e-14 -3.362490721567962804e-01 -3.362490721567962804e-01 -6.779717304277545546e-14 0.000000000000000000e+00 -3.272546483336919998e-01 0.000000000000000000e+00 0.000000000000000000e+00 0.000000000000000000e+00 0.000000000000000000e+00 0.000000000000000000e+00 0.000000000000000000e+00
1.500000000000000000e+00 4.999982107835088119e-01 2.500008946082461492e-01 2.500008946082461492e-01 0.000000000000000000e+00 4.432945101879631811e-14 -3.535533904188992160e-01 -3.535533904188992160e-01 -4.432945101879631811e-14 0.000000000000000000e+00 -2.500008946082461492e-01 0.000000000000000000e+00 0.000000000000000000e+00 0.000000000000000000e+00 0.000000000000000000e+00 0.000000000000000000e+00 0.000000000000000000e+00
1.599999999999999867e+00 6.545065180661412407e-01 1.727467409669276310e-01 1.727467409669276310e-01 0.000000000000000000e+00 5.385713847156305177e-14 -3.362497105112902673e-01 -3.362497105112902673e-01 -5.385713847156305177e-14 0.000000000000000000e+00 -1.727467409669276310e-01 0.000000000000000000e+00 0.000000000000000000e+00 0.000000000000000000e+00 0.000000000000000000e+00 0.000000000000000000e+00 0.000000000000000000e+00
1.699999999999999956e+00 7.938898638056635093e-01 1.030550680971680788e-01 1.030550680971680788e-01 0.000000000000000000e+00 5.265788434871211560e-14 -2.860321206100646108e-01 -2.860321206100646108e-01 -5.265788434871211560e-14 0.000000000000000000e+00 -1.030550680971680788e-01 0.000000000000000000e+00 0.000000000000000000e+00 0.000000000000000000e+00 0.000000000000000000e+00 0.000000000000000000e+00 0.000000000000000000e+00
1.800000000000000044e+00 9.045067705706641981e-01 4.774661471466826873e-02 4.774661471466826873e-02 0.000000000000000000e+00 5.942649093576476005e-14 -2.078151488476413511e-01 -2.078151488476413511e-01 -5.942649093576476005e-14 0.000000000000000000e+00 -4.774661471466826873e-02 0.000000000000000000e+00 0.000000000000000000e+00 0.000000000000000000e+00 0.000000000000000000e+00 0.000000000000000000e+00 0.000000000000000000e+00
1.899999999999999911e+00 9.755278346360183317e-01 1.223608268199059997e-02 1.223608268199059997e-02 0.000000000000000000e+00 7.631717640018861389e-15 -1.092549262388447379e-01 -1.092549262388447379e-01 -7.631717640018861389e-15 0.000000000000000000e+00 -1.223608268199059997e-02 0.000000000000000000e+00 0.000000000000000000e+00 0.000000000000000000e+00 0.000000000000000000e+00 0.000000000000000000e+00 0.000000000000000000e+00
2.000000000000000000e+00 1.000000000206953565e+00 -1.034771035594469756e-10 -1.034771035594469756e-10 0.000000000000000000e+00 7.318887461185825728e-15 -2.091418733676046727e-06 -2.091418733676046727e-06 -7.318887461185825728e-15 0.000000000000000000e+00 1.034771035594469756e-10 0.000000000000000000e+00 0.000000000000000000e+00 0.000000000000000000e+00 0.000000000000000000e+00 0.000000000000000000e+00 0.000000000000000000e+00
2.099999999999999645e+00 9.755284197840125016e-01 1.223579010799460270e-02 1.223579010799460270e-02 0.000000000000000000e+00 -1.441446284044819469e-15 1.092536533947986305e-01 1.092536533947986305e-01 1.441446284044819469e-15 0.000000000000000000e+00 -1.223579010799460270e-02 0.000000000000000000e+00 0.000000000000000000e+00 0.000000000000000000e+00 0.000000000000000000e+00 0.000000000000000000e+00 0.000000000000000000e+00
2.199999999999999734e+00 9.045097152302304933e-01 4.774514238488475337e-02 4.774514238488475337e-02 0.000000000000000000e+00 1.917568671210515618e-14 2.078122835431014948e-01 2.078122835431014948e-01 -1.917568671210515618e-14 0.000000000000000000e+00 -4.774514238488475337e-02 0.000000000000000000e+00 0.000000000000000000e+00 0.000000000000000000e+00 0.000000000000000000e+00 0.000000000000000000e+00 0.000000000000000000e+00
2.299999999999999822e+00 7.938943924623277359e-01 1.030528037688369369e-01 1.030528037688369369e-01 0.000000000000000000e+00 2.977818892026594534e-14 2.860297940402535266e-01 2.860297940402535266e-01 -2.977818892026594534e-14 0.000000000000000000e+00 -1.030528037688369369e-01 0.000000000000000000e+00 0.000000000000000000e+00 0.000000000000000000e+00 0.000000000000000000e+00 0.000000000000000000e+00 0.000000000000000000e+00
2.399999999999999911e+00 6.545116416736436182e-01 1.727441791631763035e-01 1.727441791631763035e-01 0.000000000000000000e+00 3.442042013981202716e-14 3.362485333630748641e-01 3.362485333630748641e-01 -3.442042013981202716e-14 0.000000000000000000e+00 -1.727441791631763035e-01 0.000000000000000000e+00 0.000000000000000000e+00 0.000000000000000000e+00 0.000000000000000000e+00 0.000000000000000000e+00 0.000000000000000000e+00
2.500000000000000000e+00 5.000002926159062833e-01 2.499998536920486902e-01 2.499998536920486902e-01 0.000000000000000000e+00 4.007366364188786069e-14 3.535533904564872598e-01 3.535533904564872598e-01 -4.007366364188786069e-14 0.000000000000000000e+00 -2.499998536920486902e-01 0.000000000000000000e+00 0.000000000000000000e+00 0.000000000000000000e+00 0.000000000000000000e+00 0.000000000000000000e+00 0.000000000000000000e+00
2.600000000000000089e+00 3.454918551554810313e-01 3.272540724222593456e-01 3.272540724222593456e-01 0.000000000000000000e+00 3.862154905665779117e-14 3.362493364243941962e-01 3.362493364243941962e-01 -3.862154905665779117e-14 0.000000000000000000e+00 -3.272540724222593456e-01 0.000000000000000000e+00 0.000000000000000000e+00 0.000000000000000000e+00 0.000000000000000000e+00 0.000000000000000000e+00 0.000000000000000000e+00
2.699999999999999734e+00 2.061071946302327207e-01 3.969464026848846250e-01 3.969464026848846250e-01 0.000000000000000000e+00 2.104889207533475862e-14 2.860306089293917498e-01 2.860306089293917498e-01 -2.104889207533475862e-14 0.000000000000000000e+00 -3.969464026848846250e-01 0.000000000000000000e+00 0.000000000000000000e+00 0.000000000000000000e+00 0.000000000000000000e+00 0.000000000000000000e+00 0.000000000000000000e+00
2.799999999999999822e+00 9.549180051526906521e-02 4.522540997423643017e-01 4.522540997423643017e-01 0.000000000000000000e+00 8.896190678555215235e-15 2.078137572304601943e-01 2.078137572304601943e-01 -8.896190678555215235e-15 0.000000000000000000e+00 -4.522540997423643017e-01 0.000000000000000000e+00 0.000000000000000000e+00 0.000000000000000000e+00 0.000000000000000000e+00 0.000000000000000000e+00 0.000000000000000000e+00
2.899999999999999911e+00 2.447158582604088209e-02 4.877642070869794289e-01 4.877642070869794289e-01 0.000000000000000000e+00 -1.039694214316349443e-15 1.092536658637834890e-01 1.092536658637834890e-01 1.039694214316349443e-15 0.000000000000000000e+00 -4.877642070869794289e-01 0.000000000000000000e+00 0.000000000000000000e+00 0.000000000000000000e+00 0.000000000000000000e+00 0.000000000000000000e+00 0.000000000000000000e+00
3.000000000000000000e+00 2.246366545597194710e-10 4.999999998876814566e-01 4.999999998876814566e-01 0.000000000000000000e+00 -1.220230365043911433e-14 2.290220068328061854e-06 2.290220068328061854e-06 1.220230365043911433e-14 0.000000000000000000e+00 -4.999999998876814566e-01 0.000000000000000000e+00 0.000000000000000000e+00 0.000000000000000000e+00 0.000000000000000000e+00 0.000000000000000000e+00 0.000000000000000000e+00
