1.000000000000000056e-01 9.756254171274345577e-01 1.218729143628542733e-02 1.218729143628542733e-02 0.000000000000000000e+00 -1.893771905220792461e-03 1.090258910563356026e-01 1.090258910563356026e-01 1.893771905220792461e-03 0.000000000000000000e+00 -1.218729143628542733e-02 0.000000000000000000e+00 0.000000000000000000e+00 0.000000000000000000e+00 0.000000000000000000e+00 0.000000000000000000e+00 0.000000000000000000e+00
2.000000000000000111e-01 9.059830063314812110e-01 4.700849683425840225e-02 4.700849683425840225e-02 0.000000000000000000e+00 -1.432579570201915342e-02 2.058729483435701169e-01 2.058729483435701169e-01 1.432579570201915342e-02 0.000000000000000000e+00 -4.700849683425840225e-02 0.000000000000000000e+00 0.000000000000000000e+00 0.000000000000000000e+00 0.000000000000000000e+00 0.000000000000000000e+00 0.000000000000000000e+00
2.999999999999999889e-01 8.007114112426104713e-01 9.964429437869595785e-02 9.964429437869595785e-02 0.000000000000000000e+00 -4.398759747111111867e-02 2.790186639506556654e-01 2.790186639506556654e-01 4.398759747111111867e-02 0.000000000000000000e+00 -9.964429437869595785e-02 0.000000000000000000e+00 0.000000000000000000e+00 0.000000000000000000e+00 0.000000000000000000e+00 0.000000000000000000e+00 0.000000000000000000e+00
4.000000000000000222e-01 6.734227823601625085e-01 1.632886088199168029e-01 1.632886088199168029e-01 0.000000000000000000e+00 -9.102244716808828573e-02 3.188685989194682824e-01 3.188685989194682824e-01 9.102244716808828573e-02 0.000000000000000000e+00 -1.632886088199168029e-01 0.000000000000000000e+00 0.000000000000000000e+00 0.000000000000000000e+00 0.000000000000000000e+00 0.000000000000000000e+00 0.000000000000000000e+00
5.000000000000000000e-01 5.388501021839192662e-01 2.305749489080379244e-01 2.305749489080379244e-01 0.000000000000000000e+00 -1.483941437411316344e-01 3.197256838028911807e-01 3.197256838028911807e-01 1.483941437411316344e-01 0.000000000000000000e+00 -2.305749489080379244e-01 0.000000000000000000e+00 0.000000000000000000e+00 0.000000000000000000e+00 0.000000000000000000e+00 0.000000000000000000e+00 0.000000000000000000e+00
5.999999999999999778e-01 4.101165130406229653e-01 2.949417434796867687e-01 2.949417434796867687e-01 0.000000000000000000e+00 -2.036888912208485725e-01 2.819065713068391599e-01 2.819065713068391599e-01 2.036888912208485725e-01 0.000000000000000000e+00 -2.949417434796867687e-01 0.000000000000000000e+00 0.000000000000000000e+00 0.000000000000000000e+00 0.000000000000000000e+00 0.000000000000000000e+00 0.000000000000000000e+00
6.999999999999999556e-01 2.968056819278435121e-01 3.515971590360772447e-01 3.515971590360772447e-01 0.000000000000000000e+00 -2.429601170473694449e-01 2.129000140617872960e-01 2.129000140617872960e-01 2.429601170473694449e-01 0.000000000000000000e+00 -3.515971590360772447e-01 0.000000000000000000e+00 0.000000000000000000e+00 0.000000000000000000e+00 0.000000000000000000e+00 0.000000000000000000e+00 0.000000000000000000e+00
7.999999999999999334e-01 2.041605326820489785e-01 3.979197336589743728e-01 3.979197336589743728e-01 0.000000000000000000e+00 -2.553761473854493369e-01 1.265801250971939074e-01 1.265801250971939074e-01 2.553761473854493369e-01 0.000000000000000000e+00 -3.979197336589743728e-01 0.000000000000000000e+00 0.000000000000000000e+00 0.000000000000000000e+00 0.000000000000000000e+00 0.000000000000000000e+00 0.000000000000000000e+00
8.999999999999999112e-01 1.334320172068770294e-01 4.332839913965605971e-01 4.332839913965605971e-01 0.000000000000000000e+00 -2.370678197918349994e-01 4.015975275877040757e-02 4.015975275877040757e-02 2.370678197918349994e-01 0.000000000000000000e+00 -4.332839913965605971e-01 0.000000000000000000e+00 0.000000000000000000e+00 0.000000000000000000e+00 0.000000000000000000e+00 0.000000000000000000e+00 0.000000000000000000e+00
9.999999999999998890e-01 8.280445505108964543e-02 4.585977724744547124e-01 4.585977724744547124e-01 0.000000000000000000e+00 -1.924918931889116336e-01 -3.034484526316543265e-02 -3.034484526316543265e-02 1.924918931889116336e-01 0.000000000000000000e+00 -4.585977724744547124e-01 0.000000000000000000e+00 0.000000000000000000e+00 0.000000000000000000e+00 0.000000000000000000e+00 0.000000000000000000e+00 0.000000000000000000e+00
1.099999999999999867e+00 4.877188306911269672e-02 4.756140584654449111e-01 4.756140584654449111e-01 0.000000000000000000e+00 -1.328618422087136097e-01 -7.446021804986736881e-02 -7.446021804986736881e-02 1.328618422087136097e-01 0.000000000000000000e+00 -4.756140584654449111e-01 0.000000000000000000e+00 0.000000000000000000e+00 0.000000000000000000e+00 0.000000000000000000e+00 0.000000000000000000e+00 0.000000000000000000e+00
1.199999999999999956e+00 2.724310129950436449e-02 4.863784493502487094e-01 4.863784493502487094e-01 0.000000000000000000e+00 -7.210897683290908022e-02 -8.972598706957235493e-02 -8.972598706957235493e-02 7.210897683290908022e-02 0.000000000000000000e+00 -4.863784493502487094e-01 0.000000000000000000e+00 0.000000000000000000e+00 0.000000000000000000e+00 0.000000000000000000e+00 0.000000000000000000e+00 0.000000000000000000e+00
1.300000000000000044e+00 1.442247905741017751e-02 4.927887604712940517e-01 4.927887604712940517e-01 0.000000000000000000e+00 -2.227668227648610735e-02 -8.130796358353299669e-02 -8.130796358353299669e-02 2.227668227648610735e-02 0.000000000000000000e+00 -4.927887604712940517e-01 0.000000000000000000e+00 0.000000000000000000e+00 0.000000000000000000e+00 0.000000000000000000e+00 0.000000000000000000e+00 0.000000000000000000e+00
1.399999999999999911e+00 7.230723600153977394e-03 4.963846381999222901e-01 4.963846381999222901e-01 0.000000000000000000e+00 9.943346061263232810e-03 -5.907918337759283933e-02 -5.907918337759283933e-02 -9.943346061263232810e-03 0.000000000000000000e+00 -4.963846381999222901e-01 0.000000000000000000e+00 0.000000000000000000e+00 0.000000000000000000e+00 0.000000000000000000e+00 0.000000000000000000e+00 0.000000000000000000e+00
1.500000000000000000e+00 3.430154516964851064e-03 4.982849227415183657e-01 4.982849227415183657e-01 0.000000000000000000e+00 2.414335535090252408e-02 -3.356028305892845565e-02 -3.356028305892845565e-02 -2.414335535090252408e-02 0.000000000000000000e+00 -4.982849227415183657e-01 0.000000000000000000e+00 0.000000000000000000e+00 0.000000000000000000e+00 0.000000000000000000e+00 0.000000000000000000e+00 0.000000000000000000e+00
1.599999999999999867e+00 1.537599406461523681e-03 4.992312002967694839e-01 4.992312002967694839e-01 0.000000000000000000e+00 2.471280199976650521e-02 -1.252577162311561618e-02 -1.252577162311561618e-02 -2.471280199976650521e-02 0.000000000000000000e+00 -4.992312002967694839e-01 0.000000000000000000e+00 0.000000000000000000e+00 0.000000000000000000e+00 0.000000000000000000e+00 0.000000000000000000e+00 0.000000000000000000e+00
1.699999999999999956e+00 6.509198294058341806e-04 4.996745400852976027e-01 4.996745400852976027e-01 0.000000000000000000e+00 1.802731781656522272e-02 5.136238879071742701e-04 5.136238879071742701e-04 -1.802731781656522272e-02 0.000000000000000000e+00 -4.996745400852976027e-01 0.000000000000000000e+00 0.000000000000000000e+00 0.000000000000000000e+00 0.000000000000000000e+00 0.000000000000000000e+00 0.000000000000000000e+00
1.800000000000000044e+00 2.599252708205206748e-04 4.998700373645909578e-01 4.998700373645909578e-01 0.000000000000000000e+00 9.750204394210086611e-03 5.904430796192585394e-03 5.904430796192585394e-03 -9.750204394210086611e-03 0.000000000000000000e+00 -4.998700373645909578e-01 0.000000000000000000e+00 0.000000000000000000e+00 0.000000000000000000e+00 0.000000000000000000e+00 0.000000000000000000e+00 0.000000000000000000e+00
1.899999999999999911e+00 9.756704335520048860e-05 4.999512164783244117e-01 4.999512164783244117e-01 0.000000000000000000e+00 3.313378916606061521e-03 6.148188481953505494e-03 6.148188481953505494e-03 -3.313378916606061521e-03 0.000000000000000000e+00 -4.999512164783244117e-01 0.000000000000000000e+00 0.000000000000000000e+00 0.000000000000000000e+00 0.000000000000000000e+00 0.000000000000000000e+00 0.000000000000000000e+00
2.000000000000000000e+00 3.433178068819129892e-05 4.999828341096548834e-01 4.999828341096548834e-01 0.000000000000000000e+00 -2.303145562190510060e-04 4.136688331871266923e-03 4.136688331871266923e-03 2.303145562190510060e-04 0.000000000000000000e+00 -4.999828341096548834e-01 0.000000000000000000e+00 0.000000000000000000e+00 0.000000000000000000e+00 0.000000000000000000e+00 0.000000000000000000e+00 0.000000000000000000e+00
2.099999999999999645e+00 1.128757855946875140e-05 4.999943562107195261e-01 4.999943562107195261e-01 0.000000000000000000e+00 -1.385360974314702029e-03 1.929878120043295288e-03 1.929878120043295288e-03 1.385360974314702029e-03 0.000000000000000000e+00 -4.999943562107195261e-01 0.000000000000000000e+00 0.000000000000000000e+00 0.000000000000000000e+00 0.000000000000000000e+00 0.000000000000000000e+00 0.000000000000000000e+00
2.199999999999999734e+00 3.454866556611567072e-06 4.999982725667233563e-01 4.999982725667233563e-01 0.000000000000000000e+00 -1.226937109985861340e-03 4.711510114199080447e-04 4.711510114199080447e-04 1.226937109985861340e-03 0.000000000000000000e+00 -4.999982725667233563e-01 0.000000000000000000e+00 0.000000000000000000e+00 0.000000000000000000e+00 0.000000000000000000e+00 0.000000000000000000e+00 0.000000000000000000e+00
2.299999999999999822e+00 9.873874375758088910e-07 4.999995063062845357e-01 4.999995063062845357e-01 0.000000000000000000e+00 -6.842791109241118950e-04 -1.593293039931929420e-04 -1.593293039931929420e-04 6.842791109241118950e-04 0.000000000000000000e+00 -4.999995063062845357e-01 0.000000000000000000e+00 0.000000000000000000e+00 0.000000000000000000e+00 0.000000000000000000e+00 0.000000000000000000e+00 0.000000000000000000e+00
2.399999999999999911e+00 2.556349217074702174e-07 4.999998721825395509e-01 4.999998721825395509e-01 0.000000000000000000e+00 -2.440499579245906502e-04 -2.611027894521834023e-04 -2.611027894521834023e-04 2.440499579245906502e-04 0.000000000000000000e+00 -4.999998721825395509e-01 0.000000000000000000e+00 0.000000000000000000e+00 0.000000000000000000e+00 0.000000000000000000e+00 0.000000000000000000e+00 0.000000000000000000e+00
2.500000000000000000e+00 6.981409022135203760e-08 4.999999650929541350e-01 4.999999650929541350e-01 0.000000000000000000e+00 -2.168220379963483216e-05 -1.853653772493798178e-04 -1.853653772493798178e-04 2.168220379963483216e-05 0.000000000000000000e+00 -4.999999650929541350e-01 0.000000000000000000e+00 0.000000000000000000e+00 0.000000000000000000e+00 0.000000000000000000e+00 0.000000000000000000e+00 0.000000000000000000e+00
2.600000000000000089e+00 2.014527078437350575e-08 4.999999899273673276e-01 4.999999899273673276e-01 0.000000000000000000e+00 4.428267499380816917e-05 -8.958906632503038701e-05 -8.958906632503038701e-05 -4.428267499380816917e-05 0.000000000000000000e+00 -4.999999899273673276e-01 0.000000000000000000e+00 0.000000000000000000e+00 0.000000000000000000e+00 0.000000000000000000e+00 0.000000000000000000e+00 0.000000000000000000e+00
2.699999999999999734e+00 7.609092258222819795e-09 4.999999961954527117e-01 4.999999961954527117e-01 0.000000000000000000e+00 5.476359384600819948e-05 -2.707882712529146983e-05 -2.707882712529146983e-05 -5.476359384600819948e-05 0.000000000000000000e+00 -4.999999961954527117e-01 0.000000000000000000e+00 0.000000000000000000e+00 0.000000000000000000e+00 0.000000000000000000e+00 0.000000000000000000e+00 0.000000000000000000e+00
2.799999999999999822e+00 3.352773121149214056e-09 4.999999983236120271e-01 4.999999983236120271e-01 0.000000000000000000e+00 4.010851192547206136e-05 9.350376712378891064e-07 9.350376712378891064e-07 -4.010851192547206136e-05 0.000000000000000000e+00 -4.999999983236120271e-01 0.000000000000000000e+00 0.000000000000000000e+00 0.000000000000000000e+00 0.000000000000000000e+00 0.000000000000000000e+00 0.000000000000000000e+00
2.899999999999999911e+00 5.943780082593483226e-10 4.999999997028142795e-01 4.999999997028142795e-01 0.000000000000000000e+00 1.138062520056971507e-05 9.009222527949546113e-06 9.009222527949546113e-06 -1.138062520056971507e-05 0.000000000000000000e+00 -4.999999997028142795e-01 0.000000000000000000e+00 0.000000000000000000e+00 0.000000000000000000e+00 0.000000000000000000e+00 0.000000000000000000e+00 0.000000000000000000e+00
3.000000000000000000e+00 2.034081006990086798e-10 4.999999998982976313e-01 4.999999998982976313e-01 0.000000000000000000e+00 7.204332606207063459e-07 -2.495467685871921274e-07 -2.495467685871921274e-07 -7.204332606207063459e-07 0.000000000000000000e+00 -4.999999998982976313e-01 0.000000000000000000e+00 0.000000000000000000e+00 0.000000000000000000e+00 0.000000000000000000e+00 0.000000000000000000e+00 0.000000000000000000e+00
