1.000000000000000056e-01 9.756211028665471297e-01 1.218944856672581588e-02 1.218944856672581588e-02 0.000000000000000000e+00 -1.423920259672269107e-03 1.090424491080122793e-01 1.090424491080122793e-01 1.423920259672269107e-03 0.000000000000000000e+00 -1.218944856672581588e-02 0.000000000000000000e+00 0.000000000000000000e+00 0.000000000000000000e+00 0.000000000000000000e+00 0.000000000000000000e+00 0.000000000000000000e+00
2.000000000000000111e-01 9.059175852010968866e-01 4.704120739945128610e-02 4.704120739945128610e-02 0.000000000000000000e+00 -1.078371878946859062e-02 2.061532644099625944e-01 2.061532644099625944e-01 1.078371878946859062e-02 0.000000000000000000e+00 -4.704120739945128610e-02 0.000000000000000000e+00 0.000000000000000000e+00 0.000000000000000000e+00 0.000000000000000000e+00 0.000000000000000000e+00 0.000000000000000000e+00
2.999999999999999889e-01 8.004081137539376112e-01 9.979594312303137482e-02 9.979594312303137482e-02 0.000000000000000000e+00 -3.319013981028121063e-02 2.806704423723056507e-01 2.806704423723056507e-01 3.319013981028121063e-02 0.000000000000000000e+00 -9.979594312303137482e-02 0.000000000000000000e+00 0.000000000000000000e+00 0.000000000000000000e+00 0.000000000000000000e+00 0.000000000000000000e+00 0.000000000000000000e+00
4.000000000000000222e-01 6.726120928466218230e-01 1.636939535766891440e-01 1.636939535766891440e-01 0.000000000000000000e+00 -6.901521621401954243e-02 3.245603682671357459e-01 3.245603682671357459e-01 6.901521621401954243e-02 0.000000000000000000e+00 -1.636939535766891440e-01 0.000000000000000000e+00 0.000000000000000000e+00 0.000000000000000000e+00 0.000000000000000000e+00 0.000000000000000000e+00 0.000000000000000000e+00
5.000000000000000000e-01 5.372596596368091060e-01 2.313701701815940315e-01 2.313701701815940315e-01 0.000000000000000000e+00 -1.135234932375562555e-01 3.337937617619183284e-01 3.337937617619183284e-01 1.135234932375562555e-01 0.000000000000000000e+00 -2.313701701815940315e-01 0.000000000000000000e+00 0.000000000000000000e+00 0.000000000000000000e+00 0.000000000000000000e+00 0.000000000000000000e+00 0.000000000000000000e+00
5.999999999999999778e-01 4.075859807211940078e-01 2.962070096394033847e-01 2.962070096394033847e-01 0.000000000000000000e+00 -1.581875033026015620e-01 3.093647335193124293e-01 3.093647335193124293e-01 1.581875033026015620e-01 0.000000000000000000e+00 -2.962070096394033847e-01 0.000000000000000000e+00 0.000000000000000000e+00 0.000000000000000000e+00 0.000000000000000000e+00 0.000000000000000000e+00 0.000000000000000000e+00
6.999999999999999556e-01 2.933750888041448679e-01 3.533124555979288983e-01 3.533124555979288983e-01 0.000000000000000000e+00 -1.932932198675917645e-01 2.574700064248415243e-01 2.574700064248415243e-01 1.932932198675917645e-01 0.000000000000000000e+00 -3.533124555979288983e-01 0.000000000000000000e+00 0.000000000000000000e+00 0.000000000000000000e+00 0.000000000000000000e+00 0.000000000000000000e+00 0.000000000000000000e+00
7.999999999999999334e-01 2.001075962461919822e-01 3.999462018769061045e-01 3.999462018769061045e-01 0.000000000000000000e+00 -2.109274595079715098e-01 1.885255417170250136e-01 1.885255417170250136e-01 2.109274595079715098e-01 0.000000000000000000e+00 -3.999462018769061045e-01 0.000000000000000000e+00 0.000000000000000000e+00 0.000000000000000000e+00 0.000000000000000000e+00 0.000000000000000000e+00 0.000000000000000000e+00
8.999999999999999112e-01 1.291401863506976000e-01 4.354299068246545446e-01 4.354299068246545446e-01 0.000000000000000000e+00 -2.073728668158850985e-01 1.150130140969804621e-01 1.150130140969804621e-01 2.073728668158850985e-01 0.000000000000000000e+00 -4.354299068246545446e-01 0.000000000000000000e+00 0.000000000000000000e+00 0.000000000000000000e+00 0.000000000000000000e+00 0.000000000000000000e+00 0.000000000000000000e+00
9.999999999999998890e-01 7.871672890351699703e-02 4.606416355482430003e-01 4.606416355482430003e-01 0.000000000000000000e+00 -1.840816775517128967e-01 4.872513425034971646e-02 4.872513425034971646e-02 1.840816775517128967e-01 0.000000000000000000e+00 -4.606416355482430003e-01 0.000000000000000000e+00 0.000000000000000000e+00 0.000000000000000000e+00 0.000000000000000000e+00 0.000000000000000000e+00 0.000000000000000000e+00
1.099999999999999867e+00 4.521612153688152336e-02 4.773919392315605914e-01 4.773919392315605914e-01 0.000000000000000000e+00 -1.469101936549939424e-01 -1.790786453247409597e-03 -1.790786453247409597e-03 1.469101936549939424e-01 0.000000000000000000e+00 -4.773919392315605914e-01 0.000000000000000000e+00 0.000000000000000000e+00 0.000000000000000000e+00 0.000000000000000000e+00 0.000000000000000000e+00 0.000000000000000000e+00
1.199999999999999956e+00 2.441581518353354643e-02 4.877920924082334020e-01 4.877920924082334020e-01 0.000000000000000000e+00 -1.040997148139111983e-01 -3.275806671344374393e-02 -3.275806671344374393e-02 1.040997148139111983e-01 0.000000000000000000e+00 -4.877920924082334020e-01 0.000000000000000000e+00 0.000000000000000000e+00 0.000000000000000000e+00 0.000000000000000000e+00 0.000000000000000000e+00 0.000000000000000000e+00
1.300000000000000044e+00 1.235314674980624201e-02 4.938234266250962068e-01 4.938234266250962068e-01 0.000000000000000000e+00 -6.367577491748563356e-02 -4.522907166708237114e-02 -4.522907166708237114e-02 6.367577491748563356e-02 0.000000000000000000e+00 -4.938234266250962068e-01 0.000000000000000000e+00 0.000000000000000000e+00 0.000000000000000000e+00 0.000000000000000000e+00 0.000000000000000000e+00 0.000000000000000000e+00
1.399999999999999911e+00 5.836342599637071339e-03 4.970818287001795288e-01 4.970818287001795288e-01 0.000000000000000000e+00 -3.139759536894203701e-02 -4.376449285493373698e-02 -4.376449285493373698e-02 3.139759536894203701e-02 0.000000000000000000e+00 -4.970818287001795288e-01 0.000000000000000000e+00 0.000000000000000000e+00 0.000000000000000000e+00 0.000000000000000000e+00 0.000000000000000000e+00 0.000000000000000000e+00
1.500000000000000000e+00 2.562544226984422944e-03 4.987187278865082285e-01 4.987187278865082285e-01 0.000000000000000000e+00 -9.708854860634774653e-03 -3.440533260239057867e-02 -3.440533260239057867e-02 9.708854860634774653e-03 0.000000000000000000e+00 -4.987187278865082285e-01 0.000000000000000000e+00 0.000000000000000000e+00 0.000000000000000000e+00 0.000000000000000000e+00 0.000000000000000000e+00 0.000000000000000000e+00
1.599999999999999867e+00 1.040033486497209591e-03 4.994799832567513587e-01 4.994799832567513587e-01 0.000000000000000000e+00 1.984181159013119304e-03 -2.270548202426453388e-02 -2.270548202426453388e-02 -1.984181159013119304e-03 0.000000000000000000e+00 -4.994799832567513587e-01 0.000000000000000000e+00 0.000000000000000000e+00 0.000000000000000000e+00 0.000000000000000000e+00 0.000000000000000000e+00 0.000000000000000000e+00
1.699999999999999956e+00 3.878057155996784359e-04 4.998060971421984244e-01 4.998060971421984244e-01 0.000000000000000000e+00 6.214674734622824270e-03 -1.245814856581256048e-02 -1.245814856581256048e-02 -6.214674734622824270e-03 0.000000000000000000e+00 -4.998060971421984244e-01 0.000000000000000000e+00 0.000000000000000000e+00 0.000000000000000000e+00 0.000000000000000000e+00 0.000000000000000000e+00 0.000000000000000000e+00
1.800000000000000044e+00 1.316510222339702162e-04 4.999341744888834982e-01 4.999341744888834982e-01 0.000000000000000000e+00 6.096803594755650577e-03 -5.352177539892971105e-03 -5.352177539892971105e-03 -6.096803594755650577e-03 0.000000000000000000e+00 -4.999341744888834982e-01 0.000000000000000000e+00 0.000000000000000000e+00 0.000000000000000000e+00 0.000000000000000000e+00 0.000000000000000000e+00 0.000000000000000000e+00
1.899999999999999911e+00 4.021381907534188295e-05 4.999798930904631455e-01 4.999798930904631455e-01 0.000000000000000000e+00 4.254552403123246576e-03 -1.415931829366210955e-03 -1.415931829366210955e-03 -4.254552403123246576e-03 0.000000000000000000e+00 -4.999798930904631455e-01 0.000000000000000000e+00 0.000000000000000000e+00 0.000000000000000000e+00 0.000000000000000000e+00 0.000000000000000000e+00 0.000000000000000000e+00
2.000000000000000000e+00 1.091648856698633496e-05 4.999945417557163929e-01 4.999945417557163929e-01 0.000000000000000000e+00 2.327451326076486471e-03 2.028156112014588720e-04 2.028156112014588720e-04 -2.327451326076486471e-03 0.000000000000000000e+00 -4.999945417557163929e-01 0.000000000000000000e+00 0.000000000000000000e+00 0.000000000000000000e+00 0.000000000000000000e+00 0.000000000000000000e+00 0.000000000000000000e+00
2.099999999999999645e+00 2.582757061116061785e-06 4.999987086214677801e-01 4.999987086214677801e-01 0.000000000000000000e+00 9.924122350104657569e-04 5.536025047197186454e-04 5.536025047197186454e-04 -9.924122350104657569e-04 0.000000000000000000e+00 -4.999987086214677801e-01 0.000000000000000000e+00 0.000000000000000000e+00 0.000000000000000000e+00 0.000000000000000000e+00 0.000000000000000000e+00 0.000000000000000000e+00
2.199999999999999734e+00 5.176244780836996569e-07 4.999997411877620812e-01 4.999997411877620812e-01 0.000000000000000000e+00 3.035033436816662400e-04 4.082587098563006324e-04 4.082587098563006324e-04 -3.035033436816662400e-04 0.000000000000000000e+00 -4.999997411877620812e-01 0.000000000000000000e+00 0.000000000000000000e+00 0.000000000000000000e+00 0.000000000000000000e+00 0.000000000000000000e+00 0.000000000000000000e+00
2.299999999999999822e+00 8.375929867598786339e-08 4.999999581203515286e-01 4.999999581203515286e-01 0.000000000000000000e+00 4.214117445332480770e-05 2.001992205339692588e-04 2.001992205339692588e-04 -4.214117445332480770e-05 0.000000000000000000e+00 -4.999999581203515286e-01 0.000000000000000000e+00 0.000000000000000000e+00 0.000000000000000000e+00 0.000000000000000000e+00 0.000000000000000000e+00 0.000000000000000000e+00
2.399999999999999911e+00 1.096123500393961325e-08 4.999999945193825401e-01 4.999999945193825401e-01 0.000000000000000000e+00 -1.440527759952838139e-05 7.238838148594291808e-05 7.238838148594291808e-05 1.440527759952838139e-05 0.000000000000000000e+00 -4.999999945193825401e-01 0.000000000000000000e+00 0.000000000000000000e+00 0.000000000000000000e+00 0.000000000000000000e+00 0.000000000000000000e+00 0.000000000000000000e+00
2.500000000000000000e+00 8.703981471253094977e-10 4.999999995648020668e-01 4.999999995648020668e-01 0.000000000000000000e+00 -1.423786333881163743e-05 1.422625432022575117e-05 1.422625432022575117e-05 1.423786333881163743e-05 0.000000000000000000e+00 -4.999999995648020668e-01 0.000000000000000000e+00 0.000000000000000000e+00 0.000000000000000000e+00 0.000000000000000000e+00 0.000000000000000000e+00 0.000000000000000000e+00
2.600000000000000089e+00 1.270771382975825466e-10 4.999999999364626024e-01 4.999999999364626024e-01 0.000000000000000000e+00 -4.352770131584842612e-06 -1.542256179469795817e-06 -1.542256179469795817e-06 4.352770131584842612e-06 0.000000000000000000e+00 -4.999999999364626024e-01 0.000000000000000000e+00 0.000000000000000000e+00 0.000000000000000000e+00 0.000000000000000000e+00 0.000000000000000000e+00 0.000000000000000000e+00
2.699999999999999734e+00 7.389400020240757873e-11 4.999999999630532765e-01 4.999999999630532765e-01 0.000000000000000000e+00 8.448925273542178217e-08 2.118224796820435323e-06 2.118224796820435323e-06 -8.448925273542178217e-08 0.000000000000000000e+00 -4.999999999630532765e-01 0.000000000000000000e+00 0.000000000000000000e+00 0.000000000000000000e+00 0.000000000000000000e+00 0.000000000000000000e+00 0.000000000000000000e+00
2.799999999999999822e+00 8.557466863810277772e-11 4.999999999572117271e-01 4.999999999572117271e-01 0.000000000000000000e+00 3.101025886621994638e-06 -2.593289399715930028e-07 -2.593289399715930028e-07 -3.101025886621994638e-06 0.000000000000000000e+00 -4.999999999572117271e-01 0.000000000000000000e+00 0.000000000000000000e+00 0.000000000000000000e+00 0.000000000000000000e+00 0.000000000000000000e+00 0.000000000000000000e+00
2.899999999999999911e+00 1.737546018354248448e-10 4.999999999131234385e-01 4.999999999131234385e-01 0.000000000000000000e+00 -1.011512625680646377e-06 6.664881717857903751e-06 6.664881717857903751e-06 1.011512625680646377e-06 0.000000000000000000e+00 -4.999999999131234385e-01 0.000000000000000000e+00 0.000000000000000000e+00 0.000000000000000000e+00 0.000000000000000000e+00 0.000000000000000000e+00 0.000000000000000000e+00
3.000000000000000000e+00 7.214178627893832360e-11 4.999999999639289094e-01 4.999999999639289094e-01 0.000000000000000000e+00 1.658927352687889878e-06 1.991343755934130280e-06 1.991343755934130280e-06 -1.658927352687889878e-06 0.000000000000000000e+00 -4.999999999639289094e-01 0.000000000000000000e+00 0.000000000000000000e+00 0.000000000000000000e+00 0.000000000000000000e+00 0.000000000000000000e+00 0.000000000000000000e+00
