1.000000000000000056e-01 1.501807194734185169e-01 2.487685555536791049e-01 -9.568489730838702911e-01
2.000000000000000111e-01 2.936994618916649036e-01 4.712311436589692870e-01 -8.316741160952344503e-01
2.999999999999999889e-01 4.242452938103655757e-01 6.437295204949570193e-01 -6.368894999483170061e-01
4.000000000000000222e-01 5.362050677874156124e-01 7.476401996597169530e-01 -3.918140595066002541e-01
5.000000000000000000e-01 6.249579772218424312e-01 7.712611397964401760e-01 -1.207633260176192436e-01
5.999999999999999778e-01 6.871368231641713509e-01 7.110091565631854182e-01 1.493618608945771198e-01
6.999999999999999556e-01 7.208158280075350755e-01 5.718127951995563008e-01 3.917329055516660108e-01
7.999999999999999334e-01 7.256289093221111042e-01 3.666534872699745984e-01 5.822610292659210485e-01
8.999999999999999112e-01 7.027993869105535474e-01 1.153059047590296038e-01 7.019811748745122815e-01
9.999999999999998890e-01 6.550817761838328979e-01 -1.576007159454371753e-01 7.389383471651953528e-01
1.099999999999999867e+00 5.866137373924203979e-01 -4.250086646272356883e-01 6.893852030301274025e-01
1.199999999999999956e+00 5.026791496403029136e-01 -6.601231945889364239e-01 5.581675737166801321e-01
1.300000000000000044e+00 4.093950821776614624e-01 -8.390780273928786226e-01 3.582509327633000007e-01
1.399999999999999911e+00 3.133449049182365220e-01 -9.433088113858325574e-01 1.094689768194993806e-01
1.500000000000000000e+00 2.211565030836329382e-01 -9.614467126061809754e-01 -1.634320041841225979e-01
1.599999999999999867e+00 1.390803910031961077e-01 -8.904822165949920487e-01 -4.332413492523199960e-01
1.699999999999999956e+00 7.257245838571807495e-02 -7.361220166877476823e-01 -6.729469633192933786e-01
1.800000000000000044e+00 2.592010964651802335e-02 -5.122802127346258727e-01 -8.584271262295828375e-01
1.899999999999999911e+00 1.941229289344119022e-03 -2.397686524817314591e-01 -9.708281128081340805e-01
2.000000000000000000e+00 1.773427312214381681e-03 5.570466661730634483e-02 -9.984457146323172383e-01
2.099999999999999645e+00 2.478654001954249536e-02 3.460164831037493838e-01 -9.379009649057328257e-01
2.199999999999999734e+00 6.861154179442709167e-02 6.033762845930568108e-01 -7.944995382281321294e-01
2.299999999999999822e+00 1.293077594535945452e-01 8.030377413527314268e-01 -5.817300823397663079e-01
2.399999999999999911e+00 2.016483300102810405e-01 9.257208166906113478e-01 -3.199670612298290973e-01
2.500000000000000000e+00 2.795111772567320796e-01 9.595230698749213083e-01 -3.448159120600892413e-02
2.600000000000000089e+00 3.563478876695208020e-01 9.011060571954867537e-01 2.470304769344486284e-01
2.699999999999999734e+00 4.256965235572602313e-01 7.560569086281675455e-01 4.971523107078776871e-01
2.799999999999999822e+00 4.817042631844807299e-01 5.383635811415922179e-01 6.914663092928654553e-01
2.899999999999999911e+00 5.195967668065898382e-01 2.691018408134433493e-01 8.109274937335189115e-01
3.000000000000000000e+00 5.360891612513374316e-01 -2.561993662995357829e-02 8.437724986559917983e-01
