1.000000000000000056e-01 -6.421549223784686622e-02 1.606159491687492447e-01 -9.838620917944224109e-01
2.000000000000000111e-01 -1.227910736231217215e-01 3.149543855783056290e-01 -9.365207280402967349e-01
2.999999999999999889e-01 -1.707156413530400707e-01 4.571799234223004049e-01 -8.610644514098386715e-01
4.000000000000000222e-01 -2.041394376475614281e-01 5.822599109312929233e-01 -7.622598830179380114e-01
5.000000000000000000e-01 -2.207373116463197116e-01 6.863086387601416982e-01 -6.460101771538981907e-01
5.999999999999999778e-01 -2.198392784908093089e-01 7.667421067973998472e-01 -5.187753581182892315e-01
6.999999999999999556e-01 -2.023699471784755621e-01 8.223685705275310953e-01 -3.869524602939805047e-01
7.999999999999999334e-01 -1.705960873574472458e-01 8.533277241359300547e-01 -2.563677111889977045e-01
8.999999999999999112e-01 -1.277288195082691147e-01 8.609575322508581374e-01 -1.318539253424774460e-01
9.999999999999998890e-01 -7.752637586225250010e-02 8.475474970744107939e-01 -1.710426808802847573e-02
1.099999999999999867e+00 -2.383610013087783530e-02 8.161025626806726052e-01 8.549857311471990851e-02
1.199999999999999956e+00 2.971900279346896545e-02 7.700486573316670524e-01 1.747598889974661673e-01
1.300000000000000044e+00 8.005439760651883452e-02 7.129879660083865422e-01 2.505231409625652828e-01
1.399999999999999911e+00 1.247525465944371303e-01 6.484637372035803038e-01 3.134728668504949134e-01
1.500000000000000000e+00 1.621563978339888579e-01 5.797744997650480236e-01 3.649012475236173003e-01
1.599999999999999867e+00 1.913232142361219745e-01 5.098481501944880367e-01 4.064663444138939541e-01
1.699999999999999956e+00 2.119927223044498765e-01 4.411515561841612976e-01 4.400042944618111074e-01
1.800000000000000044e+00 2.244480112501208158e-01 3.756592864343046290e-01 4.673553323846936780e-01
1.899999999999999911e+00 2.293777171818620897e-01 3.148333138584809565e-01 4.902591267522488083e-01
2.000000000000000000e+00 2.277739608500602420e-01 2.596711124063761367e-01 5.102509717588412652e-01
2.099999999999999645e+00 2.207898510900674904e-01 2.107296461435003432e-01 5.286210093701422252e-01
2.199999999999999734e+00 2.096139492406466354e-01 1.682049307446996378e-01 5.463971890035949075e-01
2.299999999999999822e+00 1.954246159024442542e-01 1.319962140632679470e-01 5.643348641337900817e-01
2.399999999999999911e+00 1.792953992821490483e-01 1.017660962265199143e-01 5.829432772192582046e-01
2.500000000000000000e+00 1.621584178095528128e-01 7.702873427252525385e-02 6.025098011300280554e-01
2.600000000000000089e+00 1.447975735847979450e-01 5.717971951434838718e-02 6.231339515252701799e-01
2.699999999999999734e+00 1.278229936135897582e-01 4.157512121444097153e-02 6.447636553175104535e-01
2.799999999999999822e+00 1.117022224331981201e-01 2.957095632525032214e-02 6.672312893986034332e-01
2.899999999999999911e+00 9.673214686147191266e-02 2.053705761370099026e-02 6.902943153555093359e-01
3.000000000000000000e+00 8.310362801298169788e-02 1.390678834152094673e-02 7.136597929040365829e-01
