1.000000000000000056e-01 -1.700222654796984534e-01 -3.362687905705853686e-03 -9.854344836491482074e-01
2.000000000000000111e-01 -3.314730876075865362e-01 -1.389367201277982161e-02 -9.433623683395158110e-01
2.999999999999999889e-01 -4.762825822015866462e-01 -3.774781623411277431e-02 -8.784816470521756848e-01
4.000000000000000222e-01 -5.973688654544594412e-01 -7.916788739376949546e-02 -7.980494244291843620e-01
5.000000000000000000e-01 -6.890572060947549593e-01 -1.398083378779739205e-01 -7.110933800388029580e-01
5.999999999999999778e-01 -7.474435938995394046e-01 -2.183455154179249902e-01 -6.274179703878499659e-01
6.999999999999999556e-01 -7.706496419558952482e-01 -3.104539059566683856e-01 -5.565226870284019078e-01
7.999999999999999334e-01 -7.589664198008392315e-01 -4.091157289329846458e-01 -5.065513727752292139e-01
8.999999999999999112e-01 -7.148784648625056137e-01 -5.052829225460406803e-01 -4.833610948878306890e-01
9.999999999999998890e-01 -6.429438090165384700e-01 -5.887885284801560593e-01 -4.898482686888853688e-01
1.099999999999999867e+00 -5.495485269239867021e-01 -6.494431351792159246e-01 -5.255663901665641458e-01
1.199999999999999956e+00 -4.425220053216890603e-01 -6.781868125408898607e-01 -5.867170713530645010e-01
1.300000000000000044e+00 -3.306561524670516006e-01 -6.681752794797086725e-01 -6.664895382034643490e-01
1.399999999999999911e+00 -2.231233895668034706e-01 -6.156889255579903741e-01 -7.557401005705820518e-01
1.500000000000000000e+00 -1.288537570959442102e-01 -5.207504106190449233e-01 -8.439287403316830805e-01
1.599999999999999867e+00 -5.590305297930166922e-02 -3.873961682399079676e-01 -9.202168535006260974e-01
1.699999999999999956e+00 -1.084251427877905294e-02 -2.235249731252849648e-01 -9.746378949952895221e-01
1.800000000000000044e+00 1.768738098731044775e-03 -4.036267486494220236e-02 -9.991835296398369204e-01
1.899999999999999911e+00 -2.023047137298834147e-02 1.484375151332922027e-01 -9.887148386218812535e-01
2.000000000000000000e+00 -7.634976537311770339e-02 3.279821184650546506e-01 -9.415935657086906829e-01
2.099999999999999645e+00 -1.634122536859515806e-01 4.834986239464823532e-01 -8.599566944119604317e-01
2.199999999999999734e+00 -2.756980971294632488e-01 6.017238459979601384e-01 -7.496125479053425966e-01
2.299999999999999822e+00 -4.053193825949633622e-01 6.722192226436458640e-01 -6.195462177044469554e-01
2.399999999999999911e+00 -5.427583474303376843e-01 6.884563824948823907e-01 -4.810833455990842222e-01
2.500000000000000000e+00 -6.775745639760676342e-01 6.485465634674417723e-01 -3.468141659179445058e-01
2.600000000000000089e+00 -7.992118811901852693e-01 5.555792463209098253e-01 -2.293296098527917715e-01
2.699999999999999734e+00 -8.978434900667657814e-01 4.174785694135866310e-01 -1.399596760215197910e-01
2.799999999999999822e+00 -9.652010301917159918e-01 2.464005475900745701e-01 -8.759989261514687653e-02
2.899999999999999911e+00 -9.953005835723010009e-01 5.772742353632659418e-02 -7.774504355460676308e-02
3.000000000000000000e+00 -9.850119083847825863e-01 -1.312836056655446726e-01 -1.118756198443109223e-01
