1.000000000000000056e-01 9.990603599802118095e-01 0.000000000000000000e+00 9.396400197872007906e-04 0.000000000000000000e+00 0.000000000000000000e+00 0.000000000000000000e+00 2.706117264870990663e-03 1.154303437683149719e-02 0.000000000000000000e+00 0.000000000000000000e+00 0.000000000000000000e+00 0.000000000000000000e+00 0.000000000000000000e+00 0.000000000000000000e+00 0.000000000000000000e+00 0.000000000000000000e+00
2.000000000000000111e-01 9.961475221300865046e-01 0.000000000000000000e+00 3.852477869912445448e-03 0.000000000000000000e+00 0.000000000000000000e+00 0.000000000000000000e+00 2.799892363163062237e-04 1.189201563089122612e-03 0.000000000000000000e+00 0.000000000000000000e+00 0.000000000000000000e+00 0.000000000000000000e+00 0.000000000000000000e+00 0.000000000000000000e+00 0.000000000000000000e+00 0.000000000000000000e+00
2.999999999999999889e-01 9.910074785925289120e-01 0.000000000000000000e+00 8.992521407471773184e-03 0.000000000000000000e+00 0.000000000000000000e+00 0.000000000000000000e+00 3.174549395435834857e-06 1.340915546474819150e-05 0.000000000000000000e+00 0.000000000000000000e+00 0.000000000000000000e+00 0.000000000000000000e+00 0.000000000000000000e+00 0.000000000000000000e+00 0.000000000000000000e+00 0.000000000000000000e+00
4.000000000000000222e-01 9.832705303000786046e-01 0.000000000000000000e+00 1.672946969992243280e-02 0.000000000000000000e+00 0.000000000000000000e+00 0.000000000000000000e+00 4.525665497194034161e-09 1.898406916989444597e-08 0.000000000000000000e+00 0.000000000000000000e+00 0.000000000000000000e+00 0.000000000000000000e+00 0.000000000000000000e+00 0.000000000000000000e+00 0.000000000000000000e+00 0.000000000000000000e+00
5.000000000000000000e-01 9.728554662812581855e-01 0.000000000000000000e+00 2.714453371874180759e-02 0.000000000000000000e+00 0.000000000000000000e+00 0.000000000000000000e+00 1.861994507722986731e-12 7.890989840224769683e-12 0.000000000000000000e+00 0.000000000000000000e+00 0.000000000000000000e+00 0.000000000000000000e+00 0.000000000000000000e+00 0.000000000000000000e+00 0.000000000000000000e+00 0.000000000000000000e+00
5.999999999999999778e-01 9.584248707393085986e-01 0.000000000000000000e+00 4.157512926069219933e-02 0.000000000000000000e+00 0.000000000000000000e+00 0.000000000000000000e+00 -1.890464277212315420e-15 -7.159049271893691148e-17 0.000000000000000000e+00 0.000000000000000000e+00 0.000000000000000000e+00 0.000000000000000000e+00 0.000000000000000000e+00 0.000000000000000000e+00 0.000000000000000000e+00 0.000000000000000000e+00
6.999999999999999556e-01 9.407291702441171743e-01 0.000000000000000000e+00 5.927082975588246483e-02 0.000000000000000000e+00 0.000000000000000000e+00 0.000000000000000000e+00 -7.943893020976470212e-16 -2.553953169300731051e-15 0.000000000000000000e+00 0.000000000000000000e+00 0.000000000000000000e+00 0.000000000000000000e+00 0.000000000000000000e+00 0.000000000000000000e+00 0.000000000000000000e+00 0.000000000000000000e+00
7.999999999999999334e-01 9.194096878582393995e-01 0.000000000000000000e+00 8.059031214176176627e-02 0.000000000000000000e+00 0.000000000000000000e+00 0.000000000000000000e+00 -3.279792120706988390e-18 -3.198957741469154662e-16 0.000000000000000000e+00 0.000000000000000000e+00 0.000000000000000000e+00 0.000000000000000000e+00 0.000000000000000000e+00 0.000000000000000000e+00 0.000000000000000000e+00 0.000000000000000000e+00
8.999999999999999112e-01 8.946642824670221206e-01 0.000000000000000000e+00 1.053357175329777545e-01 0.000000000000000000e+00 0.000000000000000000e+00 0.000000000000000000e+00 4.316931336980504502e-16 -1.590860654244317855e-15 0.000000000000000000e+00 0.000000000000000000e+00 0.000000000000000000e+00 0.000000000000000000e+00 0.000000000000000000e+00 0.000000000000000000e+00 0.000000000000000000e+00 0.000000000000000000e+00
9.999999999999998890e-01 8.669250336308529370e-01 0.000000000000000000e+00 1.330749663691475626e-01 0.000000000000000000e+00 0.000000000000000000e+00 0.000000000000000000e+00 -4.289934546106812324e-16 -1.958673128424900130e-15 0.000000000000000000e+00 0.000000000000000000e+00 0.000000000000000000e+00 0.000000000000000000e+00 0.000000000000000000e+00 0.000000000000000000e+00 0.000000000000000000e+00 0.000000000000000000e+00
1.099999999999999867e+00 8.405157541121909270e-01 0.000000000000000000e+00 1.594842458878096281e-01 0.000000000000000000e+00 0.000000000000000000e+00 0.000000000000000000e+00 -1.983783441113606476e-16 -2.375083381956521983e-16 0.000000000000000000e+00 0.000000000000000000e+00 0.000000000000000000e+00 0.000000000000000000e+00 0.000000000000000000e+00 0.000000000000000000e+00 0.000000000000000000e+00 0.000000000000000000e+00
1.199999999999999956e+00 8.051670218892524877e-01 0.000000000000000000e+00 1.948329781107483727e-01 0.000000000000000000e+00 0.000000000000000000e+00 0.000000000000000000e+00 -5.645970129129329775e-16 -3.832387395942531616e-16 0.000000000000000000e+00 0.000000000000000000e+00 0.000000000000000000e+00 0.000000000000000000e+00 0.000000000000000000e+00 0.000000000000000000e+00 0.000000000000000000e+00 0.000000000000000000e+00
1.300000000000000044e+00 7.728001331231310056e-01 0.000000000000000000e+00 2.271998668768688001e-01 0.000000000000000000e+00 0.000000000000000000e+00 0.000000000000000000e+00 2.575482293881814096e-16 6.451775064974886604e-16 0.000000000000000000e+00 0.000000000000000000e+00 0.000000000000000000e+00 0.000000000000000000e+00 0.000000000000000000e+00 0.000000000000000000e+00 0.000000000000000000e+00 0.000000000000000000e+00
1.399999999999999911e+00 7.405995558050505467e-01 0.000000000000000000e+00 2.594004441949487316e-01 0.000000000000000000e+00 0.000000000000000000e+00 0.000000000000000000e+00 -8.395530603725292541e-16 2.412545786181860656e-16 0.000000000000000000e+00 0.000000000000000000e+00 0.000000000000000000e+00 0.000000000000000000e+00 0.000000000000000000e+00 0.000000000000000000e+00 0.000000000000000000e+00 0.000000000000000000e+00
1.500000000000000000e+00 7.093685933048513581e-01 0.000000000000000000e+00 2.906314066951479758e-01 0.000000000000000000e+00 0.000000000000000000e+00 0.000000000000000000e+00 1.226887661184554749e-16 3.674179745542153260e-16 0.000000000000000000e+00 0.000000000000000000e+00 0.000000000000000000e+00 0.000000000000000000e+00 0.000000000000000000e+00 0.000000000000000000e+00 0.000000000000000000e+00 0.000000000000000000e+00
1.599999999999999867e+00 6.797908738491799108e-01 0.000000000000000000e+00 3.202091261508205888e-01 0.000000000000000000e+00 0.000000000000000000e+00 0.000000000000000000e+00 -1.079346785959229236e-16 2.324821325262916923e-16 0.000000000000000000e+00 0.000000000000000000e+00 0.000000000000000000e+00 0.000000000000000000e+00 0.000000000000000000e+00 0.000000000000000000e+00 0.000000000000000000e+00 0.000000000000000000e+00
1.699999999999999956e+00 6.523965889917066052e-01 0.000000000000000000e+00 3.476034110082935058e-01 0.000000000000000000e+00 0.000000000000000000e+00 0.000000000000000000e+00 1.479303034151336134e-16 5.605182398551574031e-17 0.000000000000000000e+00 0.000000000000000000e+00 0.000000000000000000e+00 0.000000000000000000e+00 0.000000000000000000e+00 0.000000000000000000e+00 0.000000000000000000e+00 0.000000000000000000e+00
1.800000000000000044e+00 6.275478224757519152e-01 0.000000000000000000e+00 3.724521775242486399e-01 0.000000000000000000e+00 0.000000000000000000e+00 0.000000000000000000e+00 1.391792338808125050e-16 -8.593451598136306840e-18 0.000000000000000000e+00 0.000000000000000000e+00 0.000000000000000000e+00 0.000000000000000000e+00 0.000000000000000000e+00 0.000000000000000000e+00 0.000000000000000000e+00 0.000000000000000000e+00
1.899999999999999911e+00 6.054416290919680810e-01 0.000000000000000000e+00 3.945583709080327517e-01 0.000000000000000000e+00 0.000000000000000000e+00 0.000000000000000000e+00 -1.282907519321313815e-17 3.358442711623306043e-18 0.000000000000000000e+00 0.000000000000000000e+00 0.000000000000000000e+00 0.000000000000000000e+00 0.000000000000000000e+00 0.000000000000000000e+00 0.000000000000000000e+00 0.000000000000000000e+00
2.000000000000000000e+00 5.861286865984656202e-01 0.000000000000000000e+00 4.138713134015345463e-01 0.000000000000000000e+00 0.000000000000000000e+00 0.000000000000000000e+00 5.618064430220900887e-19 -3.997265885170883611e-17 0.000000000000000000e+00 0.000000000000000000e+00 0.000000000000000000e+00 0.000000000000000000e+00 0.000000000000000000e+00 0.000000000000000000e+00 0.000000000000000000e+00 0.000000000000000000e+00
2.099999999999999645e+00 5.695389443008214148e-01 0.000000000000000000e+00 4.304610556991774750e-01 0.000000000000000000e+00 0.000000000000000000e+00 0.000000000000000000e+00 -6.708088469332144675e-17 -1.020826797150458000e-17 0.000000000000000000e+00 0.000000000000000000e+00 0.000000000000000000e+00 0.000000000000000000e+00 0.000000000000000000e+00 0.000000000000000000e+00 0.000000000000000000e+00 0.000000000000000000e+00
2.199999999999999734e+00 5.555120055235560628e-01 0.000000000000000000e+00 4.444879944764432156e-01 0.000000000000000000e+00 0.000000000000000000e+00 0.000000000000000000e+00 4.309933970368689162e-17 4.822077577291408188e-17 0.000000000000000000e+00 0.000000000000000000e+00 0.000000000000000000e+00 0.000000000000000000e+00 0.000000000000000000e+00 0.000000000000000000e+00 0.000000000000000000e+00 0.000000000000000000e+00
2.299999999999999822e+00 5.438263065740807090e-01 0.000000000000000000e+00 4.561736934259193466e-01 0.000000000000000000e+00 0.000000000000000000e+00 0.000000000000000000e+00 -1.890671966928303928e-18 -7.727597067305043595e-17 0.000000000000000000e+00 0.000000000000000000e+00 0.000000000000000000e+00 0.000000000000000000e+00 0.000000000000000000e+00 0.000000000000000000e+00 0.000000000000000000e+00 0.000000000000000000e+00
2.399999999999999911e+00 5.342257964752733512e-01 0.000000000000000000e+00 4.657742035247264267e-01 0.000000000000000000e+00 0.000000000000000000e+00 0.000000000000000000e+00 1.076605617892997899e-18 3.187720736369102045e-17 0.000000000000000000e+00 0.000000000000000000e+00 0.000000000000000000e+00 0.000000000000000000e+00 0.000000000000000000e+00 0.000000000000000000e+00 0.000000000000000000e+00 0.000000000000000000e+00
2.500000000000000000e+00 5.264416145685847370e-01 0.000000000000000000e+00 4.735583854314150409e-01 0.000000000000000000e+00 0.000000000000000000e+00 0.000000000000000000e+00 -6.057891888709025744e-18 -5.549500633908572593e-18 0.000000000000000000e+00 0.000000000000000000e+00 0.000000000000000000e+00 0.000000000000000000e+00 0.000000000000000000e+00 0.000000000000000000e+00 0.000000000000000000e+00 0.000000000000000000e+00
2.600000000000000089e+00 5.202102911379763439e-01 0.000000000000000000e+00 4.797897088620224348e-01 0.000000000000000000e+00 0.000000000000000000e+00 0.000000000000000000e+00 1.609806392629255379e-18 4.277867745834202097e-18 0.000000000000000000e+00 0.000000000000000000e+00 0.000000000000000000e+00 0.000000000000000000e+00 0.000000000000000000e+00 0.000000000000000000e+00 0.000000000000000000e+00 0.000000000000000000e+00
2.699999999999999734e+00 5.152817410452338320e-01 0.000000000000000000e+00 4.847182589547655018e-01 0.000000000000000000e+00 0.000000000000000000e+00 0.000000000000000000e+00 1.354628341709353348e-17 -1.074427049469946683e-18 0.000000000000000000e+00 0.000000000000000000e+00 0.000000000000000000e+00 0.000000000000000000e+00 0.000000000000000000e+00 0.000000000000000000e+00 0.000000000000000000e+00 0.000000000000000000e+00
2.799999999999999822e+00 5.114298201725717696e-01 0.000000000000000000e+00 4.885701798274276197e-01 0.000000000000000000e+00 0.000000000000000000e+00 0.000000000000000000e+00 -9.180964730119343728e-18 5.063167287763037652e-18 0.000000000000000000e+00 0.000000000000000000e+00 0.000000000000000000e+00 0.000000000000000000e+00 0.000000000000000000e+00 0.000000000000000000e+00 0.000000000000000000e+00 0.000000000000000000e+00
2.899999999999999911e+00 5.084541219739306950e-01 0.000000000000000000e+00 4.915458780260699156e-01 0.000000000000000000e+00 0.000000000000000000e+00 0.000000000000000000e+00 -4.238507842461681705e-18 6.511496454145433569e-18 0.000000000000000000e+00 0.000000000000000000e+00 0.000000000000000000e+00 0.000000000000000000e+00 0.000000000000000000e+00 0.000000000000000000e+00 0.000000000000000000e+00 0.000000000000000000e+00
3.000000000000000000e+00 5.061818793058481258e-01 0.000000000000000000e+00 4.938181206941519852e-01 0.000000000000000000e+00 0.000000000000000000e+00 0.000000000000000000e+00 5.696386530614067425e-18 -3.441658833042190010e-18 0.000000000000000000e+00 0.000000000000000000e+00 0.000000000000000000e+00 0.000000000000000000e+00 0.000000000000000000e+00 0.000000000000000000e+00 0.000000000000000000e+00 0.000000000000000000e+00
