1.000000000000000056e-01 9.998786303732527525e-01 0.000000000000000000e+00 1.213696267480560110e-04 0.000000000000000000e+00 0.000000000000000000e+00 0.000000000000000000e+00 -3.959795635960479919e-03 -3.659883249782194987e-04 0.000000000000000000e+00 0.000000000000000000e+00 0.000000000000000000e+00 0.000000000000000000e+00 0.000000000000000000e+00 0.000000000000000000e+00 0.000000000000000000e+00 0.000000000000000000e+00
2.000000000000000111e-01 9.994119670144729906e-01 0.000000000000000000e+00 5.880329855267638723e-04 0.000000000000000000e+00 0.000000000000000000e+00 0.000000000000000000e+00 -4.761132433841738852e-04 -3.995300044883908787e-05 0.000000000000000000e+00 0.000000000000000000e+00 0.000000000000000000e+00 0.000000000000000000e+00 0.000000000000000000e+00 0.000000000000000000e+00 0.000000000000000000e+00 0.000000000000000000e+00
2.999999999999999889e-01 9.982981270794767381e-01 0.000000000000000000e+00 1.701872920523743926e-03 0.000000000000000000e+00 0.000000000000000000e+00 0.000000000000000000e+00 -6.241885197175632167e-06 -4.331426068677921395e-07 0.000000000000000000e+00 0.000000000000000000e+00 0.000000000000000000e+00 0.000000000000000000e+00 0.000000000000000000e+00 0.000000000000000000e+00 0.000000000000000000e+00 0.000000000000000000e+00
4.000000000000000222e-01 9.959868690975373084e-01 0.000000000000000000e+00 4.013130902462501599e-03 0.000000000000000000e+00 0.000000000000000000e+00 0.000000000000000000e+00 -6.548261485382850813e-09 -2.975257793573970115e-10 0.000000000000000000e+00 0.000000000000000000e+00 0.000000000000000000e+00 0.000000000000000000e+00 0.000000000000000000e+00 0.000000000000000000e+00 0.000000000000000000e+00 0.000000000000000000e+00
5.000000000000000000e-01 9.921589006692582702e-01 0.000000000000000000e+00 7.841099330741172976e-03 0.000000000000000000e+00 0.000000000000000000e+00 0.000000000000000000e+00 -2.665835799775047947e-12 -5.498475550037862970e-14 0.000000000000000000e+00 0.000000000000000000e+00 0.000000000000000000e+00 0.000000000000000000e+00 0.000000000000000000e+00 0.000000000000000000e+00 0.000000000000000000e+00 0.000000000000000000e+00
5.999999999999999778e-01 9.855414506266689800e-01 0.000000000000000000e+00 1.445854937333060537e-02 0.000000000000000000e+00 0.000000000000000000e+00 0.000000000000000000e+00 -1.430048354073599358e-15 2.688406431229115191e-15 0.000000000000000000e+00 0.000000000000000000e+00 0.000000000000000000e+00 0.000000000000000000e+00 0.000000000000000000e+00 0.000000000000000000e+00 0.000000000000000000e+00 0.000000000000000000e+00
6.999999999999999556e-01 9.761236114064802960e-01 0.000000000000000000e+00 2.387638859351989135e-02 0.000000000000000000e+00 0.000000000000000000e+00 0.000000000000000000e+00 5.550806731292508915e-15 -1.080906365579768303e-15 0.000000000000000000e+00 0.000000000000000000e+00 0.000000000000000000e+00 0.000000000000000000e+00 0.000000000000000000e+00 0.000000000000000000e+00 0.000000000000000000e+00 0.000000000000000000e+00
7.999999999999999334e-01 9.632039535588178270e-01 0.000000000000000000e+00 3.679604644118258244e-02 0.000000000000000000e+00 0.000000000000000000e+00 0.000000000000000000e+00 1.010506861847065645e-15 1.678755297098265037e-15 0.000000000000000000e+00 0.000000000000000000e+00 0.000000000000000000e+00 0.000000000000000000e+00 0.000000000000000000e+00 0.000000000000000000e+00 0.000000000000000000e+00 0.000000000000000000e+00
8.999999999999999112e-01 9.464594460871723625e-01 0.000000000000000000e+00 5.354055391282818571e-02 0.000000000000000000e+00 0.000000000000000000e+00 0.000000000000000000e+00 -9.592066805668723569e-16 6.524889157105573652e-16 0.000000000000000000e+00 0.000000000000000000e+00 0.000000000000000000e+00 0.000000000000000000e+00 0.000000000000000000e+00 0.000000000000000000e+00 0.000000000000000000e+00 0.000000000000000000e+00
9.999999999999998890e-01 9.257976686738903505e-01 0.000000000000000000e+00 7.420233132610890014e-02 0.000000000000000000e+00 0.000000000000000000e+00 0.000000000000000000e+00 -5.417486184347647033e-16 -1.764648124735824861e-16 0.000000000000000000e+00 0.000000000000000000e+00 0.000000000000000000e+00 0.000000000000000000e+00 0.000000000000000000e+00 0.000000000000000000e+00 0.000000000000000000e+00 0.000000000000000000e+00
1.099999999999999867e+00 9.041419399872203666e-01 0.000000000000000000e+00 9.585806001277971666e-02 0.000000000000000000e+00 0.000000000000000000e+00 0.000000000000000000e+00 -9.895621624689715919e-16 1.159258584250556784e-15 0.000000000000000000e+00 0.000000000000000000e+00 0.000000000000000000e+00 0.000000000000000000e+00 0.000000000000000000e+00 0.000000000000000000e+00 0.000000000000000000e+00 0.000000000000000000e+00
1.199999999999999956e+00 8.736257129741785699e-01 0.000000000000000000e+00 1.263742870258216522e-01 0.000000000000000000e+00 0.000000000000000000e+00 0.000000000000000000e+00 5.298030161106167581e-16 -1.010295033258378507e-15 0.000000000000000000e+00 0.000000000000000000e+00 0.000000000000000000e+00 0.000000000000000000e+00 0.000000000000000000e+00 0.000000000000000000e+00 0.000000000000000000e+00 0.000000000000000000e+00
1.300000000000000044e+00 8.431726219025076352e-01 0.000000000000000000e+00 1.568273780974932252e-01 0.000000000000000000e+00 0.000000000000000000e+00 0.000000000000000000e+00 8.917303973341218038e-16 2.314440102715625047e-15 0.000000000000000000e+00 0.000000000000000000e+00 0.000000000000000000e+00 0.000000000000000000e+00 0.000000000000000000e+00 0.000000000000000000e+00 0.000000000000000000e+00 0.000000000000000000e+00
1.399999999999999911e+00 8.108313734417008645e-01 0.000000000000000000e+00 1.891686265582991910e-01 0.000000000000000000e+00 0.000000000000000000e+00 0.000000000000000000e+00 -4.817324721412222037e-16 5.014656494599905289e-16 0.000000000000000000e+00 0.000000000000000000e+00 0.000000000000000000e+00 0.000000000000000000e+00 0.000000000000000000e+00 0.000000000000000000e+00 0.000000000000000000e+00 0.000000000000000000e+00
1.500000000000000000e+00 7.775124616232345076e-01 0.000000000000000000e+00 2.224875383767644099e-01 0.000000000000000000e+00 0.000000000000000000e+00 0.000000000000000000e+00 9.966872425242665287e-17 3.583277553123414456e-17 0.000000000000000000e+00 0.000000000000000000e+00 0.000000000000000000e+00 0.000000000000000000e+00 0.000000000000000000e+00 0.000000000000000000e+00 0.000000000000000000e+00 0.000000000000000000e+00
1.599999999999999867e+00 7.441508143857642477e-01 0.000000000000000000e+00 2.558491856142355858e-01 0.000000000000000000e+00 0.000000000000000000e+00 0.000000000000000000e+00 -6.819219755639951029e-16 4.362153674905842176e-16 0.000000000000000000e+00 0.000000000000000000e+00 0.000000000000000000e+00 0.000000000000000000e+00 0.000000000000000000e+00 0.000000000000000000e+00 0.000000000000000000e+00 0.000000000000000000e+00
1.699999999999999956e+00 7.116315042816174774e-01 0.000000000000000000e+00 2.883684957183838549e-01 0.000000000000000000e+00 0.000000000000000000e+00 0.000000000000000000e+00 3.958691884710843204e-17 1.318224847818367563e-16 0.000000000000000000e+00 0.000000000000000000e+00 0.000000000000000000e+00 0.000000000000000000e+00 0.000000000000000000e+00 0.000000000000000000e+00 0.000000000000000000e+00 0.000000000000000000e+00
1.800000000000000044e+00 6.862146186844326756e-01 0.000000000000000000e+00 3.137853813155673244e-01 0.000000000000000000e+00 0.000000000000000000e+00 0.000000000000000000e+00 2.956260235694801861e-17 4.394940134656451130e-16 0.000000000000000000e+00 0.000000000000000000e+00 0.000000000000000000e+00 0.000000000000000000e+00 0.000000000000000000e+00 0.000000000000000000e+00 0.000000000000000000e+00 0.000000000000000000e+00
1.899999999999999911e+00 6.520633287323164273e-01 0.000000000000000000e+00 3.479366712676823514e-01 0.000000000000000000e+00 0.000000000000000000e+00 0.000000000000000000e+00 -6.890154864857658494e-18 1.185188709672815277e-16 0.000000000000000000e+00 0.000000000000000000e+00 0.000000000000000000e+00 0.000000000000000000e+00 0.000000000000000000e+00 0.000000000000000000e+00 0.000000000000000000e+00 0.000000000000000000e+00
2.000000000000000000e+00 6.260769324615638176e-01 0.000000000000000000e+00 3.739230675384365155e-01 0.000000000000000000e+00 0.000000000000000000e+00 0.000000000000000000e+00 1.563293114548810747e-16 -1.917474598867700350e-16 0.000000000000000000e+00 0.000000000000000000e+00 0.000000000000000000e+00 0.000000000000000000e+00 0.000000000000000000e+00 0.000000000000000000e+00 0.000000000000000000e+00 0.000000000000000000e+00
2.099999999999999645e+00 6.030281736485272326e-01 0.000000000000000000e+00 3.969718263514724899e-01 0.000000000000000000e+00 0.000000000000000000e+00 0.000000000000000000e+00 5.103377384985995340e-17 -1.635989826685363081e-16 0.000000000000000000e+00 0.000000000000000000e+00 0.000000000000000000e+00 0.000000000000000000e+00 0.000000000000000000e+00 0.000000000000000000e+00 0.000000000000000000e+00 0.000000000000000000e+00
2.199999999999999734e+00 5.830070630430996825e-01 0.000000000000000000e+00 4.169929369569014277e-01 0.000000000000000000e+00 0.000000000000000000e+00 0.000000000000000000e+00 -9.131739990678730557e-17 1.664533066623973210e-16 0.000000000000000000e+00 0.000000000000000000e+00 0.000000000000000000e+00 0.000000000000000000e+00 0.000000000000000000e+00 0.000000000000000000e+00 0.000000000000000000e+00 0.000000000000000000e+00
2.299999999999999822e+00 5.659567615336742463e-01 0.000000000000000000e+00 4.340432384663260312e-01 0.000000000000000000e+00 0.000000000000000000e+00 0.000000000000000000e+00 1.098673829329735323e-16 -9.829704030267882250e-17 0.000000000000000000e+00 0.000000000000000000e+00 0.000000000000000000e+00 0.000000000000000000e+00 0.000000000000000000e+00 0.000000000000000000e+00 0.000000000000000000e+00 0.000000000000000000e+00
2.399999999999999911e+00 5.517076135424563432e-01 0.000000000000000000e+00 4.482923864575448225e-01 0.000000000000000000e+00 0.000000000000000000e+00 0.000000000000000000e+00 -8.482589869594189019e-17 1.393564269742023160e-17 0.000000000000000000e+00 0.000000000000000000e+00 0.000000000000000000e+00 0.000000000000000000e+00 0.000000000000000000e+00 0.000000000000000000e+00 0.000000000000000000e+00 0.000000000000000000e+00
2.500000000000000000e+00 5.425934317297956833e-01 0.000000000000000000e+00 4.574065682702042057e-01 0.000000000000000000e+00 0.000000000000000000e+00 0.000000000000000000e+00 6.862505180180503198e-17 -1.463903388494677171e-17 0.000000000000000000e+00 0.000000000000000000e+00 0.000000000000000000e+00 0.000000000000000000e+00 0.000000000000000000e+00 0.000000000000000000e+00 0.000000000000000000e+00 0.000000000000000000e+00
2.600000000000000089e+00 5.305740268008287686e-01 0.000000000000000000e+00 4.694259731991709539e-01 0.000000000000000000e+00 0.000000000000000000e+00 0.000000000000000000e+00 1.785333944461258629e-17 -1.869521781577296423e-17 0.000000000000000000e+00 0.000000000000000000e+00 0.000000000000000000e+00 0.000000000000000000e+00 0.000000000000000000e+00 0.000000000000000000e+00 0.000000000000000000e+00 0.000000000000000000e+00
2.699999999999999734e+00 5.230807756674931142e-01 0.000000000000000000e+00 4.769192243325076630e-01 0.000000000000000000e+00 0.000000000000000000e+00 0.000000000000000000e+00 -8.937717162433098683e-18 -5.359733044598373132e-19 0.000000000000000000e+00 0.000000000000000000e+00 0.000000000000000000e+00 0.000000000000000000e+00 0.000000000000000000e+00 0.000000000000000000e+00 0.000000000000000000e+00 0.000000000000000000e+00
2.799999999999999822e+00 5.172220408063137320e-01 0.000000000000000000e+00 4.827779591936858794e-01 0.000000000000000000e+00 0.000000000000000000e+00 0.000000000000000000e+00 5.347950982749173941e-19 -6.640839649083372089e-18 0.000000000000000000e+00 0.000000000000000000e+00 0.000000000000000000e+00 0.000000000000000000e+00 0.000000000000000000e+00 0.000000000000000000e+00 0.000000000000000000e+00 0.000000000000000000e+00
2.899999999999999911e+00 5.127074138202969422e-01 0.000000000000000000e+00 4.872925861797027802e-01 0.000000000000000000e+00 0.000000000000000000e+00 0.000000000000000000e+00 -1.331554738059518194e-17 -4.498031752953481911e-18 0.000000000000000000e+00 0.000000000000000000e+00 0.000000000000000000e+00 0.000000000000000000e+00 0.000000000000000000e+00 0.000000000000000000e+00 0.000000000000000000e+00 0.000000000000000000e+00
3.000000000000000000e+00 5.092762504339564122e-01 0.000000000000000000e+00 4.907237495660434212e-01 0.000000000000000000e+00 0.000000000000000000e+00 0.000000000000000000e+00 1.586981814936013714e-17 6.649175459906792035e-18 0.000000000000000000e+00 0.000000000000000000e+00 0.000000000000000000e+00 0.000000000000000000e+00 0.000000000000000000e+00 0.000000000000000000e+00 0.000000000000000000e+00 0.000000000000000000e+00
