1.000000000000000056e-01 9.974386850822003492e-01 0.000000000000000000e+00 2.561314917801264107e-03 0.000000000000000000e+00 0.000000000000000000e+00 0.000000000000000000e+00 -1.035195287103875782e-02 1.599404084023239164e-02 0.000000000000000000e+00 0.000000000000000000e+00 0.000000000000000000e+00 0.000000000000000000e+00 0.000000000000000000e+00 0.000000000000000000e+00 0.000000000000000000e+00 0.000000000000000000e+00
2.000000000000000111e-01 9.898279518920597431e-01 0.000000000000000000e+00 1.017204810794135675e-02 0.000000000000000000e+00 0.000000000000000000e+00 0.000000000000000000e+00 -1.261859766472138086e-03 1.925113010281895342e-03 0.000000000000000000e+00 0.000000000000000000e+00 0.000000000000000000e+00 0.000000000000000000e+00 0.000000000000000000e+00 0.000000000000000000e+00 0.000000000000000000e+00 0.000000000000000000e+00
2.999999999999999889e-01 9.773218477809647586e-01 0.000000000000000000e+00 2.267815221903565770e-02 0.000000000000000000e+00 0.000000000000000000e+00 0.000000000000000000e+00 -1.268845266172863114e-05 1.901276985568753063e-05 0.000000000000000000e+00 0.000000000000000000e+00 0.000000000000000000e+00 0.000000000000000000e+00 0.000000000000000000e+00 0.000000000000000000e+00 0.000000000000000000e+00 0.000000000000000000e+00
4.000000000000000222e-01 9.604366795274974500e-01 0.000000000000000000e+00 3.956332047250207817e-02 0.000000000000000000e+00 0.000000000000000000e+00 0.000000000000000000e+00 -3.058573295452268622e-08 4.440305183824863029e-08 0.000000000000000000e+00 0.000000000000000000e+00 0.000000000000000000e+00 0.000000000000000000e+00 0.000000000000000000e+00 0.000000000000000000e+00 0.000000000000000000e+00 0.000000000000000000e+00
5.000000000000000000e-01 9.394960510855351332e-01 0.000000000000000000e+00 6.050394891446504719e-02 0.000000000000000000e+00 0.000000000000000000e+00 0.000000000000000000e+00 -7.840884752571437068e-12 1.095687369057253214e-11 0.000000000000000000e+00 0.000000000000000000e+00 0.000000000000000000e+00 0.000000000000000000e+00 0.000000000000000000e+00 0.000000000000000000e+00 0.000000000000000000e+00 0.000000000000000000e+00
5.999999999999999778e-01 9.144701273526616436e-01 0.000000000000000000e+00 8.552987264733817596e-02 0.000000000000000000e+00 0.000000000000000000e+00 0.000000000000000000e+00 -2.868578013782727202e-16 7.822078267713287288e-16 0.000000000000000000e+00 0.000000000000000000e+00 0.000000000000000000e+00 0.000000000000000000e+00 0.000000000000000000e+00 0.000000000000000000e+00 0.000000000000000000e+00 0.000000000000000000e+00
6.999999999999999556e-01 8.870027880430395584e-01 0.000000000000000000e+00 1.129972119569603722e-01 0.000000000000000000e+00 0.000000000000000000e+00 0.000000000000000000e+00 -9.208454124406741121e-16 2.430244195014921164e-15 0.000000000000000000e+00 0.000000000000000000e+00 0.000000000000000000e+00 0.000000000000000000e+00 0.000000000000000000e+00 0.000000000000000000e+00 0.000000000000000000e+00 0.000000000000000000e+00
7.999999999999999334e-01 8.575121721963713251e-01 0.000000000000000000e+00 1.424878278036280643e-01 0.000000000000000000e+00 0.000000000000000000e+00 0.000000000000000000e+00 -7.349019651798587200e-16 1.321470813383553210e-15 0.000000000000000000e+00 0.000000000000000000e+00 0.000000000000000000e+00 0.000000000000000000e+00 0.000000000000000000e+00 0.000000000000000000e+00 0.000000000000000000e+00 0.000000000000000000e+00
8.999999999999999112e-01 8.268257030065446767e-01 0.000000000000000000e+00 1.731742969934556842e-01 0.000000000000000000e+00 0.000000000000000000e+00 0.000000000000000000e+00 2.087091982803857582e-15 1.579306258501804936e-15 0.000000000000000000e+00 0.000000000000000000e+00 0.000000000000000000e+00 0.000000000000000000e+00 0.000000000000000000e+00 0.000000000000000000e+00 0.000000000000000000e+00 0.000000000000000000e+00
9.999999999999998890e-01 7.957583795097605828e-01 0.000000000000000000e+00 2.042416204902393062e-01 0.000000000000000000e+00 0.000000000000000000e+00 0.000000000000000000e+00 1.131494158940691162e-15 4.507843240958934296e-16 0.000000000000000000e+00 0.000000000000000000e+00 0.000000000000000000e+00 0.000000000000000000e+00 0.000000000000000000e+00 0.000000000000000000e+00 0.000000000000000000e+00 0.000000000000000000e+00
1.099999999999999867e+00 7.689697708072250615e-01 0.000000000000000000e+00 2.310302291927749940e-01 0.000000000000000000e+00 0.000000000000000000e+00 0.000000000000000000e+00 -6.104409751674649518e-16 9.850543824785223766e-16 0.000000000000000000e+00 0.000000000000000000e+00 0.000000000000000000e+00 0.000000000000000000e+00 0.000000000000000000e+00 0.000000000000000000e+00 0.000000000000000000e+00 0.000000000000000000e+00
1.199999999999999956e+00 7.353900285085454014e-01 0.000000000000000000e+00 2.646099714914554868e-01 0.000000000000000000e+00 0.000000000000000000e+00 0.000000000000000000e+00 8.411761979461435271e-16 -9.018355956242314339e-16 0.000000000000000000e+00 0.000000000000000000e+00 0.000000000000000000e+00 0.000000000000000000e+00 0.000000000000000000e+00 0.000000000000000000e+00 0.000000000000000000e+00 0.000000000000000000e+00
1.300000000000000044e+00 7.072467827661096385e-01 0.000000000000000000e+00 2.927532172338906391e-01 0.000000000000000000e+00 0.000000000000000000e+00 0.000000000000000000e+00 1.052204473697529708e-15 2.009472681349514214e-16 0.000000000000000000e+00 0.000000000000000000e+00 0.000000000000000000e+00 0.000000000000000000e+00 0.000000000000000000e+00 0.000000000000000000e+00 0.000000000000000000e+00 0.000000000000000000e+00
1.399999999999999911e+00 6.810000660232974345e-01 0.000000000000000000e+00 3.189999339767012887e-01 0.000000000000000000e+00 0.000000000000000000e+00 0.000000000000000000e+00 -3.169946723133639866e-16 4.539963246549018046e-16 0.000000000000000000e+00 0.000000000000000000e+00 0.000000000000000000e+00 0.000000000000000000e+00 0.000000000000000000e+00 0.000000000000000000e+00 0.000000000000000000e+00 0.000000000000000000e+00
1.500000000000000000e+00 6.568715366279791468e-01 0.000000000000000000e+00 3.431284633720207422e-01 0.000000000000000000e+00 0.000000000000000000e+00 0.000000000000000000e+00 2.243314095564153902e-17 7.948258115872808126e-17 0.000000000000000000e+00 0.000000000000000000e+00 0.000000000000000000e+00 0.000000000000000000e+00 0.000000000000000000e+00 0.000000000000000000e+00 0.000000000000000000e+00 0.000000000000000000e+00
1.599999999999999867e+00 6.349585216510618135e-01 0.000000000000000000e+00 3.650414783489389081e-01 0.000000000000000000e+00 0.000000000000000000e+00 0.000000000000000000e+00 -1.652246532112911289e-16 -1.873234235826323414e-16 0.000000000000000000e+00 0.000000000000000000e+00 0.000000000000000000e+00 0.000000000000000000e+00 0.000000000000000000e+00 0.000000000000000000e+00 0.000000000000000000e+00 0.000000000000000000e+00
1.699999999999999956e+00 6.152601009657053810e-01 0.000000000000000000e+00 3.847398990342944525e-01 0.000000000000000000e+00 0.000000000000000000e+00 0.000000000000000000e+00 7.261005357348179749e-17 1.172373136253597289e-16 0.000000000000000000e+00 0.000000000000000000e+00 0.000000000000000000e+00 0.000000000000000000e+00 0.000000000000000000e+00 0.000000000000000000e+00 0.000000000000000000e+00 0.000000000000000000e+00
1.800000000000000044e+00 6.031966830459141171e-01 0.000000000000000000e+00 3.968033169540842731e-01 0.000000000000000000e+00 0.000000000000000000e+00 0.000000000000000000e+00 -3.377944104360608683e-17 1.274142516724368955e-16 0.000000000000000000e+00 0.000000000000000000e+00 0.000000000000000000e+00 0.000000000000000000e+00 0.000000000000000000e+00 0.000000000000000000e+00 0.000000000000000000e+00 0.000000000000000000e+00
1.899999999999999911e+00 5.821835883194454997e-01 0.000000000000000000e+00 4.178164116805542783e-01 0.000000000000000000e+00 0.000000000000000000e+00 0.000000000000000000e+00 1.493085095053948882e-16 -1.124324395218981667e-16 0.000000000000000000e+00 0.000000000000000000e+00 0.000000000000000000e+00 0.000000000000000000e+00 0.000000000000000000e+00 0.000000000000000000e+00 0.000000000000000000e+00 0.000000000000000000e+00
2.000000000000000000e+00 5.685558240401590302e-01 0.000000000000000000e+00 4.314441759598407478e-01 0.000000000000000000e+00 0.000000000000000000e+00 0.000000000000000000e+00 -5.705051073266118920e-17 -6.676934707276424149e-17 0.000000000000000000e+00 0.000000000000000000e+00 0.000000000000000000e+00 0.000000000000000000e+00 0.000000000000000000e+00 0.000000000000000000e+00 0.000000000000000000e+00 0.000000000000000000e+00
2.099999999999999645e+00 5.566792706346692654e-01 0.000000000000000000e+00 4.433207293653307346e-01 0.000000000000000000e+00 0.000000000000000000e+00 0.000000000000000000e+00 -2.625022878907567661e-17 -1.677972513500471729e-17 0.000000000000000000e+00 0.000000000000000000e+00 0.000000000000000000e+00 0.000000000000000000e+00 0.000000000000000000e+00 0.000000000000000000e+00 0.000000000000000000e+00 0.000000000000000000e+00
2.199999999999999734e+00 5.464099816260430398e-01 0.000000000000000000e+00 4.535900183739572933e-01 0.000000000000000000e+00 0.000000000000000000e+00 0.000000000000000000e+00 -1.567221588675045088e-17 6.825460395248932511e-17 0.000000000000000000e+00 0.000000000000000000e+00 0.000000000000000000e+00 0.000000000000000000e+00 0.000000000000000000e+00 0.000000000000000000e+00 0.000000000000000000e+00 0.000000000000000000e+00
2.299999999999999822e+00 5.376075840501877146e-01 0.000000000000000000e+00 4.623924159498134512e-01 0.000000000000000000e+00 0.000000000000000000e+00 0.000000000000000000e+00 5.896041209907767847e-17 -4.447507364994155152e-17 0.000000000000000000e+00 0.000000000000000000e+00 0.000000000000000000e+00 0.000000000000000000e+00 0.000000000000000000e+00 0.000000000000000000e+00 0.000000000000000000e+00 0.000000000000000000e+00
2.399999999999999911e+00 5.301363139927369739e-01 0.000000000000000000e+00 4.698636860072630261e-01 0.000000000000000000e+00 0.000000000000000000e+00 0.000000000000000000e+00 7.107797133830714753e-18 2.000059156840138801e-17 0.000000000000000000e+00 0.000000000000000000e+00 0.000000000000000000e+00 0.000000000000000000e+00 0.000000000000000000e+00 0.000000000000000000e+00 0.000000000000000000e+00 0.000000000000000000e+00
2.500000000000000000e+00 5.238634719547480278e-01 0.000000000000000000e+00 4.761365280452514726e-01 0.000000000000000000e+00 0.000000000000000000e+00 0.000000000000000000e+00 3.016376780962430550e-17 -3.872477752998652587e-18 0.000000000000000000e+00 0.000000000000000000e+00 0.000000000000000000e+00 0.000000000000000000e+00 0.000000000000000000e+00 0.000000000000000000e+00 0.000000000000000000e+00 0.000000000000000000e+00
2.600000000000000089e+00 5.186591555794189956e-01 0.000000000000000000e+00 4.813408444205810599e-01 0.000000000000000000e+00 0.000000000000000000e+00 0.000000000000000000e+00 2.029109657986622785e-18 -9.676021664137898234e-18 0.000000000000000000e+00 0.000000000000000000e+00 0.000000000000000000e+00 0.000000000000000000e+00 0.000000000000000000e+00 0.000000000000000000e+00 0.000000000000000000e+00 0.000000000000000000e+00
2.699999999999999734e+00 5.143974215432528529e-01 0.000000000000000000e+00 4.856025784567477022e-01 0.000000000000000000e+00 0.000000000000000000e+00 0.000000000000000000e+00 2.966819863497161157e-18 -1.657561799722524677e-18 0.000000000000000000e+00 0.000000000000000000e+00 0.000000000000000000e+00 0.000000000000000000e+00 0.000000000000000000e+00 0.000000000000000000e+00 0.000000000000000000e+00 0.000000000000000000e+00
2.799999999999999822e+00 5.109544248357434926e-01 0.000000000000000000e+00 4.890455751642568405e-01 0.000000000000000000e+00 0.000000000000000000e+00 0.000000000000000000e+00 -4.159529261847766415e-18 3.107872465143037078e-18 0.000000000000000000e+00 0.000000000000000000e+00 0.000000000000000000e+00 0.000000000000000000e+00 0.000000000000000000e+00 0.000000000000000000e+00 0.000000000000000000e+00 0.000000000000000000e+00
2.899999999999999911e+00 5.082130993708382505e-01 0.000000000000000000e+00 4.917869006291622491e-01 0.000000000000000000e+00 0.000000000000000000e+00 0.000000000000000000e+00 3.105584338484513455e-19 -2.397385755804158581e-18 0.000000000000000000e+00 0.000000000000000000e+00 0.000000000000000000e+00 0.000000000000000000e+00 0.000000000000000000e+00 0.000000000000000000e+00 0.000000000000000000e+00 0.000000000000000000e+00
3.000000000000000000e+00 5.060632684230557121e-01 0.000000000000000000e+00 4.939367315769434552e-01 0.000000000000000000e+00 0.000000000000000000e+00 0.000000000000000000e+00 -4.216197724692449195e-18 1.619211148833217798e-18 0.000000000000000000e+00 0.000000000000000000e+00 0.000000000000000000e+00 0.000000000000000000e+00 0.000000000000000000e+00 0.000000000000000000e+00 0.000000000000000000e+00 0.000000000000000000e+00
