1.000000000000000056e-01 9.758402125029322915e-01 0.000000000000000000e+00 2.415978749706580719e-02 0.000000000000000000e+00 0.000000000000000000e+00 0.000000000000000000e+00 -2.046601101614718698e-02 -5.449948641581135733e-02 0.000000000000000000e+00 0.000000000000000000e+00 0.000000000000000000e+00 0.000000000000000000e+00 0.000000000000000000e+00 0.000000000000000000e+00 0.000000000000000000e+00 0.000000000000000000e+00
2.000000000000000111e-01 9.065935690157768123e-01 0.000000000000000000e+00 9.340643098422347912e-02 0.000000000000000000e+00 0.000000000000000000e+00 0.000000000000000000e+00 -2.093622649697734692e-03 -5.633735612319596027e-03 0.000000000000000000e+00 0.000000000000000000e+00 0.000000000000000000e+00 0.000000000000000000e+00 0.000000000000000000e+00 0.000000000000000000e+00 0.000000000000000000e+00 0.000000000000000000e+00
2.999999999999999889e-01 8.013907329534065704e-01 0.000000000000000000e+00 1.986092670465930132e-01 0.000000000000000000e+00 0.000000000000000000e+00 0.000000000000000000e+00 -2.205222057526659023e-05 -6.048556916222224328e-05 0.000000000000000000e+00 0.000000000000000000e+00 0.000000000000000000e+00 0.000000000000000000e+00 0.000000000000000000e+00 0.000000000000000000e+00 0.000000000000000000e+00 0.000000000000000000e+00
4.000000000000000222e-01 6.731797858768406861e-01 0.000000000000000000e+00 3.268202141231598135e-01 0.000000000000000000e+00 0.000000000000000000e+00 0.000000000000000000e+00 -4.684247143495646563e-08 -1.326030589655039366e-07 0.000000000000000000e+00 0.000000000000000000e+00 0.000000000000000000e+00 0.000000000000000000e+00 0.000000000000000000e+00 0.000000000000000000e+00 0.000000000000000000e+00 0.000000000000000000e+00
5.000000000000000000e-01 5.379184608978242466e-01 0.000000000000000000e+00 4.620815391021751428e-01 0.000000000000000000e+00 0.000000000000000000e+00 0.000000000000000000e+00 -1.005321788997094383e-11 -2.991989895345126890e-11 0.000000000000000000e+00 0.000000000000000000e+00 0.000000000000000000e+00 0.000000000000000000e+00 0.000000000000000000e+00 0.000000000000000000e+00 0.000000000000000000e+00 0.000000000000000000e+00
5.999999999999999778e-01 4.124101963442989849e-01 0.000000000000000000e+00 5.875898036557009041e-01 0.000000000000000000e+00 0.000000000000000000e+00 0.000000000000000000e+00 6.894831075038870100e-17 -8.978920118226790123e-16 0.000000000000000000e+00 0.000000000000000000e+00 0.000000000000000000e+00 0.000000000000000000e+00 0.000000000000000000e+00 0.000000000000000000e+00 0.000000000000000000e+00 0.000000000000000000e+00
6.999999999999999556e-01 3.065779338129941411e-01 0.000000000000000000e+00 6.934220661870055258e-01 0.000000000000000000e+00 0.000000000000000000e+00 0.000000000000000000e+00 1.730772822728344470e-15 4.133166391741065545e-16 0.000000000000000000e+00 0.000000000000000000e+00 0.000000000000000000e+00 0.000000000000000000e+00 0.000000000000000000e+00 0.000000000000000000e+00 0.000000000000000000e+00 0.000000000000000000e+00
7.999999999999999334e-01 2.299992683893025414e-01 0.000000000000000000e+00 7.700007316106974864e-01 0.000000000000000000e+00 0.000000000000000000e+00 0.000000000000000000e+00 6.309456347551414447e-16 1.021924469416791516e-16 0.000000000000000000e+00 0.000000000000000000e+00 0.000000000000000000e+00 0.000000000000000000e+00 0.000000000000000000e+00 0.000000000000000000e+00 0.000000000000000000e+00 0.000000000000000000e+00
8.999999999999999112e-01 1.864660464460664857e-01 0.000000000000000000e+00 8.135339535539337641e-01 0.000000000000000000e+00 0.000000000000000000e+00 0.000000000000000000e+00 -2.128746808504213535e-15 -7.848276247695027407e-16 0.000000000000000000e+00 0.000000000000000000e+00 0.000000000000000000e+00 0.000000000000000000e+00 0.000000000000000000e+00 0.000000000000000000e+00 0.000000000000000000e+00 0.000000000000000000e+00
9.999999999999998890e-01 1.752286997918253708e-01 0.000000000000000000e+00 8.247713002081732414e-01 0.000000000000000000e+00 0.000000000000000000e+00 0.000000000000000000e+00 -1.184290029884046278e-15 1.288566412098283438e-16 0.000000000000000000e+00 0.000000000000000000e+00 0.000000000000000000e+00 0.000000000000000000e+00 0.000000000000000000e+00 0.000000000000000000e+00 0.000000000000000000e+00 0.000000000000000000e+00
1.099999999999999867e+00 1.875642547846319841e-01 0.000000000000000000e+00 8.124357452153688763e-01 0.000000000000000000e+00 0.000000000000000000e+00 0.000000000000000000e+00 1.941115937329062733e-15 -1.141485652232689483e-15 0.000000000000000000e+00 0.000000000000000000e+00 0.000000000000000000e+00 0.000000000000000000e+00 0.000000000000000000e+00 0.000000000000000000e+00 0.000000000000000000e+00 0.000000000000000000e+00
1.199999999999999956e+00 2.295412041899578259e-01 0.000000000000000000e+00 7.704587958100422851e-01 0.000000000000000000e+00 0.000000000000000000e+00 0.000000000000000000e+00 1.821396603971240424e-16 -1.164664959518310064e-15 0.000000000000000000e+00 0.000000000000000000e+00 0.000000000000000000e+00 0.000000000000000000e+00 0.000000000000000000e+00 0.000000000000000000e+00 0.000000000000000000e+00 0.000000000000000000e+00
1.300000000000000044e+00 2.804269170190935023e-01 0.000000000000000000e+00 7.195730829809070528e-01 0.000000000000000000e+00 0.000000000000000000e+00 0.000000000000000000e+00 -6.399532899726540134e-16 1.129567859658590834e-16 0.000000000000000000e+00 0.000000000000000000e+00 0.000000000000000000e+00 0.000000000000000000e+00 0.000000000000000000e+00 0.000000000000000000e+00 0.000000000000000000e+00 0.000000000000000000e+00
1.399999999999999911e+00 3.369012157764258442e-01 0.000000000000000000e+00 6.630987842235745999e-01 0.000000000000000000e+00 0.000000000000000000e+00 0.000000000000000000e+00 1.470802084733382001e-16 1.219287474114538960e-17 0.000000000000000000e+00 0.000000000000000000e+00 0.000000000000000000e+00 0.000000000000000000e+00 0.000000000000000000e+00 0.000000000000000000e+00 0.000000000000000000e+00 0.000000000000000000e+00
1.500000000000000000e+00 3.924891516482583720e-01 0.000000000000000000e+00 6.075108483517419611e-01 0.000000000000000000e+00 0.000000000000000000e+00 0.000000000000000000e+00 3.493224031123502561e-16 -2.310840938398427793e-16 0.000000000000000000e+00 0.000000000000000000e+00 0.000000000000000000e+00 0.000000000000000000e+00 0.000000000000000000e+00 0.000000000000000000e+00 0.000000000000000000e+00 0.000000000000000000e+00
1.599999999999999867e+00 4.423901025450233115e-01 0.000000000000000000e+00 5.576098974549759113e-01 0.000000000000000000e+00 0.000000000000000000e+00 0.000000000000000000e+00 -1.173208667291477222e-16 -7.185824670699913366e-17 0.000000000000000000e+00 0.000000000000000000e+00 0.000000000000000000e+00 0.000000000000000000e+00 0.000000000000000000e+00 0.000000000000000000e+00 0.000000000000000000e+00 0.000000000000000000e+00
1.699999999999999956e+00 4.836338904997062871e-01 0.000000000000000000e+00 5.163661095002938239e-01 0.000000000000000000e+00 0.000000000000000000e+00 0.000000000000000000e+00 9.923600215669417804e-18 2.426831053544029801e-17 0.000000000000000000e+00 0.000000000000000000e+00 0.000000000000000000e+00 0.000000000000000000e+00 0.000000000000000000e+00 0.000000000000000000e+00 0.000000000000000000e+00 0.000000000000000000e+00
1.800000000000000044e+00 5.149482255036061940e-01 0.000000000000000000e+00 4.850517744963949718e-01 0.000000000000000000e+00 0.000000000000000000e+00 0.000000000000000000e+00 8.750130029046447234e-18 5.569868745280885538e-18 0.000000000000000000e+00 0.000000000000000000e+00 0.000000000000000000e+00 0.000000000000000000e+00 0.000000000000000000e+00 0.000000000000000000e+00 0.000000000000000000e+00 0.000000000000000000e+00
1.899999999999999911e+00 5.364228281168869072e-01 0.000000000000000000e+00 4.635771718831130928e-01 0.000000000000000000e+00 0.000000000000000000e+00 0.000000000000000000e+00 -1.246094738839041569e-17 -2.348690341932995372e-18 0.000000000000000000e+00 0.000000000000000000e+00 0.000000000000000000e+00 0.000000000000000000e+00 0.000000000000000000e+00 0.000000000000000000e+00 0.000000000000000000e+00 0.000000000000000000e+00
2.000000000000000000e+00 5.491064674815423485e-01 0.000000000000000000e+00 4.508935325184586507e-01 0.000000000000000000e+00 0.000000000000000000e+00 0.000000000000000000e+00 -8.518925768048180256e-18 -1.558416976501845216e-17 0.000000000000000000e+00 0.000000000000000000e+00 0.000000000000000000e+00 0.000000000000000000e+00 0.000000000000000000e+00 0.000000000000000000e+00 0.000000000000000000e+00 0.000000000000000000e+00
2.099999999999999645e+00 5.545912292299796098e-01 0.000000000000000000e+00 4.454087707700210008e-01 0.000000000000000000e+00 0.000000000000000000e+00 0.000000000000000000e+00 -2.264276314866578237e-17 8.547237130760627522e-18 0.000000000000000000e+00 0.000000000000000000e+00 0.000000000000000000e+00 0.000000000000000000e+00 0.000000000000000000e+00 0.000000000000000000e+00 0.000000000000000000e+00 0.000000000000000000e+00
2.199999999999999734e+00 5.546640126614769128e-01 0.000000000000000000e+00 4.453359873385218104e-01 0.000000000000000000e+00 0.000000000000000000e+00 0.000000000000000000e+00 -8.280734785676053781e-17 -5.953545688036157365e-17 0.000000000000000000e+00 0.000000000000000000e+00 0.000000000000000000e+00 0.000000000000000000e+00 0.000000000000000000e+00 0.000000000000000000e+00 0.000000000000000000e+00 0.000000000000000000e+00
2.299999999999999822e+00 5.510490377684645891e-01 0.000000000000000000e+00 4.489509622315370208e-01 0.000000000000000000e+00 0.000000000000000000e+00 0.000000000000000000e+00 -6.716359816450988521e-17 -1.631519871197938293e-17 0.000000000000000000e+00 0.000000000000000000e+00 0.000000000000000000e+00 0.000000000000000000e+00 0.000000000000000000e+00 0.000000000000000000e+00 0.000000000000000000e+00 0.000000000000000000e+00
2.399999999999999911e+00 5.452426823243390341e-01 0.000000000000000000e+00 4.547573176756615765e-01 0.000000000000000000e+00 0.000000000000000000e+00 0.000000000000000000e+00 -4.790427238083544868e-17 3.115416089155940437e-18 0.000000000000000000e+00 0.000000000000000000e+00 0.000000000000000000e+00 0.000000000000000000e+00 0.000000000000000000e+00 0.000000000000000000e+00 0.000000000000000000e+00 0.000000000000000000e+00
2.500000000000000000e+00 5.384345857040152561e-01 0.000000000000000000e+00 4.615654142959845774e-01 0.000000000000000000e+00 0.000000000000000000e+00 0.000000000000000000e+00 -4.512514550822264435e-17 -2.296696063136898459e-17 0.000000000000000000e+00 0.000000000000000000e+00 0.000000000000000000e+00 0.000000000000000000e+00 0.000000000000000000e+00 0.000000000000000000e+00 0.000000000000000000e+00 0.000000000000000000e+00
2.600000000000000089e+00 5.314916016500238483e-01 0.000000000000000000e+00 4.685083983499754856e-01 0.000000000000000000e+00 0.000000000000000000e+00 0.000000000000000000e+00 1.203087221445037901e-17 -1.586697368514812604e-17 0.000000000000000000e+00 0.000000000000000000e+00 0.000000000000000000e+00 0.000000000000000000e+00 0.000000000000000000e+00 0.000000000000000000e+00 0.000000000000000000e+00 0.000000000000000000e+00
2.699999999999999734e+00 5.249843838774184146e-01 0.000000000000000000e+00 4.750156161225811413e-01 0.000000000000000000e+00 0.000000000000000000e+00 0.000000000000000000e+00 -2.041708592019512347e-17 -4.161381063701629834e-18 0.000000000000000000e+00 0.000000000000000000e+00 0.000000000000000000e+00 0.000000000000000000e+00 0.000000000000000000e+00 0.000000000000000000e+00 0.000000000000000000e+00 0.000000000000000000e+00
2.799999999999999822e+00 5.192401488330772308e-01 0.000000000000000000e+00 4.807598511669233243e-01 0.000000000000000000e+00 0.000000000000000000e+00 0.000000000000000000e+00 9.647411838608758067e-18 -1.035510519075001309e-18 0.000000000000000000e+00 0.000000000000000000e+00 0.000000000000000000e+00 0.000000000000000000e+00 0.000000000000000000e+00 0.000000000000000000e+00 0.000000000000000000e+00 0.000000000000000000e+00
2.899999999999999911e+00 5.143995771031014685e-01 0.000000000000000000e+00 4.856004228968978653e-01 0.000000000000000000e+00 0.000000000000000000e+00 0.000000000000000000e+00 2.084681106803450595e-18 1.705405094533333833e-17 0.000000000000000000e+00 0.000000000000000000e+00 0.000000000000000000e+00 0.000000000000000000e+00 0.000000000000000000e+00 0.000000000000000000e+00 0.000000000000000000e+00 0.000000000000000000e+00
3.000000000000000000e+00 5.104763288652653941e-01 0.000000000000000000e+00 4.895236711347342728e-01 0.000000000000000000e+00 0.000000000000000000e+00 0.000000000000000000e+00 -3.565353805615618420e-18 -7.081483785558902422e-18 0.000000000000000000e+00 0.000000000000000000e+00 0.000000000000000000e+00 0.000000000000000000e+00 0.000000000000000000e+00 0.000000000000000000e+00 0.000000000000000000e+00 0.000000000000000000e+00
