1.000000000000000056e-01 9.906766450180313210e-01 0.000000000000000000e+00 9.323354981968741406e-03 0.000000000000000000e+00 0.000000000000000000e+00 0.000000000000000000e+00 3.753762203531563896e-02 9.746432991425586778e-04 0.000000000000000000e+00 0.000000000000000000e+00 0.000000000000000000e+00 0.000000000000000000e+00 0.000000000000000000e+00 0.000000000000000000e+00 0.000000000000000000e+00 0.000000000000000000e+00
2.000000000000000111e-01 9.636562465491024243e-01 0.000000000000000000e+00 3.634375345089539688e-02 0.000000000000000000e+00 0.000000000000000000e+00 0.000000000000000000e+00 3.838479827051394493e-03 4.437206616393087576e-05 0.000000000000000000e+00 0.000000000000000000e+00 0.000000000000000000e+00 0.000000000000000000e+00 0.000000000000000000e+00 0.000000000000000000e+00 0.000000000000000000e+00 0.000000000000000000e+00
2.999999999999999889e-01 9.216627651083054706e-01 0.000000000000000000e+00 7.833723489169552856e-02 0.000000000000000000e+00 0.000000000000000000e+00 0.000000000000000000e+00 5.693999953633658412e-05 -7.971416665773077044e-07 0.000000000000000000e+00 0.000000000000000000e+00 0.000000000000000000e+00 0.000000000000000000e+00 0.000000000000000000e+00 0.000000000000000000e+00 0.000000000000000000e+00 0.000000000000000000e+00
4.000000000000000222e-01 8.687383043326581955e-01 0.000000000000000000e+00 1.312616956673417490e-01 0.000000000000000000e+00 0.000000000000000000e+00 0.000000000000000000e+00 5.950143119282869121e-08 -2.920123663495345369e-09 0.000000000000000000e+00 0.000000000000000000e+00 0.000000000000000000e+00 0.000000000000000000e+00 0.000000000000000000e+00 0.000000000000000000e+00 0.000000000000000000e+00 0.000000000000000000e+00
5.000000000000000000e-01 8.099071654175973300e-01 0.000000000000000000e+00 1.900928345824025589e-01 0.000000000000000000e+00 0.000000000000000000e+00 0.000000000000000000e+00 2.418285867148545887e-11 -2.413670267340475055e-12 0.000000000000000000e+00 0.000000000000000000e+00 0.000000000000000000e+00 0.000000000000000000e+00 0.000000000000000000e+00 0.000000000000000000e+00 0.000000000000000000e+00 0.000000000000000000e+00
5.999999999999999778e-01 7.498649170334324987e-01 0.000000000000000000e+00 2.501350829665668907e-01 0.000000000000000000e+00 0.000000000000000000e+00 0.000000000000000000e+00 8.972933693434172802e-16 1.675115951247150665e-15 0.000000000000000000e+00 0.000000000000000000e+00 0.000000000000000000e+00 0.000000000000000000e+00 0.000000000000000000e+00 0.000000000000000000e+00 0.000000000000000000e+00 0.000000000000000000e+00
6.999999999999999556e-01 6.934763043850602493e-01 0.000000000000000000e+00 3.065236956149402503e-01 0.000000000000000000e+00 0.000000000000000000e+00 0.000000000000000000e+00 1.102711901054151257e-15 2.067866751774695307e-16 0.000000000000000000e+00 0.000000000000000000e+00 0.000000000000000000e+00 0.000000000000000000e+00 0.000000000000000000e+00 0.000000000000000000e+00 0.000000000000000000e+00 0.000000000000000000e+00
7.999999999999999334e-01 6.442075169438687965e-01 0.000000000000000000e+00 3.557924830561318141e-01 0.000000000000000000e+00 0.000000000000000000e+00 0.000000000000000000e+00 -3.866955453331604059e-17 -7.085725717224546386e-16 0.000000000000000000e+00 0.000000000000000000e+00 0.000000000000000000e+00 0.000000000000000000e+00 0.000000000000000000e+00 0.000000000000000000e+00 0.000000000000000000e+00 0.000000000000000000e+00
8.999999999999999112e-01 6.043586578940177700e-01 0.000000000000000000e+00 3.956413421059821189e-01 0.000000000000000000e+00 0.000000000000000000e+00 0.000000000000000000e+00 -5.497911014348090128e-17 7.537095543953981736e-17 0.000000000000000000e+00 0.000000000000000000e+00 0.000000000000000000e+00 0.000000000000000000e+00 0.000000000000000000e+00 0.000000000000000000e+00 0.000000000000000000e+00 0.000000000000000000e+00
9.999999999999998890e-01 5.748605744775491244e-01 0.000000000000000000e+00 4.251394255224497654e-01 0.000000000000000000e+00 0.000000000000000000e+00 0.000000000000000000e+00 5.957970469502677603e-16 6.357719543955894845e-16 0.000000000000000000e+00 0.000000000000000000e+00 0.000000000000000000e+00 0.000000000000000000e+00 0.000000000000000000e+00 0.000000000000000000e+00 0.000000000000000000e+00 0.000000000000000000e+00
1.099999999999999867e+00 5.575992095621338240e-01 0.000000000000000000e+00 4.424007904378664535e-01 0.000000000000000000e+00 0.000000000000000000e+00 0.000000000000000000e+00 1.184018653797932389e-17 -9.522704587544546300e-17 0.000000000000000000e+00 0.000000000000000000e+00 0.000000000000000000e+00 0.000000000000000000e+00 0.000000000000000000e+00 0.000000000000000000e+00 0.000000000000000000e+00 0.000000000000000000e+00
1.199999999999999956e+00 5.446747846909160140e-01 0.000000000000000000e+00 4.553252153090835419e-01 0.000000000000000000e+00 0.000000000000000000e+00 0.000000000000000000e+00 9.442979665704762980e-17 4.937673636569124322e-17 0.000000000000000000e+00 0.000000000000000000e+00 0.000000000000000000e+00 0.000000000000000000e+00 0.000000000000000000e+00 0.000000000000000000e+00 0.000000000000000000e+00 0.000000000000000000e+00
1.300000000000000044e+00 5.407663644495489530e-01 0.000000000000000000e+00 4.592336355504509360e-01 0.000000000000000000e+00 0.000000000000000000e+00 0.000000000000000000e+00 -5.263565533829314758e-17 -1.161707789587895280e-17 0.000000000000000000e+00 0.000000000000000000e+00 0.000000000000000000e+00 0.000000000000000000e+00 0.000000000000000000e+00 0.000000000000000000e+00 0.000000000000000000e+00 0.000000000000000000e+00
1.399999999999999911e+00 5.414894155440249657e-01 0.000000000000000000e+00 4.585105844559759780e-01 0.000000000000000000e+00 0.000000000000000000e+00 0.000000000000000000e+00 1.172603796237464921e-16 1.481433729080137365e-16 0.000000000000000000e+00 0.000000000000000000e+00 0.000000000000000000e+00 0.000000000000000000e+00 0.000000000000000000e+00 0.000000000000000000e+00 0.000000000000000000e+00 0.000000000000000000e+00
1.500000000000000000e+00 5.447366393629540227e-01 0.000000000000000000e+00 4.552633606370453112e-01 0.000000000000000000e+00 0.000000000000000000e+00 0.000000000000000000e+00 -5.296647925579951182e-17 2.779631550114192383e-17 0.000000000000000000e+00 0.000000000000000000e+00 0.000000000000000000e+00 0.000000000000000000e+00 0.000000000000000000e+00 0.000000000000000000e+00 0.000000000000000000e+00 0.000000000000000000e+00
1.599999999999999867e+00 5.487069836048867888e-01 0.000000000000000000e+00 4.512930163951124340e-01 0.000000000000000000e+00 0.000000000000000000e+00 0.000000000000000000e+00 1.268496314721573541e-16 2.062274704417901853e-17 0.000000000000000000e+00 0.000000000000000000e+00 0.000000000000000000e+00 0.000000000000000000e+00 0.000000000000000000e+00 0.000000000000000000e+00 0.000000000000000000e+00 0.000000000000000000e+00
1.699999999999999956e+00 5.520561456004076106e-01 0.000000000000000000e+00 4.479438543995927224e-01 0.000000000000000000e+00 0.000000000000000000e+00 0.000000000000000000e+00 -2.972638734409642238e-17 9.752313000856516429e-17 0.000000000000000000e+00 0.000000000000000000e+00 0.000000000000000000e+00 0.000000000000000000e+00 0.000000000000000000e+00 0.000000000000000000e+00 0.000000000000000000e+00 0.000000000000000000e+00
1.800000000000000044e+00 5.539382272371901061e-01 0.000000000000000000e+00 4.460617727628095608e-01 0.000000000000000000e+00 0.000000000000000000e+00 0.000000000000000000e+00 5.466382094469964342e-17 -4.149668548622150180e-17 0.000000000000000000e+00 0.000000000000000000e+00 0.000000000000000000e+00 0.000000000000000000e+00 0.000000000000000000e+00 0.000000000000000000e+00 0.000000000000000000e+00 0.000000000000000000e+00
1.899999999999999911e+00 5.539696913734228900e-01 0.000000000000000000e+00 4.460303086265763328e-01 0.000000000000000000e+00 0.000000000000000000e+00 0.000000000000000000e+00 -1.394969302300685065e-16 6.404010069344471075e-17 0.000000000000000000e+00 0.000000000000000000e+00 0.000000000000000000e+00 0.000000000000000000e+00 0.000000000000000000e+00 0.000000000000000000e+00 0.000000000000000000e+00 0.000000000000000000e+00
2.000000000000000000e+00 5.521446555504831988e-01 0.000000000000000000e+00 4.478553444495163016e-01 0.000000000000000000e+00 0.000000000000000000e+00 0.000000000000000000e+00 -3.487980456276722783e-17 2.263263771414270552e-17 0.000000000000000000e+00 0.000000000000000000e+00 0.000000000000000000e+00 0.000000000000000000e+00 0.000000000000000000e+00 0.000000000000000000e+00 0.000000000000000000e+00 0.000000000000000000e+00
2.099999999999999645e+00 5.487210764436694088e-01 0.000000000000000000e+00 4.512789235563308132e-01 0.000000000000000000e+00 0.000000000000000000e+00 0.000000000000000000e+00 -1.127630119262400481e-16 4.221890778662044243e-17 0.000000000000000000e+00 0.000000000000000000e+00 0.000000000000000000e+00 0.000000000000000000e+00 0.000000000000000000e+00 0.000000000000000000e+00 0.000000000000000000e+00 0.000000000000000000e+00
2.199999999999999734e+00 5.441086553570090301e-01 0.000000000000000000e+00 4.558913446429911365e-01 0.000000000000000000e+00 0.000000000000000000e+00 0.000000000000000000e+00 8.723438286524359927e-17 2.674104311922335765e-17 0.000000000000000000e+00 0.000000000000000000e+00 0.000000000000000000e+00 0.000000000000000000e+00 0.000000000000000000e+00 0.000000000000000000e+00 0.000000000000000000e+00 0.000000000000000000e+00
2.299999999999999822e+00 5.387677094958318591e-01 0.000000000000000000e+00 4.612322905041678633e-01 0.000000000000000000e+00 0.000000000000000000e+00 0.000000000000000000e+00 -7.622709802020662085e-17 -7.629534045526380957e-17 0.000000000000000000e+00 0.000000000000000000e+00 0.000000000000000000e+00 0.000000000000000000e+00 0.000000000000000000e+00 0.000000000000000000e+00 0.000000000000000000e+00 0.000000000000000000e+00
2.399999999999999911e+00 5.331385788848297391e-01 0.000000000000000000e+00 4.668614211151702054e-01 0.000000000000000000e+00 0.000000000000000000e+00 0.000000000000000000e+00 2.035577345260663637e-17 4.098788931029246948e-17 0.000000000000000000e+00 0.000000000000000000e+00 0.000000000000000000e+00 0.000000000000000000e+00 0.000000000000000000e+00 0.000000000000000000e+00 0.000000000000000000e+00 0.000000000000000000e+00
2.500000000000000000e+00 5.275908279749287333e-01 0.000000000000000000e+00 4.724091720250724324e-01 0.000000000000000000e+00 0.000000000000000000e+00 0.000000000000000000e+00 -3.501230025248631547e-17 9.353304743607391449e-19 0.000000000000000000e+00 0.000000000000000000e+00 0.000000000000000000e+00 0.000000000000000000e+00 0.000000000000000000e+00 0.000000000000000000e+00 0.000000000000000000e+00 0.000000000000000000e+00
2.600000000000000089e+00 5.224031429291804418e-01 0.000000000000000000e+00 4.775968570708197802e-01 0.000000000000000000e+00 0.000000000000000000e+00 0.000000000000000000e+00 -2.523640224703112205e-18 2.187553119004335509e-17 0.000000000000000000e+00 0.000000000000000000e+00 0.000000000000000000e+00 0.000000000000000000e+00 0.000000000000000000e+00 0.000000000000000000e+00 0.000000000000000000e+00 0.000000000000000000e+00
2.699999999999999734e+00 5.177556561305497462e-01 0.000000000000000000e+00 4.822443438694500317e-01 0.000000000000000000e+00 0.000000000000000000e+00 0.000000000000000000e+00 -2.609695728219740903e-19 -7.810138828139055136e-18 0.000000000000000000e+00 0.000000000000000000e+00 0.000000000000000000e+00 0.000000000000000000e+00 0.000000000000000000e+00 0.000000000000000000e+00 0.000000000000000000e+00 0.000000000000000000e+00
2.799999999999999822e+00 5.137442668469464069e-01 0.000000000000000000e+00 4.862557331530531490e-01 0.000000000000000000e+00 0.000000000000000000e+00 0.000000000000000000e+00 1.325888126007620652e-17 -4.658349526373437944e-18 0.000000000000000000e+00 0.000000000000000000e+00 0.000000000000000000e+00 0.000000000000000000e+00 0.000000000000000000e+00 0.000000000000000000e+00 0.000000000000000000e+00 0.000000000000000000e+00
2.899999999999999911e+00 5.103928881350051627e-01 0.000000000000000000e+00 4.896071118649948928e-01 0.000000000000000000e+00 0.000000000000000000e+00 0.000000000000000000e+00 -1.250464942620236449e-17 1.125299578386839972e-17 0.000000000000000000e+00 0.000000000000000000e+00 0.000000000000000000e+00 0.000000000000000000e+00 0.000000000000000000e+00 0.000000000000000000e+00 0.000000000000000000e+00 0.000000000000000000e+00
3.000000000000000000e+00 5.076747164605419638e-01 0.000000000000000000e+00 4.923252835394583138e-01 0.000000000000000000e+00 0.000000000000000000e+00 0.000000000000000000e+00 -2.219364533597312384e-18 -5.819617775818725276e-18 0.000000000000000000e+00 0.000000000000000000e+00 0.000000000000000000e+00 0.000000000000000000e+00 0.000000000000000000e+00 0.000000000000000000e+00 0.000000000000000000e+00 0.000000000000000000e+00
