1.000000000000000056e-01 9.801856684751362181e-01 0.000000000000000000e+00 1.981433152486464233e-02 0.000000000000000000e+00 0.000000000000000000e+00 0.000000000000000000e+00 -5.177718354255049504e-02 1.045014291752465949e-02 0.000000000000000000e+00 0.000000000000000000e+00 0.000000000000000000e+00 0.000000000000000000e+00 0.000000000000000000e+00 0.000000000000000000e+00 0.000000000000000000e+00 0.000000000000000000e+00
2.000000000000000111e-01 9.232578467706270553e-01 0.000000000000000000e+00 7.674215322937358308e-02 0.000000000000000000e+00 0.000000000000000000e+00 0.000000000000000000e+00 -6.128923844490412158e-03 1.151332274927339711e-03 0.000000000000000000e+00 0.000000000000000000e+00 0.000000000000000000e+00 0.000000000000000000e+00 0.000000000000000000e+00 0.000000000000000000e+00 0.000000000000000000e+00 0.000000000000000000e+00
2.999999999999999889e-01 8.363653236374536393e-01 0.000000000000000000e+00 1.636346763625458611e-01 0.000000000000000000e+00 0.000000000000000000e+00 0.000000000000000000e+00 -7.827704569803264792e-05 1.278108925616321595e-05 0.000000000000000000e+00 0.000000000000000000e+00 0.000000000000000000e+00 0.000000000000000000e+00 0.000000000000000000e+00 0.000000000000000000e+00 0.000000000000000000e+00 0.000000000000000000e+00
4.000000000000000222e-01 7.300822060734301067e-01 0.000000000000000000e+00 2.699177939265711146e-01 0.000000000000000000e+00 0.000000000000000000e+00 0.000000000000000000e+00 -1.317435761907677170e-07 1.656592817348626851e-08 0.000000000000000000e+00 0.000000000000000000e+00 0.000000000000000000e+00 0.000000000000000000e+00 0.000000000000000000e+00 0.000000000000000000e+00 0.000000000000000000e+00 0.000000000000000000e+00
5.000000000000000000e-01 6.167211424665889341e-01 0.000000000000000000e+00 3.832788575334114545e-01 0.000000000000000000e+00 0.000000000000000000e+00 0.000000000000000000e+00 -3.072695114702975548e-11 2.186740235821952012e-12 0.000000000000000000e+00 0.000000000000000000e+00 0.000000000000000000e+00 0.000000000000000000e+00 0.000000000000000000e+00 0.000000000000000000e+00 0.000000000000000000e+00 0.000000000000000000e+00
5.999999999999999778e-01 5.096155204528884930e-01 0.000000000000000000e+00 4.903844795471126172e-01 0.000000000000000000e+00 0.000000000000000000e+00 0.000000000000000000e+00 -3.454135544862239415e-16 -3.166893760326970604e-17 0.000000000000000000e+00 0.000000000000000000e+00 0.000000000000000000e+00 0.000000000000000000e+00 0.000000000000000000e+00 0.000000000000000000e+00 0.000000000000000000e+00 0.000000000000000000e+00
6.999999999999999556e-01 4.173384013746981869e-01 0.000000000000000000e+00 5.826615986253010915e-01 0.000000000000000000e+00 0.000000000000000000e+00 0.000000000000000000e+00 2.482635874409599834e-16 -1.902569006814611171e-16 0.000000000000000000e+00 0.000000000000000000e+00 0.000000000000000000e+00 0.000000000000000000e+00 0.000000000000000000e+00 0.000000000000000000e+00 0.000000000000000000e+00 0.000000000000000000e+00
7.999999999999999334e-01 3.477296158102808898e-01 0.000000000000000000e+00 6.522703841897183885e-01 0.000000000000000000e+00 0.000000000000000000e+00 0.000000000000000000e+00 -6.480408238219096261e-16 -6.011203068375149447e-16 0.000000000000000000e+00 0.000000000000000000e+00 0.000000000000000000e+00 0.000000000000000000e+00 0.000000000000000000e+00 0.000000000000000000e+00 0.000000000000000000e+00 0.000000000000000000e+00
8.999999999999999112e-01 3.042716857701175392e-01 0.000000000000000000e+00 6.957283142298815726e-01 0.000000000000000000e+00 0.000000000000000000e+00 0.000000000000000000e+00 1.026203500939437592e-16 4.798157877214374287e-17 0.000000000000000000e+00 0.000000000000000000e+00 0.000000000000000000e+00 0.000000000000000000e+00 0.000000000000000000e+00 0.000000000000000000e+00 0.000000000000000000e+00 0.000000000000000000e+00
9.999999999999998890e-01 2.868400179505984915e-01 0.000000000000000000e+00 7.131599820494023412e-01 0.000000000000000000e+00 0.000000000000000000e+00 0.000000000000000000e+00 8.361711670514925643e-16 7.277975247434189626e-17 0.000000000000000000e+00 0.000000000000000000e+00 0.000000000000000000e+00 0.000000000000000000e+00 0.000000000000000000e+00 0.000000000000000000e+00 0.000000000000000000e+00 0.000000000000000000e+00
1.099999999999999867e+00 2.900932498746571220e-01 0.000000000000000000e+00 7.099067501253438772e-01 0.000000000000000000e+00 0.000000000000000000e+00 0.000000000000000000e+00 6.834558723704716724e-17 -1.781177083110163268e-16 0.000000000000000000e+00 0.000000000000000000e+00 0.000000000000000000e+00 0.000000000000000000e+00 0.000000000000000000e+00 0.000000000000000000e+00 0.000000000000000000e+00 0.000000000000000000e+00
1.199999999999999956e+00 3.155824791605668644e-01 0.000000000000000000e+00 6.844175208394328580e-01 0.000000000000000000e+00 0.000000000000000000e+00 0.000000000000000000e+00 5.774856362485194452e-16 -1.070578197673771772e-16 0.000000000000000000e+00 0.000000000000000000e+00 0.000000000000000000e+00 0.000000000000000000e+00 0.000000000000000000e+00 0.000000000000000000e+00 0.000000000000000000e+00 0.000000000000000000e+00
1.300000000000000044e+00 3.505238227330937928e-01 0.000000000000000000e+00 6.494761772669064293e-01 0.000000000000000000e+00 0.000000000000000000e+00 0.000000000000000000e+00 1.590593328665308948e-16 5.364061969692653951e-16 0.000000000000000000e+00 0.000000000000000000e+00 0.000000000000000000e+00 0.000000000000000000e+00 0.000000000000000000e+00 0.000000000000000000e+00 0.000000000000000000e+00 0.000000000000000000e+00
1.399999999999999911e+00 3.910883235840258432e-01 0.000000000000000000e+00 6.089116764159746564e-01 0.000000000000000000e+00 0.000000000000000000e+00 0.000000000000000000e+00 -3.263058298775974158e-16 -5.466222553986985687e-17 0.000000000000000000e+00 0.000000000000000000e+00 0.000000000000000000e+00 0.000000000000000000e+00 0.000000000000000000e+00 0.000000000000000000e+00 0.000000000000000000e+00 0.000000000000000000e+00
1.500000000000000000e+00 4.320063508072669589e-01 0.000000000000000000e+00 5.679936491927322084e-01 0.000000000000000000e+00 0.000000000000000000e+00 0.000000000000000000e+00 -2.922483310174260761e-17 1.055352954448503314e-16 0.000000000000000000e+00 0.000000000000000000e+00 0.000000000000000000e+00 0.000000000000000000e+00 0.000000000000000000e+00 0.000000000000000000e+00 0.000000000000000000e+00 0.000000000000000000e+00
1.599999999999999867e+00 4.692639165690977721e-01 0.000000000000000000e+00 5.307360834309026165e-01 0.000000000000000000e+00 0.000000000000000000e+00 0.000000000000000000e+00 -3.722849541898511922e-17 -7.842183502048600549e-17 0.000000000000000000e+00 0.000000000000000000e+00 0.000000000000000000e+00 0.000000000000000000e+00 0.000000000000000000e+00 0.000000000000000000e+00 0.000000000000000000e+00 0.000000000000000000e+00
1.699999999999999956e+00 5.002761686933884233e-01 0.000000000000000000e+00 4.997238313066123538e-01 0.000000000000000000e+00 0.000000000000000000e+00 0.000000000000000000e+00 1.218926684225192336e-19 -7.799391436847145446e-20 0.000000000000000000e+00 0.000000000000000000e+00 0.000000000000000000e+00 0.000000000000000000e+00 0.000000000000000000e+00 0.000000000000000000e+00 0.000000000000000000e+00 0.000000000000000000e+00
1.800000000000000044e+00 5.287539715053737321e-01 0.000000000000000000e+00 4.712460284946258238e-01 0.000000000000000000e+00 0.000000000000000000e+00 0.000000000000000000e+00 -1.969630110812612440e-18 3.669326465539834284e-17 0.000000000000000000e+00 0.000000000000000000e+00 0.000000000000000000e+00 0.000000000000000000e+00 0.000000000000000000e+00 0.000000000000000000e+00 0.000000000000000000e+00 0.000000000000000000e+00
1.899999999999999911e+00 5.397611924464812416e-01 0.000000000000000000e+00 4.602388075535189804e-01 0.000000000000000000e+00 0.000000000000000000e+00 0.000000000000000000e+00 -1.075303913799760360e-16 8.689226786946385615e-18 0.000000000000000000e+00 0.000000000000000000e+00 0.000000000000000000e+00 0.000000000000000000e+00 0.000000000000000000e+00 0.000000000000000000e+00 0.000000000000000000e+00 0.000000000000000000e+00
2.000000000000000000e+00 5.488300621741414309e-01 0.000000000000000000e+00 4.511699378258586246e-01 0.000000000000000000e+00 0.000000000000000000e+00 0.000000000000000000e+00 3.250437139910477517e-17 -2.071892758324021409e-17 0.000000000000000000e+00 0.000000000000000000e+00 0.000000000000000000e+00 0.000000000000000000e+00 0.000000000000000000e+00 0.000000000000000000e+00 0.000000000000000000e+00 0.000000000000000000e+00
2.099999999999999645e+00 5.522023645093170341e-01 0.000000000000000000e+00 4.477976354906839096e-01 0.000000000000000000e+00 0.000000000000000000e+00 0.000000000000000000e+00 -1.000744418136402138e-17 -1.511061953178420169e-16 0.000000000000000000e+00 0.000000000000000000e+00 0.000000000000000000e+00 0.000000000000000000e+00 0.000000000000000000e+00 0.000000000000000000e+00 0.000000000000000000e+00 0.000000000000000000e+00
2.199999999999999734e+00 5.512666194867977820e-01 0.000000000000000000e+00 4.487333805132020514e-01 0.000000000000000000e+00 0.000000000000000000e+00 0.000000000000000000e+00 6.667094532752563979e-17 1.597446860502442498e-16 0.000000000000000000e+00 0.000000000000000000e+00 0.000000000000000000e+00 0.000000000000000000e+00 0.000000000000000000e+00 0.000000000000000000e+00 0.000000000000000000e+00 0.000000000000000000e+00
2.299999999999999822e+00 5.473924980006057428e-01 0.000000000000000000e+00 4.526075019993943127e-01 0.000000000000000000e+00 0.000000000000000000e+00 0.000000000000000000e+00 2.790753763349860414e-17 -1.289036649199445119e-16 0.000000000000000000e+00 0.000000000000000000e+00 0.000000000000000000e+00 0.000000000000000000e+00 0.000000000000000000e+00 0.000000000000000000e+00 0.000000000000000000e+00 0.000000000000000000e+00
2.399999999999999911e+00 5.417887788897175483e-01 0.000000000000000000e+00 4.582112211102827848e-01 0.000000000000000000e+00 0.000000000000000000e+00 0.000000000000000000e+00 -3.283757044217633368e-17 4.899168345958258424e-17 0.000000000000000000e+00 0.000000000000000000e+00 0.000000000000000000e+00 0.000000000000000000e+00 0.000000000000000000e+00 0.000000000000000000e+00 0.000000000000000000e+00 0.000000000000000000e+00
2.500000000000000000e+00 5.378894135684707534e-01 0.000000000000000000e+00 4.621105864315290801e-01 0.000000000000000000e+00 0.000000000000000000e+00 0.000000000000000000e+00 -7.946572792622544102e-18 -3.614670105804237929e-17 0.000000000000000000e+00 0.000000000000000000e+00 0.000000000000000000e+00 0.000000000000000000e+00 0.000000000000000000e+00 0.000000000000000000e+00 0.000000000000000000e+00 0.000000000000000000e+00
2.600000000000000089e+00 5.290256559872498210e-01 0.000000000000000000e+00 4.709743440127504566e-01 0.000000000000000000e+00 0.000000000000000000e+00 0.000000000000000000e+00 -3.663069144310778353e-17 -1.687940609484051562e-17 0.000000000000000000e+00 0.000000000000000000e+00 0.000000000000000000e+00 0.000000000000000000e+00 0.000000000000000000e+00 0.000000000000000000e+00 0.000000000000000000e+00 0.000000000000000000e+00
2.699999999999999734e+00 5.230583250874234480e-01 0.000000000000000000e+00 4.769416749125768851e-01 0.000000000000000000e+00 0.000000000000000000e+00 0.000000000000000000e+00 2.395067878640680665e-17 -9.801656570093862546e-18 0.000000000000000000e+00 0.000000000000000000e+00 0.000000000000000000e+00 0.000000000000000000e+00 0.000000000000000000e+00 0.000000000000000000e+00 0.000000000000000000e+00 0.000000000000000000e+00
2.799999999999999822e+00 5.177979367536911237e-01 0.000000000000000000e+00 4.822020632463087098e-01 0.000000000000000000e+00 0.000000000000000000e+00 0.000000000000000000e+00 -3.889423947171936642e-18 3.592122774690460792e-18 0.000000000000000000e+00 0.000000000000000000e+00 0.000000000000000000e+00 0.000000000000000000e+00 0.000000000000000000e+00 0.000000000000000000e+00 0.000000000000000000e+00 0.000000000000000000e+00
2.899999999999999911e+00 5.133631588153275693e-01 0.000000000000000000e+00 4.866368411846734299e-01 0.000000000000000000e+00 0.000000000000000000e+00 0.000000000000000000e+00 -2.476384632819189761e-17 9.666851895186437456e-18 0.000000000000000000e+00 0.000000000000000000e+00 0.000000000000000000e+00 0.000000000000000000e+00 0.000000000000000000e+00 0.000000000000000000e+00 0.000000000000000000e+00 0.000000000000000000e+00
3.000000000000000000e+00 5.097616266684762421e-01 0.000000000000000000e+00 4.902383733315239800e-01 0.000000000000000000e+00 0.000000000000000000e+00 0.000000000000000000e+00 9.625564314262945068e-18 -2.153186374572426737e-18 0.000000000000000000e+00 0.000000000000000000e+00 0.000000000000000000e+00 0.000000000000000000e+00 0.000000000000000000e+00 0.000000000000000000e+00 0.000000000000000000e+00 0.000000000000000000e+00
