1.000000000000000056e-01 6.672567953698455012e-02 -5.556465982809936921e-02 -8.963924451780002078e-01
2.000000000000000111e-01 1.328008093705453918e-01 -1.102778286308901956e-01 -8.824237931327779672e-01
2.999999999999999889e-01 1.975841570562080207e-01 -1.633115566653014772e-01 -8.594051735407602921e-01
4.000000000000000222e-01 2.604585640779982780e-01 -2.138798115611835748e-01 -8.277228546995318847e-01
5.000000000000000000e-01 3.208398788975077576e-01 -2.612643652432268815e-01 -7.879013110994353974e-01
5.999999999999999778e-01 3.781869190305365835e-01 -3.048352137866593425e-01 -7.405859631598946669e-01
6.999999999999999556e-01 4.320174272692289819e-01 -3.440531060863523116e-01 -6.865243099640794266e-01
7.999999999999999334e-01 4.818964953665626494e-01 -3.784896876770568186e-01 -6.265531247776842116e-01
8.999999999999999112e-01 5.274679757383784473e-01 -4.078321744076872646e-01 -5.615599069571391988e-01
9.999999999999998890e-01 5.684305982365573939e-01 -4.318888540160722433e-01 -4.924799244031347611e-01
1.099999999999999867e+00 6.045697573733695984e-01 -4.505763556666505520e-01 -4.202568962181934542e-01
1.199999999999999956e+00 6.357367063623220460e-01 -4.639400454337087032e-01 -3.458158090861771505e-01
1.300000000000000044e+00 6.618542744465638616e-01 -4.721116483144515708e-01 -2.700788994317819269e-01
1.399999999999999911e+00 6.829264544089248545e-01 -4.753209708322558846e-01 -1.938945682484240207e-01
1.500000000000000000e+00 6.990123497490714488e-01 -4.738840845842420268e-01 -1.180630516242208994e-01
1.599999999999999867e+00 7.102369951643925372e-01 -4.681763563368631087e-01 -4.332953498398414011e-02
1.699999999999999956e+00 7.167860120172717675e-01 -4.586255731024616589e-01 2.967675061134202388e-02
1.800000000000000044e+00 7.188894610948917130e-01 -4.456957552699264968e-01 1.004013004505732998e-01
1.899999999999999911e+00 7.168192800890662575e-01 -4.298760313402550381e-01 1.683629717352947974e-01
2.000000000000000000e+00 7.108843423884039225e-01 -4.116530387749062214e-01 2.331965917814399214e-01
2.099999999999999645e+00 7.014207345140346384e-01 -3.915139455446907113e-01 2.946011165686860944e-01
2.199999999999999734e+00 6.887758861731648752e-01 -3.699268416814420757e-01 3.523851822336911965e-01
2.299999999999999822e+00 6.733243878645180924e-01 -3.473318031596346334e-01 4.063975207393033529e-01
2.399999999999999911e+00 6.554198303592142505e-01 -3.241502372632080742e-01 4.565956188939888638e-01
2.500000000000000000e+00 6.354322661584458354e-01 -3.007446627917868542e-01 5.029789457811510989e-01
2.600000000000000089e+00 6.137183668344681209e-01 -2.774510350979980111e-01 5.455975420227889838e-01
2.699999999999999734e+00 5.906218151677522510e-01 -2.545544364635248247e-01 5.845517831858124680e-01
2.799999999999999822e+00 5.664689102796067743e-01 -2.322944184566019254e-01 6.199783010793379345e-01
2.899999999999999911e+00 5.415575652222668346e-01 -2.108799844633514331e-01 6.520440639838590569e-01
3.000000000000000000e+00 5.161735203008407380e-01 -1.904552094708082399e-01 6.809347340926420467e-01
