1.000000000000000056e-01 -2.258788943436111085e-01 -1.254642675768876392e-01 -8.571674426935458335e-01
2.000000000000000111e-01 -4.158059024727674968e-01 -2.573876563499811199e-01 -7.317070097214625202e-01
2.999999999999999889e-01 -5.396226722165456957e-01 -3.960231939598602979e-01 -5.420308461584799620e-01
4.000000000000000222e-01 -5.783671071221864191e-01 -5.318903259600465949e-01 -3.126612719470091561e-01
5.000000000000000000e-01 -5.284353205907194040e-01 -6.466346186657063733e-01 -7.017645149665246995e-02
5.999999999999999778e-01 -4.031881538861415981e-01 -7.182660136546683560e-01 1.617470369656599793e-01
6.999999999999999556e-01 -2.307390357500943567e-01 -7.289463865014339516e-01 3.657591077997878193e-01
7.999999999999999334e-01 -4.767727077120539891e-02 -6.722669262328596629e-01 5.323408440317132229e-01
8.999999999999999112e-01 1.099865593217889820e-01 -5.569537573414358178e-01 6.592532933978652032e-01
9.999999999999998890e-01 2.159389710784529459e-01 -4.052237404648356134e-01 7.497570087021594443e-01
1.099999999999999867e+00 2.596183614861470312e-01 -2.463262970584194356e-01 8.102559045986487130e-01
1.199999999999999956e+00 2.470111645663434774e-01 -1.077787782936788646e-01 8.481851571905922871e-01
1.300000000000000044e+00 1.962925696386499941e-01 -7.850292201506374121e-03 8.704552027705135808e-01
1.399999999999999911e+00 1.301923356359950823e-01 4.800853271240975578e-02 8.826612339542823094e-01
1.500000000000000000e+00 6.844897575025724046e-02 6.590731313827243032e-02 8.888526405777296135e-01
1.599999999999999867e+00 2.298368882100202543e-02 5.874349663577377312e-02 8.916983346054052628e-01
1.699999999999999956e+00 -3.044990149875154845e-03 4.046023808066326333e-02 8.928124416544538366e-01
1.800000000000000044e+00 -1.295774213926420559e-02 2.169573536694648433e-02 8.930940936223530358e-01
1.899999999999999911e+00 -1.293599575590281131e-02 8.014811908033587715e-03 8.930066554765696551e-01
2.000000000000000000e+00 -8.833653540758894598e-03 5.643697094062745043e-04 8.927702492529389078e-01
2.099999999999999645e+00 -4.498761245616833722e-03 -2.113255771857425712e-03 8.924817665280231349e-01
2.199999999999999734e+00 -1.551874710125199924e-03 -2.185930304426810140e-03 8.921803616594736752e-01
2.299999999999999822e+00 -1.275638753813366708e-04 -1.385058782705511724e-03 8.918802151264453304e-01
2.399999999999999911e+00 2.964221108850132640e-04 -6.257462178510535440e-04 8.915859082886450349e-01
2.500000000000000000e+00 2.746080764621213269e-04 -1.813914380029844800e-04 8.912985272407117909e-01
2.600000000000000089e+00 1.476487866930709905e-04 -5.324892447033732095e-06 8.910180603220683171e-01
2.699999999999999734e+00 5.447171568296136767e-05 3.332682690190033169e-05 8.907442067533519747e-01
2.799999999999999822e+00 1.307857603631687621e-05 2.058329804981634997e-05 8.904766299065471902e-01
2.899999999999999911e+00 5.329230821374650762e-07 1.208883269613889922e-05 8.902150139487049474e-01
3.000000000000000000e+00 1.270343076069914225e-06 2.881420873121668944e-06 8.899590685833570491e-01
