1.000000000000000056e-01 -2.371038925240639972e-01 -3.043676837729143714e-02 -8.632533939656228394e-01
2.000000000000000111e-01 -4.479693897228995692e-01 -8.464453367061433586e-02 -7.544762716087419774e-01
2.999999999999999889e-01 -6.064197821637020702e-01 -1.778564866092224583e-01 -5.878506880409020141e-01
4.000000000000000222e-01 -6.883705814181108051e-01 -3.102209888480239597e-01 -3.823325830357378607e-01
5.000000000000000000e-01 -6.767461113158660391e-01 -4.641678943639748200e-01 -1.591852328350283896e-01
5.999999999999999778e-01 -5.681194041596858701e-01 -6.073052585637195300e-01 6.155836976756814266e-02
6.999999999999999556e-01 -3.782873143328611132e-01 -7.010959662969846740e-01 2.638940849760348928e-01
7.999999999999999334e-01 -1.430866938648039932e-01 -7.135661015560030851e-01 4.373797550443793147e-01
8.999999999999999112e-01 8.795745276648370137e-02 -6.319033709621301176e-01 5.773223235167181944e-01
9.999999999999998890e-01 2.647942302043977403e-01 -4.697263101053752998e-01 6.839272589261513602e-01
1.099999999999999867e+00 3.525827358625360786e-01 -2.649067919639321866e-01 7.607893019564981874e-01
1.199999999999999956e+00 3.434775012513164305e-01 -6.748649208479182149e-02 8.133271606438606804e-01
1.300000000000000044e+00 2.587842966716643045e-01 7.795112640835635820e-02 8.473842794001316125e-01
1.399999999999999911e+00 1.395723563560188341e-01 1.478841871746824910e-01 8.683148421785011895e-01
1.500000000000000000e+00 2.974158503276875740e-02 1.462815518774040202e-01 8.804881320737401040e-01
1.599999999999999867e+00 -4.054433304710489128e-02 9.904057187992651445e-02 8.871517703362079565e-01
1.699999999999999956e+00 -6.349738296941591364e-02 3.985421169444511996e-02 8.905447547389874208e-01
1.800000000000000044e+00 -5.111045932589865226e-02 -4.785902272174291650e-03 8.921012130174456045e-01
1.899999999999999911e+00 -2.445929906369360279e-02 -2.414865917265291220e-02 8.926825310310679829e-01
2.000000000000000000e+00 -1.670445065638074406e-03 -2.244422497102429442e-02 8.927756292565078855e-01
2.099999999999999645e+00 9.006842142132470003e-03 -1.125541449537413759e-02 8.926390498846474841e-01
2.199999999999999734e+00 8.976126060492365527e-03 -1.030297796491577017e-03 8.924024811962590897e-01
2.299999999999999822e+00 4.236889479051648803e-03 3.569220098319220939e-03 8.921272651623483041e-01
2.399999999999999911e+00 7.332068461511067822e-05 3.323570699308436328e-03 8.918406206455992136e-01
2.500000000000000000e+00 -1.482875355580690578e-03 1.277852513805155434e-03 8.915538776486199302e-01
2.600000000000000089e+00 -1.105741504326479812e-03 -2.314069311981424397e-04 8.912713847226819697e-01
2.699999999999999734e+00 -2.513508095247813669e-04 -5.837777297933693498e-04 8.909945494609157191e-01
2.799999999999999822e+00 1.899383601727921002e-04 -2.922628962525409342e-04 8.907236579529396181e-01
2.899999999999999911e+00 1.915165267172672960e-04 8.202672919652522800e-06 8.904586120128318294e-01
3.000000000000000000e+00 4.480472762276334467e-05 9.146153967441522040e-05 8.901991979113915709e-01
