1.000000000000000056e-01 -1.160224544394752033e-01 1.673303882420487387e-01 -8.745246815291822795e-01
2.000000000000000111e-01 -2.295167065654124539e-01 3.200280995266601147e-01 -7.972288228689343725e-01
2.999999999999999889e-01 -3.375484614850921550e-01 4.453082062243884365e-01 -6.759030962309258150e-01
4.000000000000000222e-01 -4.365503551580753872e-01 5.337761949660529970e-01 -5.206598615615388725e-01
5.000000000000000000e-01 -5.224175135434341311e-01 5.804668936537147328e-01 -3.435883610242752018e-01
5.999999999999999778e-01 -5.908985155986586912e-01 5.851743055554481376e-01 -1.572291711665224911e-01
6.999999999999999556e-01 -6.382581581891886291e-01 5.521044097398328798e-01 2.688693055238726426e-02
7.999999999999999334e-01 -6.619584724581716317e-01 4.889339959136624891e-01 1.993083025119198881e-01
8.999999999999999112e-01 -6.612161105531986216e-01 4.054564840131895664e-01 3.533522037677799821e-01
9.999999999999998890e-01 -6.372849280504482294e-01 3.120893338682030338e-01 4.851676349332174065e-01
1.099999999999999867e+00 -5.933446425691101256e-01 2.184984727072034061e-01 5.935446598188633960e-01
1.199999999999999956e+00 -5.340844707464401653e-01 1.325479405631174445e-01 6.793458943553765117e-01
1.300000000000000044e+00 -4.650345355995132990e-01 5.967315709866391482e-02 7.448746962385820458e-01
1.399999999999999911e+00 -3.918353352822201985e-01 2.749929559601965376e-03 7.932171679357439276e-01
1.500000000000000000e+00 -3.195811603974336168e-01 -3.768933355187844420e-02 8.276998948566116621e-01
1.599999999999999867e+00 -2.523200408479537860e-01 -6.292106220737450628e-02 8.515010908464307748e-01
1.699999999999999956e+00 -1.928409080441177426e-01 -7.539192920161645606e-02 8.673962428511113876e-01
1.800000000000000044e+00 -1.426108459957166064e-01 -7.811008134690819449e-02 8.776644662007671016e-01
1.899999999999999911e+00 -1.019774137151918392e-01 -7.410090530945750986e-02 8.840666948192977825e-01
2.000000000000000000e+00 -7.041905453022569150e-02 -6.605225704247083551e-02 8.879022910935362445e-01
2.099999999999999645e+00 -4.685407022981660785e-02 -5.612520427972879367e-02 8.900875198560680435e-01
2.199999999999999734e+00 -2.992896579283659680e-02 -4.587164635484865249e-02 8.912444751976271728e-01
2.299999999999999822e+00 -1.823959894637740622e-02 -3.629647122045582402e-02 8.917795513056661072e-01
2.399999999999999911e+00 -1.049238343543263535e-02 -2.794115368351381135e-02 8.919498323849355259e-01
2.500000000000000000e+00 -5.571590029479338638e-03 -2.100739251624623993e-02 8.919129423625669073e-01
2.600000000000000089e+00 -2.603943774724445243e-03 -1.547909118846113943e-02 8.917621515383715725e-01
2.699999999999999734e+00 -9.207470273226254706e-04 -1.121150851884914965e-02 8.915514540996065662e-01
2.799999999999999822e+00 -4.301797615996905827e-05 -8.011616778601279854e-03 8.913110827970406325e-01
2.899999999999999911e+00 3.548675053280446294e-04 -5.653060553468637790e-03 8.910577903449573567e-01
3.000000000000000000e+00 4.831693702417282077e-04 -3.957257128168729585e-03 8.908002542271802326e-01
