1.000000000000000056e-01 1.378083002592004058e-01 7.488761214871794691e-02 -8.847459168284421693e-01
2.000000000000000111e-01 2.618870154153081220e-01 1.607093578295537006e-01 -8.366727624110463779e-01
2.999999999999999889e-01 3.577173299696537745e-01 2.652861410251167729e-01 -7.595036878203181852e-01
4.000000000000000222e-01 4.099831875054572028e-01 3.903237101728851410e-01 -6.573848874343378723e-01
5.000000000000000000e-01 4.040248822264488338e-01 5.290126158737534778e-01 -5.355748735329345367e-01
5.999999999999999778e-01 3.290135335714233777e-01 6.647814687674190592e-01 -3.999789752459768644e-01
6.999999999999999556e-01 1.824977643880706102e-01 7.722180978383463845e-01 -2.566831419766701927e-01
7.999999999999999334e-01 -2.476117711040315417e-02 8.210456742662173291e-01 -1.114897664505568875e-01
8.999999999999999112e-01 -2.656831931998676066e-01 7.834262087098076144e-01 3.042551748520480950e-02
9.999999999999998890e-01 -4.976676789526681688e-01 6.436671446535265906e-01 1.648355959818078309e-01
1.099999999999999867e+00 -6.693101066249974584e-01 4.078226554349353439e-01 2.885257783765080020e-01
1.199999999999999956e+00 -7.331123264480159385e-01 1.092719503866406983e-01 3.994244510181216845e-01
1.300000000000000044e+00 -6.616856837138359593e-01 -1.937894862043944288e-01 4.964428750857907691e-01
1.399999999999999911e+00 -4.619232331809356440e-01 -4.311804038872960043e-01 5.793899117594560888e-01
1.500000000000000000e+00 -1.802392032663719390e-01 -5.422144953352048269e-01 6.487916023552875444e-01
1.599999999999999867e+00 1.065386998793766971e-01 -4.991681452357589199e-01 7.056876880481703918e-01
1.699999999999999956e+00 3.149739965316250001e-01 -3.226822923280969202e-01 7.514233719889739094e-01
1.800000000000000044e+00 3.862777733470016406e-01 -7.957511859135478482e-02 7.874997592582411166e-01
1.899999999999999911e+00 3.118353524260323306e-01 1.399568728968775544e-01 8.154494199491113537e-01
2.000000000000000000e+00 1.392378501407694480e-01 2.586703248513857467e-01 8.367314084575728783e-01
2.099999999999999645e+00 -4.753432893819811017e-02 2.460076318958887287e-01 8.526633405227520557e-01
2.199999999999999734e+00 -1.668308247275866463e-01 1.311813418512012830e-01 8.643891120387821037e-01
2.299999999999999822e+00 -1.781129374901481988e-01 -1.348656629133049983e-02 8.728763366528153878e-01
2.399999999999999911e+00 -9.917801688152058648e-02 -1.118155969887115325e-01 8.789143153662264396e-01
2.500000000000000000e+00 8.849701863106223393e-03 -1.240796430744892931e-01 8.831306809394502411e-01
2.600000000000000089e+00 8.035131011570800785e-02 -6.446959569472095197e-02 8.860146670360076193e-01
2.699999999999999734e+00 8.366753367570652078e-02 1.464292840824799047e-02 8.879359821822773169e-01
2.799999999999999822e+00 3.481357994355034624e-02 6.043733541976745172e-02 8.891740707560925605e-01
2.899999999999999911e+00 -2.102114781462444820e-02 5.303785751250804370e-02 8.899335745865694092e-01
3.000000000000000000e+00 -4.483772680708128511e-02 1.235708985751128933e-02 8.903610815210027951e-01
