1.000000000000000056e-01 1.139748729989661230e-02 -3.563237590027545226e-02 -9.002162900266102996e-01
2.000000000000000111e-01 2.278060686046948918e-02 -7.117941306720129702e-02 -8.976427740506329744e-01
2.999999999999999889e-01 3.413246118003115254e-02 -1.065617499292005194e-01 -8.933627099276105765e-01
4.000000000000000222e-01 4.543500066777518553e-02 -1.416928793340414827e-01 -8.873906678205580878e-01
5.000000000000000000e-01 5.667574989367286931e-02 -1.764886722146764286e-01 -8.797469139197754417e-01
5.999999999999999778e-01 6.783630425620770787e-02 -2.108682873835266147e-01 -8.704575115201534929e-01
6.999999999999999556e-01 7.890463095173545771e-02 -2.447642301961415745e-01 -8.595499524553567028e-01
7.999999999999999334e-01 8.986554702990759425e-02 -2.780839061432987536e-01 -8.470649442476054780e-01
8.999999999999999112e-01 1.006951895637356598e-01 -3.107729831137666099e-01 -8.330379192092093321e-01
9.999999999999998890e-01 1.113941974617979613e-01 -3.427474588013809109e-01 -8.175172833350587975e-01
1.099999999999999867e+00 1.219376160432465162e-01 -3.739461653003621766e-01 -8.005519488845818099e-01
1.199999999999999956e+00 1.323130998962024352e-01 -4.043082336579804648e-01 -7.821940841405248257e-01
1.300000000000000044e+00 1.425070420162710683e-01 -4.337717192153522916e-01 -7.625023985486635292e-01
1.399999999999999911e+00 1.525109391957569227e-01 -4.622773538881180810e-01 -7.415395048154770352e-01
1.500000000000000000e+00 1.623052898589577575e-01 -4.897791785071598514e-01 -7.193678581249006720e-01
1.599999999999999867e+00 1.718841350607648866e-01 -5.162347361922217104e-01 -6.960490782520004638e-01
1.699999999999999956e+00 1.812287803742494430e-01 -5.415907583698102989e-01 -6.716629423541167210e-01
1.800000000000000044e+00 1.903361783439123656e-01 -5.658190147688521021e-01 -6.462707205248832132e-01
1.899999999999999911e+00 1.991917391059852549e-01 -5.888843996439347972e-01 -6.199479136760669418e-01
2.000000000000000000e+00 2.077770079597895392e-01 -6.107628931740322065e-01 -5.927670527910861020e-01
2.099999999999999645e+00 2.160941745635988620e-01 -6.314213616133335094e-01 -5.648096904994633904e-01
2.199999999999999734e+00 2.241332738226034516e-01 -6.508513933374935334e-01 -5.361394388664110222e-01
2.299999999999999822e+00 2.318802698577315802e-01 -6.690367096556227855e-01 -5.068364765693956775e-01
2.399999999999999911e+00 2.393325351957510949e-01 -6.859627710640892051e-01 -4.769813198521808406e-01
2.500000000000000000e+00 2.464756255568305576e-01 -7.016330438894196053e-01 -4.466402285777991144e-01
2.600000000000000089e+00 2.533106352131561656e-01 -7.160420096252633204e-01 -4.158906045919473771e-01
2.699999999999999734e+00 2.598350343578024191e-01 -7.291950798456664495e-01 -3.847997578298026911e-01
2.799999999999999822e+00 2.660352361901535123e-01 -7.411006564668336516e-01 -3.534429867707952200e-01
2.899999999999999911e+00 2.719117868790867365e-01 -7.517668668714510005e-01 -3.218947167071962712e-01
3.000000000000000000e+00 2.774632405503237864e-01 -7.612134149047838916e-01 -2.902099519257249627e-01
