2.299999999999999822e+00 1.151826264439898689e-03 -1.810281682118250078e-03 9.235960462993968445e-01
2.334482758620689324e+00 6.238683186123172722e-04 -1.591161939104925559e-03 9.304960159052235724e-01
2.368965517241379271e+00 2.465169645350131751e-04 -1.331648020854698123e-03 9.369251460804777221e-01
2.403448275862068773e+00 -1.465212504182474874e-05 -1.065254746987817375e-03 9.428964924485806476e-01
2.437931034482758275e+00 -1.727319278521652953e-04 -8.172494721307046843e-04 9.484252040391322192e-01
2.472413793103448221e+00 -2.558742693601669940e-04 -5.965689216622299456e-04 9.535282872623146444e-01
2.506896551724137723e+00 -2.830901168949549263e-04 -4.148225570245305254e-04 9.582243327659734078e-01
2.541379310344827225e+00 -2.823214417240475132e-04 -2.705737669877743713e-04 9.625330038145401002e-01
2.575862068965517171e+00 -2.494275198907039285e-04 -1.591711183826970079e-04 9.664746684204591487e-01
2.610344827586206673e+00 -2.095173297328779848e-04 -8.303198873163488043e-05 9.700702459698729019e-01
2.644827586206896619e+00 -1.692432560256112398e-04 -2.761142207768915529e-05 9.733409279129657810e-01
2.679310344827586121e+00 -1.282554685200126604e-04 6.121122282808056595e-06 9.763077230424686004e-01
2.713793103448275623e+00 -8.856173955625357987e-05 2.491200751439766803e-05 9.789916122743801408e-01
2.748275862068965125e+00 -5.945125233658550920e-05 3.481092272625973286e-05 9.814129142954488572e-01
2.782758620689655071e+00 -4.188623405176399798e-05 3.128855083612526401e-05 9.835915891148583334e-01
2.817241379310344573e+00 -2.175978971112567858e-05 2.666904097387030797e-05 9.855467443513097336e-01
2.851724137931034520e+00 -1.126962162479942223e-05 2.620072494557503277e-05 9.872967872426088309e-01
2.886206896551724022e+00 -3.531015758292291946e-06 1.886935392879176307e-05 9.888592356705693254e-01
2.920689655172413524e+00 -2.248180722894089099e-06 1.187399329149806687e-05 9.902506425141422985e-01
2.955172413793103026e+00 1.573577089532393944e-06 1.196505251727258582e-05 9.914866504250436918e-01
2.989655172413792972e+00 5.407311467224478209e-06 5.715692136592039214e-06 9.925818802655904660e-01
3.024137931034482474e+00 1.936514267228843514e-06 3.652457907293622338e-06 9.935499922390479410e-01
3.058620689655172420e+00 2.216266717159255464e-06 7.295075563399421158e-07 9.944036606046694482e-01
3.093103448275861922e+00 5.076886066046283049e-07 -3.026973828112892255e-07 9.951546015754635377e-01
3.127586206896551424e+00 2.251725928255638785e-06 4.700848512029517999e-07 9.958136105006502037e-01
3.162068965517240926e+00 1.361311409306594991e-06 -2.345567857816780968e-07 9.963905686494602953e-01
3.196551724137930872e+00 -3.399612353453320438e-06 2.660157980049688220e-06 9.968945007596563546e-01
3.231034482758620374e+00 -3.847466611859566192e-07 1.901774904517358794e-06 9.973336397380870855e-01
3.265517241379310320e+00 -1.294853243676573061e-07 -1.011845390475206346e-06 9.977154172124497178e-01
3.299999999999999822e+00 1.126116209748622476e-06 -1.654217896479158375e-06 9.980465761270885805e-01
