1.000000000000000056e-01 2.227466268892002721e-01 2.216447307637312014e-02 -9.697424349224130768e-01
2.000000000000000111e-01 3.305003058797987281e-01 3.999539775946071157e-02 -8.821292678978068791e-01
2.999999999999999889e-01 3.010911134096205810e-01 4.775687075569288315e-02 -7.462973896558054987e-01
4.000000000000000222e-01 1.992704810691880712e-01 4.290561013002967133e-02 -5.763717830564614175e-01
5.000000000000000000e-01 1.007786283523341153e-01 2.985821091008660638e-02 -3.899443334987480747e-01
5.999999999999999778e-01 3.971882318351174085e-02 1.629526779801036135e-02 -2.061801473717021216e-01
6.999999999999999556e-01 1.227641950546781366e-02 7.031700609651228041e-03 -4.376980410504270613e-02
7.999999999999999334e-01 2.967843745166539107e-03 2.413844577916284331e-03 8.105022212129922576e-02
8.999999999999999112e-01 5.539699704099268615e-04 6.621263409605062170e-04 1.561973669775030549e-01
9.999999999999998890e-01 7.731491663834394901e-05 1.455505679164945533e-04 1.749739331201005665e-01
1.099999999999999867e+00 7.394985832282071912e-06 2.567537098051533403e-05 1.367123468411218790e-01
1.199999999999999956e+00 3.249814694695237803e-07 3.633312852226804550e-06 4.675803328364929595e-02
1.300000000000000044e+00 -3.184743892712580316e-08 4.114452951042917000e-07 -8.417878382177293450e-02
1.399999999999999911e+00 -8.248603593798447596e-09 3.708241911870093275e-08 -2.412393214790938545e-01
1.500000000000000000e+00 -9.323165465780204752e-10 2.631933406383544980e-09 -4.070443546480461139e-01
1.599999999999999867e+00 -6.947423385333669787e-11 1.440760993782513784e-10 -5.635518596799550251e-01
1.699999999999999956e+00 -3.614631851785379460e-12 5.803299440598699959e-12 -6.939489075506636295e-01
1.800000000000000044e+00 -1.287403096114216805e-13 1.512823808695930446e-13 -7.843672081394850171e-01
1.899999999999999911e+00 -1.854828993818419278e-15 -2.385234327266787392e-16 -8.252387796294554656e-01
2.000000000000000000e+00 -3.563751197355606661e-15 -1.452569894999040621e-15 -8.121737606877227345e-01
2.099999999999999645e+00 -4.578958475363780089e-15 2.004065966793478600e-15 -7.462668182175351550e-01
2.199999999999999734e+00 3.621363579351321537e-15 -4.583170117712185106e-16 -6.338306625600191868e-01
2.299999999999999822e+00 -3.111250727725160315e-16 -8.652453144940684600e-16 -4.855942607838815706e-01
2.399999999999999911e+00 -9.433312981290627815e-16 -9.411565956157979521e-16 -3.154850423606256893e-01
2.500000000000000000e+00 -5.551631961026489415e-17 3.377196966635711258e-16 -1.391180906242703852e-01
2.600000000000000089e+00 1.565913150413804199e-16 7.588323779307671239e-17 2.781159086436932673e-02
2.699999999999999734e+00 3.634637644923825087e-16 4.656989553968710354e-16 1.710968603478582317e-01
2.799999999999999822e+00 1.070928626741311329e-15 -3.564615279757170460e-16 2.793472306367550950e-01
2.899999999999999911e+00 8.268897653455604752e-16 1.307998888890558997e-15 3.449762630306268951e-01
3.000000000000000000e+00 1.579137850440431102e-16 3.911417047468619017e-16 3.647683891009035340e-01
