1.000000000000000056e-01 -6.237669205207197962e-03 -5.696016010487608972e-02 -9.980416825502201883e-01
2.000000000000000111e-01 -1.055838546694507288e-02 -8.596404158721233923e-02 -9.924054106323917379e-01
2.999999999999999889e-01 -1.168096114500190644e-02 -8.060295225683394849e-02 -9.837743830084277885e-01
4.000000000000000222e-01 -9.767983505870714289e-03 -5.559968948392486621e-02 -9.731815875177481923e-01
5.000000000000000000e-01 -6.389677923953365930e-03 -2.971883638331981187e-02 -9.618647451182628094e-01
5.999999999999999778e-01 -3.306624029982795088e-03 -1.258118739179048089e-02 -9.510909451164558659e-01
6.999999999999999556e-01 -1.360114296758078772e-03 -4.261131294737601112e-03 -9.419721452223623892e-01
7.999999999999999334e-01 -4.455567129438216560e-04 -1.159269188646711631e-03 -9.352960648802637333e-01
8.999999999999999112e-01 -1.162184284457828845e-04 -2.533050841229259119e-04 -9.313924133643068926e-01
9.999999999999998890e-01 -2.406391863591801945e-05 -4.427184107834851207e-05 -9.300596655084770736e-01
1.099999999999999867e+00 -3.925613032564087519e-06 -6.131840285211465815e-06 -9.305507085137134649e-01
1.199999999999999956e+00 -4.964439347766164982e-07 -6.606088066811013574e-07 -9.316361526363197143e-01
1.300000000000000044e+00 -4.692713587968577020e-08 -5.318539734459642898e-08 -9.317244930958312743e-01
1.399999999999999911e+00 -2.993163482224464261e-09 -2.866810953367641120e-09 -9.290394685381370143e-01
1.500000000000000000e+00 -7.334025822878892517e-11 -5.535362357911900746e-11 -9.218244622282462108e-01
1.599999999999999867e+00 9.308517800213414562e-12 6.949835047312371616e-12 -9.085562397326558681e-01
1.699999999999999956e+00 1.475945130076823433e-12 8.861313628510619956e-13 -8.881406831921628831e-01
1.800000000000000044e+00 1.252674974224242816e-13 5.293850431080331193e-14 -8.600673961195114403e-01
1.899999999999999911e+00 4.218430632482472774e-15 -7.029063865472276005e-15 -8.245056805973042247e-01
2.000000000000000000e+00 -2.113047002531472432e-15 -6.608504313414991888e-16 -7.823242011574547128e-01
2.099999999999999645e+00 3.386840648536757594e-15 -2.482665090179289019e-15 -7.350412583787169218e-01
2.199999999999999734e+00 4.967858760582214901e-17 -6.439659521863703107e-15 -6.846960333688246747e-01
2.299999999999999822e+00 -9.175416628358192829e-16 9.594539003703638136e-17 -6.336657673314117778e-01
2.399999999999999911e+00 -9.155799025691710688e-16 -4.917610759023392676e-16 -5.844394659676878101e-01
2.500000000000000000e+00 -1.775381507961266883e-15 -2.420747370174347156e-15 -5.393779834920260363e-01
2.600000000000000089e+00 1.862161809487340143e-17 2.773172658830805163e-16 -5.004827309011296022e-01
2.699999999999999734e+00 1.837254632251307635e-15 -1.821104494244844290e-15 -4.691994534623499247e-01
2.799999999999999822e+00 -1.205774857743441470e-15 -3.064108441056733902e-15 -4.462758289747408291e-01
2.899999999999999911e+00 4.636245666812728149e-16 -2.369180939822896192e-16 -4.316877503835168106e-01
3.000000000000000000e+00 -5.876214985572220153e-16 -6.517534251339937092e-16 -4.246500025806237422e-01
