1.000000000000000056e-01 4.325887562503717698e-02 8.048776732834397873e-02 -9.950173170561700253e-01
2.000000000000000111e-01 6.335546910743830584e-02 1.227119548540724220e-01 -9.806535361471090395e-01
2.999999999999999889e-01 5.639731973089184142e-02 1.170077063341629503e-01 -9.585883910581037837e-01
4.000000000000000222e-01 3.600972429644624939e-02 8.261053167677495646e-02 -9.313881508099434159e-01
5.000000000000000000e-01 1.726502124244808090e-02 4.548110338477406867e-02 -9.021853406574721346e-01
5.999999999999999778e-01 6.282876996420621099e-03 1.995605748268945365e-02 -8.742854420243110214e-01
6.999999999999999556e-01 1.714797279586227109e-03 7.050639465852407903e-03 -8.507489802522516520e-01
7.999999999999999334e-01 3.347748545553258927e-04 2.015053539134060902e-03 -8.340008026075288461e-01
8.999999999999999112e-01 3.948875728611318380e-05 4.663793088282814714e-04 -8.255064445312082499e-01
9.999999999999998890e-01 -4.897009905632253887e-08 8.727470761575909734e-05 -8.255684459466405833e-01
1.099999999999999867e+00 -1.176083154739914765e-06 1.314547577637952664e-05 -8.332576483662802458e-01
1.199999999999999956e+00 -2.886151564208802464e-07 1.580067244438334357e-06 -8.464869481578720656e-01
1.300000000000000044e+00 -4.204664367266259378e-08 1.491726816221818204e-07 -8.622330637814012988e-01
1.399999999999999911e+00 -4.191099344776129782e-09 1.071211406132936447e-08 -8.768672053976140912e-01
1.500000000000000000e+00 -2.827105837615912703e-10 5.400555135239080583e-10 -8.865668374102433358e-01
1.599999999999999867e+00 -1.047760587037798360e-11 1.368972722640727988e-11 -8.877537665839571046e-01
1.699999999999999956e+00 1.756366322992698686e-13 -5.013222726691572313e-13 -8.775169687722638168e-01
1.800000000000000044e+00 5.639577418376054270e-14 -8.235034780000031981e-14 -8.539642177738004936e-01
1.899999999999999911e+00 1.067990295176681977e-14 -6.352490031828202505e-15 -8.164663450083285978e-01
2.000000000000000000e+00 1.299958339583755994e-15 -3.086275896849843797e-15 -7.657658959802996490e-01
2.099999999999999645e+00 -6.081249606361784582e-17 -8.151045847847251194e-16 -7.039372189281951631e-01
2.199999999999999734e+00 -1.117504343269504351e-15 -1.150495612001161499e-15 -6.342000140906690620e-01
2.299999999999999822e+00 -7.016036565860687814e-16 -4.929192705342424245e-15 -5.606138828979071453e-01
2.399999999999999911e+00 3.259186734460002435e-16 -5.604745121989606107e-16 -4.876791029434292546e-01
2.500000000000000000e+00 -7.799328602791627993e-16 -2.638777662393508790e-15 -4.198882690046625288e-01
2.600000000000000089e+00 -5.840250602725556317e-16 -9.891652218765347592e-16 -3.612881961820934018e-01
2.699999999999999734e+00 -2.785325050060436650e-16 -2.907689775946650601e-16 -3.150823704778141221e-01
2.799999999999999822e+00 1.114186529462552517e-15 -1.118429573503762186e-15 -2.833195072129642278e-01
2.899999999999999911e+00 4.047431430421661751e-16 -1.358796711674342788e-17 -2.667157636606977134e-01
3.000000000000000000e+00 2.605695344720855030e-16 -5.318042414978813060e-17 -2.645979275028133015e-01
