1.000000000000000056e-01 3.885074438483462900e-02 8.209515001848577409e-03 -9.990588074048382117e-01
2.000000000000000111e-01 5.878316751708915350e-02 1.173851831463648167e-02 -9.963497583886962161e-01
2.999999999999999889e-01 5.534359342505318358e-02 9.996150151841005568e-03 -9.921984748258426690e-01
4.000000000000000222e-01 3.838204438128835910e-02 5.928317114009680824e-03 -9.870908447888112613e-01
5.000000000000000000e-01 2.064542425703785530e-02 2.512497562087758970e-03 -9.815948480805201104e-01
5.999999999999999778e-01 8.798477738558366235e-03 7.289890854465571474e-04 -9.762681020845684898e-01
6.999999999999999556e-01 2.998607966819958216e-03 1.153021897883447231e-04 -9.715603936084985515e-01
7.999999999999999334e-01 8.195586573099770261e-04 -9.054993854561106453e-06 -9.677270926923082772e-01
8.999999999999999112e-01 1.792499877390150141e-04 -1.169841046403698182e-05 -9.647653412088853520e-01
9.999999999999998890e-01 3.113119490834715639e-05 -3.857269739671392118e-06 -9.623817426496817928e-01
1.099999999999999867e+00 4.221304628267775901e-06 -7.881327313967834363e-07 -9.599980305101631917e-01
1.199999999999999956e+00 4.304583982528501510e-07 -1.089422191515405444e-07 -9.567966572575224982e-01
1.300000000000000044e+00 2.977174895418989683e-08 -9.528177842281267314e-09 -9.518000273841107362e-01
1.399999999999999911e+00 7.967519716347654729e-10 -2.752186924259847822e-10 -9.439777093396354291e-01
1.500000000000000000e+00 -1.090000965896501571e-10 6.140700283945655356e-11 -9.323675158128967855e-01
1.599999999999999867e+00 -1.891380330512419723e-11 1.206021446629320524e-11 -9.161978697971288055e-01
1.699999999999999956e+00 -1.682396684062706588e-12 1.247326699284315509e-12 -8.949956159423305690e-01
1.800000000000000044e+00 -1.071895035259255537e-13 8.809569598670845423e-14 -8.686666264652189717e-01
1.899999999999999911e+00 -4.654543711598229255e-15 4.186865966720618510e-15 -8.375371940813726157e-01
2.000000000000000000e+00 -1.894131507129788366e-15 -5.587738660382614697e-15 -8.023541437162426959e-01
2.099999999999999645e+00 6.385185600426955513e-16 -4.673370848874760418e-17 -7.642333283625414309e-01
2.199999999999999734e+00 4.532775316680918545e-15 -1.004192376796485778e-15 -7.245728125870818381e-01
2.299999999999999822e+00 2.180076883326549017e-15 -4.844241221597452583e-15 -6.849267247182464491e-01
2.399999999999999911e+00 9.049921495399240401e-16 -5.076633393869798980e-15 -6.468637223494030364e-01
2.500000000000000000e+00 2.170178884138562607e-15 -4.532672575896291021e-15 -6.118147254670699420e-01
2.600000000000000089e+00 -1.750141554062653377e-15 -3.015063990090096396e-15 -5.809337000975588472e-01
2.699999999999999734e+00 3.629404794549950212e-15 -3.722826021839176067e-15 -5.549853602363824523e-01
2.799999999999999822e+00 -3.227250021191364588e-16 -2.116656435685565304e-15 -5.342661205485658149e-01
2.899999999999999911e+00 -2.254199055083448171e-17 -2.574004633796425816e-15 -5.185745734037535692e-01
3.000000000000000000e+00 -5.988548175039389587e-17 -1.052848939010895957e-15 -5.072309972818292989e-01
