1.000000000000000056e-01 1.273537152534797434e-01 -1.176344521290982881e-01 -9.819584503366366457e-01
2.000000000000000111e-01 1.948796799630700960e-01 -1.722336063586787369e-01 -9.297841806540254606e-01
2.999999999999999889e-01 1.869548356015222623e-01 -1.532335338750899778e-01 -8.491104670103289953e-01
4.000000000000000222e-01 1.331155212346190886e-01 -9.774829525295948562e-02 -7.486213626790618747e-01
5.000000000000000000e-01 7.408363489018082726e-02 -4.678913662837893422e-02 -6.390833803101541033e-01
5.999999999999999778e-01 3.294018491052716491e-02 -1.697400857421948323e-02 -5.321409234969890489e-01
6.999999999999999556e-01 1.182504352345023838e-02 -4.601447313158446920e-03 -4.390254776699634709e-01
7.999999999999999334e-01 3.444706592991834092e-03 -8.823774299529832084e-04 -3.693077601057713211e-01
8.999999999999999112e-01 8.158888462236517716e-04 -9.686333159684711893e-05 -3.298445337598353566e-01
9.999999999999998890e-01 1.570997507498957167e-04 3.408028009025849416e-06 -3.240366104056119911e-01
1.099999999999999867e+00 2.454343635159584593e-05 4.039214717732583689e-06 -3.514629596002097900e-01
1.199999999999999956e+00 3.098778395296509349e-06 9.621295435083946641e-07 -4.079499470068072564e-01
1.300000000000000044e+00 3.140588619926248799e-07 1.449074453771336787e-07 -4.860491095064063960e-01
1.399999999999999911e+00 2.526055499869219844e-08 1.569903187512912651e-08 -5.758648306683162854e-01
1.500000000000000000e+00 1.579479734541081196e-09 1.262576721760862245e-09 -6.661509065144558539e-01
1.599999999999999867e+00 7.353135492745254176e-11 7.472305025164884531e-11 -7.455284979219221064e-01
1.699999999999999956e+00 2.265968735819042944e-12 3.055395752165805682e-12 -8.037141611338464164e-01
1.800000000000000044e+00 2.035045822724598963e-14 6.084456090679871116e-14 -8.326061891528478975e-01
1.899999999999999911e+00 -5.500403598278228385e-15 -4.428237605799376407e-15 -8.271262074232301753e-01
2.000000000000000000e+00 -6.049750053582462838e-15 -2.945039908257740977e-15 -7.857177011349978368e-01
2.099999999999999645e+00 -1.631306935553285380e-15 -2.759215779272172738e-15 -7.104697478738251082e-01
2.199999999999999734e+00 -1.118359221611830219e-15 -1.502799374786319273e-15 -6.068500139801981108e-01
2.299999999999999822e+00 -1.857390938882295546e-15 -1.986824684619960888e-15 -4.830918779592406898e-01
2.399999999999999911e+00 4.747226281528141222e-16 -1.435039569331958095e-15 -3.493114636625334612e-01
2.500000000000000000e+00 -2.509360010525172722e-16 -7.961197457373140256e-16 -2.164449077185416903e-01
2.600000000000000089e+00 3.923790868306956928e-16 -3.322438356004372386e-16 -9.514298406402402208e-02
2.699999999999999734e+00 8.166243274118466721e-19 3.559362356275771063e-18 5.273949706347000853e-03
2.799999999999999822e+00 -2.075101958863239383e-16 2.968856132416167449e-16 7.770482553415157534e-02
2.899999999999999911e+00 7.661528599825260536e-17 3.236578109605808545e-16 1.178726912562214901e-01
3.000000000000000000e+00 -2.263727212328727169e-17 2.593885512243038667e-16 1.246524205698006094e-01
