1.000000000000000056e-01 2.761280410468014423e-01 -6.332293879867963160e-02 -9.510802621944175472e-01
2.000000000000000111e-01 4.047546935895476872e-01 -9.308143913623462273e-02 -8.092692110153877350e-01
2.999999999999999889e-01 3.608541160902299372e-01 -8.340704152460971799e-02 -5.888906040640586870e-01
4.000000000000000222e-01 2.309522833037793432e-01 -5.381206833353783386e-02 -3.121394481586658998e-01
5.000000000000000000e-01 1.111144051829832946e-01 -2.621148287706917199e-02 -6.758472750671886374e-03
5.999999999999999778e-01 4.063351241242130901e-02 -9.773312091473298699e-03 2.968538699553685545e-01
6.999999999999999556e-01 1.116488448306171208e-02 -2.774912248149272436e-03 5.687886136392837910e-01
7.999999999999999334e-01 2.198934957683647273e-03 -5.826498813166161193e-04 7.826774818856720994e-01
8.999999999999999112e-01 2.616735158784468129e-04 -8.252452707725572664e-05 9.183449651187892693e-01
9.999999999999998890e-01 -1.031722782674869964e-06 -4.894778470747517755e-06 9.637630085906425670e-01
1.099999999999999867e+00 -8.453762399288169857e-06 1.006057687287768139e-06 9.161349395927429473e-01
1.199999999999999956e+00 -2.162862701194524700e-06 3.604913343526127641e-07 7.819884764217575057e-01
1.300000000000000044e+00 -3.387977306677345092e-07 6.195408502764044933e-08 5.763051748872192181e-01
1.399999999999999911e+00 -3.816751725418224885e-08 7.295101618204131277e-09 3.207971265245454506e-01
1.500000000000000000e+00 -3.235274338115228478e-09 6.350405158437673725e-10 4.152661734430897200e-02
1.599999999999999867e+00 -2.086088068769318425e-10 4.171809503241356149e-11 -2.338517502677254223e-01
1.699999999999999956e+00 -1.011633563808787459e-11 2.059038294352909758e-12 -4.789227918235474668e-01
1.800000000000000044e+00 -3.509689639652077532e-13 8.029130012213633996e-14 -6.711182522220471292e-01
1.899999999999999911e+00 -5.961735226853766122e-15 3.410534464204156698e-15 -7.938622522671006099e-01
2.000000000000000000e+00 1.788838215808911402e-15 6.727683613181074340e-15 -8.379883998628288033e-01
2.099999999999999645e+00 9.065922812368974039e-16 1.000976149495328770e-14 -8.023732929784057610e-01
2.199999999999999734e+00 1.260210857200904782e-16 -2.227480465044828967e-15 -6.937061500861643193e-01
2.299999999999999822e+00 4.656200525014859687e-16 -3.484942560982887276e-16 -5.254816588034078029e-01
2.399999999999999911e+00 2.045330399605540087e-16 2.532715434366614406e-15 -3.163488289111391349e-01
2.500000000000000000e+00 4.332141776452656838e-17 -1.698326399659319163e-16 -8.801303537575126679e-02
2.600000000000000089e+00 -8.613563710317111639e-17 -3.168644311208596502e-16 1.370588004343360755e-01
2.699999999999999734e+00 -1.747685310901895465e-16 -2.600944636080708251e-15 3.378902957511651373e-01
2.799999999999999822e+00 -1.009847854531832892e-16 8.820300047730106544e-17 4.969747003029637566e-01
2.899999999999999911e+00 -2.607051276460182421e-16 -2.991048916019807584e-15 6.018040241164779314e-01
3.000000000000000000e+00 2.912209180304808002e-18 3.010032536461200015e-16 6.457824855047068491e-01
