1.000000000000000056e-01 6.476276584370524447e-02 2.550606535904115235e-01 -9.579350721179444861e-01
2.000000000000000111e-01 8.981147904575881302e-02 3.773409083250814922e-01 -8.360373103973302022e-01
2.999999999999999889e-01 7.181340990961077031e-02 3.420051507968009941e-01 -6.467436889211173323e-01
4.000000000000000222e-01 3.753507340288661509e-02 2.245966102535795761e-01 -4.093085422634211712e-01
5.000000000000000000e-01 1.176014842247216294e-02 1.123241181451114096e-01 -1.477756816199730094e-01
5.999999999999999778e-01 6.221732162643494810e-04 4.356933470666778802e-02 1.115542904367865101e-01
6.999999999999999556e-01 -1.578708632363085354e-03 1.315840457945094237e-02 3.428740246771307953e-01
7.999999999999999334e-01 -1.016678889052895565e-03 3.070711671903442880e-03 5.235317106567971557e-01
8.999999999999999112e-01 -3.784239387597303434e-04 5.403760530098050598e-04 6.363336493241061875e-01
9.999999999999998890e-01 -1.003404368140195442e-04 6.713614171971543307e-05 6.712382302471107121e-01
1.099999999999999867e+00 -2.014323827216170243e-05 4.575081504315981690e-06 6.262775793148057657e-01
1.199999999999999956e+00 -3.139592409837825138e-06 -1.960233080000900634e-07 5.076085205276344992e-01
1.300000000000000044e+00 -3.841797108608956439e-07 -1.031470425922201289e-07 3.287148049385232862e-01
1.399999999999999911e+00 -3.702656679860817813e-08 -1.574660669113441784e-08 1.088653895013982215e-01
1.500000000000000000e+00 -2.801281961306557950e-09 -1.547485425289106436e-09 -1.289922918326650847e-01
1.599999999999999867e+00 -1.644070210302956807e-10 -1.090454823945030008e-10 -3.606789225917750308e-01
1.699999999999999956e+00 -7.279330577660057927e-12 -5.606759396506389646e-12 -5.632602414850162997e-01
1.800000000000000044e+00 -2.257434740391213652e-13 -2.071348987342986766e-13 -7.173540903733878205e-01
1.899999999999999911e+00 -7.505569173981165188e-15 -9.633272883196233959e-15 -8.089667281531153220e-01
2.000000000000000000e+00 -3.109861261888449566e-15 -8.588514671650526917e-16 -8.307312973688856239e-01
2.099999999999999645e+00 -1.603503023015020239e-15 5.251376393963341719e-16 -7.824057257307371893e-01
2.199999999999999734e+00 -1.731891069134455534e-15 7.345337732567300458e-17 -6.706301784999201265e-01
2.299999999999999822e+00 -7.276030906068918613e-17 -2.794874891776087493e-16 -5.079879159411246903e-01
2.399999999999999911e+00 -1.787392308118975783e-15 -1.081152295203098163e-15 -3.115035139968351241e-01
2.500000000000000000e+00 -5.924981580423705673e-16 -2.461437784527833441e-16 -1.007579420820976512e-01
2.600000000000000089e+00 -2.640786785576944812e-18 2.856012156673379916e-16 1.041820347550311832e-01
2.699999999999999734e+00 7.922391181663313733e-16 7.623352476295142429e-16 2.847478351616248293e-01
2.799999999999999822e+00 -9.307479331193533978e-16 3.022144606536775784e-15 4.256344493568066656e-01
2.899999999999999911e+00 1.660455504415906665e-15 5.442726022705140436e-16 5.161230490378139191e-01
3.000000000000000000e+00 -6.961544584842042315e-16 1.197526679083482036e-15 5.508738188811036496e-01
