1.000000000000000056e-01 -1.183384936263677939e-01 8.875963167737029036e-02 -9.868960001932757242e-01
2.000000000000000111e-01 -1.752698034256254533e-01 1.372702106224250040e-01 -9.490311192682482355e-01
2.999999999999999889e-01 -1.591687576601578114e-01 1.339162608157870304e-01 -8.905809719647397316e-01
4.000000000000000222e-01 -1.048338435632735072e-01 9.745208750197741077e-02 -8.179704248933876709e-01
5.000000000000000000e-01 -5.264759111550894322e-02 5.563534834924244166e-02 -7.391391186234473887e-01
5.999999999999999778e-01 -2.054186287292010527e-02 2.543573038479533116e-02 -6.626326568020647345e-01
6.999999999999999556e-01 -6.257310500345812827e-03 9.399726799568661889e-03 -5.966245870433518617e-01
7.999999999999999334e-01 -1.479958607495463407e-03 2.819241050142228151e-03 -5.479854097736781560e-01
8.999999999999999112e-01 -2.666784020992744603e-04 6.870845366204318162e-04 -5.214920472924823303e-01
9.999999999999998890e-01 -3.488513444802938566e-05 1.359612114740225736e-04 -5.192929055416636297e-01
1.099999999999999867e+00 -2.843323069565626250e-06 2.179036872348569709e-05 -5.406499104959018309e-01
1.199999999999999956e+00 -2.547075982413884066e-08 2.815682285509611022e-06 -5.820226803340545763e-01
1.300000000000000044e+00 3.187465432517720719e-08 2.911059803628379911e-07 -6.374639659951247816e-01
1.399999999999999911e+00 5.423921515936928298e-09 2.376478260369713163e-08 -6.992698964350209101e-01
1.500000000000000000e+00 5.274449122457076243e-10 1.494012325075269931e-09 -7.588444813813609580e-01
1.599999999999999867e+00 3.408439916652668247e-11 6.834380926613890136e-11 -8.076383900859054332e-01
1.699999999999999956e+00 1.387331302832136615e-12 1.891480529569189228e-12 -8.380914280502343994e-01
1.800000000000000044e+00 2.231415938020501608e-14 -8.501844254063311432e-15 -8.444513463502346662e-01
1.899999999999999911e+00 -3.854910390798967877e-16 -7.237370174353200588e-15 -8.233965592430410041e-01
2.000000000000000000e+00 2.631864787531707929e-15 -6.316621126142200651e-15 -7.743872552922198560e-01
2.099999999999999645e+00 1.351749693952818487e-15 -4.186443294984922937e-15 -6.997163982360358192e-01
2.199999999999999734e+00 -1.080935779803363146e-15 -3.858103845892160086e-15 -6.042621510928292139e-01
2.299999999999999822e+00 2.937997578726554321e-16 -1.502411879719289910e-15 -4.949672489116829222e-01
2.399999999999999911e+00 2.148245868560401526e-15 -2.115373729310038602e-15 -3.801124347854079599e-01
2.500000000000000000e+00 4.467130439207283926e-16 -6.447553818685897085e-16 -2.684712132978200327e-01
2.600000000000000089e+00 4.275428898935368741e-16 -9.302774921360306813e-16 -1.684187113390331336e-01
2.699999999999999734e+00 -2.683523959683595973e-17 -1.269128711465313284e-16 -8.711899828922876898e-02
2.799999999999999822e+00 -3.376374814345731360e-17 -2.005016170405605395e-16 -2.984554267521544180e-02
2.899999999999999911e+00 2.634137481360480314e-19 -1.028406747733076485e-18 4.825295888629483536e-04
3.000000000000000000e+00 7.938383483219899749e-18 2.397352330528652246e-17 3.514210044585456237e-03
