1.000000000000000056e-01 9.764615111014679494e-01 5.179080931624202230e-03 1.835940796690795421e-02 0.000000000000000000e+00 7.108829125077306688e-02 -1.904741661793659746e-03 4.095574596323447129e-06 1.338927004491775319e-01 -2.608805924435135819e-04 9.747656181553043808e-03 0.000000000000000000e+00 0.000000000000000000e+00 0.000000000000000000e+00 0.000000000000000000e+00 0.000000000000000000e+00 0.000000000000000000e+00
2.000000000000000111e-01 9.080626377328122611e-01 2.022861253113358848e-02 7.170874973605302627e-02 0.000000000000000000e+00 1.354822384012918379e-01 -3.662013252022960214e-03 3.235419311165880726e-05 2.551784384005667539e-01 -1.024250272528097515e-03 3.807255474593933264e-02 0.000000000000000000e+00 0.000000000000000000e+00 0.000000000000000000e+00 0.000000000000000000e+00 0.000000000000000000e+00 0.000000000000000000e+00
2.999999999999999889e-01 8.012427091690995651e-01 4.373176768202984011e-02 1.550255231488689711e-01 0.000000000000000000e+00 1.871186571731837389e-01 -5.134993277120358801e-03 1.069241960441969164e-04 3.524387304757585770e-01 -2.233733897707181927e-03 8.230765818565490000e-02 0.000000000000000000e+00 0.000000000000000000e+00 0.000000000000000000e+00 0.000000000000000000e+00 0.000000000000000000e+00 0.000000000000000000e+00
4.000000000000000222e-01 6.660611411314769637e-01 7.347520717731566287e-02 2.604636516912074984e-01 0.000000000000000000e+00 2.211344593645726553e-01 -6.207352930085495782e-03 2.460856975025160851e-04 4.165148935526515883e-01 -3.800006877430489680e-03 1.382865890746713955e-01 0.000000000000000000e+00 0.000000000000000000e+00 0.000000000000000000e+00 0.000000000000000000e+00 0.000000000000000000e+00 0.000000000000000000e+00
5.000000000000000000e-01 5.152425300603423741e-01 1.066591914983054390e-01 3.780982784413527420e-01 0.000000000000000000e+00 2.343271765604613699e-01 -6.791612833237966294e-03 4.627243006146183999e-04 4.413752365894123009e-01 -5.607496808433159834e-03 2.007391657474980606e-01 0.000000000000000000e+00 0.000000000000000000e+00 0.000000000000000000e+00 0.000000000000000000e+00 0.000000000000000000e+00 0.000000000000000000e+00
5.999999999999999778e-01 3.629912949268860323e-01 1.401584003145528723e-01 4.968503047585611787e-01 0.000000000000000000e+00 2.254541180997028937e-01 -6.835190640554539634e-03 7.632143520429957896e-04 4.246784111788232674e-01 -7.522737109022473168e-03 2.637823958060154239e-01 0.000000000000000000e+00 0.000000000000000000e+00 0.000000000000000000e+00 0.000000000000000000e+00 0.000000000000000000e+00 0.000000000000000000e+00
6.999999999999999556e-01 2.236413045161496638e-01 1.708190582954287606e-01 6.055396371884200768e-01 0.000000000000000000e+00 1.953514858346547256e-01 -6.324082698522469868e-03 1.146865359829304324e-03 3.679977705361263673e-01 -9.404374055411963279e-03 3.214798101494596994e-01 0.000000000000000000e+00 0.000000000000000000e+00 0.000000000000000000e+00 0.000000000000000000e+00 0.000000000000000000e+00 0.000000000000000000e+00
7.999999999999999334e-01 1.103103167407587099e-01 1.957550011512773358e-01 6.939346821079640515e-01 0.000000000000000000e+00 1.468532661841084053e-01 -5.283409927068194976e-03 1.605925802888054019e-03 2.766687110701071539e-01 -1.111336455098472023e-02 3.683988024184070564e-01 0.000000000000000000e+00 0.000000000000000000e+00 0.000000000000000000e+00 0.000000000000000000e+00 0.000000000000000000e+00 0.000000000000000000e+00
8.999999999999999112e-01 3.367132158220169369e-02 2.126180169255589558e-01 7.537106614922373105e-01 0.000000000000000000e+00 8.452737137170200643e-02 -3.775332072603026622e-03 2.126107668553284258e-03 1.592919138072985685e-01 -1.252298863613150043e-02 4.001195333119250686e-01 0.000000000000000000e+00 0.000000000000000000e+00 0.000000000000000000e+00 0.000000000000000000e+00 0.000000000000000000e+00 0.000000000000000000e+00
9.999999999999998890e-01 9.392450446134077051e-04 2.198207978800155726e-01 7.792399570753704152e-01 0.000000000000000000e+00 1.424352850500299784e-02 -1.894073539309526098e-03 2.687678398229751461e-03 2.691976480687515924e-02 -1.352787439121616586e-02 4.136546212950047985e-01 0.000000000000000000e+00 0.000000000000000000e+00 0.000000000000000000e+00 0.000000000000000000e+00 0.000000000000000000e+00 0.000000000000000000e+00
1.099999999999999867e+00 1.519440823702246715e-02 2.166857907973464836e-01 7.681198009656303727e-01 0.000000000000000000e+00 -5.737903940702234612e-02 2.412211373497663938e-04 3.266952723366085831e-03 -1.079835765403354686e-01 -1.405138833705777378e-02 4.077293280904619177e-01 0.000000000000000000e+00 0.000000000000000000e+00 0.000000000000000000e+00 0.000000000000000000e+00 0.000000000000000000e+00 0.000000000000000000e+00
1.199999999999999956e+00 7.509475152528589936e-02 2.035085055203831594e-01 7.213967429543296506e-01 0.000000000000000000e+00 -1.235968974917960872e-01 2.495511334887705844e-03 3.838080463869618722e-03 -2.327195270493264967e-01 -1.405063647886853166e-02 3.829007086183101038e-01 0.000000000000000000e+00 0.000000000000000000e+00 0.000000000000000000e+00 0.000000000000000000e+00 0.000000000000000000e+00 0.000000000000000000e+00
1.300000000000000044e+00 1.749992429890027124e-01 1.815303459912616657e-01 6.434704110197355664e-01 0.000000000000000000e+00 -1.781721718034396107e-01 4.727617222026301788e-03 4.374916355688561465e-03 -3.355408992495061971e-01 -1.351890007247816446e-02 3.415064357934401995e-01 0.000000000000000000e+00 0.000000000000000000e+00 0.000000000000000000e+00 0.000000000000000000e+00 0.000000000000000000e+00 0.000000000000000000e+00
1.399999999999999911e+00 3.055002533907655859e-01 1.528214540704478097e-01 5.416782925387877423e-01 0.000000000000000000e+00 -2.159646849287417403e-01 6.800573279450599674e-03 4.852946629492450696e-03 -4.067668920952905998e-01 -1.248546639095923956e-02 2.874442162109593357e-01 0.000000000000000000e+00 0.000000000000000000e+00 0.000000000000000000e+00 0.000000000000000000e+00 0.000000000000000000e+00 0.000000000000000000e+00
1.500000000000000000e+00 4.543102878134287481e-01 1.200855822453310295e-01 4.256041299412399170e-01 0.000000000000000000e+00 -2.334144493120427488e-01 8.591290602908783353e-03 5.251035772905597414e-03 -4.396916662336309289e-01 -1.101270791128447502e-02 2.258044286863927774e-01 0.000000000000000000e+00 0.000000000000000000e+00 0.000000000000000000e+00 0.000000000000000000e+00 0.000000000000000000e+00 0.000000000000000000e+00
1.599999999999999867e+00 6.074138603974448269e-01 8.640662872354022694e-02 3.061795108790148490e-01 0.000000000000000000e+00 -2.288768349593067186e-01 9.998916427295232237e-03 5.552800091173568792e-03 -4.312155436285854404e-01 -9.190760790659795523e-03 1.623929469999749187e-01 0.000000000000000000e+00 0.000000000000000000e+00 0.000000000000000000e+00 0.000000000000000000e+00 0.000000000000000000e+00 0.000000000000000000e+00
1.699999999999999956e+00 7.503995578816692325e-01 5.495552740413975346e-02 1.946449147141919855e-01 0.000000000000000000e+00 -2.027773829078575729e-01 1.095155240186506361e-02 5.747658112232979094e-03 -3.821366542945566769e-01 -7.130180980579232247e-03 1.031793315726461657e-01 0.000000000000000000e+00 0.000000000000000000e+00 0.000000000000000000e+00 0.000000000000000000e+00 0.000000000000000000e+00 0.000000000000000000e+00
1.800000000000000044e+00 8.697982555808493332e-01 2.869578548496703671e-02 1.015059589341836821e-01 0.000000000000000000e+00 -1.575733120737071447e-01 1.141032274999067252e-02 5.831301839742888612e-03 -2.970786122907594362e-01 -4.953585918890797586e-03 5.374248979659124875e-02 0.000000000000000000e+00 0.000000000000000000e+00 0.000000000000000000e+00 0.000000000000000000e+00 0.000000000000000000e+00 0.000000000000000000e+00
1.899999999999999911e+00 9.543706309073569649e-01 1.010018700620647983e-02 3.552918208643687098e-02 0.000000000000000000e+00 -9.751932312399047564e-02 1.137116792838828785e-02 5.805740472536578649e-03 -1.840497250517289241e-01 -2.786163068980064203e-03 1.873736050169333422e-02 0.000000000000000000e+00 0.000000000000000000e+00 0.000000000000000000e+00 0.000000000000000000e+00 0.000000000000000000e+00 0.000000000000000000e+00
2.000000000000000000e+00 9.961532082456592274e-01 9.206306560460188063e-04 2.926161098294915216e-03 0.000000000000000000e+00 -2.826779720774860727e-02 1.086373615195197935e-02 5.678797975077902287e-03 -5.369036980118659791e-02 -7.466774259259460495e-04 1.461638252549427464e-03 0.000000000000000000e+00 0.000000000000000000e+00 0.000000000000000000e+00 0.000000000000000000e+00 0.000000000000000000e+00 0.000000000000000000e+00
2.099999999999999645e+00 9.912104229755642759e-01 2.022656785205420929e-03 6.766920239231391694e-03 0.000000000000000000e+00 4.365683274889783916e-02 9.947836666709704637e-03 5.463184002540821989e-03 8.171655608101985324e-02 1.060731653985156264e-03 3.544291963283496567e-03 0.000000000000000000e+00 0.000000000000000000e+00 0.000000000000000000e+00 0.000000000000000000e+00 0.000000000000000000e+00 0.000000000000000000e+00
2.199999999999999734e+00 9.400080514102425733e-01 1.330330204657385364e-02 4.668864654318446300e-02 0.000000000000000000e+00 1.114871587491544774e-01 8.707726699346182361e-03 5.175259202652573304e-03 2.094299894484383806e-01 2.553844144594253230e-03 2.479094688049255160e-02 0.000000000000000000e+00 0.000000000000000000e+00 0.000000000000000000e+00 0.000000000000000000e+00 0.000000000000000000e+00 0.000000000000000000e+00
2.299999999999999822e+00 8.473676264413514403e-01 3.370114380975294116e-02 1.189312297488943210e-01 0.000000000000000000e+00 1.688335641553657951e-01 7.244702301842849759e-03 4.833548622672813495e-03 3.174194546162185104e-01 3.676886635890378417e-03 6.320283998289157046e-02 0.000000000000000000e+00 0.000000000000000000e+00 0.000000000000000000e+00 0.000000000000000000e+00 0.000000000000000000e+00 0.000000000000000000e+00
2.399999999999999911e+00 7.220125023168540990e-01 6.129621112703224906e-02 2.166912865561132495e-01 0.000000000000000000e+00 2.102962125763556400e-01 5.668663559023330231e-03 4.457215794233997629e-03 3.955173210319711252e-01 4.403511319521063831e-03 1.151649423141473949e-01 0.000000000000000000e+00 0.000000000000000000e+00 0.000000000000000000e+00 0.000000000000000000e+00 0.000000000000000000e+00 0.000000000000000000e+00
2.500000000000000000e+00 5.757452586386491156e-01 9.349101013618743572e-02 3.307637312251622275e-01 0.000000000000000000e+00 2.319704364634826155e-01 4.089296838188368616e-03 4.064555382993178916e-03 4.363704035869473974e-01 4.736999161587270891e-03 1.757867918466810564e-01 0.000000000000000000e+00 0.000000000000000000e+00 0.000000000000000000e+00 0.000000000000000000e+00 0.000000000000000000e+00 0.000000000000000000e+00
2.600000000000000089e+00 4.223392458948344030e-01 1.272544497384985873e-01 4.504063043666668431e-01 0.000000000000000000e+00 2.318140378129383006e-01 2.607691532880455996e-03 3.671690476113753047e-03 4.361316052135335575e-01 4.708172676400048003e-03 2.393617336399452844e-01 0.000000000000000000e+00 0.000000000000000000e+00 0.000000000000000000e+00 0.000000000000000000e+00 0.000000000000000000e+00 0.000000000000000000e+00
2.699999999999999734e+00 2.762362726251017531e-01 1.594084233334101819e-01 5.643553040414865940e-01 0.000000000000000000e+00 2.098396422059227440e-01 1.308887775711761433e-03 3.291599342438957920e-03 3.948222014941559777e-01 4.371207226202314042e-03 2.999064550234548654e-01 0.000000000000000000e+00 0.000000000000000000e+00 0.000000000000000000e+00 0.000000000000000000e+00 0.000000000000000000e+00 0.000000000000000000e+00
2.799999999999999822e+00 1.512019509535761641e-01 1.869237017321355721e-01 6.618743473142884026e-01 0.000000000000000000e+00 1.681165149124078106e-01 2.562662711328917483e-04 2.933494188164488363e-03 3.163354023467335741e-01 3.797800985030109610e-03 3.517180401818398860e-01 0.000000000000000000e+00 0.000000000000000000e+00 0.000000000000000000e+00 0.000000000000000000e+00 0.000000000000000000e+00 0.000000000000000000e+00
2.899999999999999911e+00 5.900187038927758032e-02 2.072112403468919228e-01 7.337868892638312879e-01 0.000000000000000000e+00 1.105693809075717904e-01 -5.124809884792389447e-04 2.602554630934483457e-03 2.080577449549250169e-01 3.070025036839080061e-03 3.899223851243682759e-01 0.000000000000000000e+00 0.000000000000000000e+00 0.000000000000000000e+00 0.000000000000000000e+00 0.000000000000000000e+00 0.000000000000000000e+00
3.000000000000000000e+00 8.321615929179864216e-03 2.183598246909089213e-01 7.733185593799132285e-01 0.000000000000000000e+00 4.261611234765144002e-02 -9.865943829973986955e-04 2.300203300407273072e-03 8.018708384217980434e-02 2.272827595204802813e-03 4.109215731879583555e-01 0.000000000000000000e+00 0.000000000000000000e+00 0.000000000000000000e+00 0.000000000000000000e+00 0.000000000000000000e+00 0.000000000000000000e+00
