1.000000000000000056e-01 9.773890223517579523e-01 0.000000000000000000e+00 2.261097764824208933e-02 0.000000000000000000e+00 0.000000000000000000e+00 0.000000000000000000e+00 7.340547448566772659e-02 -1.292724168583954947e-01 0.000000000000000000e+00 0.000000000000000000e+00 0.000000000000000000e+00 0.000000000000000000e+00 0.000000000000000000e+00 0.000000000000000000e+00 0.000000000000000000e+00 0.000000000000000000e+00
2.000000000000000111e-01 9.118022596933192947e-01 0.000000000000000000e+00 8.819774030668077469e-02 0.000000000000000000e+00 0.000000000000000000e+00 0.000000000000000000e+00 1.429598011930350021e-01 -2.449109923080309559e-01 0.000000000000000000e+00 0.000000000000000000e+00 0.000000000000000000e+00 0.000000000000000000e+00 0.000000000000000000e+00 0.000000000000000000e+00 0.000000000000000000e+00 0.000000000000000000e+00
2.999999999999999889e-01 8.097656119727372204e-01 0.000000000000000000e+00 1.902343880272627519e-01 0.000000000000000000e+00 0.000000000000000000e+00 0.000000000000000000e+00 2.050789914802124969e-01 -3.346458924158990933e-01 0.000000000000000000e+00 0.000000000000000000e+00 0.000000000000000000e+00 0.000000000000000000e+00 0.000000000000000000e+00 0.000000000000000000e+00 0.000000000000000000e+00 0.000000000000000000e+00
4.000000000000000222e-01 6.814268580679808673e-01 0.000000000000000000e+00 3.185731419320189661e-01 0.000000000000000000e+00 0.000000000000000000e+00 0.000000000000000000e+00 2.566941998317547879e-01 -3.888346473031474293e-01 0.000000000000000000e+00 0.000000000000000000e+00 0.000000000000000000e+00 0.000000000000000000e+00 0.000000000000000000e+00 0.000000000000000000e+00 0.000000000000000000e+00 0.000000000000000000e+00
5.000000000000000000e-01 5.395608045589702639e-01 0.000000000000000000e+00 4.604391954410294030e-01 0.000000000000000000e+00 0.000000000000000000e+00 0.000000000000000000e+00 2.954584880021965398e-01 -4.014215049119910228e-01 0.000000000000000000e+00 0.000000000000000000e+00 0.000000000000000000e+00 0.000000000000000000e+00 0.000000000000000000e+00 0.000000000000000000e+00 0.000000000000000000e+00 0.000000000000000000e+00
5.999999999999999778e-01 3.982929277673513679e-01 0.000000000000000000e+00 6.017070722326486321e-01 0.000000000000000000e+00 0.000000000000000000e+00 0.000000000000000000e+00 3.198973502107667621e-01 -3.705689636004387277e-01 0.000000000000000000e+00 0.000000000000000000e+00 0.000000000000000000e+00 0.000000000000000000e+00 0.000000000000000000e+00 0.000000000000000000e+00 0.000000000000000000e+00 0.000000000000000000e+00
6.999999999999999556e-01 2.717021190899871486e-01 0.000000000000000000e+00 7.282978809100131290e-01 0.000000000000000000e+00 0.000000000000000000e+00 0.000000000000000000e+00 3.294941954841804632e-01 -2.988538985173320173e-01 0.000000000000000000e+00 0.000000000000000000e+00 0.000000000000000000e+00 0.000000000000000000e+00 0.000000000000000000e+00 0.000000000000000000e+00 0.000000000000000000e+00 0.000000000000000000e+00
7.999999999999999334e-01 1.724193502787949861e-01 0.000000000000000000e+00 8.275806497212051527e-01 0.000000000000000000e+00 0.000000000000000000e+00 0.000000000000000000e+00 3.247018603804045500e-01 -1.930275104570131350e-01 0.000000000000000000e+00 0.000000000000000000e+00 0.000000000000000000e+00 0.000000000000000000e+00 0.000000000000000000e+00 0.000000000000000000e+00 0.000000000000000000e+00 0.000000000000000000e+00
8.999999999999999112e-01 1.103726051369907230e-01 0.000000000000000000e+00 8.896273948630090134e-01 0.000000000000000000e+00 0.000000000000000000e+00 0.000000000000000000e+00 3.068809289364138326e-01 -6.336078045110252188e-02 0.000000000000000000e+00 0.000000000000000000e+00 0.000000000000000000e+00 0.000000000000000000e+00 0.000000000000000000e+00 0.000000000000000000e+00 0.000000000000000000e+00 0.000000000000000000e+00
9.999999999999998890e-01 9.179287505192108843e-02 0.000000000000000000e+00 9.082071249480789810e-01 0.000000000000000000e+00 0.000000000000000000e+00 0.000000000000000000e+00 2.781735767593532804e-01 7.737185747738339892e-02 0.000000000000000000e+00 0.000000000000000000e+00 0.000000000000000000e+00 0.000000000000000000e+00 0.000000000000000000e+00 0.000000000000000000e+00 0.000000000000000000e+00 0.000000000000000000e+00
1.099999999999999867e+00 1.185894829361175407e-01 0.000000000000000000e+00 8.814105170638825149e-01 0.000000000000000000e+00 0.000000000000000000e+00 0.000000000000000000e+00 2.413202799640316865e-01 2.151523644919458578e-01 0.000000000000000000e+00 0.000000000000000000e+00 0.000000000000000000e+00 0.000000000000000000e+00 0.000000000000000000e+00 0.000000000000000000e+00 0.000000000000000000e+00 0.000000000000000000e+00
1.199999999999999956e+00 1.881495315689737102e-01 0.000000000000000000e+00 8.118504684310264841e-01 0.000000000000000000e+00 0.000000000000000000e+00 0.000000000000000000e+00 1.994373953901857344e-01 3.361160673129523491e-01 0.000000000000000000e+00 0.000000000000000000e+00 0.000000000000000000e+00 0.000000000000000000e+00 0.000000000000000000e+00 0.000000000000000000e+00 0.000000000000000000e+00 0.000000000000000000e+00
1.300000000000000044e+00 2.935849524952314216e-01 0.000000000000000000e+00 7.064150475047681343e-01 0.000000000000000000e+00 0.000000000000000000e+00 0.000000000000000000e+00 1.557739277547220413e-01 4.279337700826211788e-01 0.000000000000000000e+00 0.000000000000000000e+00 0.000000000000000000e+00 0.000000000000000000e+00 0.000000000000000000e+00 0.000000000000000000e+00 0.000000000000000000e+00 0.000000000000000000e+00
1.399999999999999911e+00 4.244066757583936367e-01 0.000000000000000000e+00 5.755933242416060303e-01 0.000000000000000000e+00 0.000000000000000000e+00 0.000000000000000000e+00 1.134656077542258446e-01 4.810521855288951154e-01 0.000000000000000000e+00 0.000000000000000000e+00 0.000000000000000000e+00 0.000000000000000000e+00 0.000000000000000000e+00 0.000000000000000000e+00 0.000000000000000000e+00 0.000000000000000000e+00
1.500000000000000000e+00 5.675469596051129217e-01 0.000000000000000000e+00 4.324530403948869117e-01 0.000000000000000000e+00 0.000000000000000000e+00 0.000000000000000000e+00 7.530876296173272255e-02 4.896590634329234804e-01 0.000000000000000000e+00 0.000000000000000000e+00 0.000000000000000000e+00 0.000000000000000000e+00 0.000000000000000000e+00 0.000000000000000000e+00 0.000000000000000000e+00 0.000000000000000000e+00
1.599999999999999867e+00 7.086552121796674264e-01 0.000000000000000000e+00 2.913447878203322405e-01 0.000000000000000000e+00 0.000000000000000000e+00 0.000000000000000000e+00 4.356803798158040419e-02 4.522884349313678332e-01 0.000000000000000000e+00 0.000000000000000000e+00 0.000000000000000000e+00 0.000000000000000000e+00 0.000000000000000000e+00 0.000000000000000000e+00 0.000000000000000000e+00 0.000000000000000000e+00
1.699999999999999956e+00 8.335075483011775699e-01 0.000000000000000000e+00 1.664924516988222913e-01 0.000000000000000000e+00 0.000000000000000000e+00 0.000000000000000000e+00 1.983527365924724756e-02 3.719936517476915006e-01 0.000000000000000000e+00 0.000000000000000000e+00 0.000000000000000000e+00 0.000000000000000000e+00 0.000000000000000000e+00 0.000000000000000000e+00 0.000000000000000000e+00 0.000000000000000000e+00
1.800000000000000044e+00 9.294182177608998341e-01 0.000000000000000000e+00 7.058178223909948590e-02 0.000000000000000000e+00 0.000000000000000000e+00 0.000000000000000000e+00 4.947389309833818277e-03 2.560771704072166699e-01 0.000000000000000000e+00 0.000000000000000000e+00 0.000000000000000000e+00 0.000000000000000000e+00 0.000000000000000000e+00 0.000000000000000000e+00 0.000000000000000000e+00 0.000000000000000000e+00
1.899999999999999911e+00 9.864997580088805673e-01 0.000000000000000000e+00 1.350024199111932860e-02 0.000000000000000000e+00 0.000000000000000000e+00 0.000000000000000000e+00 -1.031946067871441705e-03 1.153989596997681000e-01 0.000000000000000000e+00 0.000000000000000000e+00 0.000000000000000000e+00 0.000000000000000000e+00 0.000000000000000000e+00 0.000000000000000000e+00 0.000000000000000000e+00 0.000000000000000000e+00
2.000000000000000000e+00 9.986516546347122825e-01 0.000000000000000000e+00 1.348345365287640990e-03 0.000000000000000000e+00 0.000000000000000000e+00 0.000000000000000000e+00 1.233163842283158812e-03 -3.667431712613836853e-02 0.000000000000000000e+00 0.000000000000000000e+00 0.000000000000000000e+00 0.000000000000000000e+00 0.000000000000000000e+00 0.000000000000000000e+00 0.000000000000000000e+00 0.000000000000000000e+00
2.099999999999999645e+00 9.641766321102103188e-01 0.000000000000000000e+00 3.582336788978986858e-02 0.000000000000000000e+00 0.000000000000000000e+00 0.000000000000000000e+00 1.045263130302824181e-02 -1.855553692136904242e-01 0.000000000000000000e+00 0.000000000000000000e+00 0.000000000000000000e+00 0.000000000000000000e+00 0.000000000000000000e+00 0.000000000000000000e+00 0.000000000000000000e+00 0.000000000000000000e+00
2.199999999999999734e+00 8.859643482590130459e-01 0.000000000000000000e+00 1.140356517409872594e-01 0.000000000000000000e+00 0.000000000000000000e+00 0.000000000000000000e+00 2.485898683853768332e-02 -3.168809710624124198e-01 0.000000000000000000e+00 0.000000000000000000e+00 0.000000000000000000e+00 0.000000000000000000e+00 0.000000000000000000e+00 0.000000000000000000e+00 0.000000000000000000e+00 0.000000000000000000e+00
2.299999999999999822e+00 7.712325404932584005e-01 0.000000000000000000e+00 2.287674595067416272e-01 0.000000000000000000e+00 0.000000000000000000e+00 0.000000000000000000e+00 4.238702859037180026e-02 -4.178950166494868612e-01 0.000000000000000000e+00 0.000000000000000000e+00 0.000000000000000000e+00 0.000000000000000000e+00 0.000000000000000000e+00 0.000000000000000000e+00 0.000000000000000000e+00 0.000000000000000000e+00
2.399999999999999911e+00 6.308279484142698124e-01 0.000000000000000000e+00 3.691720515857304652e-01 0.000000000000000000e+00 0.000000000000000000e+00 0.000000000000000000e+00 6.086969675252271866e-02 -4.787263554395309040e-01 0.000000000000000000e+00 0.000000000000000000e+00 0.000000000000000000e+00 0.000000000000000000e+00 0.000000000000000000e+00 0.000000000000000000e+00 0.000000000000000000e+00 0.000000000000000000e+00
2.500000000000000000e+00 4.781778788136902270e-01 0.000000000000000000e+00 5.218221211863101061e-01 0.000000000000000000e+00 0.000000000000000000e+00 0.000000000000000000e+00 7.823164556343359388e-02 -4.933595052235943967e-01 0.000000000000000000e+00 0.000000000000000000e+00 0.000000000000000000e+00 0.000000000000000000e+00 0.000000000000000000e+00 0.000000000000000000e+00 0.000000000000000000e+00 0.000000000000000000e+00
2.600000000000000089e+00 3.279762547544089468e-01 0.000000000000000000e+00 6.720237452455914973e-01 0.000000000000000000e+00 0.000000000000000000e+00 0.000000000000000000e+00 9.266461281909174619e-02 -4.602402606517110861e-01 0.000000000000000000e+00 0.000000000000000000e+00 0.000000000000000000e+00 0.000000000000000000e+00 0.000000000000000000e+00 0.000000000000000000e+00 0.000000000000000000e+00 0.000000000000000000e+00
2.699999999999999734e+00 1.947582807471019417e-01 0.000000000000000000e+00 8.052417192528985579e-01 0.000000000000000000e+00 0.000000000000000000e+00 0.000000000000000000e+00 1.027700707685209880e-01 -3.824471222972151141e-01 0.000000000000000000e+00 0.000000000000000000e+00 0.000000000000000000e+00 0.000000000000000000e+00 0.000000000000000000e+00 0.000000000000000000e+00 0.000000000000000000e+00 0.000000000000000000e+00
2.799999999999999822e+00 9.146311649386000553e-02 0.000000000000000000e+00 9.085368835061404802e-01 0.000000000000000000e+00 0.000000000000000000e+00 0.000000000000000000e+00 1.076585526374307378e-01 -2.674083875588148529e-01 0.000000000000000000e+00 0.000000000000000000e+00 0.000000000000000000e+00 0.000000000000000000e+00 0.000000000000000000e+00 0.000000000000000000e+00 0.000000000000000000e+00 0.000000000000000000e+00
2.899999999999999911e+00 2.816728373017811024e-02 0.000000000000000000e+00 9.718327162698213728e-01 0.000000000000000000e+00 0.000000000000000000e+00 0.000000000000000000e+00 1.069984276605758788e-01 -1.261951621323604000e-01 0.000000000000000000e+00 0.000000000000000000e+00 0.000000000000000000e+00 0.000000000000000000e+00 0.000000000000000000e+00 0.000000000000000000e+00 0.000000000000000000e+00 0.000000000000000000e+00
3.000000000000000000e+00 1.108541177242422515e-02 0.000000000000000000e+00 9.889145882275763855e-01 0.000000000000000000e+00 0.000000000000000000e+00 0.000000000000000000e+00 1.010128596915840921e-01 2.754854145278333791e-02 0.000000000000000000e+00 0.000000000000000000e+00 0.000000000000000000e+00 0.000000000000000000e+00 0.000000000000000000e+00 0.000000000000000000e+00 0.000000000000000000e+00 0.000000000000000000e+00
