0.000000000000000000e+00 -7.748158407003181536e-12 9.946103772756515690e-12 -1.000000000000000000e+00
1.025641025641025605e-01 -2.052451374582733579e-01 2.434581356764785598e-01 -9.477343444499383152e-01
2.051282051282051211e-01 -4.059926095025727655e-01 4.364066945949313658e-01 -8.002259877888571182e-01
3.076923076923077094e-01 -5.942239788982349724e-01 5.415088649865732462e-01 -5.814763592342656606e-01
4.102564102564102422e-01 -7.554411156582663267e-01 5.417183876901093820e-01 -3.219725254337016396e-01
5.128205128205127750e-01 -8.686750322945316904e-01 4.416639131896227255e-01 -5.160449263437210526e-02
6.153846153846154188e-01 -9.116749395607636197e-01 2.661670651854030067e-01 2.044876781541920263e-01
7.179487179487179516e-01 -8.702431333256048784e-01 5.566411962860670637e-02 4.282465147786092552e-01
8.205128205128204844e-01 -7.469478608767484706e-01 -1.430018436212629751e-01 6.098023409981876419e-01
9.230769230769230171e-01 -5.637930425582418081e-01 -2.891231611511073663e-01 7.472258006559083787e-01
1.025641025641025550e+00 -3.568847811261177116e-01 -3.593283277944419041e-01 8.446008442073786870e-01
1.128205128205128194e+00 -1.653738060191365933e-01 -3.527786074350665602e-01 9.093819731095644787e-01
1.230769230769230838e+00 -1.959902685776775816e-02 -2.885118561188987352e-01 9.499168030024097709e-01
1.333333333333333259e+00 6.674584616676706994e-02 -1.963547887494045963e-01 9.737949467998850972e-01
1.435897435897435903e+00 9.762569761417221048e-02 -1.056061208771686133e-01 9.870323421558198085e-01
1.538461538461538325e+00 8.940084840173777303e-02 -3.623337159169805199e-02 9.939042052021072049e-01
1.641025641025640969e+00 6.238777973080333883e-02 4.618417351241820012e-03 9.971987389945620173e-01
1.743589743589743613e+00 3.340753532246139301e-02 2.050418547991851928e-02 9.985957674128315142e-01
1.846153846153846034e+00 1.193157999354308059e-02 2.049750945393354062e-02 9.990442665797577559e-01
1.948717948717948678e+00 2.635550531136961194e-04 1.383329767038430323e-02 9.990542416146448446e-01
2.051282051282051100e+00 -3.742687729891430032e-03 6.804516300553426801e-03 9.988890679030674180e-01
2.153846153846153744e+00 -3.611191387313641369e-03 2.128620403242562076e-03 9.986816886327318787e-01
2.256410256410256387e+00 -2.172469253381835268e-03 -3.348880192718104755e-05 9.984973580517980674e-01
2.358974358974359031e+00 -9.055592131410287061e-04 -5.874956993647741533e-04 9.983653383346873245e-01
2.461538461538461675e+00 -2.116277649600315012e-04 -4.626819071899387274e-04 9.982951131758801555e-01
2.564102564102563875e+00 3.571604908061794194e-05 -2.316872182869521052e-04 9.982849762091117185e-01
2.666666666666666519e+00 6.814993437369733893e-05 -7.148631317398282641e-05 9.983270954855012480e-01
2.769230769230769162e+00 4.106270040143924669e-05 -8.319107522790197536e-06 9.984107243793591824e-01
2.871794871794871806e+00 1.545743367760556047e-05 5.866239053644180360e-06 9.985243616354075868e-01
2.974358974358974450e+00 2.323546520679662254e-06 4.968287065528283777e-06 9.986571168639011287e-01
3.076923076923076650e+00 1.417413700079578229e-06 2.740978761807485855e-06 9.987995005018605044e-01
3.179487179487179294e+00 -1.315799963885662032e-07 3.932728264358043885e-06 9.989437843759638724e-01
3.282051282051281937e+00 4.384974646966291039e-06 -2.089300435159353623e-06 9.990840659684689928e-01
3.384615384615384581e+00 -4.451886697224221922e-07 -2.554558328204420916e-06 9.992161483363283248e-01
3.487179487179487225e+00 -2.707099449478645931e-06 -8.772452824878971007e-07 9.993373160192224880e-01
3.589743589743589425e+00 4.291633856227828372e-07 6.060700568824374601e-07 9.994460724291152065e-01
3.692307692307692069e+00 -4.544120734084377053e-07 -3.088980751331170230e-07 9.995418706381367091e-01
3.794871794871794712e+00 -8.502197382333540318e-07 -1.057173339142066455e-06 9.996248703132850633e-01
3.897435897435897356e+00 -1.475749768720890069e-06 -1.579644763631285974e-06 9.996957217856532463e-01
4.000000000000000000e+00 -1.501703078370946964e-06 -1.512418130765577633e-06 9.997553932588978398e-01
