1.000000000000000056e-01 9.755789869242228463e-01 0.000000000000000000e+00 2.426978156069822812e-02 1.512315150783888654e-04 0.000000000000000000e+00 0.000000000000000000e+00 -5.933046617025760435e-05 1.538736019431275193e-01 0.000000000000000000e+00 0.000000000000000000e+00 0.000000000000000000e+00 0.000000000000000000e+00 -1.066846579718379621e-03 1.591286962014318599e-03 -1.008636022949567328e-02 -6.767837477503480838e-03
2.000000000000000111e-01 9.052857998841028486e-01 0.000000000000000000e+00 9.235413312161649957e-02 2.360066994278067938e-03 0.000000000000000000e+00 0.000000000000000000e+00 -4.479838736499946301e-04 2.891482052008311210e-01 0.000000000000000000e+00 0.000000000000000000e+00 0.000000000000000000e+00 0.000000000000000000e+00 -8.232173347702305063e-03 1.225533610658224512e-02 -3.832985526953517491e-02 -2.583326007102444699e-02
3.000000000000000444e-01 7.975351455511318077e-01 0.000000000000000000e+00 1.910049853662129093e-01 1.145986908265585538e-02 0.000000000000000000e+00 0.000000000000000000e+00 -1.374520476256893900e-03 3.902964251669146512e-01 0.000000000000000000e+00 0.000000000000000000e+00 0.000000000000000000e+00 0.000000000000000000e+00 -2.614564478162278646e-02 3.879816210063885551e-02 -7.909137139198509081e-02 -5.370477913973171341e-02
4.000000000000000222e-01 6.648044971727722352e-01 0.000000000000000000e+00 3.010401041864451677e-01 3.415539864078107057e-02 0.000000000000000000e+00 0.000000000000000000e+00 -2.841917668395337136e-03 4.473530357213955644e-01 0.000000000000000000e+00 0.000000000000000000e+00 0.000000000000000000e+00 0.000000000000000000e+00 -5.684334498006500536e-02 8.397010711536685712e-02 -1.242450347522425363e-01 -8.526332105548696527e-02
5.000000000000000000e-01 5.216126368919621337e-01 0.000000000000000000e+00 4.010941493691145276e-01 7.729321373892397706e-02 0.000000000000000000e+00 0.000000000000000000e+00 -4.630993375979843528e-03 4.573776675454603313e-01 0.000000000000000000e+00 0.000000000000000000e+00 0.000000000000000000e+00 0.000000000000000000e+00 -9.909926588491563271e-02 1.455375941720856992e-01 -1.648159600999140884e-01 -1.146857284877040722e-01
5.999999999999999778e-01 3.822495131884972031e-01 0.000000000000000000e+00 4.717814315494086030e-01 1.459690552620978021e-01 0.000000000000000000e+00 0.000000000000000000e+00 -6.355647664071051479e-03 4.246149177196189561e-01 0.000000000000000000e+00 0.000000000000000000e+00 0.000000000000000000e+00 0.000000000000000000e+00 -1.484229153320486827e-01 2.164165612938077354e-01 -1.927807465710086599e-01 -1.364997582955024547e-01
7.000000000000000666e-01 2.586590775356072958e-01 0.000000000000000000e+00 4.994657695809515685e-01 2.418751528834394982e-01 0.000000000000000000e+00 0.000000000000000000e+00 -7.581301969790220710e-03 3.593520268445485888e-01 0.000000000000000000e+00 0.000000000000000000e+00 0.000000000000000000e+00 0.000000000000000000e+00 -1.977190882878479550e-01 2.858592684366984549e-01 -2.026668203244818001e-01 -1.465925094011433505e-01
8.000000000000000444e-01 1.588677136250575828e-01 0.000000000000000000e+00 4.788887431581014265e-01 3.622435432168408243e-01 0.000000000000000000e+00 0.000000000000000000e+00 -7.962411238286415741e-03 2.757110078211254534e-01 0.000000000000000000e+00 0.000000000000000000e+00 0.000000000000000000e+00 0.000000000000000000e+00 -2.384876541973959541e-01 3.414644837927193755e-01 -1.926263281797584159e-01 -1.429821709104857896e-01
9.000000000000000222e-01 8.622443622933531615e-02 0.000000000000000000e+00 4.141526879562505425e-01 4.996228758144145576e-01 0.000000000000000000e+00 0.000000000000000000e+00 -7.369302766055033961e-03 1.888273697012929631e-01 0.000000000000000000e+00 0.000000000000000000e+00 0.000000000000000000e+00 0.000000000000000000e+00 -2.623516127742023807e-01 3.716070342150592509e-01 -1.647610468924129712e-01 -1.262279619826887078e-01
1.000000000000000000e+00 3.954829155654901451e-02 0.000000000000000000e+00 3.178696648819920312e-01 6.425820435614638670e-01 0.000000000000000000e+00 0.000000000000000000e+00 -5.946568527781356112e-03 1.119635679855824906e-01 0.000000000000000000e+00 0.000000000000000000e+00 0.000000000000000000e+00 0.000000000000000000e+00 -2.626283785327732656e-01 3.678092894877825203e-01 -1.246407165328830696e-01 -9.938668888827893733e-02
1.100000000000000089e+00 1.412467883649819872e-02 0.000000000000000000e+00 2.086618643071312951e-01 7.772134568563705548e-01 0.000000000000000000e+00 0.000000000000000000e+00 -4.081536187131280281e-03 5.413522792605513639e-02 0.000000000000000000e+00 0.000000000000000000e+00 0.000000000000000000e+00 0.000000000000000000e+00 -2.356483288021967715e-01 3.265649609492521921e-01 -8.011459838945263201e-02 -6.752437860893585608e-02
1.200000000000000178e+00 3.296775201790904351e-03 0.000000000000000000e+00 1.075088257934115749e-01 8.891943990047970203e-01 0.000000000000000000e+00 0.000000000000000000e+00 -2.274722069866538625e-03 1.868844779498108830e-02 0.000000000000000000e+00 0.000000000000000000e+00 0.000000000000000000e+00 0.000000000000000000e+00 -1.815826049137452269e-01 2.502478839058040472e-01 -3.965901949656598646e-02 -3.685968508156724222e-02
1.300000000000000266e+00 3.101100449525675986e-04 0.000000000000000000e+00 3.367041597156242294e-02 9.660194739834861988e-01 0.000000000000000000e+00 0.000000000000000000e+00 -9.310729376918152733e-04 3.094291131579006253e-03 0.000000000000000000e+00 0.000000000000000000e+00 0.000000000000000000e+00 0.000000000000000000e+00 -1.046048362808801452e-01 1.469153017620505874e-01 -1.060883786433033590e-02 -1.367570513300668707e-02
1.400000000000000133e+00 1.582417723620633559e-05 0.000000000000000000e+00 9.970785734328569544e-04 9.989870972493296586e-01 0.000000000000000000e+00 0.000000000000000000e+00 -1.221870344818726804e-04 -2.912569318101084140e-05 0.000000000000000000e+00 0.000000000000000000e+00 0.000000000000000000e+00 0.000000000000000000e+00 -1.237447873492257024e-02 2.903344355724760822e-02 2.364521239812249122e-03 -3.196436816484017965e-03
1.500000000000000222e+00 7.852596939925035038e-05 0.000000000000000000e+00 1.533353480836301824e-02 9.845879392222397497e-01 0.000000000000000000e+00 0.000000000000000000e+00 6.204318359565505741e-04 -9.050661854174516267e-04 0.000000000000000000e+00 0.000000000000000000e+00 0.000000000000000000e+00 0.000000000000000000e+00 8.509943585242944752e-02 -8.863012648029272578e-02 -1.788088184762912829e-03 -8.609205417246718062e-03
1.600000000000000089e+00 1.445642375673653448e-03 0.000000000000000000e+00 7.353012860480202806e-02 9.250242290195251904e-01 0.000000000000000000e+00 0.000000000000000000e+00 2.413958088307777226e-03 -1.002352589389711099e-02 0.000000000000000000e+00 0.000000000000000000e+00 0.000000000000000000e+00 0.000000000000000000e+00 1.769966612665905825e-01 -1.915445964663275435e-01 -2.030038122450790461e-02 -3.041625550880285717e-02
1.700000000000000178e+00 7.991100969120090713e-03 0.000000000000000000e+00 1.642308831909015110e-01 8.277780158399786758e-01 0.000000000000000000e+00 0.000000000000000000e+00 6.984661368802153394e-03 -3.554715231809351533e-02 0.000000000000000000e+00 0.000000000000000000e+00 0.000000000000000000e+00 0.000000000000000000e+00 2.533592701193652652e-01 -2.678727218296053092e-01 -4.720478546347882387e-02 -6.623115233738478824e-02
1.800000000000000266e+00 2.542029349576171646e-02 0.000000000000000000e+00 2.702530155586215788e-01 7.043266909456195046e-01 0.000000000000000000e+00 0.000000000000000000e+00 1.645769910386018359e-02 -8.123456689839143874e-02 0.000000000000000000e+00 0.000000000000000000e+00 0.000000000000000000e+00 0.000000000000000000e+00 3.066022498170523636e-01 -3.103892301236983453e-01 -7.462772189010219437e-02 -1.110625642687865927e-01
1.900000000000000133e+00 5.967994454729980136e-02 0.000000000000000000e+00 3.720825953345870407e-01 5.682374601181130469e-01 0.000000000000000000e+00 0.000000000000000000e+00 3.299176702845379311e-02 -1.453183111933124827e-01 0.000000000000000000e+00 0.000000000000000000e+00 0.000000000000000000e+00 0.000000000000000000e+00 3.326068446503159803e-01 -3.174963889922753357e-01 -9.450791788618366496e-02 -1.580526262066593302e-01
2.000000000000000000e+00 1.152147104011034401e-01 0.000000000000000000e+00 4.517474185911274920e-01 4.330378710077711912e-01 0.000000000000000000e+00 0.000000000000000000e+00 5.831307607455211983e-02 -2.205618571720547594e-01 0.000000000000000000e+00 0.000000000000000000e+00 0.000000000000000000e+00 0.000000000000000000e+00 3.312037527453661201e-01 -2.931344663947450524e-01 -1.003675302594768809e-01 -1.995462139670120816e-01
2.100000000000000089e+00 1.934546060836754289e-01 0.000000000000000000e+00 4.963223679294601065e-01 3.102230259868631879e-01 0.000000000000000000e+00 0.000000000000000000e+00 9.323368458586474283e-02 -2.955052081594500279e-01 0.000000000000000000e+00 0.000000000000000000e+00 0.000000000000000000e+00 0.000000000000000000e+00 3.059788765251737486e-01 -2.456573920773251762e-01 -8.878403161738543381e-02 -2.283231679054643082e-01
2.200000000000000178e+00 2.918687306453113806e-01 0.000000000000000000e+00 5.003471918745845404e-01 2.077840774801043844e-01 0.000000000000000000e+00 0.000000000000000000e+00 1.372580278081987348e-01 -3.566453862728155011e-01 0.000000000000000000e+00 0.000000000000000000e+00 0.000000000000000000e+00 0.000000000000000000e+00 2.634507986394013512e-01 -1.858974391238462642e-01 -6.023562834463218330e-02 -2.387830476639196675e-01
2.300000000000000266e+00 4.037912034808423534e-01 0.000000000000000000e+00 4.666956270629518677e-01 1.295131694562066671e-01 0.000000000000000000e+00 0.000000000000000000e+00 1.883660135716315187e-01 -3.911084661023672138e-01 0.000000000000000000e+00 0.000000000000000000e+00 0.000000000000000000e+00 0.000000000000000000e+00 2.117925791100598587e-01 -1.248484440594856276e-01 -1.914472647766061325e-02 -2.278810177304138596e-01
2.400000000000000355e+00 5.191125318462720406e-01 0.000000000000000000e+00 4.057463656248815331e-01 7.514110252884620422e-02 0.000000000000000000e+00 0.000000000000000000e+00 2.430559458328874212e-01 -3.892965812743588438e-01 0.000000000000000000e+00 0.000000000000000000e+00 0.000000000000000000e+00 0.000000000000000000e+00 1.593302846933686845e-01 -7.142891864798743551e-02 2.691124168133483124e-02 -1.956590759782198263e-01
2.500000000000000444e+00 6.256907804746110191e-01 0.000000000000000000e+00 3.330434285964498087e-01 4.126579092894026857e-02 0.000000000000000000e+00 0.000000000000000000e+00 2.966545402242709573e-01 -3.469557397441725421e-01 0.000000000000000000e+00 0.000000000000000000e+00 0.000000000000000000e+00 0.000000000000000000e+00 1.131123444302905290e-01 -3.080419246974409192e-02 6.866251323826393083e-02 -1.452758917309286690e-01
2.600000000000000089e+00 7.112481065361555554e-01 0.000000000000000000e+00 2.659437952319645970e-01 2.280809823187953181e-02 0.000000000000000000e+00 0.000000000000000000e+00 3.438891198614328348e-01 -2.662560666167134160e-01 0.000000000000000000e+00 0.000000000000000000e+00 0.000000000000000000e+00 0.000000000000000000e+00 7.779981740408160873e-02 -3.586200316481079516e-03 9.701171183258214259e-02 -8.252845107130711566e-02
2.700000000000000178e+00 7.653950485127253289e-01 0.000000000000000000e+00 2.199360774798680973e-01 1.466887400740553640e-02 0.000000000000000000e+00 0.000000000000000000e+00 3.796118613663686525e-01 -1.556689392214813672e-01 0.000000000000000000e+00 0.000000000000000000e+00 0.000000000000000000e+00 0.000000000000000000e+00 5.506720678174988753e-02 1.392183585512992393e-02 1.049003082083592164e-01 -1.494689155075167551e-02
2.800000000000000266e+00 7.813734263993988849e-01 0.000000000000000000e+00 2.054051985507391598e-01 1.322137504985929773e-02 0.000000000000000000e+00 0.000000000000000000e+00 3.995987684023381559e-01 -2.861796247821637301e-02 0.000000000000000000e+00 0.000000000000000000e+00 0.000000000000000000e+00 0.000000000000000000e+00 4.361853150959832393e-02 2.851601206465147198e-02 8.882921325202086660e-02 4.939840131854230515e-02
2.900000000000000355e+00 7.572104782673797496e-01 0.000000000000000000e+00 2.254812143257601542e-01 1.730830740685589814e-02 0.000000000000000000e+00 0.000000000000000000e+00 4.012255642421416746e-01 9.876631324531626177e-02 0.000000000000000000e+00 0.000000000000000000e+00 0.000000000000000000e+00 0.000000000000000000e+00 3.977754577267249986e-02 4.817099729054878654e-02 4.968084722931116748e-02 1.031399258155136639e-01
3.000000000000000444e+00 6.960389782274838399e-01 0.000000000000000000e+00 2.754246016288660615e-01 2.853642014364913410e-02 0.000000000000000000e+00 0.000000000000000000e+00 3.839543555311762946e-01 2.104407575657950835e-01 0.000000000000000000e+00 0.000000000000000000e+00 0.000000000000000000e+00 0.000000000000000000e+00 3.852606387514773134e-02 7.984594080768409041e-02 -7.299959368179342878e-03 1.407450517071024698e-01
3.100000000000000089e+00 6.055498126945897397e-01 0.000000000000000000e+00 3.436443940483048243e-01 5.080579325710515154e-02 0.000000000000000000e+00 0.000000000000000000e+00 3.494782138403277894e-01 2.931872790001427975e-01 0.000000000000000000e+00 0.000000000000000000e+00 0.000000000000000000e+00 0.000000000000000000e+00 3.476453902842724375e-02 1.274776527737551957e-01 -7.340545899192937873e-02 1.593018343789649183e-01
3.200000000000000178e+00 4.966647986646425816e-01 0.000000000000000000e+00 4.141522755645911102e-01 8.918292577076528116e-02 0.000000000000000000e+00 0.000000000000000000e+00 3.015119690982323020e-01 3.387999251704262860e-01 0.000000000000000000e+00 0.000000000000000000e+00 0.000000000000000000e+00 0.000000000000000000e+00 2.454379955809804156e-02 1.906119448332756205e-01 -1.380628976345021908e-01 1.588479023503057419e-01
3.300000000000000266e+00 3.816917764703279259e-01 0.000000000000000000e+00 4.699384481739559138e-01 1.483697753557175480e-01 0.000000000000000000e+00 0.000000000000000000e+00 2.452499953354446982e-01 3.452884051541366128e-01 0.000000000000000000e+00 0.000000000000000000e+00 0.000000000000000000e+00 0.000000000000000000e+00 6.022668067184090875e-03 2.639855835794785444e-01 -1.908209496604958422e-01 1.421931339895204094e-01
3.400000000000000355e+00 2.723449497771922023e-01 0.000000000000000000e+00 4.965594781794339108e-01 2.310955720433721938e-01 0.000000000000000000e+00 0.000000000000000000e+00 1.865700553344778467e-01 3.169023327715604910e-01 0.000000000000000000e+00 0.000000000000000000e+00 0.000000000000000000e+00 0.000000000000000000e+00 -2.004383552636790702e-02 3.381581480286351415e-01 -2.233421907578930776e-01 1.142627435646797751e-01
3.500000000000000444e+00 1.779682292695439205e-01 0.000000000000000000e+00 4.852339369772392108e-01 3.367978337532189226e-01 0.000000000000000000e+00 0.000000000000000000e+00 1.311401732278032195e-01 2.629800031254655446e-01 0.000000000000000000e+00 0.000000000000000000e+00 0.000000000000000000e+00 0.000000000000000000e+00 -5.036545219551040453e-02 4.011097801992184464e-01 -2.309994746879827920e-01 8.110830088698671447e-02
3.600000000000000089e+00 1.042874304271953628e-01 0.000000000000000000e+00 4.347806167413014178e-01 4.609319528315007908e-01 0.000000000000000000e+00 0.000000000000000000e+00 8.355862316373849352e-02 1.958573851799876031e-01 0.000000000000000000e+00 0.000000000000000000e+00 0.000000000000000000e+00 0.000000000000000000e+00 -7.973149601388816732e-02 4.405078371220829125e-01 -2.137606048260057845e-01 4.874234951319008496e-02
3.700000000000000178e+00 5.297948597892215838e-02 0.000000000000000000e+00 3.520207367008100774e-01 5.949997773202725382e-01 0.000000000000000000e+00 0.000000000000000000e+00 4.673991183905702729e-02 1.283170363677720027e-01 0.000000000000000000e+00 0.000000000000000000e+00 0.000000000000000000e+00 0.000000000000000000e+00 -1.020247071388684923e-01 4.461425873397767417e-01 -1.761723568087495695e-01 2.204744755488888611e-02
3.800000000000000266e+00 2.200166206234162314e-02 0.000000000000000000e+00 2.505452402864151162e-01 7.274530976512434410e-01 0.000000000000000000e+00 0.000000000000000000e+00 2.159543590617131123e-02 7.103555831057460634e-02 0.000000000000000000e+00 0.000000000000000000e+00 0.000000000000000000e+00 0.000000000000000000e+00 -1.114777975940100391e-01 4.121075135134666945e-01 -1.264510213592237864e-01 3.914481458230973168e-03
3.900000000000000355e+00 6.660187002484920828e-03 0.000000000000000000e+00 1.481137438114892291e-01 8.452260691860258301e-01 0.000000000000000000e+00 0.000000000000000000e+00 7.126681428273316278e-03 3.058882174740476523e-02 0.000000000000000000e+00 0.000000000000000000e+00 0.000000000000000000e+00 0.000000000000000000e+00 -1.038655077463749438e-01 3.382329792686538106e-01 -7.485035125263761469e-02 -5.176054121240939408e-03
4.000000000000000000e+00 1.122978506416774788e-03 0.000000000000000000e+00 6.318061605253687263e-02 9.356964054410438214e-01 0.000000000000000000e+00 0.000000000000000000e+00 8.659611785791908756e-04 8.378601783690969168e-03 0.000000000000000000e+00 0.000000000000000000e+00 0.000000000000000000e+00 0.000000000000000000e+00 -7.746176680575019013e-02 2.304724214671232396e-01 -3.162549971555730921e-02 -7.113588250090169610e-03
4.099999999999999645e+00 5.733643544691326296e-05 0.000000000000000000e+00 1.128696418110546572e-02 9.886556993834489937e-01 0.000000000000000000e+00 0.000000000000000000e+00 -3.996918005612918245e-04 6.981709114044239552e-04 0.000000000000000000e+00 0.000000000000000000e+00 0.000000000000000000e+00 0.000000000000000000e+00 -3.351350304504024935e-02 1.001786187222740154e-01 -5.010028070950529010e-03 -5.620527273034937703e-03
4.200000000000000178e+00 2.897491543794802486e-05 0.000000000000000000e+00 1.991665494496721450e-03 9.979793595900638969e-01 0.000000000000000000e+00 0.000000000000000000e+00 2.123868583951415707e-04 -1.122724044252090592e-04 0.000000000000000000e+00 0.000000000000000000e+00 0.000000000000000000e+00 0.000000000000000000e+00 2.382271082628457937e-02 -3.768441914439907975e-02 4.164508292205844082e-04 -5.361384342069525771e-03
4.299999999999999822e+00 3.682551338910116713e-04 0.000000000000000000e+00 3.701678803061411727e-02 9.626149568354916974e-01 0.000000000000000000e+00 0.000000000000000000e+00 4.734976024696428828e-04 -3.661613583598174321e-03 0.000000000000000000e+00 0.000000000000000000e+00 0.000000000000000000e+00 0.000000000000000000e+00 8.808076992868864308e-02 -1.669571590128147154e-01 -1.538827189094219526e-02 -1.084834554354243384e-02
4.399999999999999467e+00 3.318252717016497658e-03 0.000000000000000000e+00 1.099294256961875632e-01 8.867523215867946229e-01 0.000000000000000000e+00 0.000000000000000000e+00 -3.845114247821528985e-04 -1.909515626417371617e-02 0.000000000000000000e+00 0.000000000000000000e+00 0.000000000000000000e+00 0.000000000000000000e+00 1.515449841829794031e-01 -2.729730711025077916e-01 -4.794642729928993291e-02 -2.536908701534823160e-02
4.500000000000000000e+00 1.343728561337566123e-02 0.000000000000000000e+00 2.074391730331976991e-01 7.791235413534285392e-01 0.000000000000000000e+00 0.000000000000000000e+00 -1.442595554122700491e-03 -5.277628197027316170e-02 0.000000000000000000e+00 0.000000000000000000e+00 0.000000000000000000e+00 0.000000000000000000e+00 2.065040515366870222e-01 -3.449301885277721302e-01 -8.919252540318596545e-02 -5.013958782438521916e-02
4.599999999999999645e+00 3.638757670113713927e-02 0.000000000000000000e+00 3.120486614318628282e-01 6.515637618670001574e-01 0.000000000000000000e+00 0.000000000000000000e+00 -2.681893357006838344e-04 -1.065580482123547890e-01 0.000000000000000000e+00 0.000000000000000000e+00 0.000000000000000000e+00 0.000000000000000000e+00 2.465506451232705454e-01 -3.775346289939738864e-01 -1.291319895007549678e-01 -8.386735901534959903e-02
4.700000000000000178e+00 7.736917367536030876e-02 0.000000000000000000e+00 4.054965382736516744e-01 5.171342880509917084e-01 0.000000000000000000e+00 0.000000000000000000e+00 6.535327484604024940e-03 -1.770034220644748357e-01 0.000000000000000000e+00 0.000000000000000000e+00 0.000000000000000000e+00 0.000000000000000000e+00 2.676055839183693608e-01 -3.715957970476826411e-01 -1.578924117354743861e-01 -1.228015271580235601e-01
4.799999999999999822e+00 1.395492955781832134e-01 0.000000000000000000e+00 4.723340977843249466e-01 3.881166066374925894e-01 0.000000000000000000e+00 0.000000000000000000e+00 2.250874194341043188e-02 -2.557483889376760411e-01 0.000000000000000000e+00 0.000000000000000000e+00 0.000000000000000000e+00 0.000000000000000000e+00 2.685319613332671773e-01 -3.334835905718901428e-01 -1.677701673591966147e-01 -1.612902954529524813e-01
4.900000000000000355e+00 2.228204294776776895e-01 0.000000000000000000e+00 5.028656998751643847e-01 2.743138706471583976e-01 0.000000000000000000e+00 0.000000000000000000e+00 5.041230841999026768e-02 -3.309189182160051645e-01 0.000000000000000000e+00 0.000000000000000000e+00 0.000000000000000000e+00 0.000000000000000000e+00 2.512074141783391390e-01 -2.735651472393960115e-01 -1.548404145405007371e-01 -1.927360070643391043e-01
5.000000000000000000e+00 3.231641359587086870e-01 0.000000000000000000e+00 4.949139744258584384e-01 1.819218896154312926e-01 0.000000000000000000e+00 0.000000000000000000e+00 9.138654329666925924e-02 -3.893416632639039032e-01 0.000000000000000000e+00 0.000000000000000000e+00 0.000000000000000000e+00 0.000000000000000000e+00 2.200706234174078235e-01 -2.039720945449787215e-01 -1.198255550890693077e-01 -2.107900922032797386e-01
5.099999999999999645e+00 4.328357649275060837e-01 0.000000000000000000e+00 4.540418998601969958e-01 1.131223352122954079e-01 0.000000000000000000e+00 0.000000000000000000e+00 1.443883471179011058e-01 -4.191390711504640598e-01 0.000000000000000000e+00 0.000000000000000000e+00 0.000000000000000000e+00 0.000000000000000000e+00 1.812012167981769950e-01 -1.361190892795636209e-01 -6.803224042370496771e-02 -2.105588012141817456e-01
5.200000000000000178e+00 5.412525938622272381e-01 0.000000000000000000e+00 3.922051026402598728e-01 6.654230349751336093e-02 0.000000000000000000e+00 0.000000000000000000e+00 2.060200522759591812e-01 -4.121137557940192098e-01 0.000000000000000000e+00 0.000000000000000000e+00 0.000000000000000000e+00 0.000000000000000000e+00 1.411731695986279400e-01 -7.853899048446115472e-02 -8.369346980088652327e-03 -1.895947050388498145e-01
5.299999999999999822e+00 6.365828386195191424e-01 0.000000000000000000e+00 3.251115160644212354e-01 3.830564531606060752e-02 0.000000000000000000e+00 0.000000000000000000e+00 2.708263395453178735e-01 -3.655317813742451905e-01 0.000000000000000000e+00 0.000000000000000000e+00 0.000000000000000000e+00 0.000000000000000000e+00 1.058336292600940698e-01 -3.539567398803705744e-02 4.836581980640241446e-02 -1.484771696391559981e-01
5.400000000000000355e+00 7.076026884456755317e-01 0.000000000000000000e+00 2.688686256270757524e-01 2.352868592724782770e-02 0.000000000000000000e+00 0.000000000000000000e+00 3.320258228395008282e-01 -2.828621298984297372e-01 0.000000000000000000e+00 0.000000000000000000e+00 0.000000000000000000e+00 0.000000000000000000e+00 7.930860922815061165e-02 -6.022837197323181735e-03 9.160185356360588116e-02 -9.087393708572778783e-02
5.500000000000000000e+00 7.455695824331589616e-01 0.000000000000000000e+00 2.365742433397015620e-01 1.785617422714023614e-02 0.000000000000000000e+00 0.000000000000000000e+00 3.825158860470947442e-01 -1.733900845602155960e-01 0.000000000000000000e+00 0.000000000000000000e+00 0.000000000000000000e+00 0.000000000000000000e+00 6.336517654393424015e-02 1.446270016766399227e-02 1.130548644685012288e-01 -2.305704403705697084e-02
5.599999999999999645e+00 7.457108640332007488e-01 0.000000000000000000e+00 2.355649702168118864e-01 1.872416574998912037e-02 0.000000000000000000e+00 0.000000000000000000e+00 4.160457655810260169e-01 -5.068799536069399508e-02 0.000000000000000000e+00 0.000000000000000000e+00 0.000000000000000000e+00 0.000000000000000000e+00 5.727251245555666642e-02 3.362465814835780692e-02 1.083877362848963133e-01 4.706283713846100281e-02
5.700000000000000178e+00 7.080241597055106917e-01 0.000000000000000000e+00 2.659050346469947201e-01 2.607080564749243018e-02 0.000000000000000000e+00 0.000000000000000000e+00 4.282655739710621856e-01 6.968342591900990313e-02 0.000000000000000000e+00 0.000000000000000000e+00 0.000000000000000000e+00 0.000000000000000000e+00 5.817054311029331432e-02 5.956967721268378868e-02 7.807837926301738896e-02 1.111868375796466885e-01
5.799999999999999822e+00 6.372907601606033756e-01 0.000000000000000000e+00 3.203747152197950476e-01 4.233452461960377639e-02 0.000000000000000000e+00 0.000000000000000000e+00 4.174851583476489325e-01 1.728525191140078965e-01 0.000000000000000000e+00 0.000000000000000000e+00 0.000000000000000000e+00 0.000000000000000000e+00 6.184456549412841592e-02 9.868210821693233770e-02 2.734845069298762893e-02 1.619612522523413423e-01
5.900000000000000355e+00 5.422367334658161342e-01 0.000000000000000000e+00 3.860111697445193779e-01 7.175209678966315563e-02 0.000000000000000000e+00 0.000000000000000000e+00 3.849973233219110558e-01 2.471568585807453478e-01 0.000000000000000000e+00 0.000000000000000000e+00 0.000000000000000000e+00 0.000000000000000000e+00 6.376275874129679055e-02 1.537251184336947962e-01 -3.483239678304617809e-02 1.941476032315113953e-01
6.000000000000000000e+00 4.340512493445844444e-01 0.000000000000000000e+00 4.468440547692000830e-01 1.191046958862141264e-01 0.000000000000000000e+00 0.000000000000000000e+00 3.348725545825112504e-01 2.860308126696227138e-01 0.000000000000000000e+00 0.000000000000000000e+00 0.000000000000000000e+00 0.000000000000000000e+00 6.014221334735679603e-02 2.227198202304590258e-01 -9.749423173901052009e-02 2.054078308298788735e-01
