1.000000000000000056e-01 8.927029727868423040e-03 -2.770578861905132265e-02 -9.002050262277443426e-01
2.000000000000000111e-01 1.784074917163468860e-02 -5.534256149409787218e-02 -8.975979244821651326e-01
2.999999999999999889e-01 2.672885346915871568e-02 -8.284527028775477697e-02 -8.932625287028426175e-01
4.000000000000000222e-01 3.557737198650076649e-02 -1.101439734003907545e-01 -8.872142861714716888e-01
5.000000000000000000e-01 4.437210237425115444e-02 -1.371732878413670087e-01 -8.794742256675504022e-01
5.999999999999999778e-01 5.310241134486201608e-02 -1.638666002194889004e-01 -8.700695884365355903e-01
6.999999999999999556e-01 6.175505399210373669e-02 -1.901656935790231318e-01 -8.590312190389322033e-01
7.999999999999999334e-01 7.031794368578422882e-02 -2.160009579899248300e-01 -8.464001176945640248e-01
8.999999999999999112e-01 7.877449597860054775e-02 -2.413244780218861962e-01 -8.322151803741503207e-01
9.999999999999998890e-01 8.711804918655099983e-02 -2.660694658187383044e-01 -8.165284467416692449e-01
1.099999999999999867e+00 9.533628751873404750e-02 -2.901901531091500286e-01 -7.993883083244618382e-01
1.199999999999999956e+00 1.034159024862049692e-01 -3.136355114045565884e-01 -7.808515736710421873e-01
1.300000000000000044e+00 1.113464402249087770e-01 -3.363510054201981347e-01 -7.609838197335819787e-01
1.399999999999999911e+00 1.191156205613392860e-01 -3.583029114179350216e-01 -7.398418617954579668e-01
1.500000000000000000e+00 1.267152864272690915e-01 -3.794400995160140955e-01 -7.175014736034240892e-01
1.599999999999999867e+00 1.341332848796530641e-01 -3.997371962563875947e-01 -6.940228800908569973e-01
1.699999999999999956e+00 1.413638119936312387e-01 -4.191505463247268692e-01 -6.694882149269226757e-01
1.800000000000000044e+00 1.483948940444062004e-01 -4.376596201310183898e-01 -6.439636910563808492e-01
1.899999999999999911e+00 1.552164925995155598e-01 -4.552378634419186887e-01 -6.175268505790594276e-01
2.000000000000000000e+00 1.618228969647150517e-01 -4.718601628264610381e-01 -5.902588470244484187e-01
2.099999999999999645e+00 1.682132137112457848e-01 -4.875117465563740815e-01 -5.622307516348764578e-01
2.199999999999999734e+00 1.743672617186678431e-01 -5.021810231944378033e-01 -5.335245225064892960e-01
2.299999999999999822e+00 1.802872914486236544e-01 -5.158512519097130378e-01 -5.042253406285684969e-01
2.399999999999999911e+00 1.859624839822657250e-01 -5.285275493441855543e-01 -4.743953047554633207e-01
2.500000000000000000e+00 1.913925739390123226e-01 -5.401991378966846113e-01 -4.441234451503909830e-01
2.600000000000000089e+00 1.965708395961732191e-01 -5.508712601422214306e-01 -4.134796641246025750e-01
2.699999999999999734e+00 2.014926466484913692e-01 -5.605468659155244948e-01 -3.825425797203166334e-01
2.799999999999999822e+00 2.061540909997394144e-01 -5.692364931499236391e-01 -3.513795275229151249e-01
2.899999999999999911e+00 2.105536246454234872e-01 -5.769481652540466854e-01 -3.200679642164420691e-01
3.000000000000000000e+00 2.146928001043897360e-01 -5.836969514484621202e-01 -2.886696124642660344e-01
