1.000000000000000056e-01 -1.073354622775430783e-01 1.338409951119861885e-01 -8.623431403282159069e-01
2.000000000000000111e-01 -2.123179601947424999e-01 2.483149971571264047e-01 -7.511075915449773044e-01
2.999999999999999889e-01 -3.111785284550982467e-01 3.275058273455585534e-01 -5.812208720648379678e-01
4.000000000000000222e-01 -3.980859111671627981e-01 3.617513627162949330e-01 -3.726173815455842697e-01
5.000000000000000000e-01 -4.656672391041046244e-01 3.492329098227825446e-01 -1.475148986007335239e-01
5.999999999999999778e-01 -5.066271879036450265e-01 2.959986899800587934e-01 7.340041712930162054e-02
6.999999999999999556e-01 -5.158796554311527727e-01 2.143751391541372231e-01 2.738847861086127766e-01
7.999999999999999334e-01 -4.923782883533052712e-01 1.201338774504750739e-01 4.436764661977008473e-01
8.999999999999999112e-01 -4.399277890489265430e-01 2.909140015470659812e-02 5.785692485614245539e-01
9.999999999999998890e-01 -3.666206172116440731e-01 -4.600590401660868689e-02 6.793897681324331250e-01
1.099999999999999867e+00 -2.831049875845413344e-01 -9.755180728099061005e-02 7.503379303170840675e-01
1.199999999999999956e+00 -2.002386855217508643e-01 -1.236492545712381541e-01 7.972913639821084253e-01
1.300000000000000044e+00 -1.269302978212697997e-01 -1.273169861291950644e-01 8.263803329224596039e-01
1.399999999999999911e+00 -6.874309987408244726e-02 -1.146991699166905881e-01 8.430612781364222874e-01
1.500000000000000000e+00 -2.753595408129799055e-02 -9.295993741996139148e-02 8.516792530507707459e-01
1.599999999999999867e+00 -2.070426337239826553e-03 -6.854702151887952233e-02 8.553803667442820835e-01
1.699999999999999956e+00 1.085211193119992035e-02 -4.607920004527641528e-02 8.562749390528197058e-01
1.800000000000000044e+00 1.513680834635632369e-02 -2.808413276903557257e-02 8.556728334128999025e-01
1.899999999999999911e+00 1.441586848030954743e-02 -1.525661802717602489e-02 8.543353674636265938e-01
2.000000000000000000e+00 1.147170670117722904e-02 -7.083615909313523487e-03 8.526743885870249340e-01
2.099999999999999645e+00 8.087031026953364621e-03 -2.472869394254930721e-03 8.508979338987114893e-01
2.199999999999999734e+00 5.174213125127971775e-03 -2.407442124035819031e-04 8.491034647790678402e-01
2.299999999999999822e+00 3.039871755864245306e-03 6.037291113304866109e-04 8.473325386125823977e-01
2.399999999999999911e+00 1.646139030482411105e-03 7.542608615459349408e-04 8.456005444469933963e-01
2.500000000000000000e+00 8.226642731875412427e-04 6.257191039797094494e-04 8.439115768657038386e-01
2.600000000000000089e+00 3.774830425029210680e-04 4.357014986285118337e-04 8.422653078530963899e-01
2.699999999999999734e+00 1.557071310002975425e-04 2.741106452325587240e-04 8.406599959834930580e-01
2.799999999999999822e+00 5.592574103883630923e-05 1.574374942105419739e-04 8.390935544723115980e-01
2.899999999999999911e+00 1.835316422042731468e-05 8.628053768231348872e-05 8.375639646775961955e-01
3.000000000000000000e+00 3.565636039190141297e-06 4.394713309611610996e-05 8.360693962713039440e-01
