1.000000000000000056e-01 7.064660177995080170e-02 -1.133321607536123404e-01 -8.738026308249132734e-01
2.000000000000000111e-01 1.492533312788615341e-01 -2.105281693300655177e-01 -7.944961133758022820e-01
2.999999999999999889e-01 2.398575453402587987e-01 -2.759524098299178108e-01 -6.703020306749311041e-01
4.000000000000000222e-01 3.394542900008425401e-01 -2.958385949638071000e-01 -5.119396447422113194e-01
5.000000000000000000e-01 4.365615325918407730e-01 -2.609930943783681512e-01 -3.321680078802360936e-01
5.999999999999999778e-01 5.123506843492400264e-01 -1.704631244109411359e-01 -1.441060686948202607e-01
6.999999999999999556e-01 5.448784895574350085e-01 -3.489119568695342455e-02 4.032512124921423108e-02
7.999999999999999334e-01 5.159944383360837161e-01 1.223456692400577417e-01 2.115262741258988888e-01
8.999999999999999112e-01 4.192279070293656318e-01 2.680831737862338637e-01 3.628649891652210857e-01
9.999999999999998890e-01 2.657023369284575720e-01 3.670147185366664511e-01 4.907589800621942611e-01
1.099999999999999867e+00 8.477525425412547888e-02 3.926623503714331553e-01 5.943599338075329364e-01
1.199999999999999956e+00 -8.253659799879554948e-02 3.378200655136385233e-01 6.749440089017696431e-01
1.300000000000000044e+00 -1.964021249771298883e-01 2.196460330632450664e-01 7.351798409841998616e-01
1.399999999999999911e+00 -2.328568048330460771e-01 7.567306429240523713e-02 7.784347178785659960e-01
1.500000000000000000e+00 -1.937128182279317656e-01 -4.926928168265432006e-02 8.082334052108856026e-01
1.599999999999999867e+00 -1.062101237101589768e-01 -1.203781624215237295e-01 8.278522788205218141e-01
1.699999999999999956e+00 -1.134187246850679176e-02 -1.264989375810103012e-01 8.400916712644047601e-01
1.800000000000000044e+00 5.413887659111484008e-02 -8.298355950098094957e-02 8.471948299576810282e-01
1.899999999999999911e+00 7.306149547567551694e-02 -2.195545781658378437e-02 8.508608849903673832e-01
2.000000000000000000e+00 5.244912781458731937e-02 2.478910716738332715e-02 8.523139332459889195e-01
2.099999999999999645e+00 1.551506287029600674e-02 4.075420326512334962e-02 8.523942667690557196e-01
2.199999999999999734e+00 -1.361432825565967938e-02 2.941958568347761635e-02 8.516602028177028272e-01
2.299999999999999822e+00 -2.272344320001062207e-02 7.252292560159400228e-03 8.504642075343807894e-01
2.399999999999999911e+00 -1.481125177902925701e-02 -9.086205847575946903e-03 8.490233021777306988e-01
2.500000000000000000e+00 -1.637761482954622205e-03 -1.243629092892778801e-02 8.474645176252554313e-01
2.600000000000000089e+00 6.372994929106668219e-03 -6.328381478488265613e-03 8.458603738041857723e-01
2.699999999999999734e+00 6.290430737693086805e-03 1.063657459305002856e-03 8.442505452949197187e-01
2.799999999999999822e+00 1.851917200964261524e-03 4.099715217958131014e-03 8.426555459149344118e-01
2.899999999999999911e+00 -1.739483343213279196e-03 2.628569092572332917e-03 8.410853685176554739e-01
3.000000000000000000e+00 -2.192600176065480182e-03 -1.136009376336787578e-04 8.395443554947464859e-01
