1.000000000000000056e-01 -1.553686083456546074e-01 -8.630983257869631609e-02 -8.572254830356105249e-01
2.000000000000000111e-01 -2.859051151061022811e-01 -1.770938410261709839e-01 -7.319922296659281402e-01
2.999999999999999889e-01 -3.707947228680467111e-01 -2.725225495388016173e-01 -5.428429002818211391e-01
4.000000000000000222e-01 -3.969726902301230487e-01 -3.660151904396101163e-01 -3.144586656693948434e-01
5.000000000000000000e-01 -3.620109629049122479e-01 -4.448491869223956674e-01 -7.354012088072310604e-02
5.999999999999999778e-01 -2.752290065075862491e-01 -4.938064513941270994e-01 1.561899329889676613e-01
6.999999999999999556e-01 -1.561372942151330601e-01 -5.005908005294883445e-01 3.574516979832973451e-01
7.999999999999999334e-01 -3.008447782299343565e-02 -4.608599974285730871e-01 5.208730596721189432e-01
8.999999999999999112e-01 7.806873108735483402e-02 -3.807872547488269088e-01 6.444054821352284135e-01
9.999999999999998890e-01 1.502416873131285913e-01 -2.758641049251809862e-01 7.315052260143817264e-01
1.099999999999999867e+00 1.793287428859949850e-01 -1.663811103476402209e-01 7.887312790595141232e-01
1.199999999999999956e+00 1.696821711103480568e-01 -7.133614518849619446e-02 8.236136477328283023e-01
1.300000000000000044e+00 1.340332464909844701e-01 -3.220312254176096317e-03 8.431066703409776375e-01
1.399999999999999911e+00 8.816631812713385252e-02 3.438970686733783255e-02 8.528019256520281699e-01
1.500000000000000000e+00 4.567820649012008932e-02 4.591085683523292438e-02 8.567196498328948362e-01
1.599999999999999867e+00 1.467143972412909142e-02 4.038398402772978846e-02 8.574879573671679855e-01
1.699999999999999956e+00 -2.831776315819073409e-03 2.747570753821397538e-02 8.566799761996256590e-01
1.800000000000000044e+00 -9.268824784660472174e-03 1.447875488946193459e-02 8.551605278533258581e-01
1.899999999999999911e+00 -8.979481909259182798e-03 5.142216142182699443e-03 8.533663815389512797e-01
2.000000000000000000e+00 -6.015960561411693060e-03 1.530399060396077024e-04 8.514990469662566674e-01
2.099999999999999645e+00 -2.988887249438267751e-03 -1.564023998267267349e-03 8.496424414248453516e-01
2.199999999999999734e+00 -9.827456641363970652e-04 -1.532330234218126164e-03 8.478266284765698657e-01
2.299999999999999822e+00 -3.564726242452620746e-05 -9.446688784976568515e-04 8.460596665006671069e-01
2.399999999999999911e+00 2.246699903680594661e-04 -4.120864757183229543e-04 8.443415888371096356e-01
2.500000000000000000e+00 1.932663357469557256e-04 -1.093802215456020268e-04 8.426700227636338969e-01
2.600000000000000089e+00 1.004670911216147826e-04 2.859019828585951557e-06 8.410421960003586772e-01
2.699999999999999734e+00 3.486303137664739584e-05 2.436232868434935530e-05 8.394555070043639988e-01
2.799999999999999822e+00 8.483786539629806656e-06 1.387984366778478172e-05 8.379076532404952093e-01
2.899999999999999911e+00 8.448784548034015746e-08 6.252934845689187479e-06 8.363965899617290534e-01
3.000000000000000000e+00 -2.001268053531399517e-06 2.618377073121616085e-06 8.349204945217059137e-01
