1.000000000000000056e-01 -8.345459340337527121e-02 1.201644422654372935e-01 -8.745414043122781145e-01
2.000000000000000111e-01 -1.650742073027565149e-01 2.297354840127723563e-01 -7.973200614533340058e-01
2.999999999999999889e-01 -2.427217526322815733e-01 3.194691781627627125e-01 -6.761955350440856938e-01
4.000000000000000222e-01 -3.138107858923295801e-01 3.825884677596905759e-01 -5.213709126150994910e-01
5.000000000000000000e-01 -3.753568910372014344e-01 4.155417133188097356e-01 -3.450378573477195787e-01
5.999999999999999778e-01 -4.242883834238915242e-01 4.182309783404269954e-01 -1.598153563712552128e-01
6.999999999999999556e-01 -4.579096679081536836e-01 3.937661449637201994e-01 2.273052627009218216e-02
7.999999999999999334e-01 -4.744089030973441812e-01 3.477542152469108583e-01 1.931690054966794801e-01
8.999999999999999112e-01 -4.732586798546910001e-01 2.873185074857130816e-01 3.448503331810502948e-01
9.999999999999998890e-01 -4.554149648797222172e-01 2.200049657133143211e-01 4.740169431242320930e-01
1.099999999999999867e+00 -4.232264320582224681e-01 1.527919216771423117e-01 5.795604547000127171e-01
1.199999999999999956e+00 -3.801296127035088679e-01 9.131383188348357605e-02 6.624503757689178540e-01
1.300000000000000044e+00 -3.301506373059754917e-01 3.943658661807530191e-02 7.250826649864904327e-01
1.399999999999999911e+00 -2.773788159299500067e-01 -8.407675096234420477e-04 7.706150250687304748e-01
1.500000000000000000e+00 -2.254776974580112170e-01 -2.920463341281986924e-02 8.024279509628111651e-01
1.599999999999999867e+00 -1.773416953105598770e-01 -4.664862551209381092e-02 8.237252445481321184e-01
1.699999999999999956e+00 -1.349358361319576427e-01 -5.499079814003050848e-02 8.372911155199616040e-01
1.800000000000000044e+00 -9.927286622133618677e-02 -5.643056960823415735e-02 8.453961317106275519e-01
1.899999999999999911e+00 -7.055549834456943670e-02 -5.315488776086889355e-02 8.497866093863014614e-01
2.000000000000000000e+00 -4.836406954554964277e-02 -4.710723941596734604e-02 8.517417486711088559e-01
2.099999999999999645e+00 -3.188763414129670848e-02 -3.981266233570286694e-02 8.521595125786428637e-01
2.199999999999999734e+00 -2.013720696626121465e-02 -3.237970446360403931e-02 8.516419233428900171e-01
2.299999999999999822e+00 -1.208224012740942259e-02 -2.549358067883875090e-02 8.505812411032083187e-01
2.399999999999999911e+00 -6.791281530481384221e-03 -1.952963266373140480e-02 8.492208141654400411e-01
2.500000000000000000e+00 -3.474922523481227196e-03 -1.461285729070680404e-02 8.477081143854138245e-01
2.600000000000000089e+00 -1.507083603342807346e-03 -1.071460336697990269e-02 8.461289417540115432e-01
2.699999999999999734e+00 -4.149280285480894115e-04 -7.723653461389244981e-03 8.445313169788627450e-01
2.799999999999999822e+00 1.294931867947238420e-04 -5.490296478220632777e-03 8.429411303624383400e-01
2.899999999999999911e+00 3.589322050083876108e-04 -3.856791959888100467e-03 8.413716732542897425e-01
3.000000000000000000e+00 4.149602933404923297e-04 -2.687782299526721239e-03 8.398290907483813017e-01
