1.000000000000000056e-01 5.949665913691004615e-02 2.496290498861088517e-02 -8.965287555317070778e-01
2.000000000000000111e-01 1.183535546481799955e-01 4.947368857938856668e-02 -8.829656832001844258e-01
2.999999999999999889e-01 1.759431801100196091e-01 7.308550122053091014e-02 -8.606132243080067967e-01
4.000000000000000222e-01 2.316616786408996487e-01 9.538916557011886677e-02 -8.298422337969086904e-01
5.000000000000000000e-01 2.849451604372504332e-01 1.160038839557797075e-01 -7.911569575428524237e-01
5.999999999999999778e-01 3.352797623993964971e-01 1.346038542556516060e-01 -7.451761832714274281e-01
6.999999999999999556e-01 3.822022020977855483e-01 1.509150101674106847e-01 -6.926248106637079571e-01
7.999999999999999334e-01 4.253150913794423449e-01 1.647264521429608886e-01 -6.343093246901297944e-01
8.999999999999999112e-01 4.643033667509349205e-01 1.758951466897722693e-01 -5.710780700470805549e-01
9.999999999999998890e-01 4.989055874455891049e-01 1.843473681743765802e-01 -5.038397432085403027e-01
1.099999999999999867e+00 5.289515406935199060e-01 1.900632402917591390e-01 -4.335041456195663501e-01
1.199999999999999956e+00 5.543398698012749204e-01 1.930918603520501708e-01 -3.609827826583073551e-01
1.300000000000000044e+00 5.750442882589320570e-01 1.935497033713646786e-01 -2.871436569544137396e-01
1.399999999999999911e+00 5.911076584651021593e-01 1.915836046785214797e-01 -2.128333365029836666e-01
1.500000000000000000e+00 6.026332721438016904e-01 1.874008818097052664e-01 -1.388390233242401961e-01
1.599999999999999867e+00 6.097900812737870879e-01 1.812281065192316576e-01 -6.586138043515088469e-02
1.699999999999999956e+00 6.127924486731004539e-01 1.733218652217970446e-01 5.463603037327794537e-03
1.800000000000000044e+00 6.118970428390058114e-01 1.639585698171430184e-01 7.458790753890083558e-02
1.899999999999999911e+00 6.073990403162952134e-01 1.534106911774463788e-01 1.410373947390581584e-01
2.000000000000000000e+00 5.996153229123759587e-01 1.419586641517397996e-01 2.044489773284495771e-01
2.099999999999999645e+00 5.888833227145776616e-01 1.298705871247245458e-01 2.645246211249057122e-01
2.199999999999999734e+00 5.755490858652664299e-01 1.174025975028262780e-01 3.210561202444286444e-01
2.299999999999999822e+00 5.599664014003524759e-01 1.047818659377072747e-01 3.739017790623915816e-01
2.399999999999999911e+00 5.424785471312210117e-01 9.222969033085898216e-02 4.229985349144323448e-01
2.500000000000000000e+00 5.234194073835920502e-01 7.992768281452750090e-02 4.683480684265864946e-01
2.600000000000000089e+00 5.031191848733168603e-01 6.803934123359201003e-02 5.099812146356269560e-01
2.699999999999999734e+00 4.818742162300072018e-01 5.669512501184753583e-02 5.480037295440692846e-01
2.799999999999999822e+00 4.599768570761094688e-01 4.600048969311321123e-02 5.825289174568416550e-01
2.899999999999999911e+00 4.376823712865690608e-01 3.603471907382693740e-02 6.137211337309914638e-01
3.000000000000000000e+00 4.152275228848855693e-01 2.685599159876181363e-02 6.417555388978261055e-01
