3.299999999999999822e+00 -7.085481953278073545e-07 5.136028024883735148e-07 9.462986560298712879e-01
3.313793103448275712e+00 -3.663544085080598880e-07 -9.594127045471256870e-07 9.488193427001996305e-01
3.327586206896551602e+00 -2.388317892608751321e-06 -1.663715099917584737e-06 9.512452332314474956e-01
3.341379310344827491e+00 -3.094087290916368527e-08 -2.065915596717040732e-06 9.535784519816135063e-01
3.355172413793103381e+00 -3.735922809905268299e-06 2.529573964964205865e-07 9.558211813407706536e-01
3.368965517241379271e+00 7.715184329488724521e-07 1.675860322381312822e-06 9.579755866288121036e-01
3.382758620689655160e+00 -1.523446376765399071e-06 1.117417211746315599e-06 9.600439223806537248e-01
3.396551724137931050e+00 -1.846618822355185177e-06 -5.875165344669243012e-07 9.620284645167824777e-01
3.410344827586206939e+00 2.002072599663603818e-08 1.730350210697539679e-06 9.639315343729665253e-01
3.424137931034482829e+00 -7.636522557001052488e-07 9.484690086679138780e-07 9.657552872844505920e-01
3.437931034482758719e+00 3.502263103518259652e-06 1.613137903547102625e-06 9.675020602456458896e-01
3.451724137931034608e+00 1.831809608767047729e-06 4.435485207269881584e-07 9.691741329811316419e-01
3.465517241379310498e+00 -1.390347161567591620e-06 3.646474650391424825e-06 9.707737621799931160e-01
3.479310344827586388e+00 1.331946035773512316e-06 1.865309847800559630e-06 9.723032414455986538e-01
3.493103448275862277e+00 3.807815576186461127e-06 -1.769824384242513920e-06 9.737647988053809156e-01
3.506896551724137723e+00 7.063166341924417631e-07 -1.206699846392356563e-06 9.751606983696111675e-01
3.520689655172413612e+00 5.473899095897778916e-07 4.197199833009165478e-07 9.764930713857685740e-01
3.534482758620689502e+00 -1.536574984563408334e-06 4.165746207708029541e-07 9.777641602285865874e-01
3.548275862068965392e+00 -1.699200449830267634e-06 1.091616736594981137e-06 9.789761200477051784e-01
3.562068965517241281e+00 1.804827865437854233e-06 -2.382496464109542897e-06 9.801310070927622409e-01
3.575862068965517171e+00 9.944851695633136023e-07 -1.083263538813382389e-06 9.812309671920416143e-01
3.589655172413793061e+00 7.525807418662863447e-07 2.031648890589346739e-07 9.822780451559377513e-01
3.603448275862068950e+00 -1.028759464583807635e-06 -1.694265867619843020e-06 9.832742174697387538e-01
3.617241379310344840e+00 3.451517157595163666e-06 -1.429599932985259838e-06 9.842214418057609882e-01
3.631034482758620729e+00 -1.251733906806065544e-07 1.550361552267883367e-06 9.851216877061703681e-01
3.644827586206896619e+00 -1.663686353143910258e-06 -2.458473095336643684e-06 9.859768007393129308e-01
3.658620689655172509e+00 3.337970324769819524e-06 2.879985471612050210e-06 9.867886549637113758e-01
3.672413793103448398e+00 7.016134030183893005e-07 2.414457087315050732e-06 9.875589935448948475e-01
3.686206896551724288e+00 1.568662862190117681e-06 1.848693797760570817e-06 9.882895830604998544e-01
3.700000000000000178e+00 3.226983653062553461e-07 2.296239067233235264e-06 9.889821117531060191e-01
