0.000000000000000000e+00 -8.831968701251040111e-11 2.023560459162902445e-11 -1.000000000000000000e+00
1.000000000000000056e-01 3.011272432573611213e-01 -6.908406949273047937e-02 -9.510782169283082954e-01
2.000000000000000111e-01 5.726700272061550079e-01 -1.319178323815391463e-01 -8.091024196586897865e-01
3.000000000000000444e-01 7.879470501548073713e-01 -1.828435593690558025e-01 -5.879691139766687336e-01
4.000000000000000222e-01 9.257892734282455738e-01 -2.173299265349605269e-01 -3.093249494138234357e-01
5.000000000000000000e-01 9.726201333243004177e-01 -2.324002538975493970e-01 -4.452249458252230245e-04
6.000000000000000888e-01 9.237855172917550650e-01 -2.269108262578719004e-01 3.084344256962353037e-01
7.000000000000000666e-01 7.840129373376549804e-01 -2.016545141418629450e-01 5.870768016556410229e-01
8.000000000000000444e-01 5.669449953967967692e-01 -1.592782361924889867e-01 8.082102546945275634e-01
9.000000000000000222e-01 2.938095169146178187e-01 -1.040255810197061453e-01 9.501866376708534290e-01
1.000000000000000000e+00 -8.659524942119320098e-03 -4.132665585200358260e-02 9.991081623795722289e-01
1.100000000000000089e+00 -3.108505558356813858e-01 2.272629825983364660e-02 9.501870592027046314e-01
1.200000000000000178e+00 -5.831606309863147652e-01 8.195973028701593333e-02 8.082117797337899923e-01
1.300000000000000044e+00 -7.989074303814744926e-01 1.307109849246094468e-01 5.870788330787791720e-01
1.400000000000000133e+00 -9.369371674762786428e-01 1.643653788380507463e-01 3.084360002580167626e-01
1.500000000000000000e+00 -9.837043357323483894e-01 1.797931671469050752e-01 -4.438165004422996683e-04
1.600000000000000089e+00 -9.345961792356779485e-01 1.756407406488228462e-01 -3.093223435445224823e-01
1.700000000000000178e+00 -7.943887114628699342e-01 1.524508125287802884e-01 -5.879671122287556395e-01
1.800000000000000044e+00 -5.767806594364406347e-01 1.125995048580262087e-01 -8.091016141596941713e-01
1.900000000000000133e+00 -3.030574284817353914e-01 6.005814917724477259e-02 -9.510779220146362567e-01
2.000000000000000000e+00 -3.386253830289662505e-06 6.735469104883491237e-07 -9.999999997955159037e-01
2.100000000000000089e+00 3.027232591315214827e-01 -6.170256703255655450e-02 -9.510790827200211739e-01
2.200000000000000178e+00 5.754793077749674746e-01 -1.190527625329641653e-01 -8.091044470205662753e-01
2.300000000000000266e+00 7.915580444075425159e-01 -1.665067517887550419e-01 -5.879722476028718114e-01
2.400000000000000355e+00 9.297913722069318654e-01 -1.995087700324179592e-01 -3.093287165124261051e-01
2.500000000000000000e+00 9.766298522959990791e-01 -2.149277316933629334e-01 -4.491161979423291409e-04
2.600000000000000089e+00 9.274701414643058417e-01 -2.113540960899549515e-01 3.084292185380188012e-01
2.700000000000000178e+00 7.871061058018723466e-01 -1.892284795487408633e-01 5.870745784995100580e-01
2.800000000000000266e+00 5.692626353871865774e-01 -1.507911420686255943e-01 8.082091826839907789e-01
2.900000000000000355e+00 2.952563609322573779e-01 -9.985748047245258940e-02 9.501853320884769971e-01
3.000000000000000000e+00 -8.101467997076141486e-03 -4.143928442549876801e-02 9.991081779700758947e-01
3.100000000000000089e+00 -3.111145178269624223e-01 1.874415880361137224e-02 9.501875674152870932e-01
3.200000000000000178e+00 -5.841173417237932597e-01 7.482589815342977069e-02 8.082128530333969607e-01
3.300000000000000266e+00 -8.003784269736021750e-01 1.213616712923138580e-01 5.870823764735602079e-01
3.400000000000000355e+00 -9.387189948824316010e-01 1.538575515326216225e-01 3.084388154853149322e-01
3.500000000000000000e+00 -9.855812512292123628e-01 1.692022558390466336e-01 -4.401323421606639853e-04
3.600000000000000089e+00 -9.363632948581107618e-01 1.659657322333041307e-01 -3.093204742970036003e-01
3.700000000000000178e+00 -7.958685624849420881e-01 1.445320298687269578e-01 -5.879657498362067525e-01
3.800000000000000266e+00 -5.778376308187279653e-01 1.070556204841757730e-01 -8.090999743871586380e-01
3.900000000000000355e+00 -3.036051869136016657e-01 5.724626196838396297e-02 -9.510766301216068141e-01
4.000000000000000000e+00 -4.279575680616824159e-06 8.036583205831119119e-07 -9.999999997438393518e-01
4.100000000000000533e+00 3.032443384688355281e-01 -5.907384991813938169e-02 -9.510799923837974790e-01
4.200000000000000178e+00 5.764588555922445234e-01 -1.142126051794543351e-01 -8.091048560834933623e-01
4.299999999999999822e+00 7.928881258489247630e-01 -1.600511774749937000e-01 -5.879728253961670204e-01
4.400000000000000355e+00 9.313394009199801316e-01 -1.921487915110003386e-01 -3.093311511966767569e-01
4.500000000000000000e+00 9.782522947740808217e-01 -2.074180449427834860e-01 -4.511013962336310598e-04
4.600000000000000533e+00 9.290221662886318787e-01 -2.044204020341530426e-01 3.084317019524018821e-01
4.700000000000000178e+00 7.884616228987673114e-01 -1.835033086540669711e-01 5.870730831482420253e-01
4.800000000000000711e+00 5.703173223783596368e-01 -1.467593895652762881e-01 8.082077907795338634e-01
4.900000000000000355e+00 2.959378576120676452e-01 -9.781934996252489301e-02 9.501853290526868223e-01
5.000000000000000000e+00 -7.821041284683702757e-03 -4.149313758997244528e-02 9.991081775242672824e-01
5.100000000000000533e+00 -3.112298446322145362e-01 1.670310740395005919e-02 9.501878728567209054e-01
5.200000000000000178e+00 -5.845835590417775007e-01 7.108440867767792937e-02 8.082135046323049021e-01
5.300000000000000711e+00 -8.011230217267660825e-01 1.163543863913032855e-01 5.870805391591074063e-01
5.400000000000000355e+00 -9.396422213209317809e-01 1.481179102500258526e-01 3.084373198321075371e-01
5.500000000000000000e+00 -9.865747405145954829e-01 1.633097910556191301e-01 -4.402018465721640778e-04
5.600000000000000533e+00 -9.373173780015858769e-01 1.604891940576507747e-01 -3.093207907335555062e-01
5.700000000000000178e+00 -7.966837601862315488e-01 1.399764231358651689e-01 -5.879639339123828856e-01
5.800000000000000711e+00 -5.784298680200434806e-01 1.038170973251191787e-01 -8.090988180167750787e-01
5.900000000000000355e+00 -3.039128400279803577e-01 5.557889059767123080e-02 -9.510772730321597201e-01
6.000000000000000000e+00 -6.300755116274141485e-06 1.147360687274562794e-06 -9.999999993508504881e-01
6.100000000000000533e+00 3.035502267462256154e-01 -5.747385675249893494e-02 -9.510804422358184462e-01
6.200000000000000178e+00 5.770428554382305286e-01 -1.112303050865562776e-01 -8.091040470171393384e-01
6.300000000000000711e+00 7.936895316834075009e-01 -1.560261643648379604e-01 -5.879734352005204778e-01
6.400000000000000355e+00 9.322855868997622641e-01 -1.875088416665938174e-01 -3.093283308255043162e-01
6.500000000000000000e+00 9.792546945783314749e-01 -2.026327571329823718e-01 -4.508251516584165322e-04
6.600000000000000533e+00 9.299947247832170971e-01 -1.999572255828785672e-01 3.084265155119911839e-01
6.700000000000000178e+00 7.893187892637980596e-01 -1.797816562781659744e-01 5.870727406239774071e-01
6.800000000000000711e+00 5.709916063289242061e-01 -1.441136866027601660e-01 8.082077833446603687e-01
6.900000000000000355e+00 2.963858253906994089e-01 -9.647045352328181833e-02 9.501836098892688653e-01
7.000000000000000000e+00 -7.635142556740684948e-03 -4.152773275896712302e-02 9.991081768782236194e-01
7.100000000000000533e+00 -3.112972518176937431e-01 1.533038158295007072e-02 9.501889265706816579e-01
7.200000000000000178e+00 -5.848871500907829590e-01 6.854850492128054806e-02 8.082129137194988822e-01
7.300000000000000711e+00 -8.016105106759030541e-01 1.129334794061594704e-01 5.870831414508393964e-01
7.400000000000000355e+00 -9.402565957722202050e-01 1.441686758718493666e-01 3.084362504283064133e-01
7.500000000000000000e+00 -9.872418996661720403e-01 1.592269909041131581e-01 -4.414764661250862284e-04
7.600000000000000533e+00 -9.379645748278909734e-01 1.566690738168295682e-01 -3.093174080019572281e-01
7.700000000000000178e+00 -7.972381327205698698e-01 1.367776803988069723e-01 -5.879653231740489261e-01
7.800000000000000711e+00 -5.788358842513778857e-01 1.015289269325592714e-01 -8.090988108194315798e-01
7.900000000000000355e+00 -3.041281386277634446e-01 5.439427157210445507e-02 -9.510769306316911864e-01
8.000000000000000000e+00 -6.136885107333629266e-06 1.105877565446887921e-06 -1.000000003442709895e+00
