1.000000000000000056e-01 4.381416767246984478e-01 0.000000000000000000e+00 5.618583232753017187e-01 0.000000000000000000e+00 0.000000000000000000e+00 0.000000000000000000e+00 -4.948118097058649689e-01 3.653678442893092820e-02 0.000000000000000000e+00 0.000000000000000000e+00 0.000000000000000000e+00 0.000000000000000000e+00 0.000000000000000000e+00 0.000000000000000000e+00 0.000000000000000000e+00 0.000000000000000000e+00
2.000000000000000111e-01 7.191294917458339597e-01 0.000000000000000000e+00 2.808705082541658182e-01 0.000000000000000000e+00 0.000000000000000000e+00 0.000000000000000000e+00 -5.328807549122858284e-02 4.462544238783612838e-01 0.000000000000000000e+00 0.000000000000000000e+00 0.000000000000000000e+00 0.000000000000000000e+00 0.000000000000000000e+00 0.000000000000000000e+00 0.000000000000000000e+00 0.000000000000000000e+00
2.999999999999999889e-01 8.377477576701644058e-01 0.000000000000000000e+00 1.622522423298356498e-01 0.000000000000000000e+00 0.000000000000000000e+00 0.000000000000000000e+00 -1.557712473904101502e-01 -3.341600588536816629e-01 0.000000000000000000e+00 0.000000000000000000e+00 0.000000000000000000e+00 0.000000000000000000e+00 0.000000000000000000e+00 0.000000000000000000e+00 0.000000000000000000e+00 0.000000000000000000e+00
4.000000000000000222e-01 2.283941365540386736e-01 0.000000000000000000e+00 7.716058634459628252e-01 0.000000000000000000e+00 0.000000000000000000e+00 0.000000000000000000e+00 -4.043538425446329132e-01 1.128382336176982637e-01 0.000000000000000000e+00 0.000000000000000000e+00 0.000000000000000000e+00 0.000000000000000000e+00 0.000000000000000000e+00 0.000000000000000000e+00 0.000000000000000000e+00 0.000000000000000000e+00
5.000000000000000000e-01 9.231854580317498948e-01 0.000000000000000000e+00 7.681454196824974434e-02 0.000000000000000000e+00 0.000000000000000000e+00 0.000000000000000000e+00 -2.915159782290114437e-02 2.647154725165480338e-01 0.000000000000000000e+00 0.000000000000000000e+00 0.000000000000000000e+00 0.000000000000000000e+00 0.000000000000000000e+00 0.000000000000000000e+00 0.000000000000000000e+00 0.000000000000000000e+00
5.999999999999999778e-01 5.387259675983178120e-01 0.000000000000000000e+00 4.612740324016804117e-01 0.000000000000000000e+00 0.000000000000000000e+00 0.000000000000000000e+00 -2.206938797172885158e-01 -4.470057611725279934e-01 0.000000000000000000e+00 0.000000000000000000e+00 0.000000000000000000e+00 0.000000000000000000e+00 0.000000000000000000e+00 0.000000000000000000e+00 0.000000000000000000e+00 0.000000000000000000e+00
6.999999999999999556e-01 3.455855225784669749e-01 0.000000000000000000e+00 6.544144774215330251e-01 0.000000000000000000e+00 0.000000000000000000e+00 0.000000000000000000e+00 -3.289342463211866185e-01 3.435022373704978982e-01 0.000000000000000000e+00 0.000000000000000000e+00 0.000000000000000000e+00 0.000000000000000000e+00 0.000000000000000000e+00 0.000000000000000000e+00 0.000000000000000000e+00 0.000000000000000000e+00
7.999999999999999334e-01 9.964363779642467778e-01 0.000000000000000000e+00 3.563622035752340555e-03 0.000000000000000000e+00 0.000000000000000000e+00 0.000000000000000000e+00 3.589070494805425560e-03 -5.996053764393217966e-02 0.000000000000000000e+00 0.000000000000000000e+00 0.000000000000000000e+00 0.000000000000000000e+00 0.000000000000000000e+00 0.000000000000000000e+00 0.000000000000000000e+00 0.000000000000000000e+00
8.999999999999999112e-01 2.560204744560927170e-01 0.000000000000000000e+00 7.439795255439070054e-01 0.000000000000000000e+00 0.000000000000000000e+00 0.000000000000000000e+00 -3.014939075028884585e-01 -3.156913415519468913e-01 0.000000000000000000e+00 0.000000000000000000e+00 0.000000000000000000e+00 0.000000000000000000e+00 0.000000000000000000e+00 0.000000000000000000e+00 0.000000000000000000e+00 0.000000000000000000e+00
9.999999999999998890e-01 6.347206175026817165e-01 0.000000000000000000e+00 3.652793824973168402e-01 0.000000000000000000e+00 0.000000000000000000e+00 0.000000000000000000e+00 -2.256606509594384358e-01 4.254972188999404104e-01 0.000000000000000000e+00 0.000000000000000000e+00 0.000000000000000000e+00 0.000000000000000000e+00 0.000000000000000000e+00 0.000000000000000000e+00 0.000000000000000000e+00 0.000000000000000000e+00
1.099999999999999867e+00 8.381879580473662328e-01 0.000000000000000000e+00 1.618120419526354603e-01 0.000000000000000000e+00 0.000000000000000000e+00 0.000000000000000000e+00 -9.011899512859092298e-03 -3.683815004157077744e-01 0.000000000000000000e+00 0.000000000000000000e+00 0.000000000000000000e+00 0.000000000000000000e+00 0.000000000000000000e+00 0.000000000000000000e+00 0.000000000000000000e+00 0.000000000000000000e+00
1.199999999999999956e+00 1.589522861012345467e-01 0.000000000000000000e+00 8.410477138987656476e-01 0.000000000000000000e+00 0.000000000000000000e+00 0.000000000000000000e+00 -3.656450726600884438e-01 -1.344734505632616539e-02 0.000000000000000000e+00 0.000000000000000000e+00 0.000000000000000000e+00 0.000000000000000000e+00 0.000000000000000000e+00 0.000000000000000000e+00 0.000000000000000000e+00 0.000000000000000000e+00
1.300000000000000044e+00 9.098932928353694605e-01 0.000000000000000000e+00 9.010670716463183016e-02 0.000000000000000000e+00 0.000000000000000000e+00 0.000000000000000000e+00 -9.655888584494530524e-02 2.699489212917229319e-01 0.000000000000000000e+00 0.000000000000000000e+00 0.000000000000000000e+00 0.000000000000000000e+00 0.000000000000000000e+00 0.000000000000000000e+00 0.000000000000000000e+00 0.000000000000000000e+00
1.399999999999999911e+00 5.240482989261174840e-01 0.000000000000000000e+00 4.759517010738841813e-01 0.000000000000000000e+00 0.000000000000000000e+00 0.000000000000000000e+00 -9.088289847421628098e-02 -4.912751457229980190e-01 0.000000000000000000e+00 0.000000000000000000e+00 0.000000000000000000e+00 0.000000000000000000e+00 0.000000000000000000e+00 0.000000000000000000e+00 0.000000000000000000e+00 0.000000000000000000e+00
1.500000000000000000e+00 3.093655908452164760e-01 0.000000000000000000e+00 6.906344091547852448e-01 0.000000000000000000e+00 0.000000000000000000e+00 0.000000000000000000e+00 -3.657110824385720327e-01 2.828678967203417383e-01 0.000000000000000000e+00 0.000000000000000000e+00 0.000000000000000000e+00 0.000000000000000000e+00 0.000000000000000000e+00 0.000000000000000000e+00 0.000000000000000000e+00 0.000000000000000000e+00
1.599999999999999867e+00 9.969332027559010267e-01 0.000000000000000000e+00 3.066797244099512317e-03 0.000000000000000000e+00 0.000000000000000000e+00 0.000000000000000000e+00 1.281942624939519729e-02 -5.307889753483917283e-02 0.000000000000000000e+00 0.000000000000000000e+00 0.000000000000000000e+00 0.000000000000000000e+00 0.000000000000000000e+00 0.000000000000000000e+00 0.000000000000000000e+00 0.000000000000000000e+00
1.699999999999999956e+00 2.336695024775533869e-01 0.000000000000000000e+00 7.663304975224459747e-01 0.000000000000000000e+00 0.000000000000000000e+00 0.000000000000000000e+00 -2.224576226023169956e-01 -3.594681225710855133e-01 0.000000000000000000e+00 0.000000000000000000e+00 0.000000000000000000e+00 0.000000000000000000e+00 0.000000000000000000e+00 0.000000000000000000e+00 0.000000000000000000e+00 0.000000000000000000e+00
1.800000000000000044e+00 6.217017538078661865e-01 0.000000000000000000e+00 3.782982461921349793e-01 0.000000000000000000e+00 0.000000000000000000e+00 0.000000000000000000e+00 -2.768930624532942031e-01 3.975188927516650761e-01 0.000000000000000000e+00 0.000000000000000000e+00 0.000000000000000000e+00 0.000000000000000000e+00 0.000000000000000000e+00 0.000000000000000000e+00 0.000000000000000000e+00 0.000000000000000000e+00
1.899999999999999911e+00 8.345094553079965838e-01 0.000000000000000000e+00 1.654905446920024170e-01 0.000000000000000000e+00 0.000000000000000000e+00 0.000000000000000000e+00 4.503036398604971097e-02 -3.684011503367755624e-01 0.000000000000000000e+00 0.000000000000000000e+00 0.000000000000000000e+00 0.000000000000000000e+00 0.000000000000000000e+00 0.000000000000000000e+00 0.000000000000000000e+00 0.000000000000000000e+00
2.000000000000000000e+00 1.396720717651336319e-01 0.000000000000000000e+00 8.603279282348662571e-01 0.000000000000000000e+00 0.000000000000000000e+00 0.000000000000000000e+00 -3.421918766316062732e-01 -5.153976260692031547e-02 0.000000000000000000e+00 0.000000000000000000e+00 0.000000000000000000e+00 0.000000000000000000e+00 0.000000000000000000e+00 0.000000000000000000e+00 0.000000000000000000e+00 0.000000000000000000e+00
2.099999999999999645e+00 9.071632476239985809e-01 0.000000000000000000e+00 9.283675237600289010e-02 0.000000000000000000e+00 0.000000000000000000e+00 0.000000000000000000e+00 -1.259074434165719514e-01 2.598408868175768882e-01 0.000000000000000000e+00 0.000000000000000000e+00 0.000000000000000000e+00 0.000000000000000000e+00 0.000000000000000000e+00 0.000000000000000000e+00 0.000000000000000000e+00 0.000000000000000000e+00
2.199999999999999734e+00 5.142450768689691420e-01 0.000000000000000000e+00 4.857549231310308580e-01 0.000000000000000000e+00 0.000000000000000000e+00 0.000000000000000000e+00 -2.773636446566931507e-02 -4.986988485266162785e-01 0.000000000000000000e+00 0.000000000000000000e+00 0.000000000000000000e+00 0.000000000000000000e+00 0.000000000000000000e+00 0.000000000000000000e+00 0.000000000000000000e+00 0.000000000000000000e+00
2.299999999999999822e+00 2.989176827674281389e-01 0.000000000000000000e+00 7.010823172325714170e-01 0.000000000000000000e+00 0.000000000000000000e+00 0.000000000000000000e+00 -3.808428545016065980e-01 2.530212667693464978e-01 0.000000000000000000e+00 0.000000000000000000e+00 0.000000000000000000e+00 0.000000000000000000e+00 0.000000000000000000e+00 0.000000000000000000e+00 0.000000000000000000e+00 0.000000000000000000e+00
2.399999999999999911e+00 9.961295161426051425e-01 0.000000000000000000e+00 3.870483857395413865e-03 0.000000000000000000e+00 0.000000000000000000e+00 0.000000000000000000e+00 1.872909025998566179e-02 -5.484899491091692336e-02 0.000000000000000000e+00 0.000000000000000000e+00 0.000000000000000000e+00 0.000000000000000000e+00 0.000000000000000000e+00 0.000000000000000000e+00 0.000000000000000000e+00 0.000000000000000000e+00
2.500000000000000000e+00 2.207568084652097584e-01 0.000000000000000000e+00 7.792431915347888260e-01 0.000000000000000000e+00 0.000000000000000000e+00 0.000000000000000000e+00 -1.780854318499208444e-01 -3.737130016262053545e-01 0.000000000000000000e+00 0.000000000000000000e+00 0.000000000000000000e+00 0.000000000000000000e+00 0.000000000000000000e+00 0.000000000000000000e+00 0.000000000000000000e+00 0.000000000000000000e+00
2.600000000000000089e+00 6.182182965840330446e-01 0.000000000000000000e+00 3.817817034159666223e-01 0.000000000000000000e+00 0.000000000000000000e+00 0.000000000000000000e+00 -3.045605405891025352e-01 3.772265056420109897e-01 0.000000000000000000e+00 0.000000000000000000e+00 0.000000000000000000e+00 0.000000000000000000e+00 0.000000000000000000e+00 0.000000000000000000e+00 0.000000000000000000e+00 0.000000000000000000e+00
2.699999999999999734e+00 8.296038136966513710e-01 0.000000000000000000e+00 1.703961863033493784e-01 0.000000000000000000e+00 0.000000000000000000e+00 0.000000000000000000e+00 7.746199815284554591e-02 -3.667689542099383804e-01 0.000000000000000000e+00 0.000000000000000000e+00 0.000000000000000000e+00 0.000000000000000000e+00 0.000000000000000000e+00 0.000000000000000000e+00 0.000000000000000000e+00 0.000000000000000000e+00
2.799999999999999822e+00 1.302760011691398989e-01 0.000000000000000000e+00 8.697239988308587133e-01 0.000000000000000000e+00 0.000000000000000000e+00 0.000000000000000000e+00 -3.274754272959848889e-01 -6.950658339182849699e-02 0.000000000000000000e+00 0.000000000000000000e+00 0.000000000000000000e+00 0.000000000000000000e+00 0.000000000000000000e+00 0.000000000000000000e+00 0.000000000000000000e+00 0.000000000000000000e+00
2.899999999999999911e+00 9.082049402342636801e-01 0.000000000000000000e+00 9.179505976573765214e-02 0.000000000000000000e+00 0.000000000000000000e+00 0.000000000000000000e+00 -1.421782977734933062e-01 2.489817215361797009e-01 0.000000000000000000e+00 0.000000000000000000e+00 0.000000000000000000e+00 0.000000000000000000e+00 0.000000000000000000e+00 0.000000000000000000e+00 0.000000000000000000e+00 0.000000000000000000e+00
3.000000000000000000e+00 5.049592517333990616e-01 0.000000000000000000e+00 4.950407482666013270e-01 0.000000000000000000e+00 0.000000000000000000e+00 0.000000000000000000e+00 1.193246976395720416e-02 -4.984206337299309508e-01 0.000000000000000000e+00 0.000000000000000000e+00 0.000000000000000000e+00 0.000000000000000000e+00 0.000000000000000000e+00 0.000000000000000000e+00 0.000000000000000000e+00 0.000000000000000000e+00
