0.000000000000000000e+00 -6.791506315232867317e-12 -5.704451446170848084e-11 -1.000000000000000000e+00
1.025641025641025605e-01 -1.723331625417099944e-01 1.955692920319795358e-01 -8.197205761259278578e-01
2.051282051282051211e-01 -3.032073327498041593e-01 3.154186523289753685e-01 -3.717521940641407285e-01
3.076923076923077094e-01 -3.640772888559167808e-01 3.282864524482339008e-01 1.409845077336851771e-01
4.102564102564102422e-01 -3.498759493176041291e-01 2.582050382583560566e-01 5.507315812863179394e-01
5.128205128205127750e-01 -2.807209328066657128e-01 1.583048712751891351e-01 8.019083434186057291e-01
6.153846153846154188e-01 -1.907020048622632691e-01 7.399521640703178582e-02 9.252588330279455375e-01
7.179487179487179516e-01 -1.102137739352278961e-01 2.353725425374652430e-02 9.753547024039342928e-01
8.205128205128204844e-01 -5.429174165687090936e-02 2.193250448073967573e-03 9.927158664843961366e-01
9.230769230769230171e-01 -2.283662956688126480e-02 -3.037669870940588532e-03 9.980210860464828748e-01
1.025641025641025550e+00 -8.233717837325973954e-03 -2.527015086889497844e-03 9.994939927928800927e-01
1.128205128205128194e+00 -2.564489819143119312e-03 -1.223480157194672307e-03 9.998742073723820845e-01
1.230769230769230838e+00 -6.988674881694888165e-04 -4.404324910309477146e-04 9.999675372886578373e-01
1.333333333333333259e+00 -1.705420423130486350e-04 -1.255730330780278100e-04 9.999902427820310802e-01
1.435897435897435903e+00 -3.771501782679592110e-05 -2.830767956909099414e-05 9.999961723331625141e-01
1.538461538461538325e+00 -8.335423996723148523e-06 -6.184888915349146542e-06 9.999980119779739995e-01
1.641025641025640969e+00 -1.396257679555312029e-06 -1.141254290921076097e-06 9.999987284380462693e-01
1.743589743589743613e+00 -7.813133783687456005e-07 -7.803093622530007399e-07 9.999990701161630691e-01
1.846153846153846034e+00 -4.794577480136159124e-08 -8.709629096330403724e-07 9.999992591221870120e-01
1.948717948717948678e+00 1.157078521872166470e-07 4.964917030708375286e-08 9.999993754285588787e-01
2.051282051282051100e+00 -3.483081725895697785e-07 -1.595897405069790274e-06 9.999994529699396395e-01
2.153846153846153744e+00 1.076652655157045512e-06 -6.356979914636913782e-07 9.999995080183435858e-01
2.256410256410256387e+00 2.859787508823617542e-08 7.239071464757847049e-08 9.999995491034944228e-01
2.358974358974359031e+00 -9.636082127473381321e-07 6.745127978152762041e-07 9.999995810277453323e-01
2.461538461538461675e+00 -1.606712580608427532e-07 2.503138722708874756e-07 9.999996066527930827e-01
2.564102564102563875e+00 9.491532938944031919e-07 1.592769696797417142e-07 9.999996277734651828e-01
2.666666666666666519e+00 1.025613611166690743e-07 2.580819067515777580e-07 9.999996455575730359e-01
2.769230769230769162e+00 -3.312256110901919053e-07 2.591450045972831354e-07 9.999996607998689058e-01
2.871794871794871806e+00 5.942250216147337237e-07 -2.619446441551512232e-07 9.999996740567419495e-01
2.974358974358974450e+00 5.018056090364786631e-07 1.630360437597958720e-06 9.999996857262910543e-01
3.076923076923076650e+00 -5.211580206807303698e-07 -1.987292514443775348e-07 9.999996961103061466e-01
3.179487179487179294e+00 -9.986880545618362521e-07 -8.486303317407512028e-07 9.999997054256908324e-01
3.282051282051281937e+00 4.405196804297852393e-08 -8.187260375966997684e-07 9.999997138484936210e-01
3.384615384615384581e+00 -9.635134723388785310e-07 -3.391270350823219521e-07 9.999997215123223038e-01
3.487179487179487225e+00 3.106074762963741311e-08 9.065551965395570526e-07 9.999997285271916558e-01
3.589743589743589425e+00 -1.358405792972887466e-06 -1.653016278564636887e-06 9.999997349750847642e-01
3.692307692307692069e+00 -1.475871625106428854e-06 1.198381530118671598e-06 9.999997409350420696e-01
3.794871794871794712e+00 9.266311226450536795e-07 -7.168390638978242136e-07 9.999997464634220457e-01
3.897435897435897356e+00 1.141825028614903109e-06 3.743279799150823220e-07 9.999997516078081849e-01
4.000000000000000000e+00 -3.578049297486599972e-08 1.553146245610983386e-07 9.999997564113264348e-01
