0.000000000000000000e+00 8.010461074388550750e-12 9.374271967079542605e-12 -1.000000000000000000e+00
2.105263157894736725e-01 4.275509834521232788e-01 4.111867392049403103e-01 -7.971636686470260358e-01
4.210526315789473450e-01 7.784186542324248448e-01 4.723138676049316587e-01 -3.202771710997520671e-01
6.315789473684210176e-01 9.073013170910514402e-01 1.762791670915850040e-01 2.077555984966424074e-01
8.421052631578946901e-01 7.045803704964684888e-01 -2.112174056104435260e-01 6.249423041145537594e-01
1.052631578947368363e+00 2.959521491539590654e-01 -3.775069850598719023e-01 8.636255985631002829e-01
1.263157894736842035e+00 -1.953357681251799427e-02 -2.635747789958843290e-01 9.618850004367931472e-01
1.473684210526315708e+00 -1.000237560064729248e-01 -7.628032607961836298e-02 9.917420217887925604e-01
1.684210526315789380e+00 -5.004432548918395784e-02 1.445853486111593408e-02 9.986169964631074203e-01
1.894736842105263053e+00 -5.238418039497060030e-03 1.794033742903392015e-02 9.998240030298640724e-01
2.105263157894736725e+00 4.061284451944147979e-03 4.069466030331751749e-03 9.999834264840190556e-01
2.315789473684210620e+00 1.408763536666010185e-03 -4.981827414472971222e-04 9.999988825516440416e-01
2.526315789473684070e+00 1.886578582424683652e-05 -3.207114163439731859e-04 9.999999483844416170e-01
2.736842105263157521e+00 -4.944205627453715957e-05 -2.266169499865661578e-05 9.999999985259253599e-01
2.947368421052631415e+00 -5.003487821683757403e-06 8.443038458294553010e-06 9.999999999573260245e-01
3.157894736842105310e+00 3.265973533154248690e-06 1.449996981742571809e-06 1.000000000001413980e+00
3.368421052631578760e+00 2.146103907322506913e-07 -3.509475710134472627e-07 1.000000000006999734e+00
3.578947368421052211e+00 5.638721396080787685e-07 7.324218254387235135e-07 1.000000000008691048e+00
3.789473684210526105e+00 2.311702645678425103e-06 -1.347475718145741784e-06 1.000000000005964118e+00
4.000000000000000000e+00 -2.280091034968853090e-06 -4.866010736925973517e-07 1.000000000009818146e+00
