1.000000000000000056e-01 1.003669556928309392e-01 -1.938990911006930468e-02 -9.945726216490444749e-01
2.000000000000000111e-01 1.975517809686659076e-01 -4.608691665779082042e-02 -9.784246784850912926e-01
2.999999999999999889e-01 2.875530838907088271e-01 -8.677706612809972520e-02 -9.519540567469978454e-01
4.000000000000000222e-01 3.648889580666438981e-01 -1.467975228392485176e-01 -9.158027941168195296e-01
5.000000000000000000e-01 4.222152256906366863e-01 -2.292175128820923835e-01 -8.708317986182081416e-01
5.999999999999999778e-01 4.504448384231286573e-01 -3.337517915539057745e-01 -8.180765621860702774e-01
6.999999999999999556e-01 4.395185070327684018e-01 -4.555644170175779384e-01 -7.587095527173948195e-01
7.999999999999999334e-01 3.799535720444493503e-01 -5.843285453096190851e-01 -6.939932920649292125e-01
8.999999999999999112e-01 2.652617069446180365e-01 -7.038285473872261111e-01 -6.252171532996699810e-01
9.999999999999998890e-01 9.496580441690583019e-02 -7.926533890404254823e-01 -5.536804541259175982e-01
1.099999999999999867e+00 -1.223085671297221011e-01 -8.265425923733185076e-01 -4.806325123515127196e-01
1.199999999999999956e+00 -3.663694784493916612e-01 -7.825536082788635550e-01 -4.072153518095156244e-01
1.300000000000000044e+00 -6.050175454711139711e-01 -6.449233739328491533e-01 -3.345150288436474217e-01
1.399999999999999911e+00 -7.965808612763307650e-01 -4.118817475130939210e-01 -2.634074838494760429e-01
1.500000000000000000e+00 -8.963844602829673658e-01 -1.015364106210254747e-01 -1.946916543064844407e-01
1.599999999999999867e+00 -8.670244827114486075e-01 2.452898322766214889e-01 -1.289868202787990692e-01
1.699999999999999956e+00 -6.908356639400408117e-01 5.679416962531226298e-01 -6.676085459674677147e-02
1.800000000000000044e+00 -3.813254638694385523e-01 7.960494335833756541e-01 -8.366142642589608283e-03
1.899999999999999911e+00 1.095702523064656653e-02 8.667664499147718082e-01 4.605325260987272462e-02
2.000000000000000000e+00 4.026706321266515509e-01 7.457624656295480658e-01 9.636176156449240138e-02
2.099999999999999645e+00 6.946991557196950939e-01 4.457338357666262851e-01 1.426439370480631075e-01
2.199999999999999734e+00 8.003283429959436868e-01 3.422207897876716753e-02 1.849563084017604719e-01
2.299999999999999822e+00 6.774889889608239901e-01 -3.764337496475535505e-01 2.235017061867425325e-01
2.399999999999999911e+00 3.532098528235969592e-01 -6.591610573284747421e-01 2.585063203156134359e-01
2.500000000000000000e+00 -7.279267068911482452e-02 -7.161314671764054118e-01 2.902552728823853401e-01
2.600000000000000089e+00 -4.536168339978175479e-01 -5.217533747903494445e-01 3.190303769598069050e-01
2.699999999999999734e+00 -6.467913665334245055e-01 -1.446372754954697581e-01 3.451499425109280650e-01
2.799999999999999822e+00 -5.750289882325415602e-01 2.676127701710090401e-01 3.689090074851583689e-01
2.899999999999999911e+00 -2.687824488645300658e-01 5.431359922725437217e-01 3.906423065086513380e-01
3.000000000000000000e+00 1.351100293991940315e-01 5.621805260451400166e-01 4.106125126346174548e-01
