1.000000000000000056e-01 -1.882533484751828801e-01 -2.314029147693514310e-01 -9.517686039093704586e-01
2.000000000000000111e-01 -3.705439512582322514e-01 -4.165326377944860159e-01 -8.162368483661753826e-01
2.999999999999999889e-01 -5.372778130452074974e-01 -5.207597101793008942e-01 -6.179808589512052475e-01
4.000000000000000222e-01 -6.742468925724107720e-01 -5.290521489408461786e-01 -3.895905024290423069e-01
5.000000000000000000e-01 -7.653143834497412312e-01 -4.480232285710162854e-01 -1.629009452504724675e-01
5.999999999999999778e-01 -7.974174303785060980e-01 -3.021294112943998522e-01 3.786840053852097432e-02
6.999999999999999556e-01 -7.655153712402212873e-01 -1.258539562264104905e-01 1.993981613945609854e-01
7.999999999999999334e-01 -6.751665285586295751e-01 4.532834731733761946e-02 3.188914646993496471e-01
8.999999999999999112e-01 -5.418478699877858906e-01 1.827111153511893071e-01 4.013682005624844562e-01
9.999999999999998890e-01 -3.874282789367937685e-01 2.692609432203795228e-01 4.561397380950225067e-01
1.099999999999999867e+00 -2.351028891698566659e-01 3.010347050998474216e-01 4.936502522079930233e-01
1.199999999999999956e+00 -1.043800097200061339e-01 2.854374133869667651e-01 5.232470414506750211e-01
1.300000000000000044e+00 -7.521077197588058039e-03 2.373187422938561886e-01 5.519233973017734218e-01
1.399999999999999911e+00 5.182744014675789296e-02 1.740590172831522620e-01 5.839356612569617244e-01
1.500000000000000000e+00 7.760498794133854905e-02 1.110862112923268752e-01 6.209997473038531002e-01
1.599999999999999867e+00 7.867113070498747696e-02 5.893461746392122252e-02 6.628131759043077720e-01
1.699999999999999956e+00 6.543017794115851826e-02 2.227328751790311895e-02 7.077508067634908917e-01
1.800000000000000044e+00 4.700096555966104539e-02 8.105636065382573752e-04 7.535434271556264996e-01
1.899999999999999911e+00 2.959930781240780254e-02 -8.804309555909424143e-03 7.978660750929111867e-01
2.000000000000000000e+00 1.626716536314152389e-02 -1.089355096160491386e-02 8.387540180171247917e-01
2.099999999999999645e+00 7.584830076901626431e-03 -9.261421687719624887e-03 8.748368570602665928e-01
2.199999999999999734e+00 2.742083011854869710e-03 -6.502202492585401616e-03 9.054033590397133624e-01
2.299999999999999822e+00 4.930763975494016627e-04 -3.986714456219814240e-03 9.303346559361689305e-01
2.399999999999999911e+00 -3.172657930144426926e-04 -2.182058455531807762e-03 9.499678858993755304e-01
2.500000000000000000e+00 -4.508140095549041876e-04 -1.079682490218211071e-03 9.649308354622329054e-01
2.600000000000000089e+00 -3.522651232220920243e-04 -4.831159842371002939e-04 9.759903029891832116e-01
2.699999999999999734e+00 -2.202089795912687547e-04 -1.970905922075999873e-04 9.839320472332558909e-01
2.799999999999999822e+00 -1.234147690451780385e-04 -7.044674208703239054e-05 9.894814985031735732e-01
2.899999999999999911e+00 -6.192447018358307942e-05 -2.435023570327165431e-05 9.932601142877722777e-01
3.000000000000000000e+00 -2.980963932247366943e-05 -6.083644473183233919e-06 9.957702040326970039e-01
