1.000000000000000056e-01 8.452884763137932106e-03 1.680800395125498295e-02 -9.998172055454618290e-01
2.000000000000000111e-01 1.757202695751926974e-02 3.325824064598258828e-02 -9.992690893572500066e-01
2.999999999999999889e-01 2.799464202219225165e-02 4.896018375248593901e-02 -9.983559951299239010e-01
4.000000000000000222e-01 4.030573125632279374e-02 6.342620417270623812e-02 -9.970789745595048936e-01
5.000000000000000000e-01 5.499879789095422217e-02 7.606038679533407010e-02 -9.954388846896065068e-01
5.999999999999999778e-01 7.242468388517357691e-02 8.610470493688229809e-02 -9.934384902879722645e-01
6.999999999999999556e-01 9.275805750090104773e-02 9.266254885649144457e-02 -9.910778791332052196e-01
7.999999999999999334e-01 1.158808917881635758e-01 9.467021967399141813e-02 -9.883605236856303211e-01
8.999999999999999112e-01 1.413359734883388175e-01 9.095742322097377652e-02 -9.852891313731649836e-01
9.999999999999998890e-01 1.682320377652073151e-01 8.031709133633482822e-02 -9.818663524011936872e-01
1.099999999999999867e+00 1.951731855938481086e-01 6.161186310691502133e-02 -9.780951090967309192e-01
1.199999999999999956e+00 2.201946182562025955e-01 3.393037073740001741e-02 -9.739809583060765608e-01
1.300000000000000044e+00 2.407857084728737829e-01 -3.186520120877084361e-03 -9.695243086155174161e-01
1.399999999999999911e+00 2.539056585888001538e-01 -4.949568653404266827e-02 -9.647323212435306994e-01
1.500000000000000000e+00 2.561970389475173304e-01 -1.038039982859187416e-01 -9.596071392837619562e-01
1.599999999999999867e+00 2.442211816971436300e-01 -1.637178289602791714e-01 -9.541551649126618351e-01
1.699999999999999956e+00 2.149088185863469169e-01 -2.254307314183614519e-01 -9.483804497720629278e-01
1.800000000000000044e+00 1.660986711864649579e-01 -2.836720166063327331e-01 -9.422899796510747494e-01
1.899999999999999911e+00 9.717737072912335794e-02 -3.318823149504973591e-01 -9.358874206950787977e-01
2.000000000000000000e+00 9.779797659602962323e-03 -3.625978478868964183e-01 -9.291790118352981631e-01
2.099999999999999645e+00 -9.163420023676915882e-02 -3.682173823468253282e-01 -9.221726926366865529e-01
2.199999999999999734e+00 -1.994089304956209452e-01 -3.421035841680944434e-01 -9.148691234804163797e-01
2.299999999999999822e+00 -3.027088358558347458e-01 -2.799105670856891215e-01 -9.072847720278806039e-01
2.399999999999999911e+00 -3.881948146852864934e-01 -1.811722714676705925e-01 -8.994194249996443347e-01
2.500000000000000000e+00 -4.413939347904700661e-01 -5.060085344997841683e-02 -8.912749500574953521e-01
2.600000000000000089e+00 -4.487326802014762750e-01 1.009018997077253121e-01 -8.828726368889663334e-01
2.699999999999999734e+00 -4.003965359950544811e-01 2.562155018029635967e-01 -8.742123614406840382e-01
2.799999999999999822e+00 -2.932456705267295627e-01 3.932505715944807356e-01 -8.652940194156086839e-01
2.899999999999999911e+00 -1.334861065221162046e-01 4.875471505029909114e-01 -8.561367896019627111e-01
3.000000000000000000e+00 6.169956198443640738e-02 5.165129820165724750e-01 -8.467417349755302913e-01
