1.000000000000000056e-01 3.071176649607582076e-01 -1.201236319541810205e-01 -9.389925429166369186e-01
2.000000000000000111e-01 5.523463652626708908e-01 -2.516044587867804494e-01 -7.709841582697047890e-01
2.999999999999999889e-01 6.883391812143270228e-01 -3.942794346049968701e-01 -5.359877708897218263e-01
4.000000000000000222e-01 6.936135628484456639e-01 -5.315431784244828428e-01 -2.860591852502503141e-01
5.000000000000000000e-01 5.775739124996759344e-01 -6.349163925269157849e-01 -6.977245621985425639e-02
5.999999999999999778e-01 3.771385537407510591e-01 -6.759575515992820582e-01 8.001610975994871700e-02
6.999999999999999556e-01 1.454005153769724612e-01 -6.392451012022937196e-01 1.512858013048197781e-01
7.999999999999999334e-01 -6.410882660106975717e-02 -5.298954535893116713e-01 1.506765240509707893e-01
8.999999999999999112e-01 -2.119692075502102313e-01 -3.722401303391363880e-01 9.659252879650505330e-02
9.999999999999998890e-01 -2.812585719468807532e-01 -2.009991405026395617e-01 1.132217316713058503e-02
1.099999999999999867e+00 -2.776478595769383273e-01 -4.964473024622344244e-02 -8.506637311974622750e-02
1.199999999999999956e+00 -2.227348907680501144e-01 5.899406822838443309e-02 -1.778376566653542823e-01
1.300000000000000044e+00 -1.442942163297424862e-01 1.168681372285066966e-01 -2.580668177163983890e-01
1.399999999999999911e+00 -6.730615089118137384e-02 1.293833506797232025e-01 -3.215719804353223132e-01
1.500000000000000000e+00 -8.300572651151888470e-03 1.104907239975578964e-01 -3.672948479717208503e-01
1.599999999999999867e+00 2.625943731424969924e-02 7.668862657370217883e-02 -3.958197172150355048e-01
1.699999999999999956e+00 3.837456779860546480e-02 4.202678302570786451e-02 -4.083390730739588359e-01
1.800000000000000044e+00 3.502439496935334101e-02 1.528675709004528524e-02 -4.060518192312665975e-01
1.899999999999999911e+00 2.442845697263396759e-02 -4.962885370068462199e-04 -3.899189565824955350e-01
2.000000000000000000e+00 1.319874523613488899e-02 -6.669829801897876609e-03 -3.606398003017923792e-01
2.099999999999999645e+00 4.985766488047322156e-03 -6.752078952237852705e-03 -3.187591103436623330e-01
2.199999999999999734e+00 6.354908514647921759e-04 -4.369454479601023004e-03 -2.648315782761596071e-01
2.299999999999999822e+00 -7.891888994317382017e-04 -1.957063121292045189e-03 -1.995984518969724231e-01
2.399999999999999911e+00 -7.337648848835735642e-04 -5.017053635276013269e-04 -1.241382541262921746e-01
2.500000000000000000e+00 -3.143759649413386224e-04 3.539994985376698831e-05 -3.996610502298110490e-02
2.600000000000000089e+00 -3.791481853650751190e-05 8.927068383448331977e-05 5.094302437433081282e-02
2.699999999999999734e+00 3.711532680242333841e-05 2.113347733585313140e-05 1.462197152472495820e-01
2.799999999999999822e+00 1.914698728992063394e-05 -1.412493671870151572e-05 2.432399722210022985e-01
2.899999999999999911e+00 7.790979310546930172e-07 -8.949658619706595702e-06 3.393249289026451510e-01
3.000000000000000000e+00 -1.310778229750036581e-07 1.876419629763449318e-06 4.319559914432083425e-01
