1.000000000000000056e-01 9.755283195866906176e-01 1.223584020665475884e-02 1.223584020665475884e-02 0.000000000000000000e+00 -1.891798420228321822e-05 1.092538708178828477e-01 -1.092538708178828477e-01 -1.891798420228321822e-05 0.000000000000000000e+00 1.223584020665475884e-02 0.000000000000000000e+00 0.000000000000000000e+00 0.000000000000000000e+00 0.000000000000000000e+00 0.000000000000000000e+00 0.000000000000000000e+00
3.034482758620690168e-01 7.895014160172542095e-01 1.052492919913727565e-01 1.052492919913727565e-01 0.000000000000000000e+00 -4.707836811875854054e-04 2.882607212788231288e-01 -2.882607212788231288e-01 -4.707836811875854054e-04 0.000000000000000000e+00 1.052492919913727565e-01 0.000000000000000000e+00 0.000000000000000000e+00 0.000000000000000000e+00 0.000000000000000000e+00 0.000000000000000000e+00 0.000000000000000000e+00
5.068965517241379448e-01 4.892170903751442146e-01 2.553914548124285311e-01 2.553914548124285311e-01 0.000000000000000000e+00 -1.671184502539640798e-03 3.534672144070870048e-01 -3.534672144070870048e-01 -1.671184502539640798e-03 0.000000000000000000e+00 2.553914548124285311e-01 0.000000000000000000e+00 0.000000000000000000e+00 0.000000000000000000e+00 0.000000000000000000e+00 0.000000000000000000e+00 0.000000000000000000e+00
7.103448275862068728e-01 1.932304135077912155e-01 4.033847932461029906e-01 4.033847932461029906e-01 0.000000000000000000e+00 -2.748884247069839030e-03 2.791749523424136847e-01 -2.791749523424136847e-01 -2.748884247069839030e-03 0.000000000000000000e+00 4.033847932461029906e-01 0.000000000000000000e+00 0.000000000000000000e+00 0.000000000000000000e+00 0.000000000000000000e+00 0.000000000000000000e+00 0.000000000000000000e+00
9.137931034482759118e-01 1.831409303878188052e-02 4.908429534806094674e-01 4.908429534806094674e-01 0.000000000000000000e+00 -1.683185123482390131e-03 9.479720709229869091e-02 -9.479720709229869091e-02 -1.683185123482390131e-03 0.000000000000000000e+00 4.908429534806094674e-01 0.000000000000000000e+00 0.000000000000000000e+00 0.000000000000000000e+00 0.000000000000000000e+00 0.000000000000000000e+00 0.000000000000000000e+00
1.117241379310345062e+00 3.328611728726366820e-02 4.833569413563682526e-01 4.833569413563682526e-01 0.000000000000000000e+00 3.802957253490729748e-03 -1.267856984994396308e-01 1.267856984994396308e-01 3.802957253490729748e-03 0.000000000000000000e+00 4.833569413563682526e-01 0.000000000000000000e+00 0.000000000000000000e+00 0.000000000000000000e+00 0.000000000000000000e+00 0.000000000000000000e+00 0.000000000000000000e+00
1.320689655172413879e+00 2.318400013862037812e-01 3.840799993068991780e-01 3.840799993068991780e-01 0.000000000000000000e+00 1.489786691966582706e-02 -2.980321477113603845e-01 2.980321477113603845e-01 1.489786691966582706e-02 0.000000000000000000e+00 3.840799993068991780e-01 0.000000000000000000e+00 0.000000000000000000e+00 0.000000000000000000e+00 0.000000000000000000e+00 0.000000000000000000e+00 0.000000000000000000e+00
1.524137931034482918e+00 5.350826702302312610e-01 2.324586648848833148e-01 2.324586648848833148e-01 0.000000000000000000e+00 3.058198835012957209e-02 -3.513535896164065586e-01 3.513535896164065586e-01 3.058198835012957209e-02 0.000000000000000000e+00 2.324586648848833148e-01 0.000000000000000000e+00 0.000000000000000000e+00 0.000000000000000000e+00 0.000000000000000000e+00 0.000000000000000000e+00 0.000000000000000000e+00
1.727586206896551957e+00 8.227954332101874435e-01 8.860228339490586191e-02 8.860228339490586191e-02 0.000000000000000000e+00 4.737453949793926644e-02 -2.658142341373660456e-01 2.658142341373660456e-01 4.737453949793926644e-02 0.000000000000000000e+00 8.860228339490586191e-02 0.000000000000000000e+00 0.000000000000000000e+00 0.000000000000000000e+00 0.000000000000000000e+00 0.000000000000000000e+00 0.000000000000000000e+00
1.931034482758620996e+00 9.810139419535620631e-01 9.493029023219023976e-03 9.493029023219023976e-03 0.000000000000000000e+00 6.024947943114940946e-02 -7.538430465772000266e-02 7.538430465772000266e-02 6.024947943114940946e-02 0.000000000000000000e+00 9.493029023219023976e-03 0.000000000000000000e+00 0.000000000000000000e+00 0.000000000000000000e+00 0.000000000000000000e+00 0.000000000000000000e+00 0.000000000000000000e+00
2.134482758620690035e+00 9.471182682594989632e-01 2.644086587025156268e-02 2.644086587025156268e-02 0.000000000000000000e+00 6.448106498679971599e-02 1.445158092352532564e-01 -1.445158092352532564e-01 6.448106498679971599e-02 0.000000000000000000e+00 2.644086587025156268e-02 0.000000000000000000e+00 0.000000000000000000e+00 0.000000000000000000e+00 0.000000000000000000e+00 0.000000000000000000e+00 0.000000000000000000e+00
2.337931034482759074e+00 7.345858094453596721e-01 1.327070952773210244e-01 1.327070952773210244e-01 0.000000000000000000e+00 5.772076943752728340e-02 3.068437087820268250e-01 -3.068437087820268250e-01 5.772076943752728340e-02 0.000000000000000000e+00 1.327070952773210244e-01 0.000000000000000000e+00 0.000000000000000000e+00 0.000000000000000000e+00 0.000000000000000000e+00 0.000000000000000000e+00 0.000000000000000000e+00
2.541379310344827669e+00 4.276065368995083382e-01 2.861967315502467191e-01 2.861967315502467191e-01 0.000000000000000000e+00 4.138898157171503472e-02 3.473709050488882899e-01 -3.473709050488882899e-01 4.138898157171503472e-02 0.000000000000000000e+00 2.861967315502467191e-01 0.000000000000000000e+00 0.000000000000000000e+00 0.000000000000000000e+00 0.000000000000000000e+00 0.000000000000000000e+00 0.000000000000000000e+00
2.744827586206896708e+00 1.477340534137978056e-01 4.261329732931006808e-01 4.261329732931006808e-01 0.000000000000000000e+00 2.067564440967960271e-02 2.500537315648431180e-01 -2.500537315648431180e-01 2.067564440967960271e-02 0.000000000000000000e+00 4.261329732931006808e-01 0.000000000000000000e+00 0.000000000000000000e+00 0.000000000000000000e+00 0.000000000000000000e+00 0.000000000000000000e+00 0.000000000000000000e+00
2.948275862068965747e+00 5.747176304692886047e-03 4.971264118476546590e-01 4.971264118476546590e-01 0.000000000000000000e+00 2.964857811753306063e-03 5.336930786514670205e-02 -5.336930786514670205e-02 2.964857811753306063e-03 0.000000000000000000e+00 4.971264118476546590e-01 0.000000000000000000e+00 0.000000000000000000e+00 0.000000000000000000e+00 0.000000000000000000e+00 0.000000000000000000e+00 0.000000000000000000e+00
3.151724137931034786e+00 5.779356320595183116e-02 4.711032183970229603e-01 4.711032183970229603e-01 0.000000000000000000e+00 -4.832602983503169608e-03 -1.649344704236451464e-01 1.649344704236451464e-01 -4.832602983503169608e-03 0.000000000000000000e+00 4.711032183970229603e-01 0.000000000000000000e+00 0.000000000000000000e+00 0.000000000000000000e+00 0.000000000000000000e+00 0.000000000000000000e+00 0.000000000000000000e+00
3.355172413793103825e+00 2.831871033029942364e-01 3.584064483485027708e-01 3.584064483485027708e-01 0.000000000000000000e+00 9.644464028306070757e-04 -3.185830401214248542e-01 3.185830401214248542e-01 9.644464028306070757e-04 0.000000000000000000e+00 3.584064483485027708e-01 0.000000000000000000e+00 0.000000000000000000e+00 0.000000000000000000e+00 0.000000000000000000e+00 0.000000000000000000e+00 0.000000000000000000e+00
3.558620689655172864e+00 5.926152807913174225e-01 2.036923596043429263e-01 2.036923596043429263e-01 0.000000000000000000e+00 1.908636784616699750e-02 -3.469105293780638255e-01 3.469105293780638255e-01 1.908636784616699750e-02 0.000000000000000000e+00 2.036923596043429263e-01 0.000000000000000000e+00 0.000000000000000000e+00 0.000000000000000000e+00 0.000000000000000000e+00 0.000000000000000000e+00 0.000000000000000000e+00
3.762068965517241903e+00 8.635194148020528537e-01 6.824029259897326782e-02 6.824029259897326782e-02 0.000000000000000000e+00 4.342969403756664210e-02 -2.388319057710657223e-01 2.388319057710657223e-01 4.342969403756664210e-02 0.000000000000000000e+00 6.824029259897326782e-02 0.000000000000000000e+00 0.000000000000000000e+00 0.000000000000000000e+00 0.000000000000000000e+00 0.000000000000000000e+00 0.000000000000000000e+00
3.965517241379310942e+00 9.886232616751093882e-01 5.688369162445115930e-03 5.688369162445115930e-03 0.000000000000000000e+00 6.510911826280155190e-02 -3.720828875761400534e-02 3.720828875761400534e-02 6.510911826280155190e-02 0.000000000000000000e+00 5.688369162445115930e-03 0.000000000000000000e+00 0.000000000000000000e+00 0.000000000000000000e+00 0.000000000000000000e+00 0.000000000000000000e+00 0.000000000000000000e+00
4.168965517241379537e+00 9.184027775466390153e-01 4.079861122668182460e-02 4.079861122668182460e-02 0.000000000000000000e+00 7.575939007458516727e-02 1.781293686048009972e-01 -1.781293686048009972e-01 7.575939007458516727e-02 0.000000000000000000e+00 4.079861122668182460e-02 0.000000000000000000e+00 0.000000000000000000e+00 0.000000000000000000e+00 0.000000000000000000e+00 0.000000000000000000e+00 0.000000000000000000e+00
4.372413793103448576e+00 6.806814432350299926e-01 1.596592783824849482e-01 1.596592783824849482e-01 0.000000000000000000e+00 7.084233639569587071e-02 3.219603562115114226e-01 -3.219603562115114226e-01 7.084233639569587071e-02 0.000000000000000000e+00 1.596592783824849482e-01 0.000000000000000000e+00 0.000000000000000000e+00 0.000000000000000000e+00 0.000000000000000000e+00 0.000000000000000000e+00 0.000000000000000000e+00
4.575862068965517615e+00 3.695980754237507271e-01 3.152009622881228323e-01 3.152009622881228323e-01 0.000000000000000000e+00 5.162959356869752103e-02 3.373900632780282294e-01 -3.373900632780282294e-01 5.162959356869752103e-02 0.000000000000000000e+00 3.152009622881228323e-01 0.000000000000000000e+00 0.000000000000000000e+00 0.000000000000000000e+00 0.000000000000000000e+00 0.000000000000000000e+00 0.000000000000000000e+00
4.779310344827586654e+00 1.083198171111869612e-01 4.458400914444064500e-01 4.458400914444064500e-01 0.000000000000000000e+00 2.499960480165833859e-02 2.183307905758587464e-01 -2.183307905758587464e-01 2.499960480165833859e-02 0.000000000000000000e+00 4.458400914444064500e-01 0.000000000000000000e+00 0.000000000000000000e+00 0.000000000000000000e+00 0.000000000000000000e+00 0.000000000000000000e+00 0.000000000000000000e+00
4.982758620689654805e+00 2.851747587780397667e-04 4.998574126206111745e-01 4.998574126206111745e-01 0.000000000000000000e+00 1.004169191589092316e-03 1.189691553295021964e-02 -1.189691553295021964e-02 1.004169191589092316e-03 0.000000000000000000e+00 4.998574126206111745e-01 0.000000000000000000e+00 0.000000000000000000e+00 0.000000000000000000e+00 0.000000000000000000e+00 0.000000000000000000e+00 0.000000000000000000e+00
5.186206896551723844e+00 8.823310286894681109e-02 4.558834485655259838e-01 4.558834485655259838e-01 0.000000000000000000e+00 -1.093059031670346425e-02 -2.002611590418097998e-01 2.002611590418097998e-01 -1.093059031670346425e-02 0.000000000000000000e+00 4.558834485655259838e-01 0.000000000000000000e+00 0.000000000000000000e+00 0.000000000000000000e+00 0.000000000000000000e+00 0.000000000000000000e+00 0.000000000000000000e+00
5.389655172413792883e+00 3.373056017225339875e-01 3.313471991387312299e-01 3.313471991387312299e-01 0.000000000000000000e+00 -5.729817264831671246e-03 -3.342640211300519915e-01 3.342640211300519915e-01 -5.729817264831671246e-03 0.000000000000000000e+00 3.313471991387312299e-01 0.000000000000000000e+00 0.000000000000000000e+00 0.000000000000000000e+00 0.000000000000000000e+00 0.000000000000000000e+00 0.000000000000000000e+00
5.593103448275861922e+00 6.488581508416735311e-01 1.755709245791626794e-01 1.755709245791626794e-01 0.000000000000000000e+00 1.517622357050758992e-02 -3.371799308342784407e-01 3.371799308342784407e-01 1.517622357050758992e-02 0.000000000000000000e+00 1.755709245791626794e-01 0.000000000000000000e+00 0.000000000000000000e+00 0.000000000000000000e+00 0.000000000000000000e+00 0.000000000000000000e+00 0.000000000000000000e+00
5.796551724137930961e+00 8.995105806480220290e-01 5.024470967598865245e-02 5.024470967598865245e-02 0.000000000000000000e+00 4.417348254386915807e-02 -2.079527613799701802e-01 2.079527613799701802e-01 4.417348254386915807e-02 0.000000000000000000e+00 5.024470967598865245e-02 0.000000000000000000e+00 0.000000000000000000e+00 0.000000000000000000e+00 0.000000000000000000e+00 0.000000000000000000e+00 0.000000000000000000e+00
6.000000000000000000e+00 9.900235202742444507e-01 4.988239862877081633e-03 4.988239862877081633e-03 0.000000000000000000e+00 7.023950381340053617e-02 2.209897936835828695e-03 -2.209897936835828695e-03 7.023950381340053617e-02 0.000000000000000000e+00 4.988239862877081633e-03 0.000000000000000000e+00 0.000000000000000000e+00 0.000000000000000000e+00 0.000000000000000000e+00 0.000000000000000000e+00 0.000000000000000000e+00
