1.000000000000000056e-01 9.755285174070726928e-01 1.223574129646473607e-02 1.223574129646473607e-02 0.000000000000000000e+00 -3.789842588540703422e-05 1.092534353673758341e-01 -1.092534353673758341e-01 -3.789842588540703422e-05 0.000000000000000000e+00 1.223574129646473607e-02 0.000000000000000000e+00 0.000000000000000000e+00 0.000000000000000000e+00 0.000000000000000000e+00 0.000000000000000000e+00 0.000000000000000000e+00
3.034482758620690168e-01 7.895255087637430558e-01 1.052372456181294574e-01 1.052372456181294574e-01 0.000000000000000000e+00 -9.396278260752964455e-04 2.882474752514494476e-01 -2.882474752514494476e-01 -9.396278260752964455e-04 0.000000000000000000e+00 1.052372456181294574e-01 0.000000000000000000e+00 0.000000000000000000e+00 0.000000000000000000e+00 0.000000000000000000e+00 0.000000000000000000e+00 0.000000000000000000e+00
5.068965517241379448e-01 4.893609359150801197e-01 2.553195320424586634e-01 2.553195320424586634e-01 0.000000000000000000e+00 -3.335339154759166518e-03 3.534576080238020501e-01 -3.534576080238020501e-01 -3.335339154759166518e-03 0.000000000000000000e+00 2.553195320424586634e-01 0.000000000000000000e+00 0.000000000000000000e+00 0.000000000000000000e+00 0.000000000000000000e+00 0.000000000000000000e+00 0.000000000000000000e+00
7.103448275862068728e-01 1.935632459664847760e-01 4.032183770167580006e-01 4.032183770167580006e-01 0.000000000000000000e+00 -5.488423922260542327e-03 2.793172659527500268e-01 -2.793172659527500268e-01 -5.488423922260542327e-03 0.000000000000000000e+00 4.032183770167580006e-01 0.000000000000000000e+00 0.000000000000000000e+00 0.000000000000000000e+00 0.000000000000000000e+00 0.000000000000000000e+00 0.000000000000000000e+00
9.137931034482759118e-01 1.857895588357470068e-02 4.907105220582134164e-01 4.907105220582134164e-01 0.000000000000000000e+00 -3.380020087644446027e-03 9.542255866077263560e-02 -9.542255866077263560e-02 -3.380020087644446027e-03 0.000000000000000000e+00 4.907105220582134164e-01 0.000000000000000000e+00 0.000000000000000000e+00 0.000000000000000000e+00 0.000000000000000000e+00 0.000000000000000000e+00 0.000000000000000000e+00
1.117241379310345062e+00 3.255431886814616482e-02 4.837228405659269592e-01 4.837228405659269592e-01 0.000000000000000000e+00 7.494784332627316310e-03 -1.252641039843693793e-01 1.252641039843693793e-01 7.494784332627316310e-03 0.000000000000000000e+00 4.837228405659269592e-01 0.000000000000000000e+00 0.000000000000000000e+00 0.000000000000000000e+00 0.000000000000000000e+00 0.000000000000000000e+00 0.000000000000000000e+00
1.320689655172413879e+00 2.284081373409330151e-01 3.857959313295323822e-01 3.857959313295323822e-01 0.000000000000000000e+00 2.944772742491548120e-02 -2.953840911099193112e-01 2.953840911099193112e-01 2.944772742491548120e-02 0.000000000000000000e+00 3.857959313295323822e-01 0.000000000000000000e+00 0.000000000000000000e+00 0.000000000000000000e+00 0.000000000000000000e+00 0.000000000000000000e+00 0.000000000000000000e+00
1.524137931034482918e+00 5.268367639990473306e-01 2.365816180004766955e-01 2.365816180004766955e-01 0.000000000000000000e+00 6.037676852502769920e-02 -3.478426941486116863e-01 3.478426941486116863e-01 6.037676852502769920e-02 0.000000000000000000e+00 2.365816180004766955e-01 0.000000000000000000e+00 0.000000000000000000e+00 0.000000000000000000e+00 0.000000000000000000e+00 0.000000000000000000e+00 0.000000000000000000e+00
1.727586206896551957e+00 8.080544543931107437e-01 9.597277280344600203e-02 9.597277280344600203e-02 0.000000000000000000e+00 9.330853286566566374e-02 -2.623828195754868142e-01 2.623828195754868142e-01 9.330853286566566374e-02 0.000000000000000000e+00 9.597277280344600203e-02 0.000000000000000000e+00 0.000000000000000000e+00 0.000000000000000000e+00 0.000000000000000000e+00 0.000000000000000000e+00 0.000000000000000000e+00
1.931034482758620996e+00 9.595784179297153216e-01 2.021079103514276248e-02 2.021079103514276248e-02 0.000000000000000000e+00 1.182663181799571556e-01 -7.353174125487604851e-02 7.353174125487604851e-02 1.182663181799571556e-01 0.000000000000000000e+00 2.021079103514276248e-02 0.000000000000000000e+00 0.000000000000000000e+00 0.000000000000000000e+00 0.000000000000000000e+00 0.000000000000000000e+00 0.000000000000000000e+00
2.134482758620690035e+00 9.209999219987385910e-01 3.950003900063068368e-02 3.950003900063068368e-02 0.000000000000000000e+00 1.259833310846439625e-01 1.432052127490901494e-01 -1.432052127490901494e-01 1.259833310846439625e-01 0.000000000000000000e+00 3.950003900063068368e-02 0.000000000000000000e+00 0.000000000000000000e+00 0.000000000000000000e+00 0.000000000000000000e+00 0.000000000000000000e+00 0.000000000000000000e+00
2.337931034482759074e+00 7.079442969494540439e-01 1.460278515252735332e-01 1.460278515252735332e-01 0.000000000000000000e+00 1.120133792067243561e-01 3.013844513670974057e-01 -3.013844513670974057e-01 1.120133792067243561e-01 0.000000000000000000e+00 1.460278515252735332e-01 0.000000000000000000e+00 0.000000000000000000e+00 0.000000000000000000e+00 0.000000000000000000e+00 0.000000000000000000e+00 0.000000000000000000e+00
2.541379310344827669e+00 4.056602062126173358e-01 2.971698968936922203e-01 2.971698968936922203e-01 0.000000000000000000e+00 7.943666023924926545e-02 3.379938143188473965e-01 -3.379938143188473965e-01 7.943666023924926545e-02 0.000000000000000000e+00 2.971698968936922203e-01 0.000000000000000000e+00 0.000000000000000000e+00 0.000000000000000000e+00 0.000000000000000000e+00 0.000000000000000000e+00 0.000000000000000000e+00
2.744827586206896708e+00 1.348917414336016363e-01 4.325541292831998619e-01 4.325541292831998619e-01 0.000000000000000000e+00 3.873949607284049579e-02 2.384265742792557319e-01 -2.384265742792557319e-01 3.873949607284049579e-02 0.000000000000000000e+00 4.325541292831998619e-01 0.000000000000000000e+00 0.000000000000000000e+00 0.000000000000000000e+00 0.000000000000000000e+00 0.000000000000000000e+00 0.000000000000000000e+00
2.948275862068965747e+00 3.617668535605039586e-03 4.981911657321961839e-01 4.981911657321961839e-01 0.000000000000000000e+00 4.569748525247789919e-03 4.220672583581822762e-02 -4.220672583581822762e-02 4.569748525247789919e-03 0.000000000000000000e+00 4.981911657321961839e-01 0.000000000000000000e+00 0.000000000000000000e+00 0.000000000000000000e+00 0.000000000000000000e+00 0.000000000000000000e+00 0.000000000000000000e+00
3.151724137931034786e+00 6.399470776014681839e-02 4.680026461199279786e-01 4.680026461199279786e-01 0.000000000000000000e+00 -9.612160255007762971e-03 -1.727926459438482165e-01 1.727926459438482165e-01 -9.612160255007762971e-03 0.000000000000000000e+00 4.680026461199279786e-01 0.000000000000000000e+00 0.000000000000000000e+00 0.000000000000000000e+00 0.000000000000000000e+00 0.000000000000000000e+00 0.000000000000000000e+00
3.355172413793103825e+00 2.915974275157611761e-01 3.542012862421205499e-01 3.542012862421205499e-01 0.000000000000000000e+00 3.026281139781789899e-03 -3.213643174549139503e-01 3.213643174549139503e-01 3.026281139781789899e-03 0.000000000000000000e+00 3.542012862421205499e-01 0.000000000000000000e+00 0.000000000000000000e+00 0.000000000000000000e+00 0.000000000000000000e+00 0.000000000000000000e+00 0.000000000000000000e+00
3.558620689655172864e+00 5.952572774027722335e-01 2.023713612986136612e-01 2.023713612986136612e-01 0.000000000000000000e+00 3.944035542954274498e-02 -3.448296440434899246e-01 3.448296440434899246e-01 3.944035542954274498e-02 0.000000000000000000e+00 2.023713612986136612e-01 0.000000000000000000e+00 0.000000000000000000e+00 0.000000000000000000e+00 0.000000000000000000e+00 0.000000000000000000e+00 0.000000000000000000e+00
3.762068965517241903e+00 8.535486230776263561e-01 7.322568846118671093e-02 7.322568846118671093e-02 0.000000000000000000e+00 8.715453280671779657e-02 -2.343198088450324790e-01 2.343198088450324790e-01 8.715453280671779657e-02 0.000000000000000000e+00 7.322568846118671093e-02 0.000000000000000000e+00 0.000000000000000000e+00 0.000000000000000000e+00 0.000000000000000000e+00 0.000000000000000000e+00 0.000000000000000000e+00
3.965517241379310942e+00 9.632660435392772502e-01 1.836697823036188490e-02 1.836697823036188490e-02 0.000000000000000000e+00 1.285347587868143071e-01 -3.422136491507078715e-02 3.422136491507078715e-02 1.285347587868143071e-01 0.000000000000000000e+00 1.836697823036188490e-02 0.000000000000000000e+00 0.000000000000000000e+00 0.000000000000000000e+00 0.000000000000000000e+00 0.000000000000000000e+00 0.000000000000000000e+00
4.168965517241379537e+00 8.806401501238126928e-01 5.967992493809328586e-02 5.967992493809328586e-02 0.000000000000000000e+00 1.474188879901098259e-01 1.755682447341809782e-01 -1.755682447341809782e-01 1.474188879901098259e-01 0.000000000000000000e+00 5.967992493809328586e-02 0.000000000000000000e+00 0.000000000000000000e+00 0.000000000000000000e+00 0.000000000000000000e+00 0.000000000000000000e+00 0.000000000000000000e+00
4.372413793103448576e+00 6.387485625624305108e-01 1.806257187187852720e-01 1.806257187187852720e-01 0.000000000000000000e+00 1.355768746814788039e-01 3.114375208594709621e-01 -3.114375208594709621e-01 1.355768746814788039e-01 0.000000000000000000e+00 1.806257187187852720e-01 0.000000000000000000e+00 0.000000000000000000e+00 0.000000000000000000e+00 0.000000000000000000e+00 0.000000000000000000e+00 0.000000000000000000e+00
4.575862068965517615e+00 3.342444424339616194e-01 3.328777787830191071e-01 3.328777787830191071e-01 0.000000000000000000e+00 9.638046017679087474e-02 3.193326689350353687e-01 -3.193326689350353687e-01 9.638046017679087474e-02 0.000000000000000000e+00 3.328777787830191071e-01 0.000000000000000000e+00 0.000000000000000000e+00 0.000000000000000000e+00 0.000000000000000000e+00 0.000000000000000000e+00 0.000000000000000000e+00
4.779310344827586654e+00 8.872491116658109966e-02 4.556375444167104494e-01 4.556375444167104494e-01 0.000000000000000000e+00 4.404694098725387558e-02 1.961791739390449651e-01 -1.961791739390449651e-01 4.404694098725387558e-02 0.000000000000000000e+00 4.556375444167104494e-01 0.000000000000000000e+00 0.000000000000000000e+00 0.000000000000000000e+00 0.000000000000000000e+00 0.000000000000000000e+00 0.000000000000000000e+00
4.982758620689654805e+00 1.653513651512590794e-04 4.999173243174245274e-01 4.999173243174245274e-01 0.000000000000000000e+00 -1.469630173882520777e-03 -8.972205806643995113e-03 8.972205806643995113e-03 -1.469630173882520777e-03 0.000000000000000000e+00 4.999173243174245274e-01 0.000000000000000000e+00 0.000000000000000000e+00 0.000000000000000000e+00 0.000000000000000000e+00 0.000000000000000000e+00 0.000000000000000000e+00
5.186206896551723844e+00 1.038035894190832281e-01 4.480982052904568524e-01 4.480982052904568524e-01 0.000000000000000000e+00 -2.211328375401754726e-02 -2.145348518175190233e-01 2.145348518175190233e-01 -2.211328375401754726e-02 0.000000000000000000e+00 4.480982052904568524e-01 0.000000000000000000e+00 0.000000000000000000e+00 0.000000000000000000e+00 0.000000000000000000e+00 0.000000000000000000e+00 0.000000000000000000e+00
5.389655172413792883e+00 3.581133977600158835e-01 3.209433011199935848e-01 3.209433011199935848e-01 0.000000000000000000e+00 -8.935746399806966667e-03 -3.389015287202241100e-01 3.389015287202241100e-01 -8.935746399806966667e-03 0.000000000000000000e+00 3.209433011199935848e-01 0.000000000000000000e+00 0.000000000000000000e+00 0.000000000000000000e+00 0.000000000000000000e+00 0.000000000000000000e+00 0.000000000000000000e+00
5.593103448275861922e+00 6.614175094579768377e-01 1.692912452710116367e-01 1.692912452710116367e-01 0.000000000000000000e+00 3.402300999757123384e-02 -3.328883080635670066e-01 3.328883080635670066e-01 3.402300999757123384e-02 0.000000000000000000e+00 1.692912452710116367e-01 0.000000000000000000e+00 0.000000000000000000e+00 0.000000000000000000e+00 0.000000000000000000e+00 0.000000000000000000e+00 0.000000000000000000e+00
5.796551724137930961e+00 8.925231074067766501e-01 5.373844629661095329e-02 5.373844629661095329e-02 0.000000000000000000e+00 9.086608230332679503e-02 -1.992640473885871621e-01 1.992640473885871621e-01 9.086608230332679503e-02 0.000000000000000000e+00 5.373844629661095329e-02 0.000000000000000000e+00 0.000000000000000000e+00 0.000000000000000000e+00 0.000000000000000000e+00 0.000000000000000000e+00 0.000000000000000000e+00
6.000000000000000000e+00 9.591395852476335415e-01 2.043020737618477661e-02 2.043020737618477661e-02 0.000000000000000000e+00 1.397279097446268437e-01 8.457380156582384664e-03 -8.457380156582384664e-03 1.397279097446268437e-01 0.000000000000000000e+00 2.043020737618477661e-02 0.000000000000000000e+00 0.000000000000000000e+00 0.000000000000000000e+00 0.000000000000000000e+00 0.000000000000000000e+00 0.000000000000000000e+00
