1.000000000000000056e-01 9.755301017932032082e-01 1.223494910339809928e-02 1.223494910339809928e-02 0.000000000000000000e+00 -7.535777494742295431e-05 1.092499677978258088e-01 -1.092499677978258088e-01 -7.535777494742295431e-05 0.000000000000000000e+00 1.223494910339809928e-02 0.000000000000000000e+00 0.000000000000000000e+00 0.000000000000000000e+00 0.000000000000000000e+00 0.000000000000000000e+00 0.000000000000000000e+00
3.034482758620690168e-01 7.896191836575318090e-01 1.051904081712341371e-01 1.051904081712341371e-01 0.000000000000000000e+00 -1.864233585862935718e-03 2.881959209830521340e-01 -2.881959209830521340e-01 -1.864233585862935718e-03 0.000000000000000000e+00 1.051904081712341371e-01 0.000000000000000000e+00 0.000000000000000000e+00 0.000000000000000000e+00 0.000000000000000000e+00 0.000000000000000000e+00 0.000000000000000000e+00
5.068965517241379448e-01 4.899151018324945928e-01 2.550424490837540081e-01 2.550424490837540081e-01 0.000000000000000000e+00 -6.616250261223740291e-03 3.534195419419339235e-01 -3.534195419419339235e-01 -6.616250261223740291e-03 0.000000000000000000e+00 2.550424490837540081e-01 0.000000000000000000e+00 0.000000000000000000e+00 0.000000000000000000e+00 0.000000000000000000e+00 0.000000000000000000e+00 0.000000000000000000e+00
7.103448275862068728e-01 1.948517300372415995e-01 4.025741349813795611e-01 4.025741349813795611e-01 0.000000000000000000e+00 -1.090411162975301815e-02 2.798631219681381177e-01 -2.798631219681381177e-01 -1.090411162975301815e-02 0.000000000000000000e+00 4.025741349813795611e-01 0.000000000000000000e+00 0.000000000000000000e+00 0.000000000000000000e+00 0.000000000000000000e+00 0.000000000000000000e+00 0.000000000000000000e+00
9.137931034482759118e-01 1.961761488238931983e-02 4.901911925588054442e-01 4.901911925588054442e-01 0.000000000000000000e+00 -6.866483569533152892e-03 9.782245911375166136e-02 -9.782245911375166136e-02 -6.866483569533152892e-03 0.000000000000000000e+00 4.901911925588054442e-01 0.000000000000000000e+00 0.000000000000000000e+00 0.000000000000000000e+00 0.000000000000000000e+00 0.000000000000000000e+00 0.000000000000000000e+00
1.117241379310345062e+00 2.981451353163596524e-02 4.850927432341823886e-01 4.850927432341823886e-01 0.000000000000000000e+00 1.414671531883398420e-02 -1.194264404600032525e-01 1.194264404600032525e-01 1.414671531883398420e-02 0.000000000000000000e+00 4.850927432341823886e-01 0.000000000000000000e+00 0.000000000000000000e+00 0.000000000000000000e+00 0.000000000000000000e+00 0.000000000000000000e+00 0.000000000000000000e+00
1.320689655172413879e+00 2.154596595287018856e-01 3.922701702356475306e-01 3.922701702356475306e-01 0.000000000000000000e+00 5.625664476507288847e-02 -2.852255024305648812e-01 2.852255024305648812e-01 5.625664476507288847e-02 0.000000000000000000e+00 3.922701702356475306e-01 0.000000000000000000e+00 0.000000000000000000e+00 0.000000000000000000e+00 0.000000000000000000e+00 0.000000000000000000e+00 0.000000000000000000e+00
1.524137931034482918e+00 4.958137514138569735e-01 2.520931242930705141e-01 2.520931242930705141e-01 0.000000000000000000e+00 1.148142206490982420e-01 -3.343784271093143690e-01 3.343784271093143690e-01 1.148142206490982420e-01 0.000000000000000000e+00 2.520931242930705141e-01 0.000000000000000000e+00 0.000000000000000000e+00 0.000000000000000000e+00 0.000000000000000000e+00 0.000000000000000000e+00 0.000000000000000000e+00
1.727586206896551957e+00 7.529430084372200627e-01 1.235284957813891221e-01 1.235284957813891221e-01 0.000000000000000000e+00 1.758065725103164501e-01 -2.492026611049502627e-01 2.492026611049502627e-01 1.758065725103164501e-01 0.000000000000000000e+00 1.235284957813891221e-01 0.000000000000000000e+00 0.000000000000000000e+00 0.000000000000000000e+00 0.000000000000000000e+00 0.000000000000000000e+00 0.000000000000000000e+00
1.931034482758620996e+00 8.801208547308072561e-01 5.993957263459729484e-02 5.993957263459729484e-02 0.000000000000000000e+00 2.199034309331134029e-01 -6.630647736384194524e-02 6.630647736384194524e-02 2.199034309331134029e-01 0.000000000000000000e+00 5.993957263459729484e-02 0.000000000000000000e+00 0.000000000000000000e+00 0.000000000000000000e+00 0.000000000000000000e+00 0.000000000000000000e+00 0.000000000000000000e+00
2.134482758620690035e+00 8.253224281287714348e-01 8.733878593561429649e-02 8.733878593561429649e-02 0.000000000000000000e+00 2.299741330641086878e-01 1.385444221631941530e-01 -1.385444221631941530e-01 2.299741330641086878e-01 0.000000000000000000e+00 8.733878593561429649e-02 0.000000000000000000e+00 0.000000000000000000e+00 0.000000000000000000e+00 0.000000000000000000e+00 0.000000000000000000e+00 0.000000000000000000e+00
2.337931034482759074e+00 6.119773481387934533e-01 1.940113259306037730e-01 1.940113259306037730e-01 0.000000000000000000e+00 1.990321162410203237e-01 2.812770052483707373e-01 -2.812770052483707373e-01 1.990321162410203237e-01 0.000000000000000000e+00 1.940113259306037730e-01 0.000000000000000000e+00 0.000000000000000000e+00 0.000000000000000000e+00 0.000000000000000000e+00 0.000000000000000000e+00 0.000000000000000000e+00
2.541379310344827669e+00 3.287174141952787232e-01 3.356412929023607217e-01 3.356412929023607217e-01 0.000000000000000000e+00 1.349438624907139117e-01 3.035148957735449571e-01 -3.035148957735449571e-01 1.349438624907139117e-01 0.000000000000000000e+00 3.356412929023607217e-01 0.000000000000000000e+00 0.000000000000000000e+00 0.000000000000000000e+00 0.000000000000000000e+00 0.000000000000000000e+00 0.000000000000000000e+00
2.744827586206896708e+00 9.243744199992126598e-02 4.537812790000390062e-01 4.537812790000390062e-01 0.000000000000000000e+00 5.933391420298807922e-02 1.960251700641779393e-01 -1.960251700641779393e-01 5.933391420298807922e-02 0.000000000000000000e+00 4.537812790000390062e-01 0.000000000000000000e+00 0.000000000000000000e+00 0.000000000000000000e+00 0.000000000000000000e+00 0.000000000000000000e+00 0.000000000000000000e+00
2.948275862068965747e+00 9.555108099191818289e-06 4.999952224459500716e-01 4.999952224459500716e-01 0.000000000000000000e+00 4.185616392831281360e-04 2.145227529820228473e-03 -2.145227529820228473e-03 4.185616392831281360e-04 0.000000000000000000e+00 4.999952224459500716e-01 0.000000000000000000e+00 0.000000000000000000e+00 0.000000000000000000e+00 0.000000000000000000e+00 0.000000000000000000e+00 0.000000000000000000e+00
3.151724137931034786e+00 8.851290281439158636e-02 4.557435485928051366e-01 4.557435485928051366e-01 0.000000000000000000e+00 -1.777252575607515817e-02 -2.000582947480961105e-01 2.000582947480961105e-01 -1.777252575607515817e-02 0.000000000000000000e+00 4.557435485928051366e-01 0.000000000000000000e+00 0.000000000000000000e+00 0.000000000000000000e+00 0.000000000000000000e+00 0.000000000000000000e+00 0.000000000000000000e+00
3.355172413793103825e+00 3.202550560624934373e-01 3.398724719687525875e-01 3.398724719687525875e-01 0.000000000000000000e+00 1.447460152482923923e-02 -3.296003082899999770e-01 3.296003082899999770e-01 1.447460152482923923e-02 0.000000000000000000e+00 3.398724719687525875e-01 0.000000000000000000e+00 0.000000000000000000e+00 0.000000000000000000e+00 0.000000000000000000e+00 0.000000000000000000e+00 0.000000000000000000e+00
3.558620689655172864e+00 5.986582895001005822e-01 2.006708552499493758e-01 2.006708552499493758e-01 0.000000000000000000e+00 8.747861007866127026e-02 -3.353815185159318424e-01 3.353815185159318424e-01 8.747861007866127026e-02 0.000000000000000000e+00 2.006708552499493758e-01 0.000000000000000000e+00 0.000000000000000000e+00 0.000000000000000000e+00 0.000000000000000000e+00 0.000000000000000000e+00 0.000000000000000000e+00
3.762068965517241903e+00 8.083034387530534381e-01 9.584828062347128252e-02 9.584828062347128252e-02 0.000000000000000000e+00 1.746830297086688077e-01 -2.167033312371860199e-01 2.167033312371860199e-01 1.746830297086688077e-01 0.000000000000000000e+00 9.584828062347128252e-02 0.000000000000000000e+00 0.000000000000000000e+00 0.000000000000000000e+00 0.000000000000000000e+00 0.000000000000000000e+00 0.000000000000000000e+00
3.965517241379310942e+00 8.625915023448880170e-01 6.870424882755583884e-02 6.870424882755583884e-02 0.000000000000000000e+00 2.423290886050738779e-01 -2.324462680832594177e-02 2.324462680832594177e-02 2.423290886050738779e-01 0.000000000000000000e+00 6.870424882755583884e-02 0.000000000000000000e+00 0.000000000000000000e+00 0.000000000000000000e+00 0.000000000000000000e+00 0.000000000000000000e+00 0.000000000000000000e+00
4.168965517241379537e+00 7.393303557057149256e-01 1.303348221471428980e-01 1.303348221471428980e-01 0.000000000000000000e+00 2.627090565606037265e-01 1.653615489495843804e-01 -1.653615489495843804e-01 2.627090565606037265e-01 0.000000000000000000e+00 1.303348221471428980e-01 0.000000000000000000e+00 0.000000000000000000e+00 0.000000000000000000e+00 0.000000000000000000e+00 0.000000000000000000e+00 0.000000000000000000e+00
4.372413793103448576e+00 4.896779619215094748e-01 2.551610190392445965e-01 2.551610190392445965e-01 0.000000000000000000e+00 2.257353497291881561e-01 2.720115446604036147e-01 -2.720115446604036147e-01 2.257353497291881561e-01 0.000000000000000000e+00 2.551610190392445965e-01 0.000000000000000000e+00 0.000000000000000000e+00 0.000000000000000000e+00 0.000000000000000000e+00 0.000000000000000000e+00 0.000000000000000000e+00
4.575862068965517615e+00 2.168146352005819177e-01 3.915926823997094020e-01 3.915926823997094020e-01 0.000000000000000000e+00 1.439142099290474097e-01 2.533608526969347574e-01 -2.533608526969347574e-01 1.439142099290474097e-01 0.000000000000000000e+00 3.915926823997094020e-01 0.000000000000000000e+00 0.000000000000000000e+00 0.000000000000000000e+00 0.000000000000000000e+00 0.000000000000000000e+00 0.000000000000000000e+00
4.779310344827586654e+00 3.325440546985754947e-02 4.833727972650719296e-01 4.833727972650719296e-01 0.000000000000000000e+00 4.832403143096770937e-02 1.172137400865883861e-01 -1.172137400865883861e-01 4.832403143096770937e-02 0.000000000000000000e+00 4.833727972650719296e-01 0.000000000000000000e+00 0.000000000000000000e+00 0.000000000000000000e+00 0.000000000000000000e+00 0.000000000000000000e+00 0.000000000000000000e+00
4.982758620689654805e+00 1.439248493001139308e-02 4.928037575349949462e-01 4.928037575349949462e-01 0.000000000000000000e+00 -2.321572929414025127e-02 -8.095490646701135329e-02 8.095490646701135329e-02 -2.321572929414025127e-02 0.000000000000000000e+00 4.928037575349949462e-01 0.000000000000000000e+00 0.000000000000000000e+00 0.000000000000000000e+00 0.000000000000000000e+00 0.000000000000000000e+00 0.000000000000000000e+00
5.186206896551723844e+00 1.675039014444096586e-01 4.162480492777957952e-01 4.162480492777957952e-01 0.000000000000000000e+00 -4.123389971128706838e-02 -2.608120635955781252e-01 2.608120635955781252e-01 -4.123389971128706838e-02 0.000000000000000000e+00 4.162480492777957952e-01 0.000000000000000000e+00 0.000000000000000000e+00 0.000000000000000000e+00 0.000000000000000000e+00 0.000000000000000000e+00 0.000000000000000000e+00
5.389655172413792883e+00 4.288998297822970707e-01 2.855500851088528802e-01 2.855500851088528802e-01 0.000000000000000000e+00 3.100674265205286863e-03 -3.499467954082713383e-01 3.499467954082713383e-01 3.100674265205286863e-03 0.000000000000000000e+00 2.855500851088528802e-01 0.000000000000000000e+00 0.000000000000000000e+00 0.000000000000000000e+00 0.000000000000000000e+00 0.000000000000000000e+00 0.000000000000000000e+00
5.593103448275861922e+00 6.903395175552733409e-01 1.548302412223620805e-01 1.548302412223620805e-01 0.000000000000000000e+00 9.365714342218034449e-02 -3.132311731262975019e-01 3.132311731262975019e-01 9.365714342218034449e-02 0.000000000000000000e+00 1.548302412223620805e-01 0.000000000000000000e+00 0.000000000000000000e+00 0.000000000000000000e+00 0.000000000000000000e+00 0.000000000000000000e+00 0.000000000000000000e+00
5.796551724137930961e+00 8.437814704814106115e-01 7.810926475929502732e-02 7.810926475929502732e-02 0.000000000000000000e+00 1.950828802696533970e-01 -1.668826366997180899e-01 1.668826366997180899e-01 1.950828802696533970e-01 0.000000000000000000e+00 7.810926475929502732e-02 0.000000000000000000e+00 0.000000000000000000e+00 0.000000000000000000e+00 0.000000000000000000e+00 0.000000000000000000e+00 0.000000000000000000e+00
6.000000000000000000e+00 8.259406249104722653e-01 8.702968754476185509e-02 8.702968754476185509e-02 0.000000000000000000e+00 2.665947174501178130e-01 2.843591247275503373e-02 -2.843591247275503373e-02 2.665947174501178130e-01 0.000000000000000000e+00 8.702968754476185509e-02 0.000000000000000000e+00 0.000000000000000000e+00 0.000000000000000000e+00 0.000000000000000000e+00 0.000000000000000000e+00 0.000000000000000000e+00
