1.000000000000000056e-01 9.755331873038320945e-01 1.223340634808290153e-02 1.223340634808290153e-02 0.000000000000000000e+00 -1.290357752664921984e-04 1.092432022404793979e-01 -1.092432022404793979e-01 -1.290357752664921984e-04 0.000000000000000000e+00 1.223340634808290153e-02 0.000000000000000000e+00 0.000000000000000000e+00 0.000000000000000000e+00 0.000000000000000000e+00 0.000000000000000000e+00 0.000000000000000000e+00
3.034482758620690168e-01 7.898531299312518961e-01 1.050734350343739826e-01 1.050734350343739826e-01 0.000000000000000000e+00 -3.198322787021050297e-03 2.880665760853569068e-01 -2.880665760853569068e-01 -3.198322787021050297e-03 0.000000000000000000e+00 1.050734350343739826e-01 0.000000000000000000e+00 0.000000000000000000e+00 0.000000000000000000e+00 0.000000000000000000e+00 0.000000000000000000e+00 0.000000000000000000e+00
5.068965517241379448e-01 4.913072171326235971e-01 2.543463914336885345e-01 2.543463914336885345e-01 0.000000000000000000e+00 -1.134061933521411311e-02 3.533179985878680540e-01 -3.533179985878680540e-01 -1.134061933521411311e-02 0.000000000000000000e+00 2.543463914336885345e-01 0.000000000000000000e+00 0.000000000000000000e+00 0.000000000000000000e+00 0.000000000000000000e+00 0.000000000000000000e+00 0.000000000000000000e+00
7.103448275862068728e-01 1.980823406320627589e-01 4.009588296839677324e-01 4.009588296839677324e-01 0.000000000000000000e+00 -1.876109950693410910e-02 2.811954563743639390e-01 -2.811954563743639390e-01 -1.876109950693410910e-02 0.000000000000000000e+00 4.009588296839677324e-01 0.000000000000000000e+00 0.000000000000000000e+00 0.000000000000000000e+00 0.000000000000000000e+00 0.000000000000000000e+00 0.000000000000000000e+00
9.137931034482759118e-01 2.232259907050471517e-02 4.888387004647486433e-01 4.888387004647486433e-01 0.000000000000000000e+00 -1.244572975526507183e-02 1.037171833541190302e-01 -1.037171833541190302e-01 -1.244572975526507183e-02 0.000000000000000000e+00 4.888387004647486433e-01 0.000000000000000000e+00 0.000000000000000000e+00 0.000000000000000000e+00 0.000000000000000000e+00 0.000000000000000000e+00 0.000000000000000000e+00
1.117241379310345062e+00 2.355350008999752137e-02 4.882232499550020477e-01 4.882232499550020477e-01 0.000000000000000000e+00 2.124858087107251575e-02 -1.051088205688337635e-01 1.051088205688337635e-01 2.124858087107251575e-02 0.000000000000000000e+00 4.882232499550020477e-01 0.000000000000000000e+00 0.000000000000000000e+00 0.000000000000000000e+00 0.000000000000000000e+00 0.000000000000000000e+00 0.000000000000000000e+00
1.320689655172413879e+00 1.852148885299133574e-01 4.073925557350432380e-01 4.073925557350432380e-01 0.000000000000000000e+00 8.752999217016685374e-02 -2.603721707700538679e-01 2.603721707700538679e-01 8.752999217016685374e-02 0.000000000000000000e+00 4.073925557350432380e-01 0.000000000000000000e+00 0.000000000000000000e+00 0.000000000000000000e+00 0.000000000000000000e+00 0.000000000000000000e+00 0.000000000000000000e+00
1.524137931034482918e+00 4.240104319078628059e-01 2.879947840460694852e-01 2.879947840460694852e-01 0.000000000000000000e+00 1.766366886363483213e-01 -3.015166215541202899e-01 3.015166215541202899e-01 1.766366886363483213e-01 0.000000000000000000e+00 2.879947840460694852e-01 0.000000000000000000e+00 0.000000000000000000e+00 0.000000000000000000e+00 0.000000000000000000e+00 0.000000000000000000e+00 0.000000000000000000e+00
1.727586206896551957e+00 6.275773182457088373e-01 1.862113408771462197e-01 1.862113408771462197e-01 0.000000000000000000e+00 2.641457543786055462e-01 -2.170000797617063770e-01 2.170000797617063770e-01 2.641457543786055462e-01 0.000000000000000000e+00 1.862113408771462197e-01 0.000000000000000000e+00 0.000000000000000000e+00 0.000000000000000000e+00 0.000000000000000000e+00 0.000000000000000000e+00 0.000000000000000000e+00
1.931034482758620996e+00 7.037833473114308847e-01 1.481083263442852238e-01 1.481083263442852238e-01 0.000000000000000000e+00 3.192441075251996052e-01 -4.815987499249110848e-02 4.815987499249110848e-02 3.192441075251996052e-01 0.000000000000000000e+00 1.481083263442852238e-01 0.000000000000000000e+00 0.000000000000000000e+00 0.000000000000000000e+00 0.000000000000000000e+00 0.000000000000000000e+00 0.000000000000000000e+00
2.134482758620690035e+00 6.200713407840008351e-01 1.899643296080003041e-01 1.899643296080003041e-01 0.000000000000000000e+00 3.180007284123159139e-01 1.291006337799998627e-01 -1.291006337799998627e-01 3.180007284123159139e-01 0.000000000000000000e+00 1.899643296080003041e-01 0.000000000000000000e+00 0.000000000000000000e+00 0.000000000000000000e+00 0.000000000000000000e+00 0.000000000000000000e+00 0.000000000000000000e+00
2.337931034482759074e+00 4.159991971012688139e-01 2.920004014493648437e-01 2.920004014493648437e-01 0.000000000000000000e+00 2.557107030223884081e-01 2.368205413904922729e-01 -2.368205413904922729e-01 2.557107030223884081e-01 0.000000000000000000e+00 2.920004014493648437e-01 0.000000000000000000e+00 0.000000000000000000e+00 0.000000000000000000e+00 0.000000000000000000e+00 0.000000000000000000e+00 0.000000000000000000e+00
2.541379310344827669e+00 1.839687370408568945e-01 4.080156314795707062e-01 4.080156314795707062e-01 0.000000000000000000e+00 1.520839465835434334e-01 2.278872385532382250e-01 -2.278872385532382250e-01 1.520839465835434334e-01 0.000000000000000000e+00 4.080156314795707062e-01 0.000000000000000000e+00 0.000000000000000000e+00 0.000000000000000000e+00 0.000000000000000000e+00 0.000000000000000000e+00 0.000000000000000000e+00
2.744827586206896708e+00 2.716893710581261973e-02 4.864155314470937630e-01 4.864155314470937630e-01 0.000000000000000000e+00 4.585137681426811052e-02 1.054184231086010420e-01 -1.054184231086010420e-01 4.585137681426811052e-02 0.000000000000000000e+00 4.864155314470937630e-01 0.000000000000000000e+00 0.000000000000000000e+00 0.000000000000000000e+00 0.000000000000000000e+00 0.000000000000000000e+00 0.000000000000000000e+00
2.948275862068965747e+00 1.356391297000097453e-02 4.932180435149997599e-01 4.932180435149997599e-01 0.000000000000000000e+00 -1.996302362247875939e-02 -7.931862450141585752e-02 7.931862450141585752e-02 -1.996302362247875939e-02 0.000000000000000000e+00 4.932180435149997599e-01 0.000000000000000000e+00 0.000000000000000000e+00 0.000000000000000000e+00 0.000000000000000000e+00 0.000000000000000000e+00 0.000000000000000000e+00
3.151724137931034786e+00 1.462668576875562065e-01 4.268665711562221188e-01 4.268665711562221188e-01 0.000000000000000000e+00 -1.623223913888032291e-02 -2.493450337000309991e-01 2.493450337000309991e-01 -1.623223913888032291e-02 0.000000000000000000e+00 4.268665711562221188e-01 0.000000000000000000e+00 0.000000000000000000e+00 0.000000000000000000e+00 0.000000000000000000e+00 0.000000000000000000e+00 0.000000000000000000e+00
3.355172413793103825e+00 3.631283643485551105e-01 3.184358178257215011e-01 3.184358178257215011e-01 0.000000000000000000e+00 5.859173591094562344e-02 -3.349628130542589011e-01 3.349628130542589011e-01 5.859173591094562344e-02 0.000000000000000000e+00 3.184358178257215011e-01 0.000000000000000000e+00 0.000000000000000000e+00 0.000000000000000000e+00 0.000000000000000000e+00 0.000000000000000000e+00 0.000000000000000000e+00
3.558620689655172864e+00 5.652680814543603605e-01 2.173659592728192091e-01 2.173659592728192091e-01 0.000000000000000000e+00 1.758884706527322206e-01 -3.032050201726758099e-01 3.032050201726758099e-01 1.758884706527322206e-01 0.000000000000000000e+00 2.173659592728192091e-01 0.000000000000000000e+00 0.000000000000000000e+00 0.000000000000000000e+00 0.000000000000000000e+00 0.000000000000000000e+00 0.000000000000000000e+00
3.762068965517241903e+00 6.616036059004153369e-01 1.691981970497927479e-01 1.691981970497927479e-01 0.000000000000000000e+00 2.873900540111498092e-01 -1.713157650128262766e-01 1.713157650128262766e-01 2.873900540111498092e-01 0.000000000000000000e+00 1.691981970497927479e-01 0.000000000000000000e+00 0.000000000000000000e+00 0.000000000000000000e+00 0.000000000000000000e+00 0.000000000000000000e+00 0.000000000000000000e+00
3.965517241379310942e+00 6.093630763455463173e-01 1.953184618272262030e-01 1.953184618272262030e-01 0.000000000000000000e+00 3.449901034139013500e-01 1.298386679311645244e-03 -1.298386679311645244e-03 3.449901034139013500e-01 0.000000000000000000e+00 1.953184618272262030e-01 0.000000000000000000e+00 0.000000000000000000e+00 0.000000000000000000e+00 0.000000000000000000e+00 0.000000000000000000e+00 0.000000000000000000e+00
4.168965517241379537e+00 4.326329424636978782e-01 2.836835287681503948e-01 2.836835287681503948e-01 0.000000000000000000e+00 3.216140661107410037e-01 1.389072707706444088e-01 -1.389072707706444088e-01 3.216140661107410037e-01 0.000000000000000000e+00 2.836835287681503948e-01 0.000000000000000000e+00 0.000000000000000000e+00 0.000000000000000000e+00 0.000000000000000000e+00 0.000000000000000000e+00 0.000000000000000000e+00
4.372413793103448576e+00 2.109969543111027690e-01 3.945015228444482269e-01 3.945015228444482269e-01 0.000000000000000000e+00 2.239298448896474558e-01 1.819176865070177562e-01 -1.819176865070177562e-01 2.239298448896474558e-01 0.000000000000000000e+00 3.945015228444482269e-01 0.000000000000000000e+00 0.000000000000000000e+00 0.000000000000000000e+00 0.000000000000000000e+00 0.000000000000000000e+00 0.000000000000000000e+00
4.575862068965517615e+00 4.350223438404619142e-02 4.782488828079770604e-01 4.782488828079770604e-01 0.000000000000000000e+00 9.086660700612583796e-02 1.120185268450708121e-01 -1.120185268450708121e-01 9.086660700612583796e-02 0.000000000000000000e+00 4.782488828079770604e-01 0.000000000000000000e+00 0.000000000000000000e+00 0.000000000000000000e+00 0.000000000000000000e+00 0.000000000000000000e+00 0.000000000000000000e+00
4.779310344827586654e+00 4.286881177599276629e-03 4.978565594112009940e-01 4.978565594112009940e-01 0.000000000000000000e+00 -2.206427227239841568e-02 -4.058841291530077000e-02 4.058841291530077000e-02 -2.206427227239841568e-02 0.000000000000000000e+00 4.978565594112009940e-01 0.000000000000000000e+00 0.000000000000000000e+00 0.000000000000000000e+00 0.000000000000000000e+00 0.000000000000000000e+00 0.000000000000000000e+00
4.982758620689654805e+00 1.096516421398938679e-01 4.451741789300530661e-01 4.451741789300530661e-01 0.000000000000000000e+00 -6.633550077562642977e-02 -2.107455350028016872e-01 2.107455350028016872e-01 -6.633550077562642977e-02 0.000000000000000000e+00 4.451741789300530661e-01 0.000000000000000000e+00 0.000000000000000000e+00 0.000000000000000000e+00 0.000000000000000000e+00 0.000000000000000000e+00 0.000000000000000000e+00
5.186206896551723844e+00 3.111921455567023820e-01 3.444039272216489755e-01 3.444039272216489755e-01 0.000000000000000000e+00 -2.176301756735971038e-02 -3.266529734965030185e-01 3.266529734965030185e-01 -2.176301756735971038e-02 0.000000000000000000e+00 3.444039272216489755e-01 0.000000000000000000e+00 0.000000000000000000e+00 0.000000000000000000e+00 0.000000000000000000e+00 0.000000000000000000e+00 0.000000000000000000e+00
5.389655172413792883e+00 5.178234988832596253e-01 2.410882505583689939e-01 2.410882505583689939e-01 0.000000000000000000e+00 9.384455671143426825e-02 -3.406381630960555462e-01 3.406381630960555462e-01 9.384455671143426825e-02 0.000000000000000000e+00 2.410882505583689939e-01 0.000000000000000000e+00 0.000000000000000000e+00 0.000000000000000000e+00 0.000000000000000000e+00 0.000000000000000000e+00 0.000000000000000000e+00
5.593103448275861922e+00 6.367386254554301406e-01 1.816306872722845134e-01 1.816306872722845134e-01 0.000000000000000000e+00 2.313620524152640301e-01 -2.492445898495637135e-01 2.492445898495637135e-01 2.313620524152640301e-01 0.000000000000000000e+00 1.816306872722845134e-01 0.000000000000000000e+00 0.000000000000000000e+00 0.000000000000000000e+00 0.000000000000000000e+00 0.000000000000000000e+00 0.000000000000000000e+00
5.796551724137930961e+00 6.148467552658338775e-01 1.925766223670833666e-01 1.925766223670833666e-01 0.000000000000000000e+00 3.309711766967038948e-01 -9.414451156303606238e-02 9.414451156303606238e-02 3.309711766967038948e-01 0.000000000000000000e+00 1.925766223670833666e-01 0.000000000000000000e+00 0.000000000000000000e+00 0.000000000000000000e+00 0.000000000000000000e+00 0.000000000000000000e+00 0.000000000000000000e+00
6.000000000000000000e+00 4.622881718043984622e-01 2.688559140978009077e-01 2.688559140978009077e-01 0.000000000000000000e+00 3.480244758816881667e-01 5.628382639147438971e-02 -5.628382639147438971e-02 3.480244758816881667e-01 0.000000000000000000e+00 2.688559140978009077e-01 0.000000000000000000e+00 0.000000000000000000e+00 0.000000000000000000e+00 0.000000000000000000e+00 0.000000000000000000e+00 0.000000000000000000e+00
