1.000000000000000056e-01 9.755604205584232913e-01 1.221978972078652248e-02 1.221978972078652248e-02 0.000000000000000000e+00 -3.858978504285959341e-04 1.091833059037635029e-01 -1.091833059037635029e-01 -3.858978504285959341e-04 0.000000000000000000e+00 1.221978972078652248e-02 0.000000000000000000e+00 0.000000000000000000e+00 0.000000000000000000e+00 0.000000000000000000e+00 0.000000000000000000e+00 0.000000000000000000e+00
3.034482758620690168e-01 7.918707858395230836e-01 1.040646070802390549e-01 1.040646070802390549e-01 0.000000000000000000e+00 -9.455819141393796701e-03 2.869081903110293208e-01 -2.869081903110293208e-01 -9.455819141393796701e-03 0.000000000000000000e+00 1.040646070802390549e-01 0.000000000000000000e+00 0.000000000000000000e+00 0.000000000000000000e+00 0.000000000000000000e+00 0.000000000000000000e+00 0.000000000000000000e+00
5.068965517241379448e-01 5.032065447899868316e-01 2.483967276050068063e-01 2.483967276050068063e-01 0.000000000000000000e+00 -3.330167851154151176e-02 3.519742281191367006e-01 -3.519742281191367006e-01 -3.330167851154151176e-02 0.000000000000000000e+00 2.483967276050068063e-01 0.000000000000000000e+00 0.000000000000000000e+00 0.000000000000000000e+00 0.000000000000000000e+00 0.000000000000000000e+00 0.000000000000000000e+00
7.103448275862068728e-01 2.260243944847233066e-01 3.869878027576375557e-01 3.869878027576375557e-01 0.000000000000000000e+00 -5.659502182183829416e-02 2.902855272188253899e-01 -2.902855272188253899e-01 -5.659502182183829416e-02 0.000000000000000000e+00 3.869878027576375557e-01 0.000000000000000000e+00 0.000000000000000000e+00 0.000000000000000000e+00 0.000000000000000000e+00 0.000000000000000000e+00 0.000000000000000000e+00
9.137931034482759118e-01 5.064447298475589776e-02 4.746777635076229740e-01 4.746777635076229740e-01 0.000000000000000000e+00 -5.099478301794754809e-02 1.464217786666037469e-01 -1.464217786666037469e-01 -5.099478301794754809e-02 0.000000000000000000e+00 4.746777635076229740e-01 0.000000000000000000e+00 0.000000000000000000e+00 0.000000000000000000e+00 0.000000000000000000e+00 0.000000000000000000e+00 0.000000000000000000e+00
1.117241379310345062e+00 1.354611566593301374e-05 4.999932269421674125e-01 4.999932269421674125e-01 0.000000000000000000e+00 1.319343784077976756e-03 -2.243281126813423659e-03 2.243281126813423659e-03 1.319343784077976756e-03 0.000000000000000000e+00 4.999932269421674125e-01 0.000000000000000000e+00 0.000000000000000000e+00 0.000000000000000000e+00 0.000000000000000000e+00 0.000000000000000000e+00 0.000000000000000000e+00
1.320689655172413879e+00 3.184047345838333237e-02 4.840797632708090936e-01 4.840797632708090936e-01 0.000000000000000000e+00 8.815254929455487720e-02 -8.742114681704858670e-02 8.742114681704858670e-02 8.815254929455487720e-02 0.000000000000000000e+00 4.840797632708090936e-01 0.000000000000000000e+00 0.000000000000000000e+00 0.000000000000000000e+00 0.000000000000000000e+00 0.000000000000000000e+00 0.000000000000000000e+00
1.524137931034482918e+00 7.741283870503307130e-02 4.612935806474831590e-01 4.612935806474831590e-01 0.000000000000000000e+00 1.689244072815433428e-01 -8.470295203099527381e-02 8.470295203099527381e-02 1.689244072815433428e-01 0.000000000000000000e+00 4.612935806474831590e-01 0.000000000000000000e+00 0.000000000000000000e+00 0.000000000000000000e+00 0.000000000000000000e+00 0.000000000000000000e+00 0.000000000000000000e+00
1.727586206896551957e+00 8.800673370968298270e-02 4.559966331451599242e-01 4.559966331451599242e-01 0.000000000000000000e+00 1.990955159600387714e-01 -2.217543091067502095e-02 2.217543091067502095e-02 1.990955159600387714e-01 0.000000000000000000e+00 4.559966331451599242e-01 0.000000000000000000e+00 0.000000000000000000e+00 0.000000000000000000e+00 0.000000000000000000e+00 0.000000000000000000e+00 0.000000000000000000e+00
1.931034482758620996e+00 5.871536352963978994e-02 4.706423182351778811e-01 4.706423182351778811e-01 0.000000000000000000e+00 1.610277466745770880e-01 4.127952972641113494e-02 -4.127952972641113494e-02 1.610277466745770880e-01 0.000000000000000000e+00 4.706423182351778811e-01 0.000000000000000000e+00 0.000000000000000000e+00 0.000000000000000000e+00 0.000000000000000000e+00 0.000000000000000000e+00 0.000000000000000000e+00
2.134482758620690035e+00 1.858313164517551297e-02 4.907084341774114455e-01 4.907084341774114455e-01 0.000000000000000000e+00 7.855284574073025106e-02 5.429870959563228017e-02 -5.429870959563228017e-02 7.855284574073025106e-02 0.000000000000000000e+00 4.907084341774114455e-01 0.000000000000000000e+00 0.000000000000000000e+00 0.000000000000000000e+00 0.000000000000000000e+00 0.000000000000000000e+00 0.000000000000000000e+00
2.337931034482759074e+00 5.746692476806204215e-05 4.999712665376158105e-01 4.999712665376158105e-01 0.000000000000000000e+00 3.098974495522123767e-03 4.373588743953805112e-03 -4.373588743953805112e-03 3.098974495522123767e-03 0.000000000000000000e+00 4.999712665376158105e-01 0.000000000000000000e+00 0.000000000000000000e+00 0.000000000000000000e+00 0.000000000000000000e+00 0.000000000000000000e+00 0.000000000000000000e+00
2.541379310344827669e+00 1.282966404633932751e-02 4.935851679768309408e-01 4.935851679768309408e-01 0.000000000000000000e+00 -2.028487134388038890e-02 -7.694839755382246183e-02 7.694839755382246183e-02 -2.028487134388038890e-02 0.000000000000000000e+00 4.935851679768309408e-01 0.000000000000000000e+00 0.000000000000000000e+00 0.000000000000000000e+00 0.000000000000000000e+00 0.000000000000000000e+00 0.000000000000000000e+00
2.744827586206896708e+00 3.999233758923428222e-02 4.800038312053822032e-01 4.800038312053822032e-01 0.000000000000000000e+00 1.654532929594621296e-02 -1.375599049193584056e-01 1.375599049193584056e-01 1.654532929594621296e-02 0.000000000000000000e+00 4.800038312053822032e-01 0.000000000000000000e+00 0.000000000000000000e+00 0.000000000000000000e+00 0.000000000000000000e+00 0.000000000000000000e+00 0.000000000000000000e+00
2.948275862068965747e+00 5.551779155801582488e-02 4.722411042209911369e-01 4.722411042209911369e-01 0.000000000000000000e+00 7.978375288742300953e-02 -1.408983175673454158e-01 1.408983175673454158e-01 7.978375288742300953e-02 0.000000000000000000e+00 4.722411042209911369e-01 0.000000000000000000e+00 0.000000000000000000e+00 0.000000000000000000e+00 0.000000000000000000e+00 0.000000000000000000e+00 0.000000000000000000e+00
3.151724137931034786e+00 4.639940835589459467e-02 4.768002958220545207e-01 4.768002958220545207e-01 0.000000000000000000e+00 1.180991423195484474e-01 -9.042037537105843126e-02 9.042037537105843126e-02 1.180991423195484474e-01 0.000000000000000000e+00 4.768002958220545207e-01 0.000000000000000000e+00 0.000000000000000000e+00 0.000000000000000000e+00 0.000000000000000000e+00 0.000000000000000000e+00 0.000000000000000000e+00
3.355172413793103825e+00 2.159047447037878986e-02 4.892047627648100638e-01 4.892047627648100638e-01 0.000000000000000000e+00 9.941240674661065702e-02 -2.606408285775093508e-02 2.606408285775093508e-02 9.941240674661065702e-02 0.000000000000000000e+00 4.892047627648100638e-01 0.000000000000000000e+00 0.000000000000000000e+00 0.000000000000000000e+00 0.000000000000000000e+00 0.000000000000000000e+00 0.000000000000000000e+00
3.558620689655172864e+00 2.293493739660134104e-03 4.988532531301704820e-01 4.988532531301704820e-01 0.000000000000000000e+00 3.352516600498585408e-02 4.492207860325576202e-03 -4.492207860325576202e-03 3.352516600498585408e-02 0.000000000000000000e+00 4.988532531301704820e-01 0.000000000000000000e+00 0.000000000000000000e+00 0.000000000000000000e+00 0.000000000000000000e+00 0.000000000000000000e+00 0.000000000000000000e+00
3.762068965517241903e+00 3.395663961890473675e-03 4.983021680190552472e-01 4.983021680190552472e-01 0.000000000000000000e+00 -3.564584015542603818e-02 -2.052902894075817400e-02 2.052902894075817400e-02 -3.564584015542603818e-02 0.000000000000000000e+00 4.983021680190552472e-01 0.000000000000000000e+00 0.000000000000000000e+00 0.000000000000000000e+00 0.000000000000000000e+00 0.000000000000000000e+00 0.000000000000000000e+00
3.965517241379310942e+00 2.178234873485134296e-02 4.891088256325760719e-01 4.891088256325760719e-01 0.000000000000000000e+00 -6.247386258925574642e-02 -8.216419646444907132e-02 8.216419646444907132e-02 -6.247386258925574642e-02 0.000000000000000000e+00 4.891088256325760719e-01 0.000000000000000000e+00 0.000000000000000000e+00 0.000000000000000000e+00 0.000000000000000000e+00 0.000000000000000000e+00 0.000000000000000000e+00
4.168965517241379537e+00 4.031906661254839458e-02 4.798404666937268748e-01 4.798404666937268748e-01 0.000000000000000000e+00 -3.289538355022014748e-02 -1.351466361357568369e-01 1.351466361357568369e-01 -3.289538355022014748e-02 0.000000000000000000e+00 4.798404666937268748e-01 0.000000000000000000e+00 0.000000000000000000e+00 0.000000000000000000e+00 0.000000000000000000e+00 0.000000000000000000e+00 0.000000000000000000e+00
4.372413793103448576e+00 4.296345803603034835e-02 4.785182709819845726e-01 4.785182709819845726e-01 0.000000000000000000e+00 2.581178957425788248e-02 -1.410409535525644631e-01 1.410409535525644631e-01 2.581178957425788248e-02 0.000000000000000000e+00 4.785182709819845726e-01 0.000000000000000000e+00 0.000000000000000000e+00 0.000000000000000000e+00 0.000000000000000000e+00 0.000000000000000000e+00 0.000000000000000000e+00
4.575862068965517615e+00 2.790829651672029413e-02 4.860458517416387236e-01 4.860458517416387236e-01 0.000000000000000000e+00 6.573412093720816529e-02 -9.614435334303396419e-02 9.614435334303396419e-02 6.573412093720816529e-02 0.000000000000000000e+00 4.860458517416387236e-01 0.000000000000000000e+00 0.000000000000000000e+00 0.000000000000000000e+00 0.000000000000000000e+00 0.000000000000000000e+00 0.000000000000000000e+00
4.779310344827586654e+00 8.176708776530415904e-03 4.959116456117356742e-01 4.959116456117356742e-01 0.000000000000000000e+00 5.397183041955790767e-02 -3.379299526301743350e-02 3.379299526301743350e-02 5.397183041955790767e-02 0.000000000000000000e+00 4.959116456117356742e-01 0.000000000000000000e+00 0.000000000000000000e+00 0.000000000000000000e+00 0.000000000000000000e+00 0.000000000000000000e+00 0.000000000000000000e+00
4.982758620689654805e+00 2.147218013317696365e-05 4.999892639099333125e-01 4.999892639099333125e-01 0.000000000000000000e+00 -3.238248424766622478e-03 4.992027201714190499e-04 -4.992027201714190499e-04 -3.238248424766622478e-03 0.000000000000000000e+00 4.999892639099333125e-01 0.000000000000000000e+00 0.000000000000000000e+00 0.000000000000000000e+00 0.000000000000000000e+00 0.000000000000000000e+00 0.000000000000000000e+00
5.186206896551723844e+00 9.326405221928494096e-03 4.953367973890360210e-01 4.953367973890360210e-01 0.000000000000000000e+00 -6.573775865055024592e-02 -1.727018124512243180e-02 1.727018124512243180e-02 -6.573775865055024592e-02 0.000000000000000000e+00 4.953367973890360210e-01 0.000000000000000000e+00 0.000000000000000000e+00 0.000000000000000000e+00 0.000000000000000000e+00 0.000000000000000000e+00 0.000000000000000000e+00
5.389655172413792883e+00 2.725723525235807659e-02 4.863713823738216591e-01 4.863713823738216591e-01 0.000000000000000000e+00 -8.985446050475517921e-02 -7.199524478168262132e-02 7.199524478168262132e-02 -8.985446050475517921e-02 0.000000000000000000e+00 4.863713823738216591e-01 0.000000000000000000e+00 0.000000000000000000e+00 0.000000000000000000e+00 0.000000000000000000e+00 0.000000000000000000e+00 0.000000000000000000e+00
5.593103448275861922e+00 3.823965624661021523e-02 4.808801718766941291e-01 4.808801718766941291e-01 0.000000000000000000e+00 -6.107793516046021443e-02 -1.210709656717116750e-01 1.210709656717116750e-01 -6.107793516046021443e-02 0.000000000000000000e+00 4.808801718766941291e-01 0.000000000000000000e+00 0.000000000000000000e+00 0.000000000000000000e+00 0.000000000000000000e+00 0.000000000000000000e+00 0.000000000000000000e+00
5.796551724137930961e+00 3.311660382171530137e-02 4.834416980891435012e-01 4.834416980891435012e-01 0.000000000000000000e+00 -4.558221216561672562e-03 -1.264482836740276062e-01 1.264482836740276062e-01 -4.558221216561672562e-03 0.000000000000000000e+00 4.834416980891435012e-01 0.000000000000000000e+00 0.000000000000000000e+00 0.000000000000000000e+00 0.000000000000000000e+00 0.000000000000000000e+00 0.000000000000000000e+00
6.000000000000000000e+00 1.644421276203574325e-02 4.917778936189813321e-01 4.917778936189813321e-01 0.000000000000000000e+00 3.424907220295859978e-02 -8.314986365367542376e-02 8.314986365367542376e-02 3.424907220295859978e-02 0.000000000000000000e+00 4.917778936189813321e-01 0.000000000000000000e+00 0.000000000000000000e+00 0.000000000000000000e+00 0.000000000000000000e+00 0.000000000000000000e+00 0.000000000000000000e+00
