1.000000000000000056e-01 9.755288372071673209e-01 1.223558139641551905e-02 1.223558139641551905e-02 0.000000000000000000e+00 -5.680522121526794185e-05 1.092527311367277182e-01 -1.092527311367277182e-01 -5.680522121526794185e-05 0.000000000000000000e+00 1.223558139641551905e-02 0.000000000000000000e+00 0.000000000000000000e+00 0.000000000000000000e+00 0.000000000000000000e+00 0.000000000000000000e+00 0.000000000000000000e+00
3.034482758620690168e-01 7.895655468464425342e-01 1.052172265767785941e-01 1.052172265767785941e-01 0.000000000000000000e+00 -1.404432692008903685e-03 2.882254753426474747e-01 -2.882254753426474747e-01 -1.404432692008903685e-03 0.000000000000000000e+00 1.052172265767785941e-01 0.000000000000000000e+00 0.000000000000000000e+00 0.000000000000000000e+00 0.000000000000000000e+00 0.000000000000000000e+00 0.000000000000000000e+00
5.068965517241379448e-01 4.895943550944154565e-01 2.552028224527937428e-01 2.552028224527937428e-01 0.000000000000000000e+00 -4.985796702279742844e-03 3.534416544464520360e-01 -3.534416544464520360e-01 -4.985796702279742844e-03 0.000000000000000000e+00 2.552028224527937428e-01 0.000000000000000000e+00 0.000000000000000000e+00 0.000000000000000000e+00 0.000000000000000000e+00 0.000000000000000000e+00 0.000000000000000000e+00
7.103448275862068728e-01 1.941085820058847944e-01 4.029457089970571726e-01 4.029457089970571726e-01 0.000000000000000000e+00 -8.209716591028164492e-03 2.795493171729432902e-01 -2.795493171729432902e-01 -8.209716591028164492e-03 0.000000000000000000e+00 4.029457089970571726e-01 0.000000000000000000e+00 0.000000000000000000e+00 0.000000000000000000e+00 0.000000000000000000e+00 0.000000000000000000e+00 0.000000000000000000e+00
9.137931034482759118e-01 1.901518939052436810e-02 4.904924053047373111e-01 4.904924053047373111e-01 0.000000000000000000e+00 -5.104837656736443095e-03 9.644037886524575720e-02 -9.644037886524575720e-02 -5.104837656736443095e-03 0.000000000000000000e+00 4.904924053047373111e-01 0.000000000000000000e+00 0.000000000000000000e+00 0.000000000000000000e+00 0.000000000000000000e+00 0.000000000000000000e+00 0.000000000000000000e+00
1.117241379310345062e+00 3.137832589324101445e-02 4.843108370533769635e-01 4.843108370533769635e-01 0.000000000000000000e+00 1.097224181567197851e-02 -1.227862904889934353e-01 1.227862904889934353e-01 1.097224181567197851e-02 0.000000000000000000e+00 4.843108370533769635e-01 0.000000000000000000e+00 0.000000000000000000e+00 0.000000000000000000e+00 0.000000000000000000e+00 0.000000000000000000e+00 0.000000000000000000e+00
1.320689655172413879e+00 2.228662637937359747e-01 3.885668681031327343e-01 3.885668681031327343e-01 0.000000000000000000e+00 4.332602229159937535e-02 -2.910692389801641800e-01 2.910692389801641800e-01 4.332602229159937535e-02 0.000000000000000000e+00 3.885668681031327343e-01 0.000000000000000000e+00 0.000000000000000000e+00 0.000000000000000000e+00 0.000000000000000000e+00 0.000000000000000000e+00 0.000000000000000000e+00
1.524137931034482918e+00 5.135405342535095397e-01 2.432297328732433706e-01 2.432297328732433706e-01 0.000000000000000000e+00 8.865879312608182516e-02 -3.421227046038658459e-01 3.421227046038658459e-01 8.865879312608182516e-02 0.000000000000000000e+00 2.432297328732433706e-01 0.000000000000000000e+00 0.000000000000000000e+00 0.000000000000000000e+00 0.000000000000000000e+00 0.000000000000000000e+00 0.000000000000000000e+00
1.727586206896551957e+00 7.843691751619553676e-01 1.078154124190217611e-01 1.078154124190217611e-01 0.000000000000000000e+00 1.364836530035819229e-01 -2.567864843431433841e-01 2.567864843431433841e-01 1.364836530035819229e-01 0.000000000000000000e+00 1.078154124190217611e-01 0.000000000000000000e+00 0.000000000000000000e+00 0.000000000000000000e+00 0.000000000000000000e+00 0.000000000000000000e+00 0.000000000000000000e+00
1.931034482758620996e+00 9.252939063129103081e-01 3.735304684354557453e-02 3.735304684354557453e-02 0.000000000000000000e+00 1.720308799889953832e-01 -7.048349561716550638e-02 7.048349561716550638e-02 1.720308799889953832e-01 0.000000000000000000e+00 3.735304684354557453e-02 0.000000000000000000e+00 0.000000000000000000e+00 0.000000000000000000e+00 0.000000000000000000e+00 0.000000000000000000e+00 0.000000000000000000e+00
2.134482758620690035e+00 8.794938945275168063e-01 6.025305273624063929e-02 6.025305273624063929e-02 0.000000000000000000e+00 1.818447643108472012e-01 1.411547898112607835e-01 -1.411547898112607835e-01 1.818447643108472012e-01 0.000000000000000000e+00 6.025305273624063929e-02 0.000000000000000000e+00 0.000000000000000000e+00 0.000000000000000000e+00 0.000000000000000000e+00 0.000000000000000000e+00 0.000000000000000000e+00
2.337931034482759074e+00 6.659914927987375943e-01 1.670042536006323408e-01 1.670042536006323408e-01 0.000000000000000000e+00 1.598694083979028124e-01 2.926861532067888128e-01 -2.926861532067888128e-01 1.598694083979028124e-01 0.000000000000000000e+00 1.670042536006323408e-01 0.000000000000000000e+00 0.000000000000000000e+00 0.000000000000000000e+00 0.000000000000000000e+00 0.000000000000000000e+00 0.000000000000000000e+00
2.541379310344827669e+00 3.716036548545679219e-01 3.141981725727152064e-01 3.141981725727152064e-01 0.000000000000000000e+00 1.112868501080521433e-01 3.230672167192804034e-01 -3.230672167192804034e-01 1.112868501080521433e-01 0.000000000000000000e+00 3.141981725727152064e-01 0.000000000000000000e+00 0.000000000000000000e+00 0.000000000000000000e+00 0.000000000000000000e+00 0.000000000000000000e+00 0.000000000000000000e+00
2.744827586206896708e+00 1.155742413061217194e-01 4.422128793469393138e-01 4.422128793469393138e-01 0.000000000000000000e+00 5.205746926094282495e-02 2.199964500666498068e-01 -2.199964500666498068e-01 5.205746926094282495e-02 0.000000000000000000e+00 4.422128793469393138e-01 0.000000000000000000e+00 0.000000000000000000e+00 0.000000000000000000e+00 0.000000000000000000e+00 0.000000000000000000e+00 0.000000000000000000e+00
2.948275862068965747e+00 1.248014699954836694e-03 4.993759926500228041e-01 4.993759926500228041e-01 0.000000000000000000e+00 3.836235459625761835e-03 2.466803121582267222e-02 -2.466803121582267222e-02 3.836235459625761835e-03 0.000000000000000000e+00 4.993759926500228041e-01 0.000000000000000000e+00 0.000000000000000000e+00 0.000000000000000000e+00 0.000000000000000000e+00 0.000000000000000000e+00 0.000000000000000000e+00
3.151724137931034786e+00 7.431133144445296879e-02 4.628443342777731062e-01 4.628443342777731062e-01 0.000000000000000000e+00 -1.409894550065706430e-02 -1.849210595151552505e-01 1.849210595151552505e-01 -1.409894550065706430e-02 0.000000000000000000e+00 4.628443342777731062e-01 0.000000000000000000e+00 0.000000000000000000e+00 0.000000000000000000e+00 0.000000000000000000e+00 0.000000000000000000e+00 0.000000000000000000e+00
3.355172413793103825e+00 3.044896048458655136e-01 3.477551975770690751e-01 3.477551975770690751e-01 0.000000000000000000e+00 7.228862155196313227e-03 -3.253238175219247408e-01 3.253238175219247408e-01 7.228862155196313227e-03 0.000000000000000000e+00 3.477551975770690751e-01 0.000000000000000000e+00 0.000000000000000000e+00 0.000000000000000000e+00 0.000000000000000000e+00 0.000000000000000000e+00 0.000000000000000000e+00
3.558620689655172864e+00 5.979942033605274432e-01 2.010028983197365837e-01 2.010028983197365837e-01 0.000000000000000000e+00 6.206640697245568994e-02 -3.410957753473661258e-01 3.410957753473661258e-01 6.206640697245568994e-02 0.000000000000000000e+00 2.010028983197365837e-01 0.000000000000000000e+00 0.000000000000000000e+00 0.000000000000000000e+00 0.000000000000000000e+00 0.000000000000000000e+00 0.000000000000000000e+00
3.762068965517241903e+00 8.356301158586937339e-01 8.218494207065385471e-02 8.218494207065385471e-02 0.000000000000000000e+00 1.311206397927212330e-01 -2.268999547131848871e-01 2.268999547131848871e-01 1.311206397927212330e-01 0.000000000000000000e+00 8.218494207065385471e-02 0.000000000000000000e+00 0.000000000000000000e+00 0.000000000000000000e+00 0.000000000000000000e+00 0.000000000000000000e+00 0.000000000000000000e+00
3.965517241379310942e+00 9.210758009114814460e-01 3.946209954425986682e-02 3.946209954425986682e-02 0.000000000000000000e+00 1.883588144128267305e-01 -2.947099748538311789e-02 2.947099748538311789e-02 1.883588144128267305e-01 0.000000000000000000e+00 3.946209954425986682e-02 0.000000000000000000e+00 0.000000000000000000e+00 0.000000000000000000e+00 0.000000000000000000e+00 0.000000000000000000e+00 0.000000000000000000e+00
4.168965517241379537e+00 8.198380383690216933e-01 9.008098081548793212e-02 9.008098081548793212e-02 0.000000000000000000e+00 2.109729989034994646e-01 1.712956764085025174e-01 -1.712956764085025174e-01 2.109729989034994646e-01 0.000000000000000000e+00 9.008098081548793212e-02 0.000000000000000000e+00 0.000000000000000000e+00 0.000000000000000000e+00 0.000000000000000000e+00 0.000000000000000000e+00 0.000000000000000000e+00
4.372413793103448576e+00 5.730853770765844679e-01 2.134573114617082379e-01 2.134573114617082379e-01 0.000000000000000000e+00 1.886685998945289433e-01 2.945053818179070859e-01 -2.945053818179070859e-01 1.886685998945289433e-01 0.000000000000000000e+00 2.134573114617082379e-01 0.000000000000000000e+00 0.000000000000000000e+00 0.000000000000000000e+00 0.000000000000000000e+00 0.000000000000000000e+00 0.000000000000000000e+00
4.575862068965517615e+00 2.808573824094389160e-01 3.595713087952803200e-01 3.595713087952803200e-01 0.000000000000000000e+00 1.284299897061749463e-01 2.906785061230293676e-01 -2.906785061230293676e-01 1.284299897061749463e-01 0.000000000000000000e+00 3.595713087952803200e-01 0.000000000000000000e+00 0.000000000000000000e+00 0.000000000000000000e+00 0.000000000000000000e+00 0.000000000000000000e+00 0.000000000000000000e+00
4.779310344827586654e+00 6.146325127926187404e-02 4.692683743603697777e-01 4.692683743603697777e-01 0.000000000000000000e+00 5.255224079186410907e-02 1.614961879271263057e-01 -1.614961879271263057e-01 5.255224079186410907e-02 0.000000000000000000e+00 4.692683743603697777e-01 0.000000000000000000e+00 0.000000000000000000e+00 0.000000000000000000e+00 0.000000000000000000e+00 0.000000000000000000e+00 0.000000000000000000e+00
4.982758620689654805e+00 3.568403961400273567e-03 4.982157980192997715e-01 4.982157980192997715e-01 0.000000000000000000e+00 -9.565414180356588553e-03 -4.106499794918266194e-02 4.106499794918266194e-02 -9.565414180356588553e-03 0.000000000000000000e+00 4.982157980192997715e-01 0.000000000000000000e+00 0.000000000000000000e+00 0.000000000000000000e+00 0.000000000000000000e+00 0.000000000000000000e+00 0.000000000000000000e+00
5.186206896551723844e+00 1.303269580436122732e-01 4.348365209781929752e-01 4.348365209781929752e-01 0.000000000000000000e+00 -3.288524066632592807e-02 -2.357742161832627470e-01 2.357742161832627470e-01 -3.288524066632592807e-02 0.000000000000000000e+00 4.348365209781929752e-01 0.000000000000000000e+00 0.000000000000000000e+00 0.000000000000000000e+00 0.000000000000000000e+00 0.000000000000000000e+00 0.000000000000000000e+00
5.389655172413792883e+00 3.901005038511917711e-01 3.049497480744034483e-01 3.049497480744034483e-01 0.000000000000000000e+00 -6.904439948236872765e-03 -3.448381876168937210e-01 3.448381876168937210e-01 -6.904439948236872765e-03 0.000000000000000000e+00 3.049497480744034483e-01 0.000000000000000000e+00 0.000000000000000000e+00 0.000000000000000000e+00 0.000000000000000000e+00 0.000000000000000000e+00 0.000000000000000000e+00
5.593103448275861922e+00 6.774618146411133246e-01 1.612690926794438373e-01 1.612690926794438373e-01 0.000000000000000000e+00 5.960129914798178996e-02 -3.251174180418847093e-01 3.251174180418847093e-01 5.960129914798178996e-02 0.000000000000000000e+00 1.612690926794438373e-01 0.000000000000000000e+00 0.000000000000000000e+00 0.000000000000000000e+00 0.000000000000000000e+00 0.000000000000000000e+00 0.000000000000000000e+00
5.796551724137930961e+00 8.759154745200307124e-01 6.204226273998467156e-02 6.204226273998467156e-02 0.000000000000000000e+00 1.414272258060855492e-01 -1.853162522592551598e-01 1.853162522592551598e-01 1.414272258060855492e-01 0.000000000000000000e+00 6.204226273998467156e-02 0.000000000000000000e+00 0.000000000000000000e+00 0.000000000000000000e+00 0.000000000000000000e+00 0.000000000000000000e+00 0.000000000000000000e+00
6.000000000000000000e+00 9.050927793715844993e-01 4.745361031420823605e-02 4.745361031420823605e-02 0.000000000000000000e+00 2.064881045240606616e-01 1.767987729588645085e-02 -1.767987729588645085e-02 2.064881045240606616e-01 0.000000000000000000e+00 4.745361031420823605e-02 0.000000000000000000e+00 0.000000000000000000e+00 0.000000000000000000e+00 0.000000000000000000e+00 0.000000000000000000e+00 0.000000000000000000e+00
