1.000000000000000056e-01 9.755358238700319040e-01 1.223208806498423014e-02 1.223208806498423014e-02 0.000000000000000000e+00 -1.637837822419839972e-04 1.092374170149465057e-01 -1.092374170149465057e-01 -1.637837822419839972e-04 0.000000000000000000e+00 1.223208806498423014e-02 0.000000000000000000e+00 0.000000000000000000e+00 0.000000000000000000e+00 0.000000000000000000e+00 0.000000000000000000e+00 0.000000000000000000e+00
3.034482758620690168e-01 7.900541138673023989e-01 1.049729430663488283e-01 1.049729430663488283e-01 0.000000000000000000e+00 -4.041495638208207619e-03 2.879548086530044904e-01 -2.879548086530044904e-01 -4.041495638208207619e-03 0.000000000000000000e+00 1.049729430663488283e-01 0.000000000000000000e+00 0.000000000000000000e+00 0.000000000000000000e+00 0.000000000000000000e+00 0.000000000000000000e+00 0.000000000000000000e+00
5.068965517241379448e-01 4.924965959824794681e-01 2.537517020087610153e-01 2.537517020087610153e-01 0.000000000000000000e+00 -1.432234418986142073e-02 3.532233286360598190e-01 -3.532233286360598190e-01 -1.432234418986142073e-02 0.000000000000000000e+00 2.537517020087610153e-01 0.000000000000000000e+00 0.000000000000000000e+00 0.000000000000000000e+00 0.000000000000000000e+00 0.000000000000000000e+00 0.000000000000000000e+00
7.103448275862068728e-01 2.008605896658335610e-01 3.995697051670820121e-01 3.995697051670820121e-01 0.000000000000000000e+00 -2.376541978615090769e-02 2.822995065541588633e-01 -2.822995065541588633e-01 -2.376541978615090769e-02 0.000000000000000000e+00 3.995697051670820121e-01 0.000000000000000000e+00 0.000000000000000000e+00 0.000000000000000000e+00 0.000000000000000000e+00 0.000000000000000000e+00 0.000000000000000000e+00
9.137931034482759118e-01 2.475530139330197124e-02 4.876223493033501333e-01 4.876223493033501333e-01 0.000000000000000000e+00 -1.642737232093905569e-02 1.086341550174597659e-01 -1.086341550174597659e-01 -1.642737232093905569e-02 0.000000000000000000e+00 4.876223493033501333e-01 0.000000000000000000e+00 0.000000000000000000e+00 0.000000000000000000e+00 0.000000000000000000e+00 0.000000000000000000e+00 0.000000000000000000e+00
1.117241379310345062e+00 1.884634200723888514e-02 4.905768289963804429e-01 4.905768289963804429e-01 0.000000000000000000e+00 2.370985712450411273e-02 -9.318487710650721900e-02 9.318487710650721900e-02 2.370985712450411273e-02 0.000000000000000000e+00 4.905768289963804429e-01 0.000000000000000000e+00 0.000000000000000000e+00 0.000000000000000000e+00 0.000000000000000000e+00 0.000000000000000000e+00 0.000000000000000000e+00
1.320689655172413879e+00 1.616698477960268332e-01 4.191650761019881655e-01 4.191650761019881655e-01 0.000000000000000000e+00 1.013985770658404895e-01 -2.397596351507920720e-01 2.397596351507920720e-01 1.013985770658404895e-01 0.000000000000000000e+00 4.191650761019881655e-01 0.000000000000000000e+00 0.000000000000000000e+00 0.000000000000000000e+00 0.000000000000000000e+00 0.000000000000000000e+00 0.000000000000000000e+00
1.524137931034482918e+00 3.687858337954310617e-01 3.156070831022844136e-01 3.156070831022844136e-01 0.000000000000000000e+00 2.027236667408261195e-01 -2.743984988302103911e-01 2.743984988302103911e-01 2.027236667408261195e-01 0.000000000000000000e+00 3.156070831022844136e-01 0.000000000000000000e+00 0.000000000000000000e+00 0.000000000000000000e+00 0.000000000000000000e+00 0.000000000000000000e+00 0.000000000000000000e+00
1.727586206896551957e+00 5.334883968473097537e-01 2.332558015763448456e-01 2.332558015763448456e-01 0.000000000000000000e+00 2.968870407514299092e-01 -1.905186309017068147e-01 1.905186309017068147e-01 2.968870407514299092e-01 0.000000000000000000e+00 2.332558015763448456e-01 0.000000000000000000e+00 0.000000000000000000e+00 0.000000000000000000e+00 0.000000000000000000e+00 0.000000000000000000e+00 0.000000000000000000e+00
1.931034482758620996e+00 5.760115142363806395e-01 2.119942428818102076e-01 2.119942428818102076e-01 0.000000000000000000e+00 3.478805492437253566e-01 -3.301890717610596326e-02 3.301890717610596326e-02 3.478805492437253566e-01 0.000000000000000000e+00 2.119942428818102076e-01 0.000000000000000000e+00 0.000000000000000000e+00 0.000000000000000000e+00 0.000000000000000000e+00 0.000000000000000000e+00 0.000000000000000000e+00
2.134482758620690035e+00 4.785378912019859210e-01 2.607310543990068452e-01 2.607310543990068452e-01 0.000000000000000000e+00 3.312775657086193815e-01 1.225759486978253016e-01 -1.225759486978253016e-01 3.312775657086193815e-01 0.000000000000000000e+00 2.607310543990068452e-01 0.000000000000000000e+00 0.000000000000000000e+00 0.000000000000000000e+00 0.000000000000000000e+00 0.000000000000000000e+00 0.000000000000000000e+00
2.337931034482759074e+00 2.906096322989881187e-01 3.546951838505045251e-01 3.546951838505045251e-01 0.000000000000000000e+00 2.480809097415205000e-01 2.037981826789622697e-01 -2.037981826789622697e-01 2.480809097415205000e-01 0.000000000000000000e+00 3.546951838505045251e-01 0.000000000000000000e+00 0.000000000000000000e+00 0.000000000000000000e+00 0.000000000000000000e+00 0.000000000000000000e+00 0.000000000000000000e+00
2.541379310344827669e+00 1.031799428159594356e-01 4.484100285920206153e-01 4.484100285920206153e-01 0.000000000000000000e+00 1.280545533258342361e-01 1.728263648583599488e-01 -1.728263648583599488e-01 1.280545533258342361e-01 0.000000000000000000e+00 4.484100285920206153e-01 0.000000000000000000e+00 0.000000000000000000e+00 0.000000000000000000e+00 0.000000000000000000e+00 0.000000000000000000e+00 0.000000000000000000e+00
2.744827586206896708e+00 4.359929517831499270e-03 4.978200352410841467e-01 4.978200352410841467e-01 0.000000000000000000e+00 1.952726133807548489e-02 4.229829536250426236e-02 -4.229829536250426236e-02 1.952726133807548489e-02 0.000000000000000000e+00 4.978200352410841467e-01 0.000000000000000000e+00 0.000000000000000000e+00 0.000000000000000000e+00 0.000000000000000000e+00 0.000000000000000000e+00 0.000000000000000000e+00
2.948275862068965747e+00 3.782538289288626954e-02 4.810873085535570248e-01 4.810873085535570248e-01 0.000000000000000000e+00 -3.078494623922698598e-02 -1.313377270525308005e-01 1.313377270525308005e-01 -3.078494623922698598e-02 0.000000000000000000e+00 4.810873085535570248e-01 0.000000000000000000e+00 0.000000000000000000e+00 0.000000000000000000e+00 0.000000000000000000e+00 0.000000000000000000e+00 0.000000000000000000e+00
3.151724137931034786e+00 1.832927439663233071e-01 4.083536280168392762e-01 4.083536280168392762e-01 0.000000000000000000e+00 8.321877247145823648e-04 -2.735828279313969880e-01 2.735828279313969880e-01 8.321877247145823648e-04 0.000000000000000000e+00 4.083536280168392762e-01 0.000000000000000000e+00 0.000000000000000000e+00 0.000000000000000000e+00 0.000000000000000000e+00 0.000000000000000000e+00 0.000000000000000000e+00
3.355172413793103825e+00 3.676377096471100669e-01 3.161811451764445224e-01 3.161811451764445224e-01 0.000000000000000000e+00 1.027168776923233356e-01 -3.250989931940282407e-01 3.250989931940282407e-01 1.027168776923233356e-01 0.000000000000000000e+00 3.161811451764445224e-01 0.000000000000000000e+00 0.000000000000000000e+00 0.000000000000000000e+00 0.000000000000000000e+00 0.000000000000000000e+00 0.000000000000000000e+00
3.558620689655172864e+00 5.007670633510086233e-01 2.496164683244951055e-01 2.496164683244951055e-01 0.000000000000000000e+00 2.310029881769302129e-01 -2.676514976875285501e-01 2.676514976875285501e-01 2.310029881769302129e-01 0.000000000000000000e+00 2.496164683244951055e-01 0.000000000000000000e+00 0.000000000000000000e+00 0.000000000000000000e+00 0.000000000000000000e+00 0.000000000000000000e+00 0.000000000000000000e+00
3.762068965517241903e+00 5.187721454427599577e-01 2.406139272786209093e-01 2.406139272786209093e-01 0.000000000000000000e+00 3.279556593529803221e-01 -1.314111420449816381e-01 1.314111420449816381e-01 3.279556593529803221e-01 0.000000000000000000e+00 2.406139272786209093e-01 0.000000000000000000e+00 0.000000000000000000e+00 0.000000000000000000e+00 0.000000000000000000e+00 0.000000000000000000e+00 0.000000000000000000e+00
3.965517241379310942e+00 4.138839168806417446e-01 2.930580415596778510e-01 2.930580415596778510e-01 0.000000000000000000e+00 3.477356527475191084e-01 1.928533956767190805e-02 -1.928533956767190805e-02 3.477356527475191084e-01 0.000000000000000000e+00 2.930580415596778510e-01 0.000000000000000000e+00 0.000000000000000000e+00 0.000000000000000000e+00 0.000000000000000000e+00 0.000000000000000000e+00 0.000000000000000000e+00
4.168965517241379537e+00 2.372317588897588925e-01 3.813841205551196656e-01 3.813841205551196656e-01 0.000000000000000000e+00 2.779169484845900873e-01 1.150590948401080255e-01 -1.150590948401080255e-01 2.779169484845900873e-01 0.000000000000000000e+00 3.813841205551196656e-01 0.000000000000000000e+00 0.000000000000000000e+00 0.000000000000000000e+00 0.000000000000000000e+00 0.000000000000000000e+00 0.000000000000000000e+00
4.372413793103448576e+00 7.360706991574933467e-02 4.631964650421241947e-01 4.631964650421241947e-01 0.000000000000000000e+00 1.464853762551140970e-01 1.124124932834267843e-01 -1.124124932834267843e-01 1.464853762551140970e-01 0.000000000000000000e+00 4.631964650421241947e-01 0.000000000000000000e+00 0.000000000000000000e+00 0.000000000000000000e+00 0.000000000000000000e+00 0.000000000000000000e+00 0.000000000000000000e+00
4.575862068965517615e+00 5.330596952987956506e-04 4.997334701523500899e-01 4.997334701523500899e-01 0.000000000000000000e+00 1.038080463641222716e-02 1.259468258586716842e-02 -1.259468258586716842e-02 1.038080463641222716e-02 0.000000000000000000e+00 4.997334701523500899e-01 0.000000000000000000e+00 0.000000000000000000e+00 0.000000000000000000e+00 0.000000000000000000e+00 0.000000000000000000e+00 0.000000000000000000e+00
4.779310344827586654e+00 5.140957669221917631e-02 4.742952116538916019e-01 4.742952116538916019e-01 0.000000000000000000e+00 -6.976603706567090224e-02 -1.396997287946231125e-01 1.396997287946231125e-01 -6.976603706567090224e-02 0.000000000000000000e+00 4.742952116538916019e-01 0.000000000000000000e+00 0.000000000000000000e+00 0.000000000000000000e+00 0.000000000000000000e+00 0.000000000000000000e+00 0.000000000000000000e+00
4.982758620689654805e+00 2.000777923864790753e-01 3.999611038067602542e-01 3.999611038067602542e-01 0.000000000000000000e+00 -5.745905067169394809e-02 -2.769869848208484364e-01 2.769869848208484364e-01 -5.745905067169394809e-02 0.000000000000000000e+00 3.999611038067602542e-01 0.000000000000000000e+00 0.000000000000000000e+00 0.000000000000000000e+00 0.000000000000000000e+00 0.000000000000000000e+00 0.000000000000000000e+00
5.186206896551723844e+00 3.739582845931722077e-01 3.130208577034126471e-01 3.130208577034126471e-01 0.000000000000000000e+00 4.219579552846040860e-02 -3.395235776083139756e-01 3.395235776083139756e-01 4.219579552846040860e-02 0.000000000000000000e+00 3.130208577034126471e-01 0.000000000000000000e+00 0.000000000000000000e+00 0.000000000000000000e+00 0.000000000000000000e+00 0.000000000000000000e+00 0.000000000000000000e+00
5.389655172413792883e+00 4.891547572595340565e-01 2.554226213702343040e-01 2.554226213702343040e-01 0.000000000000000000e+00 1.838272883744026531e-01 -3.019084497608948148e-01 3.019084497608948148e-01 1.838272883744026531e-01 0.000000000000000000e+00 2.554226213702343040e-01 0.000000000000000000e+00 0.000000000000000000e+00 0.000000000000000000e+00 0.000000000000000000e+00 0.000000000000000000e+00 0.000000000000000000e+00
5.593103448275861922e+00 4.905876233774185691e-01 2.547061883112903824e-01 2.547061883112903824e-01 0.000000000000000000e+00 3.018500668359926364e-01 -1.839625942857757990e-01 1.839625942857757990e-01 3.018500668359926364e-01 0.000000000000000000e+00 2.547061883112903824e-01 0.000000000000000000e+00 0.000000000000000000e+00 0.000000000000000000e+00 0.000000000000000000e+00 0.000000000000000000e+00 0.000000000000000000e+00
5.796551724137930961e+00 3.780193145221760753e-01 3.109903427389126285e-01 3.109903427389126285e-01 0.000000000000000000e+00 3.403879148517230391e-01 -4.118764275365491973e-02 4.118764275365491973e-02 3.403879148517230391e-01 0.000000000000000000e+00 3.109903427389126285e-01 0.000000000000000000e+00 0.000000000000000000e+00 0.000000000000000000e+00 0.000000000000000000e+00 0.000000000000000000e+00 0.000000000000000000e+00
6.000000000000000000e+00 2.057020125359038387e-01 3.971489937320490937e-01 3.971489937320490937e-01 0.000000000000000000e+00 2.793148660728786425e-01 6.064276135649115940e-02 -6.064276135649115940e-02 2.793148660728786425e-01 0.000000000000000000e+00 3.971489937320490937e-01 0.000000000000000000e+00 0.000000000000000000e+00 0.000000000000000000e+00 0.000000000000000000e+00 0.000000000000000000e+00 0.000000000000000000e+00
