1.000000000000000056e-01 9.755320465237359295e-01 1.223397673813260943e-02 1.223397673813260943e-02 0.000000000000000000e+00 -1.115636367672439026e-04 1.092457043242387460e-01 -1.092457043242387460e-01 -1.115636367672439026e-04 0.000000000000000000e+00 1.223397673813260943e-02 0.000000000000000000e+00 0.000000000000000000e+00 0.000000000000000000e+00 0.000000000000000000e+00 0.000000000000000000e+00 0.000000000000000000e+00
3.034482758620690168e-01 7.897642753704048335e-01 1.051178623147983465e-01 1.051178623147983465e-01 0.000000000000000000e+00 -2.762513072433291431e-03 2.881157768473809333e-01 -2.881157768473809333e-01 -2.762513072433291431e-03 0.000000000000000000e+00 1.051178623147983465e-01 0.000000000000000000e+00 0.000000000000000000e+00 0.000000000000000000e+00 0.000000000000000000e+00 0.000000000000000000e+00 0.000000000000000000e+00
5.068965517241379448e-01 4.907801808110323072e-01 2.546099095944824864e-01 2.546099095944824864e-01 0.000000000000000000e+00 -9.797694542489123956e-03 3.533574715378108300e-01 -3.533574715378108300e-01 -9.797694542489123956e-03 0.000000000000000000e+00 2.546099095944824864e-01 0.000000000000000000e+00 0.000000000000000000e+00 0.000000000000000000e+00 0.000000000000000000e+00 0.000000000000000000e+00 0.000000000000000000e+00
7.103448275862068728e-01 1.968596820846963413e-01 4.015701589576516906e-01 4.015701589576516906e-01 0.000000000000000000e+00 -1.618487790161725337e-02 2.806973878530516497e-01 -2.806973878530516497e-01 -1.618487790161725337e-02 0.000000000000000000e+00 4.015701589576516906e-01 0.000000000000000000e+00 0.000000000000000000e+00 0.000000000000000000e+00 0.000000000000000000e+00 0.000000000000000000e+00 0.000000000000000000e+00
9.137931034482759118e-01 2.128330325923160835e-02 4.893583483703853321e-01 4.893583483703853321e-01 0.000000000000000000e+00 -1.053468826640444923e-02 1.015095207446281705e-01 -1.015095207446281705e-01 -1.053468826640444923e-02 0.000000000000000000e+00 4.893583483703853321e-01 0.000000000000000000e+00 0.000000000000000000e+00 0.000000000000000000e+00 0.000000000000000000e+00 0.000000000000000000e+00 0.000000000000000000e+00
1.117241379310345062e+00 2.582221983850397501e-02 4.870888900807471833e-01 4.870888900807471833e-01 0.000000000000000000e+00 1.932420540846536625e-02 -1.104730347050938283e-01 1.104730347050938283e-01 1.932420540846536625e-02 0.000000000000000000e+00 4.870888900807471833e-01 0.000000000000000000e+00 0.000000000000000000e+00 0.000000000000000000e+00 0.000000000000000000e+00 0.000000000000000000e+00 0.000000000000000000e+00
1.320689655172413879e+00 1.962950534821181758e-01 4.018524732589388582e-01 4.018524732589388582e-01 0.000000000000000000e+00 7.847534959628001128e-02 -2.696725278206866805e-01 2.696725278206866805e-01 7.847534959628001128e-02 0.000000000000000000e+00 4.018524732589388582e-01 0.000000000000000000e+00 0.000000000000000000e+00 0.000000000000000000e+00 0.000000000000000000e+00 0.000000000000000000e+00 0.000000000000000000e+00
1.524137931034482918e+00 4.502051035721930661e-01 2.748974482139037168e-01 2.748974482139037168e-01 0.000000000000000000e+00 1.590339183405351242e-01 -3.137968241492584132e-01 3.137968241492584132e-01 1.590339183405351242e-01 0.000000000000000000e+00 2.748974482139037168e-01 0.000000000000000000e+00 0.000000000000000000e+00 0.000000000000000000e+00 0.000000000000000000e+00 0.000000000000000000e+00 0.000000000000000000e+00
1.727586206896551957e+00 6.729370978177162677e-01 1.635314510911420605e-01 1.635314510911420605e-01 0.000000000000000000e+00 2.399813721032003910e-01 -2.290312669376867727e-01 2.290312669376867727e-01 2.399813721032003910e-01 0.000000000000000000e+00 1.635314510911420605e-01 0.000000000000000000e+00 0.000000000000000000e+00 0.000000000000000000e+00 0.000000000000000000e+00 0.000000000000000000e+00 0.000000000000000000e+00
1.931034482758620996e+00 7.668386553136965489e-01 1.165806723431523362e-01 1.165806723431523362e-01 0.000000000000000000e+00 2.938940740245709060e-01 -5.499853863921928127e-02 5.499853863921928127e-02 2.938940740245709060e-01 0.000000000000000000e+00 1.165806723431523362e-01 0.000000000000000000e+00 0.000000000000000000e+00 0.000000000000000000e+00 0.000000000000000000e+00 0.000000000000000000e+00 0.000000000000000000e+00
2.134482758620690035e+00 6.922549607823895723e-01 1.538725196088036595e-01 1.538725196088036595e-01 0.000000000000000000e+00 2.983251827871647999e-01 1.323672940258899255e-01 -1.323672940258899255e-01 2.983251827871647999e-01 0.000000000000000000e+00 1.538725196088036595e-01 0.000000000000000000e+00 0.000000000000000000e+00 0.000000000000000000e+00 0.000000000000000000e+00 0.000000000000000000e+00 0.000000000000000000e+00
2.337931034482759074e+00 4.832227822717344856e-01 2.583886088641335066e-01 2.583886088641335066e-01 0.000000000000000000e+00 2.469204038555132541e-01 2.527638758240752237e-01 -2.527638758240752237e-01 2.469204038555132541e-01 0.000000000000000000e+00 2.583886088641335066e-01 0.000000000000000000e+00 0.000000000000000000e+00 0.000000000000000000e+00 0.000000000000000000e+00 0.000000000000000000e+00 0.000000000000000000e+00
2.541379310344827669e+00 2.314610088489906792e-01 3.842694955755050490e-01 3.842694955755050490e-01 0.000000000000000000e+00 1.548651695453601707e-01 2.548728788177745952e-01 -2.548728788177745952e-01 1.548651695453601707e-01 0.000000000000000000e+00 3.842694955755050490e-01 0.000000000000000000e+00 0.000000000000000000e+00 0.000000000000000000e+00 0.000000000000000000e+00 0.000000000000000000e+00 0.000000000000000000e+00
2.744827586206896708e+00 4.594445119101701197e-02 4.770277744044925661e-01 4.770277744044925661e-01 0.000000000000000000e+00 5.533550260097520185e-02 1.373126409563592276e-01 -1.373126409563592276e-01 5.533550260097520185e-02 0.000000000000000000e+00 4.770277744044925661e-01 0.000000000000000000e+00 0.000000000000000000e+00 0.000000000000000000e+00 0.000000000000000000e+00 0.000000000000000000e+00 0.000000000000000000e+00
2.948275862068965747e+00 5.628641610337264435e-03 4.971856791948314203e-01 4.971856791948314203e-01 0.000000000000000000e+00 -1.253530243704943127e-02 -5.139402407502233205e-02 5.139402407502233205e-02 -1.253530243704943127e-02 0.000000000000000000e+00 4.971856791948314203e-01 0.000000000000000000e+00 0.000000000000000000e+00 0.000000000000000000e+00 0.000000000000000000e+00 0.000000000000000000e+00 0.000000000000000000e+00
3.151724137931034786e+00 1.257280488877358937e-01 4.371359755561302074e-01 4.371359755561302074e-01 0.000000000000000000e+00 -1.959451409593741464e-02 -2.336157276841257513e-01 2.336157276841257513e-01 -1.959451409593741464e-02 0.000000000000000000e+00 4.371359755561302074e-01 0.000000000000000000e+00 0.000000000000000000e+00 0.000000000000000000e+00 0.000000000000000000e+00 0.000000000000000000e+00 0.000000000000000000e+00
3.355172413793103825e+00 3.518459125560804424e-01 3.240770437219593902e-01 3.240770437219593902e-01 0.000000000000000000e+00 4.018974506508722622e-02 -3.352759568341516228e-01 3.352759568341516228e-01 4.018974506508722622e-02 0.000000000000000000e+00 3.240770437219593902e-01 0.000000000000000000e+00 0.000000000000000000e+00 0.000000000000000000e+00 0.000000000000000000e+00 0.000000000000000000e+00 0.000000000000000000e+00
3.558620689655172864e+00 5.842058070615460119e-01 2.078970964692272994e-01 2.078970964692272994e-01 0.000000000000000000e+00 1.454852096598707178e-01 -3.166839810906066366e-01 3.166839810906066366e-01 1.454852096598707178e-01 0.000000000000000000e+00 2.078970964692272994e-01 0.000000000000000000e+00 0.000000000000000000e+00 0.000000000000000000e+00 0.000000000000000000e+00 0.000000000000000000e+00 0.000000000000000000e+00
3.762068965517241903e+00 7.212394333509741795e-01 1.393802833245142148e-01 1.393802833245142148e-01 0.000000000000000000e+00 2.548004233675601471e-01 -1.886883678918717944e-01 1.886883678918717944e-01 2.548004233675601471e-01 0.000000000000000000e+00 1.393802833245142148e-01 0.000000000000000000e+00 0.000000000000000000e+00 0.000000000000000000e+00 0.000000000000000000e+00 0.000000000000000000e+00 0.000000000000000000e+00
3.965517241379310942e+00 7.035820037862271503e-01 1.482089981068876738e-01 1.482089981068876738e-01 0.000000000000000000e+00 3.228312258380473532e-01 -7.562124197486834107e-03 7.562124197486834107e-03 3.228312258380473532e-01 0.000000000000000000e+00 1.482089981068876738e-01 0.000000000000000000e+00 0.000000000000000000e+00 0.000000000000000000e+00 0.000000000000000000e+00 0.000000000000000000e+00 0.000000000000000000e+00
4.168965517241379537e+00 5.394407269648506809e-01 2.302796365175748261e-01 2.302796365175748261e-01 0.000000000000000000e+00 3.194004020211565487e-01 1.490154204224737322e-01 -1.490154204224737322e-01 3.194004020211565487e-01 0.000000000000000000e+00 2.302796365175748261e-01 0.000000000000000000e+00 0.000000000000000000e+00 0.000000000000000000e+00 0.000000000000000000e+00 0.000000000000000000e+00 0.000000000000000000e+00
4.372413793103448576e+00 3.005521281579465742e-01 3.497239359210272958e-01 3.497239359210272958e-01 0.000000000000000000e+00 2.429762838465966968e-01 2.146457445898194427e-01 -2.146457445898194427e-01 2.429762838465966968e-01 0.000000000000000000e+00 3.497239359210272958e-01 0.000000000000000000e+00 0.000000000000000000e+00 0.000000000000000000e+00 0.000000000000000000e+00 0.000000000000000000e+00 0.000000000000000000e+00
4.575862068965517615e+00 9.068110980594423776e-02 4.546594450970270485e-01 4.546594450970270485e-01 0.000000000000000000e+00 1.226085536791333558e-01 1.618522950302644925e-01 -1.618522950302644925e-01 1.226085536791333558e-01 0.000000000000000000e+00 4.546594450970270485e-01 0.000000000000000000e+00 0.000000000000000000e+00 0.000000000000000000e+00 0.000000000000000000e+00 0.000000000000000000e+00 0.000000000000000000e+00
4.779310344827586654e+00 4.389913812442725462e-04 4.997805043093775934e-01 4.997805043093775934e-01 0.000000000000000000e+00 6.886739896826541210e-03 1.311369797277679716e-02 -1.311369797277679716e-02 6.886739896826541210e-03 0.000000000000000000e+00 4.997805043093775934e-01 0.000000000000000000e+00 0.000000000000000000e+00 0.000000000000000000e+00 0.000000000000000000e+00 0.000000000000000000e+00 0.000000000000000000e+00
4.982758620689654805e+00 6.808907239054319549e-02 4.659554638047285757e-01 4.659554638047285757e-01 0.000000000000000000e+00 -5.591489885010617056e-02 -1.691153307419548113e-01 1.691153307419548113e-01 -5.591489885010617056e-02 0.000000000000000000e+00 4.659554638047285757e-01 0.000000000000000000e+00 0.000000000000000000e+00 0.000000000000000000e+00 0.000000000000000000e+00 0.000000000000000000e+00 0.000000000000000000e+00
5.186206896551723844e+00 2.632307945323859588e-01 3.683846027338062434e-01 3.683846027338062434e-01 0.000000000000000000e+00 -3.832690825157925724e-02 -3.090327121655617182e-01 3.090327121655617182e-01 -3.832690825157925724e-02 0.000000000000000000e+00 3.683846027338062434e-01 0.000000000000000000e+00 0.000000000000000000e+00 0.000000000000000000e+00 0.000000000000000000e+00 0.000000000000000000e+00 0.000000000000000000e+00
5.389655172413792883e+00 5.003115207634072359e-01 2.498442396182970204e-01 2.498442396182970204e-01 0.000000000000000000e+00 5.396201121593082600e-02 -3.494110043910308994e-01 3.494110043910308994e-01 5.396201121593082600e-02 0.000000000000000000e+00 2.498442396182970204e-01 0.000000000000000000e+00 0.000000000000000000e+00 0.000000000000000000e+00 0.000000000000000000e+00 0.000000000000000000e+00 0.000000000000000000e+00
5.593103448275861922e+00 6.759668679544063030e-01 1.620165660227979310e-01 1.620165660227979310e-01 0.000000000000000000e+00 1.834867950843268869e-01 -2.754095582015960719e-01 2.754095582015960719e-01 1.834867950843268869e-01 0.000000000000000000e+00 1.620165660227979310e-01 0.000000000000000000e+00 0.000000000000000000e+00 0.000000000000000000e+00 0.000000000000000000e+00 0.000000000000000000e+00 0.000000000000000000e+00
5.796551724137930961e+00 7.139244713455412672e-01 1.430377643272301158e-01 1.430377643272301158e-01 0.000000000000000000e+00 2.960376805505426367e-01 -1.203322434368631344e-01 1.203322434368631344e-01 2.960376805505426367e-01 0.000000000000000000e+00 1.430377643272301158e-01 0.000000000000000000e+00 0.000000000000000000e+00 0.000000000000000000e+00 0.000000000000000000e+00 0.000000000000000000e+00 0.000000000000000000e+00
6.000000000000000000e+00 5.979398137545738345e-01 2.010300931227145260e-01 2.010300931227145260e-01 0.000000000000000000e+00 3.432441803538356373e-01 4.886025832812254666e-02 -4.886025832812254666e-02 3.432441803538356373e-01 0.000000000000000000e+00 2.010300931227145260e-01 0.000000000000000000e+00 0.000000000000000000e+00 0.000000000000000000e+00 0.000000000000000000e+00 0.000000000000000000e+00 0.000000000000000000e+00
