1.000000000000000056e-01 2.227702488975150802e-02 -5.106223326413441427e-03 -9.514771411587292782e-01
2.000000000000000111e-01 1.715255475380136218e-05 -3.936829380962727063e-06 -8.152940882171972881e-01
2.999999999999999889e-01 5.235876088599124341e-11 -1.202992409784248602e-11 -6.168359311538440526e-01
4.000000000000000222e-01 6.887104808730869091e-16 2.741926688107901509e-15 -3.902885409381164905e-01
5.000000000000000000e-01 6.530070762914400404e-17 4.464997172201045673e-16 -1.697923886421179862e-01
5.999999999999999778e-01 -4.763366207090766486e-18 -5.240267551173252608e-17 1.799216310439462341e-02
6.999999999999999556e-01 -3.607942622303737281e-17 8.842558160918478438e-17 1.578506647609266567e-01
7.999999999999999334e-01 -8.964624834122648493e-18 2.426963404711147807e-16 2.461662924402105712e-01
8.999999999999999112e-01 -1.602186949493033735e-17 -2.088210723513183693e-16 2.882494857939091326e-01
9.999999999999998890e-01 1.887628156311125597e-18 1.153583859955306885e-15 2.944633396229560662e-01
1.099999999999999867e+00 -6.929868972429552604e-18 8.752026177008203446e-16 2.765876950806052115e-01
1.199999999999999956e+00 -2.713425631129241764e-18 5.732965237858719725e-16 2.452581147303282139e-01
1.300000000000000044e+00 -3.260726868027790098e-18 2.209662288181550262e-16 2.086664802673368901e-01
1.399999999999999911e+00 -2.599085154792570115e-18 1.071322488331558167e-16 1.722860028934602161e-01
1.500000000000000000e+00 -5.893767051755185979e-19 5.840892246854795129e-16 1.392267329049947655e-01
1.599999999999999867e+00 2.272034460390284699e-19 5.263143330417717980e-16 1.108499058741304749e-01
1.699999999999999956e+00 -3.250170193665320317e-20 2.437314323314409417e-16 8.738949570698360814e-02
1.800000000000000044e+00 -2.930640871797193725e-19 2.630032112094144353e-16 6.845705068184836095e-02
1.899999999999999911e+00 -1.414168299697471279e-21 2.417713633978320635e-16 5.339258825339411596e-02
2.000000000000000000e+00 9.228497084559927099e-20 1.723682589293625609e-16 4.147992817483807382e-02
2.099999999999999645e+00 -9.276364818257486377e-20 1.188273991867348198e-16 3.205744527622049478e-02
2.199999999999999734e+00 3.001968145736194153e-20 8.466865447894816347e-17 2.456670306810025337e-02
2.299999999999999822e+00 -5.996963435840317379e-21 5.894987650212003062e-17 1.855883288476041157e-02
2.399999999999999911e+00 -1.520713730684521172e-20 5.967323063018414876e-17 1.368603435104683019e-02
2.500000000000000000e+00 -2.873866798112711156e-21 4.159112168468797495e-17 9.684077215877323966e-03
2.600000000000000089e+00 -1.346569919416302315e-20 1.299519111541616497e-17 6.354237380758845886e-03
2.699999999999999734e+00 -1.245889851175569380e-20 7.375383471066279537e-18 3.548267036139229544e-03
2.799999999999999822e+00 -2.453797361899239492e-22 4.663977968647170852e-18 1.155265450969501480e-03
2.899999999999999911e+00 1.118963914356857540e-21 -2.824359725602155158e-18 -9.081282994428998548e-04
3.000000000000000000e+00 1.253365223846447231e-21 -8.528607471356266027e-18 -2.704871207268435239e-03
