1.000000000000000056e-01 -9.605724418747850143e-03 7.080610234285331789e-03 -9.868206047432991346e-01
2.000000000000000111e-01 -7.610500799080864814e-06 5.562162813580693997e-06 -9.478655608336400418e-01
2.999999999999999889e-01 -2.437790895240527691e-11 1.757869577138948567e-11 -8.849973463224739545e-01
4.000000000000000222e-01 3.720849302260416073e-15 -4.192780107476460237e-16 -8.015934247158521542e-01
5.000000000000000000e-01 8.568072626455956328e-16 -8.426844637957538372e-16 -7.026482263179735233e-01
5.999999999999999778e-01 -5.871988984610161482e-16 -3.421917290410999581e-15 -5.945126344580886624e-01
6.999999999999999556e-01 6.856431311639308012e-16 -1.594674960993246710e-15 -4.842105496884650528e-01
7.999999999999999334e-01 5.693852660833443904e-16 -1.829255806273203785e-15 -3.784879116370002961e-01
8.999999999999999112e-01 6.212494775007379625e-16 -6.250095813994906698e-16 -2.828840135240698883e-01
9.999999999999998890e-01 6.923997235846609866e-17 -1.223040848644424275e-15 -2.010963298924856313e-01
1.099999999999999867e+00 2.313857998726371406e-16 -1.825727685703407952e-16 -1.347807202604544841e-01
1.199999999999999956e+00 4.579731110745663393e-17 -2.280100118149807301e-16 -8.377162953547970248e-02
1.300000000000000044e+00 5.234856949994969543e-17 -1.168501139847672436e-16 -4.657310026469296121e-02
1.399999999999999911e+00 1.310617970526742117e-17 -5.604400100236047787e-17 -2.093435135117548834e-02
1.500000000000000000e+00 -3.919144721101509076e-20 -1.742619976674280107e-17 -4.366605884154256718e-03
1.599999999999999867e+00 -2.804130507646529776e-18 1.681960282877288056e-17 5.480618721256186321e-03
1.699999999999999956e+00 -4.677083085037386116e-20 3.800567830660448444e-17 1.061162442245452628e-02
1.800000000000000044e+00 1.510967747992295302e-18 6.059880902191974376e-17 1.260408408732618772e-02
1.899999999999999911e+00 -1.065205595888466749e-18 4.224491673867389563e-17 1.262338323274611769e-02
2.000000000000000000e+00 1.147884779404353060e-18 5.579484407324086474e-17 1.148563129558345490e-02
2.099999999999999645e+00 1.758090158603125232e-18 4.933540503818420128e-17 9.733070488425834416e-03
2.199999999999999734e+00 1.710568221426680388e-18 3.441837195761328324e-17 7.709851216170218215e-03
2.299999999999999822e+00 -6.117594073785065675e-19 1.925056189448851186e-17 5.622726283287812245e-03
2.399999999999999911e+00 -3.704333991008227488e-19 1.632487191745878707e-17 3.588857021388814315e-03
2.500000000000000000e+00 -1.656543356819363908e-19 5.905634662104518566e-18 1.668539318435695914e-03
2.600000000000000089e+00 -1.631627715738425113e-21 -3.988499587981607026e-19 -1.121620428470206240e-04
2.699999999999999734e+00 1.165426185248592036e-19 -5.379533618956683465e-18 -1.746766497010227752e-03
2.799999999999999822e+00 -4.692076863081523884e-19 -1.408743101300696638e-17 -3.239613774431859914e-03
2.899999999999999911e+00 2.318566038491880721e-19 -1.777789877769908366e-17 -4.599959686752337108e-03
3.000000000000000000e+00 -2.022359588303884631e-19 -2.214833930119419844e-17 -5.839051567975632288e-03
