1.000000000000000056e-01 2.376951535748674238e-01 -4.590689649324217192e-02 -8.622970350365462000e-01
2.000000000000000111e-01 4.468754727003926841e-01 -1.138022382883275146e-01 -7.508832760676314999e-01
2.999999999999999889e-01 5.999186012349366770e-01 -2.170021665142514711e-01 -5.805733542814544013e-01
4.000000000000000222e-01 6.727914655294119362e-01 -3.537198964507691223e-01 -3.711577632973707686e-01
5.000000000000000000e-01 6.501830000248502994e-01 -5.049657248522250175e-01 -1.447266528628669002e-01
5.999999999999999778e-01 5.318129916702383220e-01 -6.381932525876899964e-01 7.806751172127902871e-02
6.999999999999999556e-01 3.369972818616152610e-01 -7.165991392164402507e-01 2.809948757638508487e-01
7.999999999999999334e-01 1.040794627990936361e-01 -7.118279413779415865e-01 4.536553100036094244e-01
8.999999999999999112e-01 -1.172184816903230620e-01 -6.156821308887754363e-01 5.917104244335166241e-01
9.999999999999998890e-01 -2.793825486563952243e-01 -4.457880252498524487e-01 6.958069867420472177e-01
1.099999999999999867e+00 -3.520892371195550874e-01 -2.417296475843579151e-01 7.699955513112997085e-01
1.199999999999999956e+00 -3.321989801827843758e-01 -5.213109599069141314e-02 8.200374339985986305e-01
1.300000000000000044e+00 -2.438171386241689276e-01 8.240686292931423407e-02 8.519963817496633007e-01
1.399999999999999911e+00 -1.277341493399820616e-01 1.430792632757116878e-01 8.713076650238247289e-01
1.500000000000000000e+00 -2.484809942747681633e-02 1.371141738322698700e-01 8.823183617353840269e-01
1.599999999999999867e+00 3.871797814110868735e-02 9.086749086608335302e-02 8.882045329503911457e-01
1.699999999999999956e+00 5.811351718511656439e-02 3.595868596335029255e-02 8.911087404221784691e-01
1.800000000000000044e+00 4.597511609893140117e-02 -4.201666921242103170e-03 8.923762424198434795e-01
1.899999999999999911e+00 2.191226169964253026e-02 -2.114687003382521163e-02 8.927971813913329058e-01
2.000000000000000000e+00 1.869356960471708212e-03 -1.952974639672956647e-02 8.928059701381735325e-01
2.099999999999999645e+00 -7.406238102956855598e-03 -9.873012236696046898e-03 8.926278138837022702e-01
2.199999999999999734e+00 -7.491541600670648636e-03 -1.184055271199558300e-03 8.923719634582584215e-01
2.299999999999999822e+00 -3.632613471206031907e-03 2.740148599714004995e-03 8.920884606227953428e-01
2.399999999999999911e+00 -2.290616419182212905e-04 2.659613031032567049e-03 8.917986324241802265e-01
2.500000000000000000e+00 1.078036851692628631e-03 1.081584258369680702e-03 8.915109844792602489e-01
2.600000000000000089e+00 8.547632726026810172e-04 -1.026493265125639608e-04 8.912284901186802166e-01
2.699999999999999734e+00 2.276342179457258345e-04 -4.101379145066625428e-04 8.909520265823827057e-01
2.799999999999999822e+00 -1.153169058698204721e-04 -2.249980426396911380e-04 8.906816417050316126e-01
2.899999999999999911e+00 -1.332731798647667127e-04 -1.043198998927287360e-05 8.904171522533030902e-01
3.000000000000000000e+00 -3.592326954940697984e-05 5.820469755712361575e-05 8.901583116196066792e-01
