1.000000000000000056e-01 -3.797617082013227466e-03 3.544549254617014589e-02 -9.002162885152473759e-01
2.000000000000000111e-01 -5.775679565844602653e-03 7.098284993725509362e-02 -8.976426591353072748e-01
2.999999999999999889e-01 -4.117877436732329810e-03 1.065480019940384798e-01 -8.933626958711390342e-01
4.000000000000000222e-01 2.958631534824743281e-03 1.417701101541354591e-01 -8.873903757954187954e-01
5.000000000000000000e-01 1.718221646514483947e-02 1.758128109446373266e-01 -8.797474200712519510e-01
5.999999999999999778e-01 4.006844456408337196e-02 2.072732776687981893e-01 -8.704571560911499306e-01
6.999999999999999556e-01 7.275980953622603054e-02 2.340477550837010423e-01 -8.595531258610334957e-01
7.999999999999999334e-01 1.158182500428559386e-01 2.533395463392248970e-01 -8.470637651069133911e-01
8.999999999999999112e-01 1.688521961052070752e-01 2.616499642104240242e-01 -8.330372912584087519e-01
9.999999999999998890e-01 2.302028481870383447e-01 2.550416176056802264e-01 -8.175174374648167541e-01
1.099999999999999867e+00 2.965773118870188574e-01 2.294904071441797311e-01 -8.005508177134651460e-01
1.199999999999999956e+00 3.627876629984763124e-01 1.814417532973926495e-01 -7.821911488239431387e-01
1.300000000000000044e+00 4.216200235709806066e-01 1.086529570600667516e-01 -7.625031642121464781e-01
1.399999999999999911e+00 4.641242446846793879e-01 1.112293734341035512e-02 -7.415366570454171580e-01
1.500000000000000000e+00 4.801915370423369134e-01 -1.078491543828160315e-01 -7.193653440475524796e-01
1.599999999999999867e+00 4.597966684946021010e-01 -2.408195411588638091e-01 -6.960520602042477023e-01
1.699999999999999956e+00 3.947614099572185897e-01 -3.755992945938689820e-01 -6.716590502125020512e-01
1.800000000000000044e+00 2.809277098791659322e-01 -4.955733795698752941e-01 -6.462662524224728200e-01
1.899999999999999911e+00 1.206072231574454590e-01 -5.809183037359311186e-01 -6.199473194511747609e-01
2.000000000000000000e+00 -7.533893921696038776e-02 -6.111879725410869213e-01 -5.927659033893336593e-01
2.099999999999999645e+00 -2.864507004495140952e-01 -5.691279503672518336e-01 -5.648079887899242202e-01
2.199999999999999734e+00 -4.833496812794257913e-01 -4.454535121629877858e-01 -5.361316550236945311e-01
2.299999999999999822e+00 -6.308349506178562160e-01 -2.436550790495499719e-01 -5.068419124744605320e-01
2.399999999999999911e+00 -6.938085863296271638e-01 1.632285979221592687e-02 -4.769774778111187108e-01
2.500000000000000000e+00 -6.453605334645844405e-01 2.972446541019165278e-01 -4.466380589851499661e-01
2.600000000000000089e+00 -4.759507660428993203e-01 5.479958550483059465e-01 -4.158869754762619664e-01
2.699999999999999734e+00 -2.011356674341884809e-01 7.120590724012588746e-01 -3.847888711156627894e-01
2.799999999999999822e+00 1.349906684379090782e-01 7.405892941308963584e-01 -3.534449329190351707e-01
2.899999999999999911e+00 4.635808516255980338e-01 6.078584411437720769e-01 -3.219009015742362867e-01
3.000000000000000000e+00 7.036114576047938218e-01 3.247649477937009643e-01 -2.902040129360727860e-01
