1.000000000000000056e-01 -1.485893608337116312e-01 2.112770737592933878e-01 -8.571672345777440194e-01
2.000000000000000111e-01 -2.615247731995531955e-01 4.130190802673629480e-01 -7.317059746086197469e-01
2.999999999999999889e-01 -3.111506990335243805e-01 5.923749483508791158e-01 -5.420292100088991427e-01
4.000000000000000222e-01 -2.843400372017922395e-01 7.322226608998647635e-01 -3.126603319231758271e-01
5.000000000000000000e-01 -1.859983144412016842e-01 8.138309604854062629e-01 -7.016996599724825701e-02
5.999999999999999778e-01 -3.834194274090757526e-02 8.225283495725183025e-01 1.617439593136393849e-01
6.999999999999999556e-01 1.245567553152839291e-01 7.541289923168802423e-01 3.657639183630124191e-01
7.999999999999999334e-01 2.658763673890585655e-01 6.190661532399125422e-01 5.323392635367459880e-01
8.999999999999999112e-01 3.562279769046046152e-01 4.418127548365576862e-01 6.592548610368423878e-01
9.999999999999998890e-01 3.815582675170086091e-01 2.551984010662745050e-01 7.497565774921867154e-01
1.099999999999999867e+00 3.459037221690606789e-01 9.141486078983951380e-02 8.102561393070981666e-01
1.199999999999999956e+00 2.680940567728642976e-01 -2.675917354665699466e-02 8.481861482182119216e-01
1.300000000000000044e+00 1.740010920189035692e-01 -9.107577499340319127e-02 8.704563792065204142e-01
1.399999999999999911e+00 8.754364950385642996e-02 -1.076176098780780022e-01 8.826614756961760344e-01
1.500000000000000000e+00 2.405631127781542034e-02 -9.190629754141198260e-02 8.888524460415451189e-01
1.599999999999999867e+00 -1.193276560773304934e-02 -6.192982658721304934e-02 8.916982276207499059e-01
1.699999999999999956e+00 -2.470853561843897733e-02 -3.217520740448197997e-02 8.928124445407102927e-01
1.800000000000000044e+00 -2.291787533421153766e-02 -1.063391090353494987e-02 8.930941689199007882e-01
1.899999999999999911e+00 -1.518668636346619596e-02 9.603738619638844259e-04 8.930066371107621137e-01
2.000000000000000000e+00 -7.428826530227178489e-03 4.819672876654987857e-03 8.927702013770254519e-01
2.099999999999999645e+00 -2.239390543083460538e-03 4.430486378066010762e-03 8.924818025421837886e-01
2.199999999999999734e+00 1.918547940413374391e-04 2.675117880414760486e-03 8.921803578287941239e-01
2.299999999999999822e+00 8.175341752560795830e-04 1.129061607158531998e-03 8.918802097010248842e-01
2.399999999999999911e+00 6.418295508601197909e-04 2.539189026420192387e-04 8.915859107593885335e-01
2.500000000000000000e+00 3.192689780047293867e-04 -6.897399203535295844e-05 8.912985285108944167e-01
2.600000000000000089e+00 1.045383844551792070e-04 -1.071306742222150852e-04 8.910180598546428854e-01
2.699999999999999734e+00 1.010702721677954010e-05 -6.306686496564324097e-05 8.907442072192491844e-01
2.799999999999999822e+00 -8.773814192653666747e-06 -2.125576210762073341e-05 8.904766313332215244e-01
2.899999999999999911e+00 -8.026526715391638141e-06 -7.854163337194880684e-06 8.902150141434775898e-01
3.000000000000000000e+00 -5.169841767013292098e-06 1.279258554893658700e-06 8.899590681523308344e-01
