1.000000000000000056e-01 1.163640614453095856e-01 -1.074754156499955760e-01 -8.848185245401021248e-01
2.000000000000000111e-01 2.311893951439087935e-01 -2.039978961352745812e-01 -8.378188154785991548e-01
2.999999999999999889e-01 3.426885040875877197e-01 -2.797063733608530223e-01 -7.651963864084810885e-01
4.000000000000000222e-01 4.486237504089228278e-01 -3.268150453707414638e-01 -6.748760231369171914e-01
5.000000000000000000e-01 5.462005808300680609e-01 -3.404024600168426007e-01 -5.767376916536876008e-01
5.999999999999999778e-01 6.320795178314333462e-01 -3.189233454005396817e-01 -4.815571539629998621e-01
6.999999999999999556e-01 7.025271544740030460e-01 -2.643968212000852303e-01 -3.998420133492420758e-01
7.999999999999999334e-01 7.536948599727102405e-01 -1.822473755107695825e-01 -3.406934543011795880e-01
8.999999999999999112e-01 7.820060520129298309e-01 -8.081866864401267281e-02 -3.108001479650056020e-01
9.999999999999998890e-01 7.846033895477459996e-01 2.939807342554121017e-02 -3.136908648719226589e-01
1.099999999999999867e+00 7.598125838047422587e-01 1.367563571234943209e-01 -3.493034742894121081e-01
1.199999999999999956e+00 7.075507432130589969e-01 2.295604736037634153e-01 -4.139425370960225781e-01
1.300000000000000044e+00 6.296358837382876050e-01 2.971900809627892603e-01 -5.006043624695821759e-01
1.399999999999999911e+00 5.299227607665514261e-01 3.311462021753009410e-01 -5.996783805788526989e-01
1.500000000000000000e+00 4.142541330390269172e-01 3.258921347906161836e-01 -6.999167349401461680e-01
1.599999999999999867e+00 2.901945406433443786e-01 2.794365270558122338e-01 -7.895968641759513185e-01
1.699999999999999956e+00 1.665553955724762836e-01 1.935897384961977885e-01 -8.577540476315129725e-01
1.800000000000000044e+00 5.274857346238952943e-02 7.385742471340128734e-02 -8.953579616483369197e-01
1.899999999999999911e+00 -4.199775497403178404e-02 -7.100421476945655008e-02 -8.963064098236013244e-01
2.000000000000000000e+00 -1.094601747145153431e-01 -2.297411306949700971e-01 -8.581320304212158856e-01
2.099999999999999645e+00 -1.432312266972500248e-01 -3.896010521994471287e-01 -7.823493182680607561e-01
2.199999999999999734e+00 -1.394154412842932289e-01 -5.374751562497304125e-01 -6.743981540244413653e-01
2.299999999999999822e+00 -9.713681999837392445e-02 -6.610978609576066978e-01 -5.431769629074856276e-01
2.399999999999999911e+00 -1.879842490043286130e-02 -7.501648599234891357e-01 -4.002215475300728853e-01
2.500000000000000000e+00 8.994623808593502079e-02 -7.972922626936723711e-01 -2.585981252123579210e-01
2.600000000000000089e+00 2.205439728674460087e-01 -7.987190052288166697e-01 -1.316046090459594975e-01
2.699999999999999734e+00 3.621566817936084370e-01 -7.546746235007523174e-01 -3.145499271019699256e-02
2.799999999999999822e+00 5.025492138487268612e-01 -6.693963546316051838e-01 3.198288103455768083e-02
2.899999999999999911e+00 6.291390810200923056e-01 -5.507719475370574935e-01 5.222023144055237126e-02
3.000000000000000000e+00 7.301206030366500510e-01 -4.096575428114647699e-01 2.685673466236652637e-02
