1.000000000000000056e-01 9.972654272233149042e-01 0.000000000000000000e+00 2.734572776678049350e-03 0.000000000000000000e+00 0.000000000000000000e+00 0.000000000000000000e+00 3.909072165340887750e-02 -3.462671565143909946e-02 0.000000000000000000e+00 0.000000000000000000e+00 0.000000000000000000e+00 0.000000000000000000e+00 0.000000000000000000e+00 0.000000000000000000e+00 0.000000000000000000e+00 0.000000000000000000e+00
2.000000000000000111e-01 9.891100455120277468e-01 0.000000000000000000e+00 1.088995448797654836e-02 0.000000000000000000e+00 0.000000000000000000e+00 0.000000000000000000e+00 7.782589094116071360e-02 -6.866217087484720316e-02 0.000000000000000000e+00 0.000000000000000000e+00 0.000000000000000000e+00 0.000000000000000000e+00 0.000000000000000000e+00 0.000000000000000000e+00 0.000000000000000000e+00 0.000000000000000000e+00
2.999999999999999889e-01 9.756749160855350267e-01 0.000000000000000000e+00 2.432508391446211449e-02 0.000000000000000000e+00 0.000000000000000000e+00 0.000000000000000000e+00 1.158544146149439874e-01 -1.015437364137851406e-01 0.000000000000000000e+00 0.000000000000000000e+00 0.000000000000000000e+00 0.000000000000000000e+00 0.000000000000000000e+00 0.000000000000000000e+00 0.000000000000000000e+00 0.000000000000000000e+00
4.000000000000000222e-01 9.571866965784439074e-01 0.000000000000000000e+00 4.281330342156412783e-02 0.000000000000000000e+00 0.000000000000000000e+00 0.000000000000000000e+00 1.528367484551493016e-01 -1.327450717029249327e-01 0.000000000000000000e+00 0.000000000000000000e+00 0.000000000000000000e+00 0.000000000000000000e+00 0.000000000000000000e+00 0.000000000000000000e+00 0.000000000000000000e+00 0.000000000000000000e+00
5.000000000000000000e-01 9.339613282039544995e-01 0.000000000000000000e+00 6.603867179604580584e-02 0.000000000000000000e+00 0.000000000000000000e+00 0.000000000000000000e+00 1.884496911360767635e-01 -1.617537774774602533e-01 0.000000000000000000e+00 0.000000000000000000e+00 0.000000000000000000e+00 0.000000000000000000e+00 0.000000000000000000e+00 0.000000000000000000e+00 0.000000000000000000e+00 0.000000000000000000e+00
5.999999999999999778e-01 9.063808117592559999e-01 0.000000000000000000e+00 9.361918824074864920e-02 0.000000000000000000e+00 0.000000000000000000e+00 0.000000000000000000e+00 2.223756949548986173e-01 -1.881586625652625633e-01 0.000000000000000000e+00 0.000000000000000000e+00 0.000000000000000000e+00 0.000000000000000000e+00 0.000000000000000000e+00 0.000000000000000000e+00 0.000000000000000000e+00 0.000000000000000000e+00
6.999999999999999556e-01 8.748991892052730979e-01 0.000000000000000000e+00 1.251008107947214343e-01 0.000000000000000000e+00 0.000000000000000000e+00 0.000000000000000000e+00 2.543364490212049467e-01 -2.115740247217705594e-01 0.000000000000000000e+00 0.000000000000000000e+00 0.000000000000000000e+00 0.000000000000000000e+00 0.000000000000000000e+00 0.000000000000000000e+00 0.000000000000000000e+00 0.000000000000000000e+00
7.999999999999999334e-01 8.400063904208565635e-01 0.000000000000000000e+00 1.599936095791463786e-01 0.000000000000000000e+00 0.000000000000000000e+00 0.000000000000000000e+00 2.840737736493985643e-01 -2.317277321260982348e-01 0.000000000000000000e+00 0.000000000000000000e+00 0.000000000000000000e+00 0.000000000000000000e+00 0.000000000000000000e+00 0.000000000000000000e+00 0.000000000000000000e+00 0.000000000000000000e+00
8.999999999999999112e-01 8.022269667858695774e-01 0.000000000000000000e+00 1.977730332141354741e-01 0.000000000000000000e+00 0.000000000000000000e+00 0.000000000000000000e+00 3.113704515732074185e-01 -2.484095368851995389e-01 0.000000000000000000e+00 0.000000000000000000e+00 0.000000000000000000e+00 0.000000000000000000e+00 0.000000000000000000e+00 0.000000000000000000e+00 0.000000000000000000e+00 0.000000000000000000e+00
9.999999999999998890e-01 7.621367622387490437e-01 0.000000000000000000e+00 2.378632377612514004e-01 0.000000000000000000e+00 0.000000000000000000e+00 0.000000000000000000e+00 3.360111786265618239e-01 -2.614972365396296405e-01 0.000000000000000000e+00 0.000000000000000000e+00 0.000000000000000000e+00 0.000000000000000000e+00 0.000000000000000000e+00 0.000000000000000000e+00 0.000000000000000000e+00 0.000000000000000000e+00
1.099999999999999867e+00 7.202866186993135411e-01 0.000000000000000000e+00 2.797133813006842384e-01 0.000000000000000000e+00 0.000000000000000000e+00 0.000000000000000000e+00 3.578561955678328799e-01 -2.709478761644577016e-01 0.000000000000000000e+00 0.000000000000000000e+00 0.000000000000000000e+00 0.000000000000000000e+00 0.000000000000000000e+00 0.000000000000000000e+00 0.000000000000000000e+00 0.000000000000000000e+00
1.199999999999999956e+00 6.772157035253426605e-01 0.000000000000000000e+00 3.227842964746613363e-01 0.000000000000000000e+00 0.000000000000000000e+00 0.000000000000000000e+00 3.767914170380885497e-01 -2.768082717618380317e-01 0.000000000000000000e+00 0.000000000000000000e+00 0.000000000000000000e+00 0.000000000000000000e+00 0.000000000000000000e+00 0.000000000000000000e+00 0.000000000000000000e+00 0.000000000000000000e+00
1.300000000000000044e+00 6.334917868501621641e-01 0.000000000000000000e+00 3.665082131498436091e-01 0.000000000000000000e+00 0.000000000000000000e+00 0.000000000000000000e+00 3.927284681054054594e-01 -2.791850486568058232e-01 0.000000000000000000e+00 0.000000000000000000e+00 0.000000000000000000e+00 0.000000000000000000e+00 0.000000000000000000e+00 0.000000000000000000e+00 0.000000000000000000e+00 0.000000000000000000e+00
1.399999999999999911e+00 5.896002756303814207e-01 0.000000000000000000e+00 4.103997243696198005e-01 0.000000000000000000e+00 0.000000000000000000e+00 0.000000000000000000e+00 4.056380111996132909e-01 -2.782617145991875263e-01 0.000000000000000000e+00 0.000000000000000000e+00 0.000000000000000000e+00 0.000000000000000000e+00 0.000000000000000000e+00 0.000000000000000000e+00 0.000000000000000000e+00 0.000000000000000000e+00
1.500000000000000000e+00 5.460474380822233353e-01 0.000000000000000000e+00 4.539525619177758320e-01 0.000000000000000000e+00 0.000000000000000000e+00 0.000000000000000000e+00 4.155208554900438611e-01 -2.742663876574941706e-01 0.000000000000000000e+00 0.000000000000000000e+00 0.000000000000000000e+00 0.000000000000000000e+00 0.000000000000000000e+00 0.000000000000000000e+00 0.000000000000000000e+00 0.000000000000000000e+00
1.599999999999999867e+00 5.032311178849984135e-01 0.000000000000000000e+00 4.967688821150059719e-01 0.000000000000000000e+00 0.000000000000000000e+00 0.000000000000000000e+00 4.224167339662708298e-01 -2.674951606676105320e-01 0.000000000000000000e+00 0.000000000000000000e+00 0.000000000000000000e+00 0.000000000000000000e+00 0.000000000000000000e+00 0.000000000000000000e+00 0.000000000000000000e+00 0.000000000000000000e+00
1.699999999999999956e+00 4.615293796476929722e-01 0.000000000000000000e+00 5.384706203523045298e-01 0.000000000000000000e+00 0.000000000000000000e+00 0.000000000000000000e+00 4.264105721057004916e-01 -2.582518820332618814e-01 0.000000000000000000e+00 0.000000000000000000e+00 0.000000000000000000e+00 0.000000000000000000e+00 0.000000000000000000e+00 0.000000000000000000e+00 0.000000000000000000e+00 0.000000000000000000e+00
1.800000000000000044e+00 4.212782637028580912e-01 0.000000000000000000e+00 5.787217362971369683e-01 0.000000000000000000e+00 0.000000000000000000e+00 0.000000000000000000e+00 4.275978632993177042e-01 -2.469067745312079898e-01 0.000000000000000000e+00 0.000000000000000000e+00 0.000000000000000000e+00 0.000000000000000000e+00 0.000000000000000000e+00 0.000000000000000000e+00 0.000000000000000000e+00 0.000000000000000000e+00
1.899999999999999911e+00 3.827472132812501648e-01 0.000000000000000000e+00 6.172527867187468376e-01 0.000000000000000000e+00 0.000000000000000000e+00 0.000000000000000000e+00 4.261405791579185309e-01 -2.337862033878186363e-01 0.000000000000000000e+00 0.000000000000000000e+00 0.000000000000000000e+00 0.000000000000000000e+00 0.000000000000000000e+00 0.000000000000000000e+00 0.000000000000000000e+00 0.000000000000000000e+00
2.000000000000000000e+00 3.461497306560686327e-01 0.000000000000000000e+00 6.538502693439298685e-01 0.000000000000000000e+00 0.000000000000000000e+00 0.000000000000000000e+00 4.221965917094537279e-01 -2.192718122643835532e-01 0.000000000000000000e+00 0.000000000000000000e+00 0.000000000000000000e+00 0.000000000000000000e+00 0.000000000000000000e+00 0.000000000000000000e+00 0.000000000000000000e+00 0.000000000000000000e+00
2.099999999999999645e+00 3.116364642007655728e-01 0.000000000000000000e+00 6.883635357992295978e-01 0.000000000000000000e+00 0.000000000000000000e+00 0.000000000000000000e+00 4.159587296099681586e-01 -2.037093794547767678e-01 0.000000000000000000e+00 0.000000000000000000e+00 0.000000000000000000e+00 0.000000000000000000e+00 0.000000000000000000e+00 0.000000000000000000e+00 0.000000000000000000e+00 0.000000000000000000e+00
2.199999999999999734e+00 2.793303646195803291e-01 0.000000000000000000e+00 7.206696353804237232e-01 0.000000000000000000e+00 0.000000000000000000e+00 0.000000000000000000e+00 4.076403377137020057e-01 -1.874413599188274882e-01 0.000000000000000000e+00 0.000000000000000000e+00 0.000000000000000000e+00 0.000000000000000000e+00 0.000000000000000000e+00 0.000000000000000000e+00 0.000000000000000000e+00 0.000000000000000000e+00
2.299999999999999822e+00 2.492988153751370672e-01 0.000000000000000000e+00 7.507011846248625719e-01 0.000000000000000000e+00 0.000000000000000000e+00 0.000000000000000000e+00 3.974663492238022511e-01 -1.707905539483193236e-01 0.000000000000000000e+00 0.000000000000000000e+00 0.000000000000000000e+00 0.000000000000000000e+00 0.000000000000000000e+00 0.000000000000000000e+00 0.000000000000000000e+00 0.000000000000000000e+00
2.399999999999999911e+00 2.215529661550273421e-01 0.000000000000000000e+00 7.784470338449754889e-01 0.000000000000000000e+00 0.000000000000000000e+00 0.000000000000000000e+00 3.856627837495603672e-01 -1.540502218042222038e-01 0.000000000000000000e+00 0.000000000000000000e+00 0.000000000000000000e+00 0.000000000000000000e+00 0.000000000000000000e+00 0.000000000000000000e+00 0.000000000000000000e+00 0.000000000000000000e+00
2.500000000000000000e+00 1.960869290157560563e-01 0.000000000000000000e+00 8.039130709842434719e-01 0.000000000000000000e+00 0.000000000000000000e+00 0.000000000000000000e+00 3.724725988865458803e-01 -1.374809287739368335e-01 0.000000000000000000e+00 0.000000000000000000e+00 0.000000000000000000e+00 0.000000000000000000e+00 0.000000000000000000e+00 0.000000000000000000e+00 0.000000000000000000e+00 0.000000000000000000e+00
2.600000000000000089e+00 1.728595038042680110e-01 0.000000000000000000e+00 8.271404961957296020e-01 0.000000000000000000e+00 0.000000000000000000e+00 0.000000000000000000e+00 3.581394611810840845e-01 -1.213063047776587466e-01 0.000000000000000000e+00 0.000000000000000000e+00 0.000000000000000000e+00 0.000000000000000000e+00 0.000000000000000000e+00 0.000000000000000000e+00 0.000000000000000000e+00 0.000000000000000000e+00
2.699999999999999734e+00 1.517852026722044667e-01 0.000000000000000000e+00 8.482147973277965880e-01 0.000000000000000000e+00 0.000000000000000000e+00 0.000000000000000000e+00 3.428823171817410032e-01 -1.057268670360151930e-01 0.000000000000000000e+00 0.000000000000000000e+00 0.000000000000000000e+00 0.000000000000000000e+00 0.000000000000000000e+00 0.000000000000000000e+00 0.000000000000000000e+00 0.000000000000000000e+00
2.799999999999999822e+00 1.327698284517514482e-01 0.000000000000000000e+00 8.672301715482552131e-01 0.000000000000000000e+00 0.000000000000000000e+00 0.000000000000000000e+00 3.269271771080971556e-01 -9.088796325245836194e-02 0.000000000000000000e+00 0.000000000000000000e+00 0.000000000000000000e+00 0.000000000000000000e+00 0.000000000000000000e+00 0.000000000000000000e+00 0.000000000000000000e+00 0.000000000000000000e+00
2.899999999999999911e+00 1.157017442105425092e-01 0.000000000000000000e+00 8.842982557894671913e-01 0.000000000000000000e+00 0.000000000000000000e+00 0.000000000000000000e+00 3.104805601592776632e-01 -7.691990668958936794e-02 0.000000000000000000e+00 0.000000000000000000e+00 0.000000000000000000e+00 0.000000000000000000e+00 0.000000000000000000e+00 0.000000000000000000e+00 0.000000000000000000e+00 0.000000000000000000e+00
3.000000000000000000e+00 1.004622460731309230e-01 0.000000000000000000e+00 8.995377539268678557e-01 0.000000000000000000e+00 0.000000000000000000e+00 0.000000000000000000e+00 2.937422788283829966e-01 -6.391442542901638879e-02 0.000000000000000000e+00 0.000000000000000000e+00 0.000000000000000000e+00 0.000000000000000000e+00 0.000000000000000000e+00 0.000000000000000000e+00 0.000000000000000000e+00 0.000000000000000000e+00
