1.000000000000000056e-01 -1.720469300257007894e-01 2.300627505565655817e-01 -9.556811632795233491e-01
2.000000000000000111e-01 -3.397467322201910833e-01 4.259239854958460914e-01 -8.289574962939950664e-01
2.999999999999999889e-01 -4.965718498261106340e-01 5.602160447879033223e-01 -6.370015940447919522e-01
4.000000000000000222e-01 -6.329531103071167619e-01 6.175265758838295316e-01 -4.039221440961834331e-01
5.000000000000000000e-01 -7.374303756259699139e-01 5.966534587181888671e-01 -1.555774585986575975e-01
5.999999999999999778e-01 -7.993455793206711846e-01 5.095900855349680958e-01 8.513876757181140786e-02
6.999999999999999556e-01 -8.120241459797067352e-01 3.777866622900768467e-01 3.014443421931932710e-01
7.999999999999999334e-01 -7.751071154224484783e-01 2.268694117783384423e-01 4.837776955840798476e-01
8.999999999999999112e-01 -6.951624891847427712e-01 8.126995699613581703e-02 6.292031581321805289e-01
9.999999999999998890e-01 -5.844567671362073114e-01 -4.006559429684175555e-02 7.397313081285453729e-01
1.099999999999999867e+00 -4.584038885044919853e-01 -1.260412547556347684e-01 8.202906928812764287e-01
1.199999999999999956e+00 -3.324093091521991283e-01 -1.737745114062704821e-01 8.770117951146508828e-01
1.300000000000000044e+00 -2.192086934736817705e-01 -1.872181657035442703e-01 9.158979199538012095e-01
1.399999999999999911e+00 -1.271078619151781719e-01 -1.747601042062405241e-01 9.421109796043948270e-01
1.500000000000000000e+00 -5.946247968988606358e-02 -1.465071228770878364e-01 9.596864029917504535e-01
1.599999999999999867e+00 -1.531074270466369069e-02 -1.119125626556004005e-01 9.715495001100196149e-01
1.699999999999999956e+00 9.279893553055251765e-03 -7.825466256254522135e-02 9.796915429213591819e-01
1.800000000000000044e+00 1.964134439283581404e-02 -4.994983801910458238e-02 9.854074664826086849e-01
1.899999999999999911e+00 2.108361723321898820e-02 -2.879727445548803041e-02 9.895069496424584443e-01
2.000000000000000000e+00 1.797199995414381496e-02 -1.461369984873838075e-02 9.924925332715431869e-01
2.099999999999999645e+00 1.334070930370699973e-02 -6.111167466394957191e-03 9.946805146235728756e-01
2.199999999999999734e+00 8.924240158290314834e-03 -1.640699057628587469e-03 9.962799265623091260e-01
2.299999999999999822e+00 5.467327986093945338e-03 3.214992353673664857e-04 9.974379778188430246e-01
2.399999999999999911e+00 3.092443597691933981e-03 9.268182788481783146e-04 9.982644610314466149e-01
2.500000000000000000e+00 1.617742034233262630e-03 9.115151492410328380e-04 9.988442185747699043e-01
2.600000000000000089e+00 7.847962451129847448e-04 6.879950426192851104e-04 9.992433753045493194e-01
2.699999999999999734e+00 3.526289249856136157e-04 4.553416265251294145e-04 9.995129582692303671e-01
2.799999999999999822e+00 1.481937278775667817e-04 2.743781093195647746e-04 9.996916068967189872e-01
2.899999999999999911e+00 4.950629425224528776e-05 1.536287559384774779e-04 9.998078084382142627e-01
3.000000000000000000e+00 1.630543627150998727e-05 8.341585040160520031e-05 9.998820478322921756e-01
