1.000000000000000056e-01 2.945153259942128732e-01 -7.721472378785344814e-02 -9.516389206006801160e-01
2.000000000000000111e-01 5.532023110960342382e-01 -1.550013293611017529e-01 -8.119788185667159430e-01
2.999999999999999889e-01 7.688395065858626420e-01 -1.999965944111032623e-01 -5.910982732217697766e-01
4.000000000000000222e-01 9.082588223170541264e-01 -2.297711227843860504e-01 -3.119879156875230430e-01
5.000000000000000000e-01 9.564227170241322851e-01 -2.423292576247645935e-01 -2.769000743056141550e-03
5.999999999999999778e-01 9.095781780989488086e-01 -2.348959448114597282e-01 3.064936893007412788e-01
6.999999999999999556e-01 7.725660332037809219e-01 -2.078696874179295495e-01 5.855993819746340145e-01
7.999999999999999334e-01 5.588939418595955111e-01 -1.638212575002723492e-01 8.072538400341185971e-01
8.999999999999999112e-01 2.895406141846117443e-01 -1.070293891016752125e-01 9.497781053335476731e-01
9.999999999999998890e-01 -9.068482902180921221e-03 -4.301125449822671559e-02 9.992342286069387791e-01
1.099999999999999867e+00 -3.076371754327131836e-01 2.203242973349201980e-02 9.507942058013455489e-01
1.199999999999999956e+00 -5.768771124084547397e-01 8.182909907486941858e-02 8.092111755137123552e-01
1.300000000000000044e+00 -7.903587957671870390e-01 1.306416861612043623e-01 5.883589422669511793e-01
1.399999999999999911e+00 -9.271198198037720051e-01 1.638266134477478486e-01 3.098637337202749253e-01
1.500000000000000000e+00 -9.737049614058086444e-01 1.782775026208383573e-01 9.994507587841310482e-04
1.599999999999999867e+00 -9.254948120937610545e-01 1.727228577420175382e-01 -3.079926881209379963e-01
1.699999999999999956e+00 -7.871561227196264277e-01 1.478409148408260376e-01 -5.868595415034213447e-01
1.800000000000000044e+00 -5.721902974855651580e-01 1.061881858846904086e-01 -8.082961284034140270e-01
1.899999999999999911e+00 -3.016077643297904176e-01 5.194222531491891892e-02 -9.506247315072688941e-01
2.000000000000000000e+00 -1.873938796575703525e-03 -9.509811461760697346e-03 -9.999104509064881130e-01
2.099999999999999645e+00 2.976776901218604054e-01 -7.209894049257289939e-02 -9.513267739613722185e-01
2.199999999999999734e+00 5.677217603720763339e-01 -1.296686026108420098e-01 -8.096316993167801401e-01
2.299999999999999822e+00 7.818208082023473393e-01 -1.765766343964924323e-01 -5.886944084339691408e-01
2.399999999999999911e+00 9.190011924767191864e-01 -2.082405807496516270e-01 -3.101439662040613165e-01
2.500000000000000000e+00 9.658164412689982381e-01 -2.215838134004282090e-01 -1.251430989080517349e-03
2.600000000000000089e+00 9.176658833876493171e-01 -2.153310010022140286e-01 3.077482776848220469e-01
2.699999999999999734e+00 7.792431605947492956e-01 -1.901260823670538613e-01 5.866060301375518593e-01
2.799999999999999822e+00 5.640869830889775338e-01 -1.484680178828085839e-01 8.080171092867537430e-01
2.899999999999999911e+00 2.932474940339351854e-01 -9.445793293959396653e-02 9.503110765125893922e-01
3.000000000000000000e+00 -6.774090925778807754e-03 -3.339548677799056980e-02 9.995595023280494651e-01
