1.000000000000000056e-01 2.429424246253052977e-01 2.421624578370643391e-02 -9.697383927650692348e-01
2.000000000000000111e-01 4.676697853921644166e-01 5.692887196224603874e-02 -8.820680658060457979e-01
2.999999999999999889e-01 6.575387969198559501e-01 1.053809049874606524e-01 -7.460144718355905535e-01
4.000000000000000222e-01 7.989074108857966428e-01 1.744632556799156076e-01 -5.755949251476552009e-01
5.000000000000000000e-01 8.823049486141181230e-01 2.658834509860192874e-01 -3.883863604307938311e-01
5.999999999999999778e-01 9.032307228002038890e-01 3.777158568816555984e-01 -2.037277344761289632e-01
6.999999999999999556e-01 8.625118810900953559e-01 5.043940733516033559e-01 -4.074151770020158214e-02
7.999999999999999334e-01 7.662011516244917608e-01 6.371353961079043726e-01 8.363181453209390936e-02
8.999999999999999112e-01 6.250052683237529161e-01 7.647950464576149798e-01 1.563871801442052178e-01
9.999999999999998890e-01 4.533175480011933378e-01 8.750256596884490312e-01 1.698036936376059181e-01
1.099999999999999867e+00 2.679285091677318098e-01 9.556480446641143489e-01 1.222748047717735487e-01
1.199999999999999956e+00 8.653162287696340715e-02 9.960771829970910263e-01 1.850738372371863935e-02
1.300000000000000044e+00 -7.383756624541149005e-02 9.886424512241828166e-01 -1.308973537425120182e-01
1.399999999999999911e+00 -1.982975543078323022e-01 9.296585137149171452e-01 -3.105046345625912529e-01
1.500000000000000000e+00 -2.754038263640979367e-01 8.201218519952310215e-01 -5.015504770171655968e-01
1.599999999999999867e+00 -2.981304743911508126e-01 6.659280640805990137e-01 -6.838552731575110455e-01
1.699999999999999956e+00 -2.644429542032165070e-01 4.776004443855788040e-01 -8.378351510580261952e-01
1.800000000000000044e+00 -1.774247798506395912e-01 2.695058205296975706e-01 -9.465131063674067091e-01
1.899999999999999911e+00 -4.494558962557375359e-02 5.863522334517846241e-02 -9.972671682737334065e-01
2.000000000000000000e+00 1.210913564953590982e-01 -1.369262205150341971e-01 -9.831521208379148113e-01
2.099999999999999645e+00 3.058629901522929018e-01 -2.997231459555014244e-01 -9.036668999064090269e-01
2.199999999999999734e+00 4.929779420566541281e-01 -4.146464127210105488e-01 -7.648797937038516181e-01
2.299999999999999822e+00 6.659739161435963561e-01 -4.704862608935866386e-01 -5.788967258640421720e-01
2.399999999999999911e+00 8.097937648799701238e-01 -4.611609716537109493e-01 -3.627183674887153320e-01
2.500000000000000000e+00 9.121289345267340476e-01 -3.864727375896451211e-01 -1.366002480978420752e-01
2.600000000000000089e+00 9.645026392564325368e-01 -2.523136372420565765e-01 7.792615499798666301e-02
2.699999999999999734e+00 9.629978188848276055e-01 -7.028255068311628495e-02 2.601837084477622297e-01
2.799999999999999822e+00 9.085672230682322326e-01 1.432664552366197941e-01 3.924032659971832815e-01
2.899999999999999911e+00 8.068998266734346281e-01 3.686646573832736418e-01 4.615181901097860084e-01
3.000000000000000000e+00 6.678680412099254893e-01 5.847195288296486160e-01 4.604946824068943956e-01
