1.000000000000000056e-01 -1.912943842748174861e-01 1.463142350967827632e-01 -9.705661250906998383e-01
2.000000000000000111e-01 -3.630576587482711171e-01 2.905656341275328347e-01 -8.853026311677352211e-01
2.999999999999999889e-01 -4.977035230369226126e-01 4.304196747557287317e-01 -7.530140150184702064e-01
4.000000000000000222e-01 -5.813470856184238533e-01 5.630557450263832253e-01 -5.873702360318615590e-01
5.000000000000000000e-01 -6.051980878184307633e-01 6.850537176245515836e-01 -4.055079268309685347e-01
5.999999999999999778e-01 -5.664572733181865161e-01 7.924173235772867807e-01 -2.262762539089967773e-01
6.999999999999999556e-01 -4.686269205145248140e-01 8.807522187929922586e-01 -6.829596556688830034e-02
7.999999999999999334e-01 -3.212034628681408321e-01 9.455839128442642405e-01 5.195574355105756631e-02
8.999999999999999112e-01 -1.387792483248147246e-01 9.827986018678920299e-01 1.218492041658954250e-01
9.999999999999998890e-01 6.035421325204720633e-02 9.891508603229489660e-01 1.339326125351081309e-01
1.099999999999999867e+00 2.559781821896634502e-01 9.627845271895499879e-01 8.672441591902230185e-02
1.199999999999999956e+00 4.279152316210537155e-01 9.036929460360879629e-01 -1.508687361064285463e-02
1.300000000000000044e+00 5.580015262161435174e-01 8.140568021866676496e-01 -1.610770612563289517e-01
1.399999999999999911e+00 6.318781956690273649e-01 6.983986494038976200e-01 -3.361090182640967816e-01
1.500000000000000000e+00 6.404284645120666974e-01 5.635158155647481681e-01 -5.218249775067483887e-01
1.599999999999999867e+00 5.807092777610896039e-01 4.181688054607434757e-01 -6.985066819525489468e-01
1.699999999999999956e+00 4.562988191520943038e-01 2.725440604586507609e-01 -8.470602827385808054e-01
1.800000000000000044e+00 2.770101118655461381e-01 1.374962767079420667e-01 -9.509785338417480194e-01
1.899999999999999911e+00 5.801333651366299277e-02 2.368631671308048942e-02 -9.980347745882919286e-01
2.000000000000000000e+00 -1.815777708642744293e-01 -5.938180634776561717e-02 -9.815820466393655463e-01
2.099999999999999645e+00 -4.204873672648512528e-01 -1.042627815555044468e-01 -9.012877711876451370e-01
2.199999999999999734e+00 -6.372935234068176635e-01 -1.063629599274379389e-01 -7.632456258410931227e-01
2.299999999999999822e+00 -8.124527168310117231e-01 -6.451641363554669328e-02 -5.794464732001566309e-01
2.399999999999999911e+00 -9.301730397331852140e-01 1.872107777910120285e-02 -3.666437481914555652e-01
2.500000000000000000e+00 -9.799238363002160668e-01 1.371130635253758612e-01 -1.447386730666087862e-01
2.600000000000000089e+00 -9.574556588088071196e-01 2.811268815665430854e-01 6.516393483082202898e-02
2.699999999999999734e+00 -8.652309594576826912e-01 4.386393863693242023e-01 2.428391981193565308e-01
2.799999999999999822e+00 -7.122153245863989124e-01 5.959326501553685596e-01 3.709630821352074559e-01
2.899999999999999911e+00 -5.130506501839450229e-01 7.388738647844822482e-01 4.368574640514008567e-01
3.000000000000000000e+00 -2.866858476002361877e-01 8.541860395294922359e-01 4.337942326815251159e-01
