1.000000000000000056e-01 -3.129336221501599971e-03 1.013603481597959849e-01 -9.647328932689978043e-01
2.000000000000000111e-01 -1.756586442558862472e-04 1.111070161589272805e-02 -8.633163416795690548e-01
2.999999999999999889e-01 1.406056051981368032e-06 1.316649675710568910e-04 -7.081718155714583629e-01
4.000000000000000222e-01 1.017695604118054981e-08 1.995799517077354661e-07 -5.177257110110292659e-01
5.000000000000000000e-01 4.446389689384694090e-12 4.070435062126966008e-11 -3.134831707220024910e-01
5.999999999999999778e-01 1.645994951462322993e-16 5.629989025672872497e-16 -1.167965113856806320e-01
6.999999999999999556e-01 -2.036789554889221388e-16 1.346597089109959166e-16 5.407665477989245101e-02
7.999999999999999334e-01 -6.908721134118281852e-16 7.671052487003362979e-16 1.861217525976430476e-01
8.999999999999999112e-01 -1.125562983796467602e-15 -1.318561059927874131e-16 2.726491413402837294e-01
9.999999999999998890e-01 6.260501280525765915e-17 1.930671882423913113e-15 3.132545756902386236e-01
1.099999999999999867e+00 -6.227968082941650737e-16 7.803576220963414106e-16 3.128420572910977637e-01
1.199999999999999956e+00 2.267366139785965871e-16 1.489303825093736657e-15 2.800258170548636238e-01
1.300000000000000044e+00 -4.820412669555236752e-16 -2.614797412252314519e-16 2.252922457938777157e-01
1.399999999999999911e+00 1.244519727321762708e-17 5.322951370983713686e-16 1.592751949845088444e-01
1.500000000000000000e+00 -1.124392407941442742e-16 2.815310044356267984e-16 9.138502039770635132e-02
1.599999999999999867e+00 -1.904383863096494722e-17 1.352094769960975224e-16 2.893620728914772511e-02
1.699999999999999956e+00 7.416704527673554582e-19 -8.094508223563921307e-17 -2.322070398545086553e-02
1.800000000000000044e+00 2.070607452687244395e-17 -2.744325407142971222e-16 -6.263551870108073627e-02
1.899999999999999911e+00 2.563464390947197807e-17 -3.827225120227182239e-16 -8.888583799413850295e-02
2.000000000000000000e+00 8.864157671117340644e-17 -2.236949618166515937e-16 -1.030532210453549286e-01
2.099999999999999645e+00 9.067355153268965260e-17 -2.799160688335176788e-16 -1.071465638925539754e-01
2.199999999999999734e+00 -6.992712188726603875e-18 -1.977173365169002873e-16 -1.035959337889192089e-01
2.299999999999999822e+00 4.707226171680835393e-17 -2.912357559592370624e-16 -9.484573705436497026e-02
2.399999999999999911e+00 1.277150711124497981e-17 -3.903174668470955369e-16 -8.308210820782276074e-02
2.500000000000000000e+00 -1.927531303016903238e-17 -3.923235122192476989e-16 -7.008208482371920678e-02
2.600000000000000089e+00 8.880173091930894003e-18 -1.661748468307464921e-16 -5.716242491759247063e-02
2.699999999999999734e+00 1.556019768521247834e-17 -1.374235020990368749e-16 -4.520194344799692565e-02
2.799999999999999822e+00 2.236334665724799057e-18 -1.417586598800763098e-16 -3.470339065567667330e-02
2.899999999999999911e+00 -9.127800627338742202e-19 -1.416285377172183604e-16 -2.587832955185607325e-02
3.000000000000000000e+00 6.414063255682660115e-19 -8.245891652555564519e-17 -1.873056810296680127e-02
