1.000000000000000056e-01 -8.548400059941188567e-02 -4.193932636602561853e-02 -9.689602950261582137e-01
2.000000000000000111e-01 -9.468627430892381097e-03 -4.460454296233304361e-03 -8.795760773334492244e-01
2.999999999999999889e-01 -1.142503027985315950e-04 -5.000420254153597658e-05 -7.424465535713803410e-01
4.000000000000000222e-01 -1.778934480156833451e-07 -6.920747179844134731e-08 -5.733320438365535621e-01
5.000000000000000000e-01 -3.767102826855215691e-11 -1.217242067822841882e-11 -3.907125780124688919e-01
5.999999999999999778e-01 -2.868591271407822278e-16 -1.524877640336154212e-15 -2.130531280670151517e-01
6.999999999999999556e-01 1.611565951606750772e-16 -1.778578730774351222e-17 -5.631508386372796604e-02
7.999999999999999334e-01 -3.029792706655425354e-17 1.541436395339585899e-16 6.790928267209971059e-02
8.999999999999999112e-01 -4.864224809497190074e-17 8.465095153156038343e-16 1.533676250328504798e-01
9.999999999999998890e-01 -1.677212666989593145e-16 8.352987926252265462e-16 1.991867871714873839e-01
1.099999999999999867e+00 -1.311716921289112124e-16 2.241326887722315444e-16 2.091038195494982488e-01
1.199999999999999956e+00 1.216573294434686660e-16 6.416673630974155195e-16 1.901538535537333208e-01
1.300000000000000044e+00 -1.472554671899911520e-16 2.481418554160527221e-16 1.511309585749258944e-01
1.399999999999999911e+00 -1.041947456662672555e-16 3.135833329254215938e-16 1.011056542978245459e-01
1.500000000000000000e+00 -6.435820391085150209e-17 9.260213435083672331e-17 4.823280358456113331e-02
1.599999999999999867e+00 2.724868405648952418e-19 -2.869915955969116829e-18 -1.041992886115338272e-03
1.699999999999999956e+00 6.717581841047763844e-18 -8.219480158356247150e-17 -4.233974041630940433e-02
1.800000000000000044e+00 6.711665190067824127e-17 -2.763699413587585796e-16 -7.333437872881375108e-02
1.899999999999999911e+00 5.045366622116567152e-17 -3.946925347104778884e-16 -9.347205116830885341e-02
2.000000000000000000e+00 3.123907592030543010e-17 -4.890000553231330542e-16 -1.035256999862153443e-01
2.099999999999999645e+00 3.534702636892475952e-17 -3.191673337767140393e-16 -1.051208120831987752e-01
2.199999999999999734e+00 -5.195537160666839512e-17 -5.200333544439902042e-16 -1.002868485973213153e-01
2.299999999999999822e+00 2.424266231179803826e-17 -1.702959222922116915e-16 -9.110216460581872788e-02
2.399999999999999911e+00 5.849113486663653872e-17 -7.910412962041449402e-17 -7.944578750542148626e-02
2.500000000000000000e+00 2.769238456520879062e-17 -2.744296009221766009e-16 -6.685673621588868187e-02
2.600000000000000089e+00 2.671450646965128970e-17 -7.587580763045003575e-17 -5.448209611712631628e-02
2.699999999999999734e+00 3.354171568012803396e-18 -1.354862443792188719e-16 -4.308775356648161803e-02
2.799999999999999822e+00 1.681809335287137140e-17 -3.030074907711232450e-17 -3.311113409359300874e-02
2.899999999999999911e+00 4.691525077941422040e-18 -5.887382179637880433e-17 -2.473061659586372335e-02
3.000000000000000000e+00 -3.291505448126599380e-18 -7.191657704825890670e-17 -1.793950731494048725e-02
