1.000000000000000056e-01 6.824507765516948932e-02 -9.609367209982415392e-02 -9.516113127042149511e-01
2.000000000000000111e-01 7.132423688680120458e-03 -1.051410072306127770e-02 -8.137256898237128500e-01
2.999999999999999889e-01 8.341445382535213316e-05 -1.223547923511215647e-04 -6.022623092470527073e-01
4.000000000000000222e-01 1.228385856084701236e-07 -1.806886881924763166e-07 -3.444667690779996128e-01
5.000000000000000000e-01 2.374203369762543394e-11 -3.550128116289373416e-11 -7.251553981692653028e-02
5.999999999999999778e-01 -4.862608710382292821e-16 -2.692770100432723095e-15 1.831309744467348732e-01
6.999999999999999556e-01 -1.486224976867304574e-15 -5.416624966627940637e-15 3.970577542582803265e-01
7.999999999999999334e-01 -1.985670741991163362e-16 2.364485131189816795e-16 5.519412679179140913e-01
8.999999999999999112e-01 -4.968755341642655864e-16 -3.896988408310279400e-15 6.399639111101949052e-01
9.999999999999998890e-01 -6.639016558091767341e-16 6.624397273279480777e-16 6.624774236133842420e-01
1.099999999999999867e+00 -4.677016841377815185e-16 -1.300270002701470465e-15 6.283115829066584501e-01
1.199999999999999956e+00 -2.714305621390816920e-16 8.157846034526005969e-16 5.512167607593632113e-01
1.300000000000000044e+00 -1.081195732144409855e-16 -6.382447987130024406e-16 4.470790336588541525e-01
1.399999999999999911e+00 -9.332288691347443866e-17 7.316841150860258121e-16 3.314044900863929444e-01
1.500000000000000000e+00 -1.154750984546373375e-16 1.562223948940877765e-15 2.174352836719726512e-01
1.599999999999999867e+00 -7.347265217573675709e-17 4.627690971197859930e-16 1.150386748667250186e-01
1.699999999999999956e+00 -5.601993400661270118e-17 1.521677523691770833e-16 3.036497656774458237e-02
1.800000000000000044e+00 -1.420572978257209793e-17 -7.032689637984876572e-17 -3.390918009714454645e-02
1.899999999999999911e+00 -1.894654465975349833e-17 -2.430656046617946972e-16 -7.791651428487013364e-02
2.000000000000000000e+00 -1.841505938643197304e-17 -3.938584854558829449e-16 -1.037750620651321370e-01
2.099999999999999645e+00 -2.690897799983246472e-17 -5.114840751902049513e-16 -1.147460790269970721e-01
2.199999999999999734e+00 -6.921976552872552206e-18 -1.564475890855309897e-16 -1.145144778980642652e-01
2.299999999999999822e+00 -2.786817532382860878e-17 -4.718966179288005838e-16 -1.066497109638454843e-01
2.399999999999999911e+00 -1.618562860914894297e-17 -2.779925515175359057e-16 -9.426099725375301774e-02
2.500000000000000000e+00 -3.412160437470589769e-17 -3.989288988832347188e-16 -7.982509362626385996e-02
2.600000000000000089e+00 -3.856806254567780234e-17 -3.123968935553783266e-16 -6.515129210377450242e-02
2.699999999999999734e+00 -3.008190600132281835e-17 -1.940847748648028175e-16 -5.143227933780149946e-02
2.799999999999999822e+00 -3.316234876508042130e-17 -1.485366765897721053e-16 -3.935045606747281099e-02
2.899999999999999911e+00 -4.353568080102323824e-17 -1.374914494482825424e-16 -2.919940620275737406e-02
3.000000000000000000e+00 -3.672090897101695169e-17 -8.102110387498116256e-17 -2.100044202907500393e-02
