1.000000000000000056e-01 6.827043876035018832e-02 -5.625746491984058573e-02 -9.732512835189516265e-01
2.000000000000000111e-01 7.427651296148372710e-03 -6.323180523370021226e-03 -8.960924679688075933e-01
2.999999999999999889e-01 8.684915606017741660e-05 -7.819106025734708294e-05 -7.772978396967281656e-01
4.000000000000000222e-01 1.289296683598316038e-07 -1.260393303051697851e-07 -6.299597779952106347e-01
5.000000000000000000e-01 2.548854045408441411e-11 -2.792129722128064760e-11 -4.695066888805364269e-01
5.999999999999999778e-01 4.760489636344890737e-16 -3.543530323612060133e-15 -3.114893638849574042e-01
6.999999999999999556e-01 4.050340727448351135e-16 -1.967872725776307829e-15 -1.695157869419156027e-01
7.999999999999999334e-01 -2.681617982542560977e-17 -2.678359904050421719e-16 -5.369538316851439619e-02
8.999999999999999112e-01 -1.350978351335808853e-16 2.800523279310630428e-18 3.022177962605482326e-02
9.999999999999998890e-01 3.172004333968079197e-16 4.105521465804513123e-16 8.094364982185382751e-02
1.099999999999999867e+00 8.781487262163190052e-17 5.515887093209724856e-16 1.010725515478274744e-01
1.199999999999999956e+00 -1.652763149571175147e-16 4.854206101817693256e-16 9.607559296662568360e-02
1.300000000000000044e+00 -1.314444915161330505e-16 1.643467234669815036e-16 7.303395200595080849e-02
1.399999999999999911e+00 -3.293510764514141315e-17 2.027205751202198269e-16 3.942042700808706668e-02
1.500000000000000000e+00 -1.562262940253149643e-18 7.273186622031231106e-18 2.080628450343725584e-03
1.599999999999999867e+00 3.204225075739101337e-17 -1.693046329272981342e-16 -3.345911473561937605e-02
1.699999999999999956e+00 7.295352743865340642e-17 -1.737873452554375438e-16 -6.334230320597512842e-02
1.800000000000000044e+00 1.615134261798481379e-16 -1.738721506912159594e-16 -8.540666506025169913e-02
1.899999999999999911e+00 6.760989842788780055e-17 -2.822073154217278450e-16 -9.898909919514708999e-02
2.000000000000000000e+00 5.378582128764189868e-17 -2.190171413599161848e-16 -1.045726631556140596e-01
2.099999999999999645e+00 5.449348888566948122e-17 -2.378021807430563778e-16 -1.033985797282802044e-01
2.199999999999999734e+00 1.194617421303691199e-16 -9.489018714055633262e-17 -9.708992633827522034e-02
2.299999999999999822e+00 7.413242927852427359e-17 -2.264849297763517053e-16 -8.734590422310997693e-02
2.399999999999999911e+00 1.815109967225634355e-17 -2.941049915430451370e-16 -7.572496753425149441e-02
2.500000000000000000e+00 8.004681543615382238e-18 -2.952701507126397212e-16 -6.351417403141279561e-02
2.600000000000000089e+00 4.048930747868967081e-18 -1.948391994795910471e-16 -5.167792350428321302e-02
2.699999999999999734e+00 1.518260526708411309e-17 -1.717137851767241625e-16 -4.085910675252301533e-02
2.799999999999999822e+00 1.219896404852098712e-17 -6.770387273675871679e-17 -3.142167659845835487e-02
2.899999999999999911e+00 -2.534054513810751310e-18 -7.330608069650456390e-17 -2.350569528002697736e-02
3.000000000000000000e+00 2.269958953992807943e-19 -6.746927393666478848e-17 -1.709116309046646368e-02
