1.000000000000000056e-01 9.867288729917969570e-02 -4.104196757185599870e-02 -9.607678814703251025e-01
2.000000000000000111e-01 1.071804164123355517e-02 -4.629694653034532002e-03 -8.480727159454649611e-01
2.999999999999999889e-01 1.249731594126389164e-04 -5.758786376483023960e-05 -6.760656010760797141e-01
4.000000000000000222e-01 1.847422335510558382e-07 -9.357790989009396488e-08 -4.656971090579137273e-01
5.000000000000000000e-01 3.629946859826952868e-11 -2.094059962542668993e-11 -2.413358431337056242e-01
5.999999999999999778e-01 1.005312225468120665e-15 -5.816544325230602636e-16 -2.704438000996988584e-02
6.999999999999999556e-01 -9.721372602420901518e-17 8.870844447204778849e-16 1.567779088236507523e-01
7.999999999999999334e-01 4.112916888035531195e-18 1.964643493434986416e-15 2.958153387069728524e-01
8.999999999999999112e-01 3.032392877116276688e-16 1.898494689079727248e-15 3.830080518507905651e-01
9.999999999999998890e-01 -2.926241322966560694e-16 1.367945093538897240e-15 4.184392929222884860e-01
1.099999999999999867e+00 -1.414829567335453511e-16 2.426262508464360416e-15 4.081427839423367732e-01
1.199999999999999956e+00 -7.276160793351180465e-16 1.014536531913507898e-15 3.622371758577141443e-01
1.300000000000000044e+00 2.340754025704404607e-17 1.268460691535116597e-15 2.928029287367636124e-01
1.399999999999999911e+00 -4.320832155395589438e-16 4.995707927449725752e-16 2.119275354499819963e-01
1.500000000000000000e+00 -2.344742931565692845e-16 3.051154385873870222e-16 1.301737079840362687e-01
1.599999999999999867e+00 -6.235815994333374481e-17 3.040041333519943359e-16 5.564219332346981295e-02
1.699999999999999956e+00 4.593948525582703770e-18 -1.557967288146066330e-17 -6.408921844058349838e-03
1.800000000000000044e+00 -1.210179177779037444e-17 -2.875988061612984064e-16 -5.343666523888619679e-02
1.899999999999999911e+00 -1.068738989740628590e-17 -3.306010607513940003e-16 -8.516817359533418452e-02
2.000000000000000000e+00 -7.959291454402298472e-17 -5.297843168345316465e-16 -1.029806928722198089e-01
2.099999999999999645e+00 5.044568694628382453e-17 -2.092250796269486129e-16 -1.092521534666911903e-01
2.199999999999999734e+00 4.842834897585748418e-17 -9.411873139636182144e-17 -1.067848464731170066e-01
2.299999999999999822e+00 2.295855552939945295e-17 -3.765336839731043141e-16 -9.836188431869230531e-02
2.399999999999999911e+00 -1.842551020356538021e-17 -3.472027317745530616e-16 -8.645042146996392840e-02
2.500000000000000000e+00 1.164493870729734556e-17 -3.192610272188258120e-16 -7.304107357914206566e-02
2.600000000000000089e+00 -6.110677159439141033e-18 -2.675434048522747347e-16 -5.960380101447675799e-02
2.699999999999999734e+00 1.875969527863160798e-17 -1.425376313196069932e-16 -4.711571568069301136e-02
2.799999999999999822e+00 7.071427744243941506e-18 -1.054840787183291037e-16 -3.613764531067890223e-02
2.899999999999999911e+00 2.432009410979800757e-18 -7.036060106993178829e-17 -2.690740234317639742e-02
3.000000000000000000e+00 -2.167088859841213070e-18 -7.623666266447566633e-17 -1.943670325601939974e-02
