1.000000000000000056e-01 -4.739723745913750758e-02 -1.008960657135014732e-01 -9.572388764924547599e-01
2.000000000000000111e-01 -5.291490518274377663e-03 -1.093127462532405419e-02 -8.345315344960619885e-01
2.999999999999999889e-01 -6.466358300176284720e-05 -1.269248232811715275e-04 -6.475352475861088086e-01
4.000000000000000222e-01 -1.025285258495983737e-07 -1.863699040035785452e-07 -4.194760794986175378e-01
5.000000000000000000e-01 -2.224088603491595592e-11 -3.623915450557775854e-11 -1.773026225688572044e-01
5.999999999999999778e-01 -1.337595663004799660e-15 -5.763512201402990745e-16 5.250629035134264655e-02
6.999999999999999556e-01 -3.691773166168382731e-16 -3.772272632116628963e-16 2.476518947643882862e-01
7.999999999999999334e-01 -2.822696189287801081e-16 1.923380033334500553e-15 3.926800799192693980e-01
8.999999999999999112e-01 -2.586809200065793038e-15 -1.018843406162161899e-15 4.802352494827789586e-01
9.999999999999998890e-01 -7.561905693904729773e-16 1.892119548613850447e-15 5.108638478685200157e-01
1.099999999999999867e+00 -5.423785235962846538e-16 3.738929488973520275e-16 4.916358837111932667e-01
1.199999999999999956e+00 -1.212348386620259274e-16 9.355120716050950000e-16 4.340203852008572838e-01
1.300000000000000044e+00 -3.970352222226899619e-16 5.471016610842337513e-16 3.515240171306729389e-01
1.399999999999999911e+00 -4.767891730260789664e-16 -7.257451407961171405e-17 2.575173107798015004e-01
1.500000000000000000e+00 -1.492950014148572544e-16 6.104420627840452830e-16 1.635769259832751954e-01
1.599999999999999867e+00 -1.153747049406869587e-16 1.014835038561610397e-16 7.847519708630640300e-02
1.699999999999999956e+00 -2.045580031579496891e-17 1.533389977439449067e-17 7.816266878481411412e-03
1.800000000000000044e+00 -1.565219025137432930e-17 -1.748291880661018908e-16 -4.579631843858505968e-02
1.899999999999999911e+00 2.874426642947032597e-17 -2.064609033843339958e-16 -8.223451586728433571e-02
2.000000000000000000e+00 -4.292180764479537996e-19 -3.490332943449438790e-16 -1.031499872803457035e-01
2.099999999999999645e+00 -1.719553528121043973e-17 -6.330515599280103456e-16 -1.112496483135275022e-01
2.199999999999999734e+00 -3.689513693640884610e-17 -4.191423140813710028e-16 -1.096669426194324393e-01
2.299999999999999822e+00 2.762137717457129805e-17 -2.007161569653534532e-16 -1.014837231770396586e-01
2.399999999999999911e+00 2.773117016112217905e-17 -3.267881897819274507e-16 -8.940994713289711349e-02
2.500000000000000000e+00 -3.724187528093598383e-17 -3.181312153435298265e-16 -7.562305277603417752e-02
2.600000000000000089e+00 -1.923029578056553301e-17 -1.864314054374681868e-16 -6.172248118168661285e-02
2.699999999999999734e+00 -1.375514352094035399e-17 -1.529116734381713682e-16 -4.876920933864914431e-02
2.799999999999999822e+00 -3.989091329659639068e-17 -1.911004233910929023e-16 -3.737180895317380319e-02
2.899999999999999911e+00 -1.278266437608448887e-17 -7.645940604885962111e-17 -2.778984932448893067e-02
3.000000000000000000e+00 -2.119782084998597354e-17 -6.375076360874216454e-17 -2.004022888548320433e-02
