1.000000000000000056e-01 2.118595175798778513e-02 7.851021575206314218e-02 -9.774300988254516209e-01
2.000000000000000111e-01 2.478068674771937915e-03 8.645299531692301684e-03 -9.121893917402316143e-01
2.999999999999999889e-01 3.261403997267882274e-05 1.032611184575566159e-04 -8.113075562456983914e-01
4.000000000000000222e-01 5.693612108570377624e-08 1.583742627625516910e-07 -6.853167093882195360e-01
5.000000000000000000e-01 1.382225154500052329e-11 3.283720582705415280e-11 -5.467102583379792602e-01
5.999999999999999778e-01 1.289514688567989937e-15 -1.720460838349559810e-15 -4.082042960547661581e-01
6.999999999999999556e-01 1.764924017051101816e-15 -1.948279664711323687e-15 -2.811021745638504488e-01
7.999999999999999334e-01 8.884033435878620549e-16 -1.078999384579043797e-15 -1.740196379191912002e-01
8.999999999999999112e-01 3.018385151110064468e-16 -3.038773428096561118e-16 -9.215489600259257896e-02
9.999999999999998890e-01 3.705088895229951448e-17 -1.559689231738070163e-16 -3.713594974964057327e-02
1.099999999999999867e+00 3.610804831101456606e-18 -2.686153652551572430e-17 -7.404565415470001390e-03
1.199999999999999956e+00 9.119549770437482722e-19 5.504105877895701800e-18 1.015546052491724492e-03
1.300000000000000044e+00 8.653069084315798876e-18 -1.737940557486468539e-17 -6.445782166343430077e-03
1.399999999999999911e+00 4.127774848740575758e-17 -5.247333162838658415e-17 -2.388833752057559559e-02
1.500000000000000000e+00 5.749437469791621763e-17 -2.396388103841138305e-16 -4.577276984523490772e-02
1.599999999999999867e+00 9.625133342436690079e-17 -2.115282052471861977e-16 -6.751784816366902808e-02
1.699999999999999956e+00 -2.518574126514394330e-17 -4.025490601482484361e-16 -8.582058668626836584e-02
1.800000000000000044e+00 -3.082852329999659623e-17 -7.321281038066694727e-16 -9.872810961406272567e-02
1.899999999999999911e+00 3.453548320592471899e-17 -4.319128829685335070e-16 -1.055033573252325274e-01
2.000000000000000000e+00 -3.206032917514870221e-17 -5.467551324179603618e-16 -1.063708555388260535e-01
2.099999999999999645e+00 7.248319915560490137e-17 -4.950868842742427343e-16 -1.022075634931794569e-01
2.199999999999999734e+00 -4.240669044612847641e-17 -4.519691754470033743e-16 -9.424176785140568613e-02
2.299999999999999822e+00 4.399532266257386740e-18 -3.025141442184834906e-16 -8.379791022039272119e-02
2.399999999999999911e+00 6.268799505938491167e-17 -2.790908972848685111e-16 -7.211082903213243689e-02
2.500000000000000000e+00 1.818028081554305837e-17 -2.138224840739146822e-16 -6.021078959517205814e-02
2.600000000000000089e+00 -2.755625592352900578e-17 -2.184183373860458235e-16 -4.887190139918079490e-02
2.699999999999999734e+00 2.395883229493363196e-17 -1.086548561369706919e-16 -3.860742355404606085e-02
2.799999999999999822e+00 -5.686741447163597740e-18 -1.558470796544212295e-16 -2.970100391652793700e-02
2.899999999999999911e+00 5.500958836871375052e-18 -6.463788888845120172e-17 -2.224949140044460080e-02
3.000000000000000000e+00 2.542474712560654651e-18 -5.430209303659091758e-17 -1.621571399889050469e-02
