1.000000000000000056e-01 -7.473333504807028183e-02 8.729181946115067980e-02 -9.544245872374090833e-01
2.000000000000000111e-01 -8.011413749669038867e-03 9.574346649031938508e-03 -8.238814482747321977e-01
2.999999999999999889e-01 -9.186390270359557340e-05 1.133698846835504891e-04 -6.249449185424585940e-01
4.000000000000000222e-01 -1.321533242889718706e-07 1.715637520255584389e-07 -3.827103430327925548e-01
5.000000000000000000e-01 -2.484936023693319668e-11 3.490452975043094450e-11 -1.263073304488388504e-01
5.999999999999999778e-01 -1.812380892969782757e-15 1.632222065587100606e-15 1.158542504366582571e-01
6.999999999999999556e-01 -2.580509925771360235e-15 -4.877411325736288321e-16 3.199645937765103199e-01
7.999999999999999334e-01 -2.338141487208228646e-15 2.397814949168531241e-16 4.696748711178803104e-01
8.999999999999999112e-01 -1.314567190825516997e-15 -2.596897054131750294e-15 5.574070084712361428e-01
9.999999999999998890e-01 -2.637067073246510718e-15 2.191154949693120500e-16 5.840962369784387098e-01
1.099999999999999867e+00 -9.386636240445662731e-16 1.695792774649137136e-15 5.576547786788906835e-01
1.199999999999999956e+00 -1.235884892913354224e-15 8.927654229566780324e-16 4.906464395677062051e-01
1.300000000000000044e+00 -7.844364802291042631e-16 -7.207373146011403332e-16 3.977176800606854190e-01
1.399999999999999911e+00 -3.783566772065876784e-16 9.728371160685341586e-16 2.932646773798373019e-01
1.500000000000000000e+00 -2.823325768260957751e-16 6.114940990390588051e-16 1.896622783971151638e-01
1.599999999999999867e+00 -1.833695443291560811e-16 3.129605812100728457e-16 9.621176761702114610e-02
1.699999999999999956e+00 -1.095496287953126689e-16 6.267562734123009553e-17 1.878147740362063473e-02
1.800000000000000044e+00 -5.075910458421269034e-18 -5.055467571347357248e-17 -3.998923324333891055e-02
1.899999999999999911e+00 -9.061622504147078319e-17 -2.660606098240258564e-16 -8.009559635888811868e-02
2.000000000000000000e+00 -1.081483348100715767e-16 -4.782285592765289048e-16 -1.034128135206023313e-01
2.099999999999999645e+00 -9.522989220717336855e-17 -5.156611211717918139e-16 -1.129119358484241831e-01
2.199999999999999734e+00 -5.070164418165160615e-17 -2.547933672740160812e-16 -1.119932448765890015e-01
2.299999999999999822e+00 -9.832601380129032122e-18 -2.100904839836701056e-16 -1.039726455600390315e-01
2.399999999999999911e+00 -4.674300054294928140e-17 -2.669260190860698401e-16 -9.175308427733541716e-02
2.500000000000000000e+00 -7.738375707860903139e-17 -2.650882854856294761e-16 -7.765671038128760251e-02
2.600000000000000089e+00 -9.562381434095716839e-17 -2.275375064570504491e-16 -6.338472935813613263e-02
2.699999999999999734e+00 -5.290927177520952822e-17 -1.196396977219515749e-16 -5.006247087815431096e-02
2.799999999999999822e+00 -1.041929056898054952e-16 -1.441225774081854084e-16 -3.833404738905598491e-02
2.899999999999999911e+00 -5.809606308733055192e-17 -6.588097870124326247e-17 -2.847669572661737716e-02
3.000000000000000000e+00 -9.770816203861078688e-17 -7.242835356304874266e-17 -2.050900698564830926e-02
