1.000000000000000056e-01 7.991053865692902825e-02 8.741285006520431444e-03 -9.779477513316052750e-01
2.000000000000000111e-01 8.824892561242865530e-03 1.103908143762321508e-03 -9.141843034777814569e-01
2.999999999999999889e-01 1.059334041054739813e-04 1.612154692447388031e-05 -8.155260867429052762e-01
4.000000000000000222e-01 1.636806866261319105e-07 3.146039404980272985e-08 -6.921907999788855514e-01
5.000000000000000000e-01 3.428795319045644867e-11 8.493541813963447306e-12 -5.563113020147600896e-01
5.999999999999999778e-01 -1.803448391667381811e-15 -3.164444402010823210e-15 -4.202541018592617639e-01
6.999999999999999556e-01 1.568854097460457652e-16 -1.326324295744477461e-15 -2.950324495042320194e-01
7.999999999999999334e-01 -6.644787377620859528e-16 -1.083279079372500880e-15 -1.890778763201881041e-01
8.999999999999999112e-01 6.081199204260458763e-17 -5.263296170736961995e-16 -1.075118443538110313e-01
9.999999999999998890e-01 -2.089592830049231461e-16 -3.554615589124643030e-17 -5.200007437319280335e-02
1.099999999999999867e+00 -6.465390687381008451e-18 -4.003435641834433344e-17 -2.110844570927472574e-02
1.199999999999999956e+00 -9.540739248713971942e-18 -3.055686590088669231e-17 -1.104045041250806096e-02
1.300000000000000044e+00 1.632049643779027928e-17 -1.211085729464171459e-16 -1.657309870835113608e-02
1.399999999999999911e+00 1.735837948875917739e-17 -1.367088206134199135e-16 -3.199828060429493054e-02
1.500000000000000000e+00 -7.044106126510574759e-17 -1.818106817380457256e-16 -5.194295286061691164e-02
1.599999999999999867e+00 -1.393452656128303668e-16 -2.202113739996945254e-16 -7.194519008284028239e-02
1.699999999999999956e+00 -1.515465470046349402e-16 -3.200655463577983905e-16 -8.877705830697438238e-02
1.800000000000000044e+00 -6.080501873040787454e-18 -5.171260492921185311e-16 -1.005127176498197689e-01
1.899999999999999911e+00 -2.851321229240552222e-17 -4.068458095559644052e-16 -1.064100207739130388e-01
2.000000000000000000e+00 -3.123302103872665237e-17 -3.070330065337442772e-16 -1.066632603826025844e-01
2.099999999999999645e+00 1.194709812981148965e-17 -3.359040156388348572e-16 -1.021052854135985483e-01
2.199999999999999734e+00 3.670050969867715245e-17 -3.507993499648737687e-16 -9.391523285106008478e-02
2.299999999999999822e+00 -6.080341470503564916e-17 -2.356257282489477728e-16 -8.337120125647994040e-02
2.399999999999999911e+00 -1.124317297471049650e-17 -2.378338564946079750e-16 -7.166703964351490985e-02
2.500000000000000000e+00 2.646509330743911964e-17 -3.454095560008523415e-16 -5.979999021145127047e-02
2.600000000000000089e+00 2.640467073724680565e-18 -2.167416833586566956e-16 -4.851972521407935807e-02
2.699999999999999734e+00 -2.546563771613059520e-17 -1.213468687037032931e-16 -3.832300382537221634e-02
2.799999999999999822e+00 -2.595292961757073640e-18 -1.069156072772225958e-16 -2.948260621125170858e-02
2.899999999999999911e+00 -1.563510794924650518e-18 -8.701685400493916797e-17 -2.208937205500315082e-02
3.000000000000000000e+00 -1.630432259623639527e-18 -4.929055484397457951e-17 -1.610366896383621377e-02
