1.000000000000000056e-01 1.772831105342989044e-01 -2.497037980961152592e-01 -9.514618635697557059e-01
2.000000000000000111e-01 3.247563267605682591e-01 -4.793497568262829467e-01 -8.114462814200771312e-01
2.999999999999999889e-01 4.491438914515454850e-01 -6.607961227777425783e-01 -5.914068458469913248e-01
4.000000000000000222e-01 5.274960887957420574e-01 -7.803240553014340053e-01 -3.131184211907592219e-01
5.000000000000000000e-01 5.478862192786786434e-01 -8.273170478372038339e-01 -4.756967761784702126e-03
5.999999999999999778e-01 5.086965779503774820e-01 -7.974093280986084276e-01 3.035758970425689318e-01
6.999999999999999556e-01 4.136327653316483888e-01 -6.938666470735530556e-01 5.817690486669265804e-01
7.999999999999999334e-01 2.717554609708766056e-01 -5.271038465381294724e-01 8.026104999306538090e-01
8.999999999999999112e-01 9.680410651133879163e-02 -3.136228159317181463e-01 9.444877642817695040e-01
9.999999999999998890e-01 -9.412013861927574776e-02 -7.438106479705049179e-02 9.935203703268735698e-01
1.099999999999999867e+00 -2.822132851116349594e-01 1.672335640380599731e-01 9.449132698992199764e-01
1.199999999999999956e+00 -4.488418659027024193e-01 3.876997299350223303e-01 8.034352606411574449e-01
1.300000000000000044e+00 -5.773831089621405122e-01 5.656358217508929975e-01 5.829464726326496482e-01
1.399999999999999911e+00 -6.548801626881262106e-01 6.838720549902502777e-01 3.050428561444830100e-01
1.500000000000000000e+00 -6.733399010987634048e-01 7.311091923682611071e-01 -3.054192751302206056e-03
1.599999999999999867e+00 -6.305459120860228417e-01 7.030042205389877008e-01 -3.111705022503121754e-01
1.699999999999999956e+00 -5.303020031876565232e-01 6.025753634238129042e-01 -5.891219513598442425e-01
1.800000000000000044e+00 -3.820781655460234738e-01 4.398875376969363371e-01 -8.096856257723805683e-01
1.899999999999999911e+00 -2.001057399340810949e-01 2.310603424526078697e-01 -9.512487912140027424e-01
2.000000000000000000e+00 -1.989908404235819165e-03 -3.322362839246293265e-03 -9.999373484789253475e-01
2.099999999999999645e+00 1.930139132201540153e-01 -2.402357469666787648e-01 -9.509677766430005841e-01
2.199999999999999734e+00 3.658697048249396899e-01 -4.564447691689859088e-01 -8.091204705123770102e-01
2.299999999999999822e+00 4.996554641346512282e-01 -6.308017823645768463e-01 -5.882669754432183762e-01
2.399999999999999911e+00 5.812158000155078774e-01 -7.462883090159979638e-01 -3.100141807258229854e-01
2.500000000000000000e+00 6.024678728678289907e-01 -7.916734883780900400e-01 -1.599013734349047323e-03
2.600000000000000089e+00 5.612137069504532505e-01 -7.626071918098955571e-01 3.067976714148000772e-01
2.699999999999999734e+00 4.613649846124476817e-01 -6.620260240168774901e-01 5.849922926507712395e-01
2.799999999999999822e+00 3.125818177709075441e-01 -4.998598092408417792e-01 8.057497709701836319e-01
2.899999999999999911e+00 1.293355347997614535e-01 -2.920483208837394984e-01 9.474600697339748967e-01
3.000000000000000000e+00 -7.049395933960761473e-02 -5.897568830089042202e-02 9.962491410329419317e-01
