1.000000000000000056e-01 1.770757973964135201e-01 -1.465561618783372266e-01 -9.732242564959250331e-01
2.000000000000000111e-01 3.360967839781082711e-01 -2.911694820542266582e-01 -8.956892790234379786e-01
2.999999999999999889e-01 4.608038227831350309e-01 -4.316076385494025391e-01 -7.754835158443789123e-01
4.000000000000000222e-01 5.383605212156370445e-01 -5.651060857237476531e-01 -6.251584288694449487e-01
5.000000000000000000e-01 5.606403471935617056e-01 -6.882483698836412422e-01 -4.604308662381544903e-01
5.999999999999999778e-01 5.250584716562642917e-01 -7.969776034805180487e-01 -2.985637306987581341e-01
6.999999999999999556e-01 4.348624051625147313e-01 -8.867817258690334770e-01 -1.565658310208729309e-01
7.999999999999999334e-01 2.988537463530808180e-01 -9.530176209278645727e-01 -4.943533827927982377e-02
8.999999999999999112e-01 1.305621213610936304e-01 -9.913743239370909066e-01 1.142289039149446336e-02
9.999999999999998890e-01 -5.304477921117728423e-02 -9.984036488481087268e-01 1.940116976890838077e-02
1.099999999999999867e+00 -2.331951685779149186e-01 -9.720664914891197217e-01 -2.658476374482456744e-02
1.199999999999999956e+00 -3.911298147676036674e-01 -9.122216211156168875e-01 -1.219392544577418830e-01
1.300000000000000044e+00 -5.099367358941021555e-01 -8.209860278545973999e-01 -2.568004422468919135e-01
1.399999999999999911e+00 -5.762147670964061774e-01 -7.029075512310554164e-01 -4.170102118050142970e-01
1.500000000000000000e+00 -5.814113395299994602e-01 -5.649005581142170218e-01 -5.855324187931957303e-01
1.599999999999999867e+00 -5.227021995249104824e-01 -4.159388851719313385e-01 -7.441621155285236267e-01
1.699999999999999956e+00 -4.033256770027415228e-01 -2.664948390019783453e-01 -8.753907120658664942e-01
1.800000000000000044e+00 -2.323469117395038364e-01 -1.277781821352332869e-01 -9.642031158749547748e-01
1.899999999999999911e+00 -2.384080180040518832e-02 -1.081095672705634052e-02 -9.996573109958851733e-01
2.000000000000000000e+00 2.043844056931394815e-01 7.454284155941000301e-02 -9.760483488231812554e-01
2.099999999999999645e+00 4.324442414007476643e-01 1.205303306264279006e-01 -8.935683620774692582e-01
2.199999999999999734e+00 6.402347859896182491e-01 1.223451476745301275e-01 -7.583739735631361834e-01
2.299999999999999822e+00 8.093337452968577539e-01 7.871573336620021899e-02 -5.820504462392998013e-01
2.399999999999999911e+00 9.247377893408290639e-01 -7.766939257423347009e-03 -3.805255526342578576e-01
2.500000000000000000e+00 9.762939684584128752e-01 -1.306917288544836853e-01 -1.725391531340680351e-01
2.600000000000000089e+00 9.596816392705740384e-01 -2.802115481356102222e-01 2.219549144744153296e-02
2.699999999999999734e+00 8.768435523162411149e-01 -4.437811309129879866e-01 1.849424056438567776e-01
2.799999999999999822e+00 7.358318411222445343e-01 -6.071735311811965463e-01 2.998196214909938928e-01
2.899999999999999911e+00 5.500714733966594050e-01 -7.557149737940491718e-01 3.554099774206910256e-01
3.000000000000000000e+00 3.371314865113367865e-01 -8.755924059227038203e-01 3.459484055518913803e-01
