0.000000000000000000e+00 -7.864011121187781813e-12 9.742016333586590377e-12 -1.000000000000000000e+00
1.025641025641025605e-01 -2.082008059519598886e-01 2.385784254303950913e-01 -9.483119836745339537e-01
2.051282051282051211e-01 -4.123425185464134612e-01 4.280299623758070382e-01 -8.020187872869570800e-01
3.076923076923077094e-01 -6.050729765176692254e-01 5.315352805940244396e-01 -5.836900882625760678e-01
4.102564102564102422e-01 -7.717276650855583453e-01 5.310375393548114609e-01 -3.223281784862463417e-01
5.128205128205127750e-01 -8.895079480033025732e-01 4.293952947681985988e-01 -4.766942922052113535e-02
6.153846153846154188e-01 -9.336437970017884558e-01 2.508182081176907330e-01 2.136533935542139218e-01
7.179487179487179516e-01 -8.887124054369409665e-01 3.706266000877653233e-02 4.415394454462515106e-01
8.205128205128204844e-01 -7.582995116745181452e-01 -1.628736036051987857e-01 6.248387637222215796e-01
9.230769230769230171e-01 -5.670486339985222335e-01 -3.069581240955884249e-01 7.614241790407610955e-01
1.025641025641025550e+00 -3.538859156320540711e-01 -3.722058147638892533e-01 8.559939108192217150e-01
1.128205128205128194e+00 -1.595620868207351939e-01 -3.596145376392366755e-01 9.169924029133689203e-01
1.230769230769230838e+00 -1.423000785090799275e-02 -2.903685971833901980e-01 9.537181994378858274e-01
1.333333333333333259e+00 6.996068413106876216e-02 -1.955218604424131257e-01 9.744432777396722090e-01
1.435897435897435903e+00 9.870490148017008192e-02 -1.042536463063399033e-01 9.855019293405536951e-01
1.538461538461538325e+00 8.932610748654951083e-02 -3.549842706224452110e-02 9.911933032568882584e-01
1.641025641025640969e+00 6.213840630959407280e-02 4.655258168748697967e-03 9.941412741654847007e-01
1.743589743589743613e+00 3.342459946093727374e-02 2.026164735553439775e-02 9.957867687008065127e-01
1.846153846153846034e+00 1.216793354968349374e-02 2.033767898966038282e-02 9.968403709538552482e-01
1.948717948717948678e+00 5.197234216342862256e-04 1.386465225256064242e-02 9.976131907339760296e-01
2.051282051282051100e+00 -3.607172657420616713e-03 6.947072191706852966e-03 9.982240756445291963e-01
2.153846153846153744e+00 -3.590965096539224313e-03 2.258351817251790135e-03 9.987132609468195588e-01
2.256410256410256387e+00 -2.209809814399919543e-03 3.941300544849611620e-05 9.990964206993719898e-01
2.358974358974359031e+00 -9.457015641580433785e-04 -5.667360339541859015e-04 9.993859117951519044e-01
2.461538461538461675e+00 -2.360852354834169732e-04 -4.700543692523224265e-04 9.995960244857873267e-01
2.564102564102563875e+00 2.818124941823501434e-05 -2.362536766172009504e-04 9.997425585609308607e-01
2.666666666666666519e+00 6.798248597844745343e-05 -8.083189634103512601e-05 9.998409141927452337e-01
2.769230769230769162e+00 3.774598375454399092e-05 -1.165867904200836516e-05 9.999045778720977440e-01
2.871794871794871806e+00 1.776967749845002669e-05 5.832149971975209926e-06 9.999443905789545672e-01
2.974358974358974450e+00 4.920641238979911915e-06 8.527602391720581290e-06 9.999684854825080516e-01
3.076923076923076650e+00 2.119050869056630229e-06 3.245510400873931879e-06 9.999826186566149744e-01
3.179487179487179294e+00 -3.429395595583625975e-07 4.305293520146215983e-06 9.999906634689814666e-01
3.282051282051281937e+00 3.364762047732253236e-06 1.410296680275675445e-06 9.999951123111362472e-01
3.384615384615384581e+00 3.244386236408478523e-06 -1.646785859201559435e-06 9.999975048057708760e-01
3.487179487179487225e+00 -3.622334321301892193e-06 5.041827913967113933e-06 9.999987571049963053e-01
3.589743589743589425e+00 -1.693939799664663841e-06 2.754569597216477053e-06 9.999993956170754039e-01
3.692307692307692069e+00 1.812578914929188129e-06 1.582172706282089455e-06 9.999997129489832659e-01
3.794871794871794712e+00 -1.934943263680188439e-06 -4.182561473870778976e-07 9.999998667775323868e-01
3.897435897435897356e+00 -5.015453304829545637e-06 1.159859768019765795e-06 9.999999395475868136e-01
4.000000000000000000e+00 -1.377630743259437699e-06 -3.481691430400035122e-06 9.999999731779521950e-01
