0.000000000000000000e+00 7.974118466585154113e-12 9.507476575651452632e-12 -1.000000000000000000e+00
1.025641025641025605e-01 2.108674044470612297e-01 2.320018415542444978e-01 -9.488208618658372506e-01
2.051282051282051211e-01 4.166508724600056501e-01 4.128672197022057455e-01 -8.045922684824979854e-01
3.076923076923077094e-01 6.087126282428179103e-01 5.077715526005536217e-01 -5.902143975323584923e-01
4.102564102564102422e-01 7.721008955949151265e-01 5.030963072939437231e-01 -3.332964046119433199e-01
5.128205128205127750e-01 8.855826212852990764e-01 4.041119384734300213e-01 -6.138511738699341941e-02
6.153846153846154188e-01 9.267298363479468115e-01 2.334500577242834829e-01 1.998373228464518647e-01
7.179487179487179516e-01 8.814079767462305037e-01 2.905788944591528034e-02 4.292880013386444205e-01
8.205128205128204844e-01 7.527799918520187150e-01 -1.633855706101787764e-01 6.137881718177947699e-01
9.230769230769230171e-01 5.640187201740778367e-01 -3.032330100714573096e-01 7.493083301203661284e-01
1.025641025641025550e+00 3.526619855457100439e-01 -3.670350805770134506e-01 8.394229974332330091e-01
1.128205128205128194e+00 1.589092298262546332e-01 -3.543812356557394794e-01 8.924601069174895596e-01
1.230769230769230838e+00 1.335874658007788623e-02 -2.851407738809047521e-01 9.185161654827737054e-01
1.333333333333333259e+00 -7.090822998279641687e-02 -1.898774729709829523e-01 9.273091286028279923e-01
1.435897435897435903e+00 -9.892500906238285707e-02 -9.812886493505960928e-02 9.268857623066135698e-01
1.538461538461538325e+00 -8.807765224007169103e-02 -2.952733665817951214e-02 9.231231114403180005e-01
1.641025641025640969e+00 -5.935556696565114781e-02 9.473379954233002165e-03 9.197961634616714788e-01
1.743589743589743613e+00 -2.977929545774297970e-02 2.318596292036231854e-02 9.189226706835937897e-01
1.846153846153846034e+00 -8.665034267335339907e-03 2.128194008048424346e-02 9.212101178516343136e-01
1.948717948717948678e+00 2.071392624806982219e-03 1.338715408127396506e-02 9.264893226678840854e-01
2.051282051282051100e+00 5.027158088647080449e-03 5.855844550207519109e-03 9.340830017588456213e-01
2.153846153846153744e+00 4.060965406292257364e-03 1.214513637449185848e-03 9.430961379382419851e-01
2.256410256410256387e+00 2.143988835127947582e-03 -6.479084945034802555e-04 9.526278763442806996e-01
2.358974358974359031e+00 7.149336597802806014e-04 -8.818205664534661207e-04 9.619098723281737096e-01
2.461538461538461675e+00 4.311329679866675790e-05 -5.504809626006062140e-04 9.703786392700036734e-01
2.564102564102563875e+00 -1.308662162071145662e-04 -2.138373832887175568e-04 9.776938284519737232e-01
2.666666666666666519e+00 -1.042766120734345817e-04 -4.204695683631635289e-05 9.837168269419066524e-01
2.769230769230769162e+00 -4.669130529048015588e-05 1.325698942182428666e-05 9.884664302298287186e-01
2.871794871794871806e+00 -1.170696451509070963e-05 1.841514202998918877e-05 9.920663743646711552e-01
2.974358974358974450e+00 -5.588090876298495530e-07 8.767253486438417417e-06 9.946960688518241556e-01
3.076923076923076650e+00 1.408837121898523279e-06 9.975649755173150904e-07 9.965514168956284280e-01
3.179487179487179294e+00 9.083442772769569532e-07 3.071989110602600489e-06 9.978179406985374644e-01
3.282051282051281937e+00 -3.215159213487512674e-06 -6.658050124994309702e-07 9.986556475179759751e-01
3.384615384615384581e+00 2.073794695108009698e-06 5.920413689649017497e-07 9.991931453859366208e-01
3.487179487179487225e+00 6.646324126835950856e-07 9.060481005637549343e-07 9.995280413949142462e-01
3.589743589743589425e+00 9.426142379415160434e-07 -2.074907890084324100e-06 9.997308378124747374e-01
3.692307692307692069e+00 3.517808710878177559e-07 2.425263416649865439e-06 9.998502781258726824e-01
3.794871794871794712e+00 2.696863978686251219e-06 -1.460191904749613226e-06 9.999187422408586379e-01
3.897435897435897356e+00 4.009547221888996003e-07 -5.905140837332272412e-07 9.999569583199163780e-01
4.000000000000000000e+00 -3.015126299559591412e-06 -6.993502522597849915e-07 9.999777418377516769e-01
