1.000000000000000056e-01 9.971530825725404279e-01 0.000000000000000000e+00 2.846917427459909940e-03 0.000000000000000000e+00 0.000000000000000000e+00 0.000000000000000000e+00 5.305142171832381848e-02 4.935499304635722340e-03 0.000000000000000000e+00 0.000000000000000000e+00 0.000000000000000000e+00 0.000000000000000000e+00 0.000000000000000000e+00 0.000000000000000000e+00 0.000000000000000000e+00 0.000000000000000000e+00
2.000000000000000111e-01 9.888910703823736714e-01 0.000000000000000000e+00 1.110892961762660960e-02 0.000000000000000000e+00 0.000000000000000000e+00 0.000000000000000000e+00 1.041900290953138991e-01 1.139996232256289266e-02 0.000000000000000000e+00 0.000000000000000000e+00 0.000000000000000000e+00 0.000000000000000000e+00 0.000000000000000000e+00 0.000000000000000000e+00 0.000000000000000000e+00 0.000000000000000000e+00
2.999999999999999889e-01 9.760225441644450051e-01 0.000000000000000000e+00 2.397745583555545637e-02 0.000000000000000000e+00 0.000000000000000000e+00 0.000000000000000000e+00 1.515676778304306804e-01 2.073105723281622875e-02 0.000000000000000000e+00 0.000000000000000000e+00 0.000000000000000000e+00 0.000000000000000000e+00 0.000000000000000000e+00 0.000000000000000000e+00 0.000000000000000000e+00 0.000000000000000000e+00
4.000000000000000222e-01 9.598074622085964736e-01 0.000000000000000000e+00 4.019253779140278399e-02 0.000000000000000000e+00 0.000000000000000000e+00 0.000000000000000000e+00 1.934626151483053724e-01 3.390153580377037318e-02 0.000000000000000000e+00 0.000000000000000000e+00 0.000000000000000000e+00 0.000000000000000000e+00 0.000000000000000000e+00 0.000000000000000000e+00 0.000000000000000000e+00 0.000000000000000000e+00
5.000000000000000000e-01 9.418328949674652506e-01 0.000000000000000000e+00 5.816710503253486042e-02 0.000000000000000000e+00 0.000000000000000000e+00 0.000000000000000000e+00 2.283496473330220988e-01 5.138220858499332327e-02 0.000000000000000000e+00 0.000000000000000000e+00 0.000000000000000000e+00 0.000000000000000000e+00 0.000000000000000000e+00 0.000000000000000000e+00 0.000000000000000000e+00 0.000000000000000000e+00
5.999999999999999778e-01 9.238576323693631354e-01 0.000000000000000000e+00 7.614236763063622626e-02 0.000000000000000000e+00 0.000000000000000000e+00 0.000000000000000000e+00 2.549656998476019787e-01 7.305613663202394081e-02 0.000000000000000000e+00 0.000000000000000000e+00 0.000000000000000000e+00 0.000000000000000000e+00 0.000000000000000000e+00 0.000000000000000000e+00 0.000000000000000000e+00 0.000000000000000000e+00
6.999999999999999556e-01 9.076434273949293141e-01 0.000000000000000000e+00 9.235657260507158794e-02 0.000000000000000000e+00 0.000000000000000000e+00 0.000000000000000000e+00 2.723721823901967265e-01 9.818467360563837287e-02 0.000000000000000000e+00 0.000000000000000000e+00 0.000000000000000000e+00 0.000000000000000000e+00 0.000000000000000000e+00 0.000000000000000000e+00 0.000000000000000000e+00 0.000000000000000000e+00
7.999999999999999334e-01 8.947750235187870160e-01 0.000000000000000000e+00 1.052249764812136917e-01 0.000000000000000000e+00 0.000000000000000000e+00 0.000000000000000000e+00 2.800285102948360527e-01 1.254460600157224492e-01 0.000000000000000000e+00 0.000000000000000000e+00 0.000000000000000000e+00 0.000000000000000000e+00 0.000000000000000000e+00 0.000000000000000000e+00 0.000000000000000000e+00 0.000000000000000000e+00
8.999999999999999112e-01 8.865138132617125244e-01 0.000000000000000000e+00 1.134861867382875172e-01 0.000000000000000000e+00 0.000000000000000000e+00 0.000000000000000000e+00 2.778316065817345026e-01 1.530250639764322851e-01 0.000000000000000000e+00 0.000000000000000000e+00 0.000000000000000000e+00 0.000000000000000000e+00 0.000000000000000000e+00 0.000000000000000000e+00 0.000000000000000000e+00 0.000000000000000000e+00
9.999999999999998890e-01 8.836665728108688000e-01 0.000000000000000000e+00 1.163334271891321853e-01 0.000000000000000000e+00 0.000000000000000000e+00 0.000000000000000000e+00 2.661627496401806070e-01 1.787661909592797860e-01 0.000000000000000000e+00 0.000000000000000000e+00 0.000000000000000000e+00 0.000000000000000000e+00 0.000000000000000000e+00 0.000000000000000000e+00 0.000000000000000000e+00 0.000000000000000000e+00
1.099999999999999867e+00 8.865135793765394068e-01 0.000000000000000000e+00 1.134864206234607042e-01 0.000000000000000000e+00 0.000000000000000000e+00 0.000000000000000000e+00 2.458994134202567294e-01 2.003515184579121866e-01 0.000000000000000000e+00 0.000000000000000000e+00 0.000000000000000000e+00 0.000000000000000000e+00 0.000000000000000000e+00 0.000000000000000000e+00 0.000000000000000000e+00 0.000000000000000000e+00
1.199999999999999956e+00 8.947762197691838670e-01 0.000000000000000000e+00 1.052237802308137876e-01 0.000000000000000000e+00 0.000000000000000000e+00 0.000000000000000000e+00 2.184055921200422912e-01 2.155243210272511090e-01 0.000000000000000000e+00 0.000000000000000000e+00 0.000000000000000000e+00 0.000000000000000000e+00 0.000000000000000000e+00 0.000000000000000000e+00 0.000000000000000000e+00 0.000000000000000000e+00
1.300000000000000044e+00 9.076459086108128460e-01 0.000000000000000000e+00 9.235409138918711236e-02 0.000000000000000000e+00 0.000000000000000000e+00 0.000000000000000000e+00 1.854905358351387756e-01 2.223017665089650485e-01 0.000000000000000000e+00 0.000000000000000000e+00 0.000000000000000000e+00 0.000000000000000000e+00 0.000000000000000000e+00 0.000000000000000000e+00 0.000000000000000000e+00 0.000000000000000000e+00
1.399999999999999911e+00 9.238598850429647902e-01 0.000000000000000000e+00 7.614011495703626453e-02 0.000000000000000000e+00 0.000000000000000000e+00 0.000000000000000000e+00 1.493331636845669497e-01 2.191857736059176498e-01 0.000000000000000000e+00 0.000000000000000000e+00 0.000000000000000000e+00 0.000000000000000000e+00 0.000000000000000000e+00 0.000000000000000000e+00 0.000000000000000000e+00 0.000000000000000000e+00
1.500000000000000000e+00 9.418357248354871647e-01 0.000000000000000000e+00 5.816427516451275204e-02 0.000000000000000000e+00 0.000000000000000000e+00 0.000000000000000000e+00 1.123664593905795983e-01 2.053167570668898434e-01 0.000000000000000000e+00 0.000000000000000000e+00 0.000000000000000000e+00 0.000000000000000000e+00 0.000000000000000000e+00 0.000000000000000000e+00 0.000000000000000000e+00 0.000000000000000000e+00
1.599999999999999867e+00 9.598098886002877084e-01 0.000000000000000000e+00 4.019011139971327001e-02 0.000000000000000000e+00 0.000000000000000000e+00 0.000000000000000000e+00 7.715267698271052743e-02 1.806165277198303887e-01 0.000000000000000000e+00 0.000000000000000000e+00 0.000000000000000000e+00 0.000000000000000000e+00 0.000000000000000000e+00 0.000000000000000000e+00 0.000000000000000000e+00 0.000000000000000000e+00
1.699999999999999956e+00 9.760247120346129401e-01 0.000000000000000000e+00 2.397528796538722293e-02 0.000000000000000000e+00 0.000000000000000000e+00 0.000000000000000000e+00 4.620858328919601882e-02 1.458260609671938324e-01 0.000000000000000000e+00 0.000000000000000000e+00 0.000000000000000000e+00 0.000000000000000000e+00 0.000000000000000000e+00 0.000000000000000000e+00 0.000000000000000000e+00 0.000000000000000000e+00
1.800000000000000044e+00 9.888928603624003166e-01 0.000000000000000000e+00 1.110713963759878652e-02 0.000000000000000000e+00 0.000000000000000000e+00 0.000000000000000000e+00 2.184353014980234403e-02 1.025018603394710071e-01 0.000000000000000000e+00 0.000000000000000000e+00 0.000000000000000000e+00 0.000000000000000000e+00 0.000000000000000000e+00 0.000000000000000000e+00 0.000000000000000000e+00 0.000000000000000000e+00
1.899999999999999911e+00 9.971540670932961259e-01 0.000000000000000000e+00 2.845932906703441730e-03 0.000000000000000000e+00 0.000000000000000000e+00 0.000000000000000000e+00 5.979875491172133295e-03 5.293462471408003078e-02 0.000000000000000000e+00 0.000000000000000000e+00 0.000000000000000000e+00 0.000000000000000000e+00 0.000000000000000000e+00 0.000000000000000000e+00 0.000000000000000000e+00 0.000000000000000000e+00
2.000000000000000000e+00 9.999999997750322889e-01 0.000000000000000000e+00 2.249688770031856963e-10 0.000000000000000000e+00 0.000000000000000000e+00 0.000000000000000000e+00 -5.905568741120429291e-08 -8.919343087673732980e-06 0.000000000000000000e+00 0.000000000000000000e+00 0.000000000000000000e+00 0.000000000000000000e+00 0.000000000000000000e+00 0.000000000000000000e+00 0.000000000000000000e+00 0.000000000000000000e+00
2.099999999999999645e+00 9.971520260258284196e-01 0.000000000000000000e+00 2.847973974172422588e-03 0.000000000000000000e+00 0.000000000000000000e+00 0.000000000000000000e+00 4.616998782099491702e-03 -5.308998448177477264e-02 0.000000000000000000e+00 0.000000000000000000e+00 0.000000000000000000e+00 0.000000000000000000e+00 0.000000000000000000e+00 0.000000000000000000e+00 0.000000000000000000e+00 0.000000000000000000e+00
2.199999999999999734e+00 9.888887843128861821e-01 0.000000000000000000e+00 1.111121568711376413e-02 0.000000000000000000e+00 0.000000000000000000e+00 0.000000000000000000e+00 1.978293364404412266e-02 -1.029387795220919888e-01 0.000000000000000000e+00 0.000000000000000000e+00 0.000000000000000000e+00 0.000000000000000000e+00 0.000000000000000000e+00 0.000000000000000000e+00 0.000000000000000000e+00 0.000000000000000000e+00
2.299999999999999822e+00 9.760190278484440762e-01 0.000000000000000000e+00 2.398097215155637132e-02 0.000000000000000000e+00 0.000000000000000000e+00 0.000000000000000000e+00 4.466332905346662163e-02 -1.463252261873083937e-01 0.000000000000000000e+00 0.000000000000000000e+00 0.000000000000000000e+00 0.000000000000000000e+00 0.000000000000000000e+00 0.000000000000000000e+00 0.000000000000000000e+00 0.000000000000000000e+00
2.399999999999999911e+00 9.598029849523618262e-01 0.000000000000000000e+00 4.019701504763742439e-02 0.000000000000000000e+00 0.000000000000000000e+00 0.000000000000000000e+00 7.765685247471482144e-02 -1.804179271228812942e-01 0.000000000000000000e+00 0.000000000000000000e+00 0.000000000000000000e+00 0.000000000000000000e+00 0.000000000000000000e+00 0.000000000000000000e+00 0.000000000000000000e+00 0.000000000000000000e+00
2.500000000000000000e+00 9.418275741513306709e-01 0.000000000000000000e+00 5.817242584866959970e-02 0.000000000000000000e+00 0.000000000000000000e+00 0.000000000000000000e+00 1.164792015261086333e-01 -2.030295313472809116e-01 0.000000000000000000e+00 0.000000000000000000e+00 0.000000000000000000e+00 0.000000000000000000e+00 0.000000000000000000e+00 0.000000000000000000e+00 0.000000000000000000e+00 0.000000000000000000e+00
2.600000000000000089e+00 9.238518781939970559e-01 0.000000000000000000e+00 7.614812180600175062e-02 0.000000000000000000e+00 0.000000000000000000e+00 0.000000000000000000e+00 1.583181584932140673e-01 -2.128025986902589706e-01 0.000000000000000000e+00 0.000000000000000000e+00 0.000000000000000000e+00 0.000000000000000000e+00 0.000000000000000000e+00 0.000000000000000000e+00 0.000000000000000000e+00 0.000000000000000000e+00
2.699999999999999734e+00 9.076360609602980301e-01 0.000000000000000000e+00 9.236393903970065156e-02 0.000000000000000000e+00 0.000000000000000000e+00 0.000000000000000000e+00 2.000254825847002649e-01 -2.093385972373210113e-01 0.000000000000000000e+00 0.000000000000000000e+00 0.000000000000000000e+00 0.000000000000000000e+00 0.000000000000000000e+00 0.000000000000000000e+00 0.000000000000000000e+00 0.000000000000000000e+00
2.799999999999999822e+00 8.947667269128658507e-01 0.000000000000000000e+00 1.052332730871343158e-01 0.000000000000000000e+00 0.000000000000000000e+00 0.000000000000000000e+00 2.383475404443307910e-01 -1.932606560937427109e-01 0.000000000000000000e+00 0.000000000000000000e+00 0.000000000000000000e+00 0.000000000000000000e+00 0.000000000000000000e+00 0.000000000000000000e+00 0.000000000000000000e+00 0.000000000000000000e+00
2.899999999999999911e+00 8.865060619285893839e-01 0.000000000000000000e+00 1.134939380714107549e-01 0.000000000000000000e+00 0.000000000000000000e+00 0.000000000000000000e+00 2.701870992351942391e-01 -1.661685763719831788e-01 0.000000000000000000e+00 0.000000000000000000e+00 0.000000000000000000e+00 0.000000000000000000e+00 0.000000000000000000e+00 0.000000000000000000e+00 0.000000000000000000e+00 0.000000000000000000e+00
3.000000000000000000e+00 8.836575299105462467e-01 0.000000000000000000e+00 1.163424700894538366e-01 0.000000000000000000e+00 0.000000000000000000e+00 0.000000000000000000e+00 2.928525544949276416e-01 -1.305537456218873182e-01 0.000000000000000000e+00 0.000000000000000000e+00 0.000000000000000000e+00 0.000000000000000000e+00 0.000000000000000000e+00 0.000000000000000000e+00 0.000000000000000000e+00 0.000000000000000000e+00
