1.000000000000000056e-01 9.986189742098835476e-01 0.000000000000000000e+00 1.381025790117039855e-03 0.000000000000000000e+00 0.000000000000000000e+00 0.000000000000000000e+00 -1.473667025644349177e-03 -3.710723472013811169e-02 0.000000000000000000e+00 0.000000000000000000e+00 0.000000000000000000e+00 0.000000000000000000e+00 0.000000000000000000e+00 0.000000000000000000e+00 0.000000000000000000e+00 0.000000000000000000e+00
2.000000000000000111e-01 9.946110735985136397e-01 0.000000000000000000e+00 5.388926401486828638e-03 0.000000000000000000e+00 0.000000000000000000e+00 0.000000000000000000e+00 -1.930368850297976141e-03 -7.318578714066195645e-02 0.000000000000000000e+00 0.000000000000000000e+00 0.000000000000000000e+00 0.000000000000000000e+00 0.000000000000000000e+00 0.000000000000000000e+00 0.000000000000000000e+00 0.000000000000000000e+00
2.999999999999999889e-01 9.883683866495714954e-01 0.000000000000000000e+00 1.163161335042706482e-02 0.000000000000000000e+00 0.000000000000000000e+00 0.000000000000000000e+00 -4.620752015558268755e-04 -1.072198915828328630e-01 0.000000000000000000e+00 0.000000000000000000e+00 0.000000000000000000e+00 0.000000000000000000e+00 0.000000000000000000e+00 0.000000000000000000e+00 0.000000000000000000e+00 0.000000000000000000e+00
4.000000000000000222e-01 9.805025045991625499e-01 0.000000000000000000e+00 1.949749540083636767e-02 0.000000000000000000e+00 0.000000000000000000e+00 0.000000000000000000e+00 3.637472080851619771e-03 -1.382176240876960560e-01 0.000000000000000000e+00 0.000000000000000000e+00 0.000000000000000000e+00 0.000000000000000000e+00 0.000000000000000000e+00 0.000000000000000000e+00 0.000000000000000000e+00 0.000000000000000000e+00
5.000000000000000000e-01 9.717833308012464588e-01 0.000000000000000000e+00 2.821666919875385343e-02 0.000000000000000000e+00 0.000000000000000000e+00 0.000000000000000000e+00 1.078729951878225346e-02 -1.652395914170054214e-01 0.000000000000000000e+00 0.000000000000000000e+00 0.000000000000000000e+00 0.000000000000000000e+00 0.000000000000000000e+00 0.000000000000000000e+00 0.000000000000000000e+00 0.000000000000000000e+00
5.999999999999999778e-01 9.630641879744832323e-01 0.000000000000000000e+00 3.693581202551530357e-02 0.000000000000000000e+00 0.000000000000000000e+00 0.000000000000000000e+00 2.106508447576746490e-02 -1.874241703736302667e-01 0.000000000000000000e+00 0.000000000000000000e+00 0.000000000000000000e+00 0.000000000000000000e+00 0.000000000000000000e+00 0.000000000000000000e+00 0.000000000000000000e+00 0.000000000000000000e+00
6.999999999999999556e-01 9.551985392214784598e-01 0.000000000000000000e+00 4.480146077852020792e-02 0.000000000000000000e+00 0.000000000000000000e+00 0.000000000000000000e+00 3.418096602797603134e-02 -2.040243887260675681e-01 0.000000000000000000e+00 0.000000000000000000e+00 0.000000000000000000e+00 0.000000000000000000e+00 0.000000000000000000e+00 0.000000000000000000e+00 0.000000000000000000e+00 0.000000000000000000e+00
7.999999999999999334e-01 9.489560761557055413e-01 0.000000000000000000e+00 5.104392384429377871e-02 0.000000000000000000e+00 0.000000000000000000e+00 0.000000000000000000e+00 4.948140699454681157e-02 -2.144528660666845388e-01 0.000000000000000000e+00 0.000000000000000000e+00 0.000000000000000000e+00 0.000000000000000000e+00 0.000000000000000000e+00 0.000000000000000000e+00 0.000000000000000000e+00 0.000000000000000000e+00
8.999999999999999112e-01 9.449486672523023101e-01 0.000000000000000000e+00 5.505133274769788421e-02 0.000000000000000000e+00 0.000000000000000000e+00 0.000000000000000000e+00 6.598598519997164735e-02 -2.183266650957686184e-01 0.000000000000000000e+00 0.000000000000000000e+00 0.000000000000000000e+00 0.000000000000000000e+00 0.000000000000000000e+00 0.000000000000000000e+00 0.000000000000000000e+00 0.000000000000000000e+00
9.999999999999998890e-01 9.435678613193667630e-01 0.000000000000000000e+00 5.643213868063274435e-02 0.000000000000000000e+00 0.000000000000000000e+00 0.000000000000000000e+00 8.245793800711660737e-02 -2.155185390575340421e-01 0.000000000000000000e+00 0.000000000000000000e+00 0.000000000000000000e+00 0.000000000000000000e+00 0.000000000000000000e+00 0.000000000000000000e+00 0.000000000000000000e+00 0.000000000000000000e+00
1.099999999999999867e+00 9.449488680797170082e-01 0.000000000000000000e+00 5.505113192028186081e-02 0.000000000000000000e+00 0.000000000000000000e+00 0.000000000000000000e+00 9.749873352409316185e-02 -2.061904496801821307e-01 0.000000000000000000e+00 0.000000000000000000e+00 0.000000000000000000e+00 0.000000000000000000e+00 0.000000000000000000e+00 0.000000000000000000e+00 0.000000000000000000e+00 0.000000000000000000e+00
1.199999999999999956e+00 9.489571394732561060e-01 0.000000000000000000e+00 5.104286052674413682e-02 0.000000000000000000e+00 0.000000000000000000e+00 0.000000000000000000e+00 1.096491513846252069e-01 -1.908259683543064300e-01 0.000000000000000000e+00 0.000000000000000000e+00 0.000000000000000000e+00 0.000000000000000000e+00 0.000000000000000000e+00 0.000000000000000000e+00 0.000000000000000000e+00 0.000000000000000000e+00
1.300000000000000044e+00 9.551998828065083602e-01 0.000000000000000000e+00 4.480011719349179244e-02 0.000000000000000000e+00 0.000000000000000000e+00 0.000000000000000000e+00 1.175262240681651249e-01 -1.702370471245857331e-01 0.000000000000000000e+00 0.000000000000000000e+00 0.000000000000000000e+00 0.000000000000000000e+00 0.000000000000000000e+00 0.000000000000000000e+00 0.000000000000000000e+00 0.000000000000000000e+00
1.399999999999999911e+00 9.630656790447702509e-01 0.000000000000000000e+00 3.693432095522968667e-02 0.000000000000000000e+00 0.000000000000000000e+00 0.000000000000000000e+00 1.199340663195271051e-01 -1.455541014535580435e-01 0.000000000000000000e+00 0.000000000000000000e+00 0.000000000000000000e+00 0.000000000000000000e+00 0.000000000000000000e+00 0.000000000000000000e+00 0.000000000000000000e+00 0.000000000000000000e+00
1.500000000000000000e+00 9.717853346083096255e-01 0.000000000000000000e+00 2.821466539168940302e-02 0.000000000000000000e+00 0.000000000000000000e+00 0.000000000000000000e+00 1.159795316122321646e-01 -1.181835276846329441e-01 0.000000000000000000e+00 0.000000000000000000e+00 0.000000000000000000e+00 0.000000000000000000e+00 0.000000000000000000e+00 0.000000000000000000e+00 0.000000000000000000e+00 0.000000000000000000e+00
1.599999999999999867e+00 9.805045745662578360e-01 0.000000000000000000e+00 1.949542543374182743e-02 0.000000000000000000e+00 0.000000000000000000e+00 0.000000000000000000e+00 1.051689918176303140e-01 -8.974874087061390782e-02 0.000000000000000000e+00 0.000000000000000000e+00 0.000000000000000000e+00 0.000000000000000000e+00 0.000000000000000000e+00 0.000000000000000000e+00 0.000000000000000000e+00 0.000000000000000000e+00
1.699999999999999956e+00 9.883702653519870207e-01 0.000000000000000000e+00 1.162973464801329501e-02 0.000000000000000000e+00 0.000000000000000000e+00 0.000000000000000000e+00 8.746533039601375736e-02 -6.200241830730475467e-02 0.000000000000000000e+00 0.000000000000000000e+00 0.000000000000000000e+00 0.000000000000000000e+00 0.000000000000000000e+00 0.000000000000000000e+00 0.000000000000000000e+00 0.000000000000000000e+00
1.800000000000000044e+00 9.946124118938108882e-01 0.000000000000000000e+00 5.387588106189536777e-03 0.000000000000000000e+00 0.000000000000000000e+00 0.000000000000000000e+00 6.332966414825626222e-02 -3.671397213679872262e-02 0.000000000000000000e+00 0.000000000000000000e+00 0.000000000000000000e+00 0.000000000000000000e+00 0.000000000000000000e+00 0.000000000000000000e+00 0.000000000000000000e+00 0.000000000000000000e+00
1.899999999999999911e+00 9.986196128151203499e-01 0.000000000000000000e+00 1.380387184879364052e-03 0.000000000000000000e+00 0.000000000000000000e+00 0.000000000000000000e+00 3.370948345859828971e-02 -1.556124492237984623e-02 0.000000000000000000e+00 0.000000000000000000e+00 0.000000000000000000e+00 0.000000000000000000e+00 0.000000000000000000e+00 0.000000000000000000e+00 0.000000000000000000e+00 0.000000000000000000e+00
2.000000000000000000e+00 1.000000000048871795e+00 0.000000000000000000e+00 -4.887046224540096812e-11 0.000000000000000000e+00 0.000000000000000000e+00 0.000000000000000000e+00 -9.147214340069536524e-06 3.163453574049821011e-06 0.000000000000000000e+00 0.000000000000000000e+00 0.000000000000000000e+00 0.000000000000000000e+00 0.000000000000000000e+00 0.000000000000000000e+00 0.000000000000000000e+00 0.000000000000000000e+00
2.099999999999999645e+00 9.986182155088315637e-01 0.000000000000000000e+00 1.381784491168313971e-03 0.000000000000000000e+00 0.000000000000000000e+00 0.000000000000000000e+00 -3.607352829021146651e-02 8.864301152643354331e-03 0.000000000000000000e+00 0.000000000000000000e+00 0.000000000000000000e+00 0.000000000000000000e+00 0.000000000000000000e+00 0.000000000000000000e+00 0.000000000000000000e+00 0.000000000000000000e+00
2.199999999999999734e+00 9.946095432976131967e-01 0.000000000000000000e+00 5.390456702387879696e-03 0.000000000000000000e+00 0.000000000000000000e+00 0.000000000000000000e+00 -7.248708785315867431e-02 1.034514929083299797e-02 0.000000000000000000e+00 0.000000000000000000e+00 0.000000000000000000e+00 0.000000000000000000e+00 0.000000000000000000e+00 0.000000000000000000e+00 0.000000000000000000e+00 0.000000000000000000e+00
2.299999999999999822e+00 9.883662110251533184e-01 0.000000000000000000e+00 1.163378897484749694e-02 0.000000000000000000e+00 0.000000000000000000e+00 0.000000000000000000e+00 -1.071453964311173124e-01 4.278775330196018384e-03 0.000000000000000000e+00 0.000000000000000000e+00 0.000000000000000000e+00 0.000000000000000000e+00 0.000000000000000000e+00 0.000000000000000000e+00 0.000000000000000000e+00 0.000000000000000000e+00
2.399999999999999911e+00 9.804996416965474637e-01 0.000000000000000000e+00 1.950035830345326487e-02 0.000000000000000000e+00 0.000000000000000000e+00 0.000000000000000000e+00 -1.379851741891950090e-01 -8.954681498979794041e-03 0.000000000000000000e+00 0.000000000000000000e+00 0.000000000000000000e+00 0.000000000000000000e+00 0.000000000000000000e+00 0.000000000000000000e+00 0.000000000000000000e+00 0.000000000000000000e+00
2.500000000000000000e+00 9.717793823463960479e-01 0.000000000000000000e+00 2.822061765360473623e-02 0.000000000000000000e+00 0.000000000000000000e+00 0.000000000000000000e+00 -1.631458380265885522e-01 -2.841917908468374887e-02 0.000000000000000000e+00 0.000000000000000000e+00 0.000000000000000000e+00 0.000000000000000000e+00 0.000000000000000000e+00 0.000000000000000000e+00 0.000000000000000000e+00 0.000000000000000000e+00
2.600000000000000089e+00 9.630592430207718380e-01 0.000000000000000000e+00 3.694075697922809959e-02 0.000000000000000000e+00 0.000000000000000000e+00 0.000000000000000000e+00 -1.811080817526086462e-01 -5.268775431182311231e-02 0.000000000000000000e+00 0.000000000000000000e+00 0.000000000000000000e+00 0.000000000000000000e+00 0.000000000000000000e+00 0.000000000000000000e+00 0.000000000000000000e+00 0.000000000000000000e+00
2.699999999999999734e+00 9.551933020610831049e-01 0.000000000000000000e+00 4.480669793891707553e-02 0.000000000000000000e+00 0.000000000000000000e+00 0.000000000000000000e+00 -1.908233658814863509e-01 -7.990932745356491007e-02 0.000000000000000000e+00 0.000000000000000000e+00 0.000000000000000000e+00 0.000000000000000000e+00 0.000000000000000000e+00 0.000000000000000000e+00 0.000000000000000000e+00 0.000000000000000000e+00
2.799999999999999822e+00 9.489506638251703485e-01 0.000000000000000000e+00 5.104933617483192743e-02 0.000000000000000000e+00 0.000000000000000000e+00 0.000000000000000000e+00 -1.918102303130924668e-01 -1.079450641817985557e-01 0.000000000000000000e+00 0.000000000000000000e+00 0.000000000000000000e+00 0.000000000000000000e+00 0.000000000000000000e+00 0.000000000000000000e+00 0.000000000000000000e+00 0.000000000000000000e+00
2.899999999999999911e+00 9.449423459726495889e-01 0.000000000000000000e+00 5.505765402734944663e-02 0.000000000000000000e+00 0.000000000000000000e+00 0.000000000000000000e+00 -1.841977207229207325e-01 -1.345269794948392716e-01 0.000000000000000000e+00 0.000000000000000000e+00 0.000000000000000000e+00 0.000000000000000000e+00 0.000000000000000000e+00 0.000000000000000000e+00 0.000000000000000000e+00 0.000000000000000000e+00
3.000000000000000000e+00 9.435614238935656761e-01 0.000000000000000000e+00 5.643857610643385203e-02 0.000000000000000000e+00 0.000000000000000000e+00 0.000000000000000000e+00 -1.687398267008074770e-01 -1.574170676393670254e-01 0.000000000000000000e+00 0.000000000000000000e+00 0.000000000000000000e+00 0.000000000000000000e+00 0.000000000000000000e+00 0.000000000000000000e+00 0.000000000000000000e+00 0.000000000000000000e+00
