1.000000000000000056e-01 9.797608941178861386e-01 0.000000000000000000e+00 2.023910588211324732e-02 0.000000000000000000e+00 0.000000000000000000e+00 0.000000000000000000e+00 3.800915637417200121e-02 -1.355905177787093963e-01 0.000000000000000000e+00 0.000000000000000000e+00 0.000000000000000000e+00 0.000000000000000000e+00 0.000000000000000000e+00 0.000000000000000000e+00 0.000000000000000000e+00 0.000000000000000000e+00
2.000000000000000111e-01 9.210244395080907642e-01 0.000000000000000000e+00 7.897556049190886107e-02 0.000000000000000000e+00 0.000000000000000000e+00 0.000000000000000000e+00 7.693516417327241064e-02 -2.584944910327170997e-01 0.000000000000000000e+00 0.000000000000000000e+00 0.000000000000000000e+00 0.000000000000000000e+00 0.000000000000000000e+00 0.000000000000000000e+00 0.000000000000000000e+00 0.000000000000000000e+00
2.999999999999999889e-01 8.295405697812177070e-01 0.000000000000000000e+00 1.704594302187824595e-01 0.000000000000000000e+00 0.000000000000000000e+00 0.000000000000000000e+00 1.174289465716352732e-01 -3.572302553539912773e-01 0.000000000000000000e+00 0.000000000000000000e+00 0.000000000000000000e+00 0.000000000000000000e+00 0.000000000000000000e+00 0.000000000000000000e+00 0.000000000000000000e+00 0.000000000000000000e+00
4.000000000000000222e-01 7.142646531709867519e-01 0.000000000000000000e+00 2.857353468290135812e-01 0.000000000000000000e+00 0.000000000000000000e+00 0.000000000000000000e+00 1.596468944381883304e-01 -4.226151056256861049e-01 0.000000000000000000e+00 0.000000000000000000e+00 0.000000000000000000e+00 0.000000000000000000e+00 0.000000000000000000e+00 0.000000000000000000e+00 0.000000000000000000e+00 0.000000000000000000e+00
5.000000000000000000e-01 5.864804873058272472e-01 0.000000000000000000e+00 4.135195126941734189e-01 0.000000000000000000e+00 0.000000000000000000e+00 0.000000000000000000e+00 2.030906602855259702e-01 -4.486371685325734049e-01 0.000000000000000000e+00 0.000000000000000000e+00 0.000000000000000000e+00 0.000000000000000000e+00 0.000000000000000000e+00 0.000000000000000000e+00 0.000000000000000000e+00 0.000000000000000000e+00
5.999999999999999778e-01 4.586960805381252171e-01 0.000000000000000000e+00 5.413039194618759486e-01 0.000000000000000000e+00 0.000000000000000000e+00 0.000000000000000000e+00 2.465428580730544272e-01 -4.330249477616120446e-01 0.000000000000000000e+00 0.000000000000000000e+00 0.000000000000000000e+00 0.000000000000000000e+00 0.000000000000000000e+00 0.000000000000000000e+00 0.000000000000000000e+00 0.000000000000000000e+00
6.999999999999999556e-01 3.434196230477336020e-01 0.000000000000000000e+00 6.565803769522671196e-01 0.000000000000000000e+00 0.000000000000000000e+00 0.000000000000000000e+00 2.881036008380633562e-01 -3.774637741041158012e-01 0.000000000000000000e+00 0.000000000000000000e+00 0.000000000000000000e+00 0.000000000000000000e+00 0.000000000000000000e+00 0.000000000000000000e+00 0.000000000000000000e+00 0.000000000000000000e+00
7.999999999999999334e-01 2.519364546967582386e-01 0.000000000000000000e+00 7.480635453032411508e-01 0.000000000000000000e+00 0.000000000000000000e+00 0.000000000000000000e+00 3.253388112337785576e-01 -2.874354456725087825e-01 0.000000000000000000e+00 0.000000000000000000e+00 0.000000000000000000e+00 0.000000000000000000e+00 0.000000000000000000e+00 0.000000000000000000e+00 0.000000000000000000e+00 0.000000000000000000e+00
8.999999999999999112e-01 1.932003379133288290e-01 0.000000000000000000e+00 8.067996620866714208e-01 0.000000000000000000e+00 0.000000000000000000e+00 0.000000000000000000e+00 3.555217642578659132e-01 -1.716922901292068648e-01 0.000000000000000000e+00 0.000000000000000000e+00 0.000000000000000000e+00 0.000000000000000000e+00 0.000000000000000000e+00 0.000000000000000000e+00 0.000000000000000000e+00 0.000000000000000000e+00
9.999999999999998890e-01 1.729616128647494810e-01 0.000000000000000000e+00 8.270383871352502414e-01 0.000000000000000000e+00 0.000000000000000000e+00 0.000000000000000000e+00 3.759380343552711223e-01 -4.143051472897636700e-02 0.000000000000000000e+00 0.000000000000000000e+00 0.000000000000000000e+00 0.000000000000000000e+00 0.000000000000000000e+00 0.000000000000000000e+00 0.000000000000000000e+00 0.000000000000000000e+00
1.099999999999999867e+00 1.932004899695714262e-01 0.000000000000000000e+00 8.067995100304284906e-01 0.000000000000000000e+00 0.000000000000000000e+00 0.000000000000000000e+00 3.842298698828223724e-01 9.078252968516192789e-02 0.000000000000000000e+00 0.000000000000000000e+00 0.000000000000000000e+00 0.000000000000000000e+00 0.000000000000000000e+00 0.000000000000000000e+00 0.000000000000000000e+00 0.000000000000000000e+00
1.199999999999999956e+00 2.519367161537623967e-01 0.000000000000000000e+00 7.480632838462376588e-01 0.000000000000000000e+00 0.000000000000000000e+00 0.000000000000000000e+00 3.787318001257795053e-01 2.121952653303825487e-01 0.000000000000000000e+00 0.000000000000000000e+00 0.000000000000000000e+00 0.000000000000000000e+00 0.000000000000000000e+00 0.000000000000000000e+00 0.000000000000000000e+00 0.000000000000000000e+00
1.300000000000000044e+00 3.434204979218127840e-01 0.000000000000000000e+00 6.565795020781894920e-01 0.000000000000000000e+00 0.000000000000000000e+00 0.000000000000000000e+00 3.587591405024861402e-01 3.110863845559713181e-01 0.000000000000000000e+00 0.000000000000000000e+00 0.000000000000000000e+00 0.000000000000000000e+00 0.000000000000000000e+00 0.000000000000000000e+00 0.000000000000000000e+00 0.000000000000000000e+00
1.399999999999999911e+00 4.586970344164055802e-01 0.000000000000000000e+00 5.413029655835912557e-01 0.000000000000000000e+00 0.000000000000000000e+00 0.000000000000000000e+00 3.248119058731730457e-01 3.778773489337611258e-01 0.000000000000000000e+00 0.000000000000000000e+00 0.000000000000000000e+00 0.000000000000000000e+00 0.000000000000000000e+00 0.000000000000000000e+00 0.000000000000000000e+00 0.000000000000000000e+00
1.500000000000000000e+00 5.864798917800571054e-01 0.000000000000000000e+00 4.135201082199436717e-01 0.000000000000000000e+00 0.000000000000000000e+00 0.000000000000000000e+00 2.786665369522935420e-01 4.060371773419706454e-01 0.000000000000000000e+00 0.000000000000000000e+00 0.000000000000000000e+00 0.000000000000000000e+00 0.000000000000000000e+00 0.000000000000000000e+00 0.000000000000000000e+00 0.000000000000000000e+00
1.599999999999999867e+00 7.142655800842112601e-01 0.000000000000000000e+00 2.857344199157883513e-01 0.000000000000000000e+00 0.000000000000000000e+00 0.000000000000000000e+00 2.233298096452028814e-01 3.927009769100870407e-01 0.000000000000000000e+00 0.000000000000000000e+00 0.000000000000000000e+00 0.000000000000000000e+00 0.000000000000000000e+00 0.000000000000000000e+00 0.000000000000000000e+00 0.000000000000000000e+00
1.699999999999999956e+00 8.295421439630090710e-01 0.000000000000000000e+00 1.704578560369916784e-01 0.000000000000000000e+00 0.000000000000000000e+00 0.000000000000000000e+00 1.628640418482778518e-01 3.389355090104383961e-01 0.000000000000000000e+00 0.000000000000000000e+00 0.000000000000000000e+00 0.000000000000000000e+00 0.000000000000000000e+00 0.000000000000000000e+00 0.000000000000000000e+00 0.000000000000000000e+00
1.800000000000000044e+00 9.210250830590178683e-01 0.000000000000000000e+00 7.897491694098018877e-02 0.000000000000000000e+00 0.000000000000000000e+00 0.000000000000000000e+00 1.020771736093455673e-01 2.496359953997965841e-01 0.000000000000000000e+00 0.000000000000000000e+00 0.000000000000000000e+00 0.000000000000000000e+00 0.000000000000000000e+00 0.000000000000000000e+00 0.000000000000000000e+00 0.000000000000000000e+00
1.899999999999999911e+00 9.797612749959042633e-01 0.000000000000000000e+00 2.023872500409622591e-02 0.000000000000000000e+00 0.000000000000000000e+00 0.000000000000000000e+00 4.611590736918202288e-02 1.330505247247688039e-01 0.000000000000000000e+00 0.000000000000000000e+00 0.000000000000000000e+00 0.000000000000000000e+00 0.000000000000000000e+00 0.000000000000000000e+00 0.000000000000000000e+00 0.000000000000000000e+00
2.000000000000000000e+00 9.999999999383908378e-01 0.000000000000000000e+00 6.160989871662297383e-11 0.000000000000000000e+00 0.000000000000000000e+00 0.000000000000000000e+00 -1.133331472633807058e-06 -1.394343375503698774e-06 0.000000000000000000e+00 0.000000000000000000e+00 0.000000000000000000e+00 0.000000000000000000e+00 0.000000000000000000e+00 0.000000000000000000e+00 0.000000000000000000e+00 0.000000000000000000e+00
2.099999999999999645e+00 9.797605615826319170e-01 0.000000000000000000e+00 2.023943841736917243e-02 0.000000000000000000e+00 0.000000000000000000e+00 0.000000000000000000e+00 -3.187559046322656353e-02 -1.371632252959804343e-01 0.000000000000000000e+00 0.000000000000000000e+00 0.000000000000000000e+00 0.000000000000000000e+00 0.000000000000000000e+00 0.000000000000000000e+00 0.000000000000000000e+00 0.000000000000000000e+00
2.199999999999999734e+00 9.210243601159642246e-01 0.000000000000000000e+00 7.897563988403541457e-02 0.000000000000000000e+00 0.000000000000000000e+00 0.000000000000000000e+00 -4.618449473961570850e-02 -2.657169182631185511e-01 0.000000000000000000e+00 0.000000000000000000e+00 0.000000000000000000e+00 0.000000000000000000e+00 0.000000000000000000e+00 0.000000000000000000e+00 0.000000000000000000e+00 0.000000000000000000e+00
2.299999999999999822e+00 8.295402252645180941e-01 0.000000000000000000e+00 1.704597747354814063e-01 0.000000000000000000e+00 0.000000000000000000e+00 0.000000000000000000e+00 -4.105615794034273014e-02 -3.737882179912571101e-01 0.000000000000000000e+00 0.000000000000000000e+00 0.000000000000000000e+00 0.000000000000000000e+00 0.000000000000000000e+00 0.000000000000000000e+00 0.000000000000000000e+00 0.000000000000000000e+00
2.399999999999999911e+00 7.142627162710134536e-01 0.000000000000000000e+00 2.857372837289848810e-01 0.000000000000000000e+00 0.000000000000000000e+00 0.000000000000000000e+00 -1.631894447711443319e-02 -4.514700213795578843e-01 0.000000000000000000e+00 0.000000000000000000e+00 0.000000000000000000e+00 0.000000000000000000e+00 0.000000000000000000e+00 0.000000000000000000e+00 0.000000000000000000e+00 0.000000000000000000e+00
2.500000000000000000e+00 5.864780597600481871e-01 0.000000000000000000e+00 4.135219402399514799e-01 0.000000000000000000e+00 0.000000000000000000e+00 0.000000000000000000e+00 2.639665455362701432e-02 -4.917568118588397375e-01 0.000000000000000000e+00 0.000000000000000000e+00 0.000000000000000000e+00 0.000000000000000000e+00 0.000000000000000000e+00 0.000000000000000000e+00 0.000000000000000000e+00 0.000000000000000000e+00
2.600000000000000089e+00 4.586945765522191243e-01 0.000000000000000000e+00 5.413054234477813198e-01 0.000000000000000000e+00 0.000000000000000000e+00 0.000000000000000000e+00 8.373781020376827589e-02 -4.912044799584350252e-01 0.000000000000000000e+00 0.000000000000000000e+00 0.000000000000000000e+00 0.000000000000000000e+00 0.000000000000000000e+00 0.000000000000000000e+00 0.000000000000000000e+00 0.000000000000000000e+00
2.699999999999999734e+00 3.434160728089598047e-01 0.000000000000000000e+00 6.565839271910397512e-01 0.000000000000000000e+00 0.000000000000000000e+00 0.000000000000000000e+00 1.508784444680600634e-01 -4.502412343451548948e-01 0.000000000000000000e+00 0.000000000000000000e+00 0.000000000000000000e+00 0.000000000000000000e+00 0.000000000000000000e+00 0.000000000000000000e+00 0.000000000000000000e+00 0.000000000000000000e+00
2.799999999999999822e+00 2.519328971204801704e-01 0.000000000000000000e+00 7.480671028795173871e-01 0.000000000000000000e+00 0.000000000000000000e+00 0.000000000000000000e+00 2.219076009630201463e-01 -3.731216012133267146e-01 0.000000000000000000e+00 0.000000000000000000e+00 0.000000000000000000e+00 0.000000000000000000e+00 0.000000000000000000e+00 0.000000000000000000e+00 0.000000000000000000e+00 0.000000000000000000e+00
2.899999999999999911e+00 1.931970083367884894e-01 0.000000000000000000e+00 8.068029916632109000e-01 0.000000000000000000e+00 0.000000000000000000e+00 0.000000000000000000e+00 2.903692656841785347e-01 -2.675025492793776660e-01 0.000000000000000000e+00 0.000000000000000000e+00 0.000000000000000000e+00 0.000000000000000000e+00 0.000000000000000000e+00 0.000000000000000000e+00 0.000000000000000000e+00 0.000000000000000000e+00
3.000000000000000000e+00 1.729570510983789999e-01 0.000000000000000000e+00 8.270429489016222213e-01 0.000000000000000000e+00 0.000000000000000000e+00 0.000000000000000000e+00 3.498442288887309570e-01 -1.437077754896994297e-01 0.000000000000000000e+00 0.000000000000000000e+00 0.000000000000000000e+00 0.000000000000000000e+00 0.000000000000000000e+00 0.000000000000000000e+00 0.000000000000000000e+00 0.000000000000000000e+00
