1.000000000000000056e-01 -8.825107715925017970e-02 2.869234816437012947e-01 -9.464927289028931545e-01
2.000000000000000111e-01 -1.866788157980262819e-01 5.310097655453352994e-01 -7.952099768165499238e-01
2.999999999999999889e-01 -2.984138834329064238e-01 6.975042782525937568e-01 -5.713242775576775623e-01
4.000000000000000222e-01 -4.158102346419572104e-01 7.663639086227799213e-01 -3.092589056185711671e-01
5.000000000000000000e-01 -5.217934252028552100e-01 7.359978682346713930e-01 -4.426940883340190619e-02
5.999999999999999778e-01 -5.956983947669797219e-01 6.229955955497389342e-01 1.949296505881015218e-01
6.999999999999999556e-01 -6.209944620764469292e-01 4.575877954593015051e-01 3.904944569690106948e-01
7.999999999999999334e-01 -5.915503738467025041e-01 2.758602238754269131e-01 5.361478777174295551e-01
8.999999999999999112e-01 -5.138948906407057038e-01 1.109666390859595370e-01 6.349610936988535626e-01
9.999999999999998890e-01 -4.048609076791294670e-01 -1.403524067290060073e-02 6.956897769041388013e-01
1.099999999999999867e+00 -2.859530720080807886e-01 -8.966016050692950101e-02 7.290996532955263953e-01
1.199999999999999956e+00 -1.769173687536985395e-01 -1.191773527873098842e-01 7.452616238487150824e-01
1.300000000000000044e+00 -9.098024211389046934e-02 -1.144957432823791449e-01 7.520951879333115375e-01
1.399999999999999911e+00 -3.305650745430661203e-02 -9.069094261248664135e-02 7.550052342809875361e-01
1.500000000000000000e+00 -8.665959821241144088e-04 -6.123240454461913868e-02 7.571957102263640049e-01
1.599999999999999867e+00 1.217004099379123683e-02 -3.517943024060270901e-02 7.602651353022533698e-01
1.699999999999999956e+00 1.374870413244705034e-02 -1.662874919688671002e-02 7.648016608287027118e-01
1.800000000000000044e+00 1.032061291576775834e-02 -5.803579323721426084e-03 7.708452384084465425e-01
1.899999999999999911e+00 6.032052106616858991e-03 -8.184994179477168928e-04 7.781893496335070548e-01
2.000000000000000000e+00 2.791586142356438250e-03 7.217683735074662942e-04 7.865507304230843211e-01
2.099999999999999645e+00 9.705420061122869112e-04 7.493656668057435341e-04 7.956508678358328313e-01
2.199999999999999734e+00 2.033494492626628728e-04 4.009774095005568429e-04 8.052475720451383046e-01
2.299999999999999822e+00 -1.806787101420516360e-05 1.365281095284673959e-04 8.151421603733793875e-01
2.399999999999999911e+00 -5.418331468171257864e-05 2.704074585638776198e-05 8.251765357917435484e-01
2.500000000000000000e+00 -6.292347783920325789e-05 -3.136738595241753263e-07 8.352271488220658346e-01
2.600000000000000089e+00 -7.708885227765851329e-05 -2.000221574895363083e-05 8.451986103165622932e-01
2.699999999999999734e+00 -7.898633033037928035e-05 -4.321215258643199355e-05 8.550178501544994925e-01
2.799999999999999822e+00 -5.754865520888524709e-05 -5.923776402082183042e-05 8.646292165785776085e-01
2.899999999999999911e+00 -3.188491254254447387e-05 -4.826101141055879500e-05 8.739902566146138252e-01
3.000000000000000000e+00 -2.636810275482458620e-05 -1.788059302640940688e-05 8.830684855675480227e-01
