1.000000000000000056e-01 -1.913699264030507786e-03 -3.071285272944534461e-01 -9.512898455551649368e-01
2.000000000000000111e-01 -1.329811959897320324e-02 -5.747775666470685829e-01 -8.122768696090649776e-01
2.999999999999999889e-01 -3.582929282359974960e-02 -7.747311943137580315e-01 -6.009583491777746866e-01
4.000000000000000222e-01 -6.305811681489074949e-02 -8.932998064614251499e-01 -3.394876435439359574e-01
5.000000000000000000e-01 -8.620015308686868050e-02 -9.269179574744033090e-01 -5.001149909487499767e-02
5.999999999999999778e-01 -9.969854192029081741e-02 -8.765954968064266772e-01 2.449427631473509726e-01
6.999999999999999556e-01 -1.029786390949014169e-01 -7.462165886008587101e-01 5.204415345481738786e-01
7.999999999999999334e-01 -9.898072877471293662e-02 -5.445819631186079590e-01 7.494409796336393148e-01
8.999999999999999112e-01 -9.161439508154538280e-02 -2.878837655331612511e-01 9.065485440706220199e-01
9.999999999999998890e-01 -8.387698278855766632e-02 2.182161088472003223e-04 9.731338625981428292e-01
1.099999999999999867e+00 -7.726359217764479370e-02 2.912303895332999382e-01 9.409244919411580144e-01
1.199999999999999956e+00 -7.211430756515284368e-02 5.556849526363418779e-01 8.129535901864390901e-01
1.300000000000000044e+00 -6.821438999905986289e-02 7.667725769784859979e-01 6.025210024733653746e-01
1.399999999999999911e+00 -6.522233651810535604e-02 9.031954657332719183e-01 3.311819340548928792e-01
1.500000000000000000e+00 -6.285377024022464898e-02 9.511998630482466632e-01 2.630632186083439739e-02
1.599999999999999867e+00 -6.091535318197945775e-02 9.058376450642101618e-01 -2.816729561924405933e-01
1.699999999999999956e+00 -5.928433670088520402e-02 7.713935107842579963e-01 -5.621987344365142469e-01
1.800000000000000044e+00 -5.788289120538775423e-02 5.609411983052292605e-01 -7.875352620868540932e-01
1.899999999999999911e+00 -5.665897670979194028e-02 2.950548658933004331e-01 -9.354490628754943415e-01
2.000000000000000000e+00 -5.557685326416709343e-02 -2.227202850071967528e-04 -9.913680214697808690e-01
2.099999999999999645e+00 -5.461009490465313504e-02 -2.959308885494630892e-01 -9.497860563032689551e-01
2.199999999999999734e+00 -5.373913989918803480e-02 -5.630414555654735809e-01 -8.147910207609074806e-01
2.299999999999999822e+00 -5.294893947303352250e-02 -7.753076859397657339e-01 -5.996521058587744868e-01
2.399999999999999911e+00 -5.222736179853320476e-02 -9.118462121038526380e-01 -3.255072276933340669e-01
2.500000000000000000e+00 -5.156482650038061305e-02 -9.591879629782539274e-01 -1.928710867691879605e-02
2.600000000000000089e+00 -5.095360104240364424e-02 -9.126064132273519203e-01 2.889410164923175151e-01
2.699999999999999734e+00 -5.038725921240670008e-02 -7.765844128545595915e-01 5.689117256364891739e-01
2.799999999999999822e+00 -4.986045797172138083e-02 -5.643791934120836462e-01 7.931419878196098727e-01
2.899999999999999911e+00 -4.936872809529189304e-02 -2.967298784196045758e-01 9.396187290973750939e-01
3.000000000000000000e+00 -4.890825362603169746e-02 1.774593682865865398e-04 9.939622005595543097e-01
