1.000000000000000056e-01 9.755330827971409047e-01 0.000000000000000000e+00 2.446691720286243987e-02 0.000000000000000000e+00 0.000000000000000000e+00 0.000000000000000000e+00 -1.890242165038743291e-04 1.544935320490871677e-01 0.000000000000000000e+00 0.000000000000000000e+00 0.000000000000000000e+00 0.000000000000000000e+00 0.000000000000000000e+00 0.000000000000000000e+00 0.000000000000000000e+00 0.000000000000000000e+00
2.000000000000000111e-01 9.045860204363839197e-01 0.000000000000000000e+00 9.541397956361614974e-02 0.000000000000000000e+00 0.000000000000000000e+00 0.000000000000000000e+00 -1.443717886446434662e-03 2.937823475441523335e-01 0.000000000000000000e+00 0.000000000000000000e+00 0.000000000000000000e+00 0.000000000000000000e+00 0.000000000000000000e+00 0.000000000000000000e+00 0.000000000000000000e+00 0.000000000000000000e+00
2.999999999999999889e-01 7.942572916145831385e-01 0.000000000000000000e+00 2.057427083854153349e-01 0.000000000000000000e+00 0.000000000000000000e+00 0.000000000000000000e+00 -4.517638431851715014e-03 4.042180564854976899e-01 0.000000000000000000e+00 0.000000000000000000e+00 0.000000000000000000e+00 0.000000000000000000e+00 0.000000000000000000e+00 0.000000000000000000e+00 0.000000000000000000e+00 0.000000000000000000e+00
4.000000000000000222e-01 6.555415157349903099e-01 0.000000000000000000e+00 3.444584842650076917e-01 0.000000000000000000e+00 0.000000000000000000e+00 0.000000000000000000e+00 -9.579915409880363636e-03 4.750947926720486270e-01 0.000000000000000000e+00 0.000000000000000000e+00 0.000000000000000000e+00 0.000000000000000000e+00 0.000000000000000000e+00 0.000000000000000000e+00 0.000000000000000000e+00 0.000000000000000000e+00
5.000000000000000000e-01 5.021691324188021222e-01 0.000000000000000000e+00 4.978308675811978223e-01 0.000000000000000000e+00 0.000000000000000000e+00 0.000000000000000000e+00 -1.605486059337628280e-02 4.997374674160122154e-01 0.000000000000000000e+00 0.000000000000000000e+00 0.000000000000000000e+00 0.000000000000000000e+00 0.000000000000000000e+00 0.000000000000000000e+00 0.000000000000000000e+00 0.000000000000000000e+00
5.999999999999999778e-01 3.491590882902325110e-01 0.000000000000000000e+00 6.508409117097658791e-01 0.000000000000000000e+00 0.000000000000000000e+00 0.000000000000000000e+00 -2.257668882486491349e-02 4.761694157262863492e-01 0.000000000000000000e+00 0.000000000000000000e+00 0.000000000000000000e+00 0.000000000000000000e+00 0.000000000000000000e+00 0.000000000000000000e+00 0.000000000000000000e+00 0.000000000000000000e+00
6.999999999999999556e-01 2.112399247161379778e-01 0.000000000000000000e+00 7.887600752838621609e-01 0.000000000000000000e+00 0.000000000000000000e+00 0.000000000000000000e+00 -2.708827582179531776e-02 4.072884041667633181e-01 0.000000000000000000e+00 0.000000000000000000e+00 0.000000000000000000e+00 0.000000000000000000e+00 0.000000000000000000e+00 0.000000000000000000e+00 0.000000000000000000e+00 0.000000000000000000e+00
7.999999999999999334e-01 1.013305663559187775e-01 0.000000000000000000e+00 8.986694336440829156e-01 0.000000000000000000e+00 0.000000000000000000e+00 0.000000000000000000e+00 -2.707649017499729263e-02 3.005487420021639711e-01 0.000000000000000000e+00 0.000000000000000000e+00 0.000000000000000000e+00 0.000000000000000000e+00 0.000000000000000000e+00 0.000000000000000000e+00 0.000000000000000000e+00 0.000000000000000000e+00
8.999999999999999112e-01 2.919086798185265702e-02 0.000000000000000000e+00 9.708091320181476691e-01 0.000000000000000000e+00 0.000000000000000000e+00 0.000000000000000000e+00 -1.990904552907606095e-02 1.671597771438553259e-01 0.000000000000000000e+00 0.000000000000000000e+00 0.000000000000000000e+00 0.000000000000000000e+00 0.000000000000000000e+00 0.000000000000000000e+00 0.000000000000000000e+00 0.000000000000000000e+00
9.999999999999998890e-01 4.477843420043920992e-04 0.000000000000000000e+00 9.995522156579957906e-01 0.000000000000000000e+00 0.000000000000000000e+00 0.000000000000000000e+00 -3.237285584478439941e-03 2.090702604711411339e-02 0.000000000000000000e+00 0.000000000000000000e+00 0.000000000000000000e+00 0.000000000000000000e+00 0.000000000000000000e+00 0.000000000000000000e+00 0.000000000000000000e+00 0.000000000000000000e+00
1.099999999999999867e+00 1.606037937597681181e-02 0.000000000000000000e+00 9.839396206240200726e-01 0.000000000000000000e+00 0.000000000000000000e+00 0.000000000000000000e+00 2.458581797764006205e-02 -1.232800924175747881e-01 0.000000000000000000e+00 0.000000000000000000e+00 0.000000000000000000e+00 0.000000000000000000e+00 0.000000000000000000e+00 0.000000000000000000e+00 0.000000000000000000e+00 0.000000000000000000e+00
1.199999999999999956e+00 7.228670167936446234e-02 0.000000000000000000e+00 9.277132983206347605e-01 0.000000000000000000e+00 0.000000000000000000e+00 0.000000000000000000e+00 6.415194396268357468e-02 -2.508901404026425142e-01 0.000000000000000000e+00 0.000000000000000000e+00 0.000000000000000000e+00 0.000000000000000000e+00 0.000000000000000000e+00 0.000000000000000000e+00 0.000000000000000000e+00 0.000000000000000000e+00
1.300000000000000044e+00 1.611575755746378069e-01 0.000000000000000000e+00 8.388424244253622764e-01 0.000000000000000000e+00 0.000000000000000000e+00 0.000000000000000000e+00 1.147257369255281628e-01 -3.493190758813202734e-01 0.000000000000000000e+00 0.000000000000000000e+00 0.000000000000000000e+00 0.000000000000000000e+00 0.000000000000000000e+00 0.000000000000000000e+00 0.000000000000000000e+00 0.000000000000000000e+00
1.399999999999999911e+00 2.714040323891233064e-01 0.000000000000000000e+00 7.285959676108778593e-01 0.000000000000000000e+00 0.000000000000000000e+00 0.000000000000000000e+00 1.741457345840986548e-01 -4.091664047316757036e-01 0.000000000000000000e+00 0.000000000000000000e+00 0.000000000000000000e+00 0.000000000000000000e+00 0.000000000000000000e+00 0.000000000000000000e+00 0.000000000000000000e+00 0.000000000000000000e+00
1.500000000000000000e+00 3.897161023175431671e-01 0.000000000000000000e+00 6.102838976824587203e-01 0.000000000000000000e+00 0.000000000000000000e+00 0.000000000000000000e+00 2.388834180196660051e-01 -4.251731113472356216e-01 0.000000000000000000e+00 0.000000000000000000e+00 0.000000000000000000e+00 0.000000000000000000e+00 0.000000000000000000e+00 0.000000000000000000e+00 0.000000000000000000e+00 0.000000000000000000e+00
1.599999999999999867e+00 5.022237559503672788e-01 0.000000000000000000e+00 4.977762440496306673e-01 0.000000000000000000e+00 0.000000000000000000e+00 0.000000000000000000e+00 3.042900964224282689e-01 -3.967399552193472956e-01 0.000000000000000000e+00 0.000000000000000000e+00 0.000000000000000000e+00 0.000000000000000000e+00 0.000000000000000000e+00 0.000000000000000000e+00 0.000000000000000000e+00 0.000000000000000000e+00
1.699999999999999956e+00 5.960123128893437539e-01 0.000000000000000000e+00 4.039876871106553580e-01 0.000000000000000000e+00 0.000000000000000000e+00 0.000000000000000000e+00 3.650214133123707572e-01 -3.279344502230875924e-01 0.000000000000000000e+00 0.000000000000000000e+00 0.000000000000000000e+00 0.000000000000000000e+00 0.000000000000000000e+00 0.000000000000000000e+00 0.000000000000000000e+00 0.000000000000000000e+00
1.800000000000000044e+00 6.605050150564302225e-01 0.000000000000000000e+00 3.394949849435679456e-01 0.000000000000000000e+00 0.000000000000000000e+00 0.000000000000000000e+00 4.155681138178572431e-01 -2.270270542423808713e-01 0.000000000000000000e+00 0.000000000000000000e+00 0.000000000000000000e+00 0.000000000000000000e+00 0.000000000000000000e+00 0.000000000000000000e+00 0.000000000000000000e+00 0.000000000000000000e+00
1.899999999999999911e+00 6.886056944479824748e-01 0.000000000000000000e+00 3.113943055520209113e-01 0.000000000000000000e+00 0.000000000000000000e+00 0.000000000000000000e+00 4.508669088196796126e-01 -1.055789876858018311e-01 0.000000000000000000e+00 0.000000000000000000e+00 0.000000000000000000e+00 0.000000000000000000e+00 0.000000000000000000e+00 0.000000000000000000e+00 0.000000000000000000e+00 0.000000000000000000e+00
2.000000000000000000e+00 6.774035902276283050e-01 0.000000000000000000e+00 3.225964097723656998e-01 0.000000000000000000e+00 0.000000000000000000e+00 0.000000000000000000e+00 4.669132401280516320e-01 2.280334658049909882e-02 0.000000000000000000e+00 0.000000000000000000e+00 0.000000000000000000e+00 0.000000000000000000e+00 0.000000000000000000e+00 0.000000000000000000e+00 0.000000000000000000e+00 0.000000000000000000e+00
2.099999999999999645e+00 6.284526003634468561e-01 0.000000000000000000e+00 3.715473996365501463e-01 0.000000000000000000e+00 0.000000000000000000e+00 0.000000000000000000e+00 4.612888394784174229e-01 1.439185042504355083e-01 0.000000000000000000e+00 0.000000000000000000e+00 0.000000000000000000e+00 0.000000000000000000e+00 0.000000000000000000e+00 0.000000000000000000e+00 0.000000000000000000e+00 0.000000000000000000e+00
2.199999999999999734e+00 5.475289550693317464e-01 0.000000000000000000e+00 4.524710449306668103e-01 0.000000000000000000e+00 0.000000000000000000e+00 0.000000000000000000e+00 4.335585446163946477e-01 2.444749205187128627e-01 0.000000000000000000e+00 0.000000000000000000e+00 0.000000000000000000e+00 0.000000000000000000e+00 0.000000000000000000e+00 0.000000000000000000e+00 0.000000000000000000e+00 0.000000000000000000e+00
2.299999999999999822e+00 4.439272726076818887e-01 0.000000000000000000e+00 5.560727273923204983e-01 0.000000000000000000e+00 0.000000000000000000e+00 0.000000000000000000e+00 3.854599639710965531e-01 3.134907741753643617e-01 0.000000000000000000e+00 0.000000000000000000e+00 0.000000000000000000e+00 0.000000000000000000e+00 0.000000000000000000e+00 0.000000000000000000e+00 0.000000000000000000e+00 0.000000000000000000e+00
2.399999999999999911e+00 3.294043710151906001e-01 0.000000000000000000e+00 6.705956289848091778e-01 0.000000000000000000e+00 0.000000000000000000e+00 0.000000000000000000e+00 3.208656418853008119e-01 3.434273877202502767e-01 0.000000000000000000e+00 0.000000000000000000e+00 0.000000000000000000e+00 0.000000000000000000e+00 0.000000000000000000e+00 0.000000000000000000e+00 0.000000000000000000e+00 0.000000000000000000e+00
2.500000000000000000e+00 2.168174837125312615e-01 0.000000000000000000e+00 7.831825162874708202e-01 0.000000000000000000e+00 0.000000000000000000e+00 0.000000000000000000e+00 2.454998116806452746e-01 3.309645072017066703e-01 0.000000000000000000e+00 0.000000000000000000e+00 0.000000000000000000e+00 0.000000000000000000e+00 0.000000000000000000e+00 0.000000000000000000e+00 0.000000000000000000e+00 0.000000000000000000e+00
2.600000000000000089e+00 1.186948757786376041e-01 0.000000000000000000e+00 8.813051242213616465e-01 0.000000000000000000e+00 0.000000000000000000e+00 0.000000000000000000e+00 1.664369248960737846e-01 2.773177821458240322e-01 0.000000000000000000e+00 0.000000000000000000e+00 0.000000000000000000e+00 0.000000000000000000e+00 0.000000000000000000e+00 0.000000000000000000e+00 0.000000000000000000e+00 0.000000000000000000e+00
2.699999999999999734e+00 4.582699305276641960e-02 0.000000000000000000e+00 9.541730069472336151e-01 0.000000000000000000e+00 0.000000000000000000e+00 0.000000000000000000e+00 9.142358435134896599e-02 1.880654336963632489e-01 0.000000000000000000e+00 0.000000000000000000e+00 0.000000000000000000e+00 0.000000000000000000e+00 0.000000000000000000e+00 0.000000000000000000e+00 0.000000000000000000e+00 0.000000000000000000e+00
2.799999999999999822e+00 6.088764789222542335e-03 0.000000000000000000e+00 9.939112352107762893e-01 0.000000000000000000e+00 0.000000000000000000e+00 0.000000000000000000e+00 2.808297859461550763e-02 7.254679475486200402e-02 0.000000000000000000e+00 0.000000000000000000e+00 0.000000000000000000e+00 0.000000000000000000e+00 0.000000000000000000e+00 0.000000000000000000e+00 0.000000000000000000e+00 0.000000000000000000e+00
2.899999999999999911e+00 3.568727889751501479e-03 0.000000000000000000e+00 9.964312721102500658e-01 0.000000000000000000e+00 0.000000000000000000e+00 0.000000000000000000e+00 -1.688981396233978083e-02 -5.719026282503297115e-02 0.000000000000000000e+00 0.000000000000000000e+00 0.000000000000000000e+00 0.000000000000000000e+00 0.000000000000000000e+00 0.000000000000000000e+00 0.000000000000000000e+00 0.000000000000000000e+00
3.000000000000000000e+00 3.815490482120342114e-02 0.000000000000000000e+00 9.618450951787967940e-01 0.000000000000000000e+00 0.000000000000000000e+00 0.000000000000000000e+00 -3.848110117722236545e-02 -1.876654246341906140e-01 0.000000000000000000e+00 0.000000000000000000e+00 0.000000000000000000e+00 0.000000000000000000e+00 0.000000000000000000e+00 0.000000000000000000e+00 0.000000000000000000e+00 0.000000000000000000e+00
