1.000000000000000056e-01 9.756018337819417630e-01 0.000000000000000000e+00 2.439816621806172384e-02 0.000000000000000000e+00 0.000000000000000000e+00 0.000000000000000000e+00 -1.190672481879057531e-03 1.542772763812722270e-01 0.000000000000000000e+00 0.000000000000000000e+00 0.000000000000000000e+00 0.000000000000000000e+00 0.000000000000000000e+00 0.000000000000000000e+00 0.000000000000000000e+00 0.000000000000000000e+00
2.000000000000000111e-01 9.056265125454481257e-01 0.000000000000000000e+00 9.437348745454975096e-02 0.000000000000000000e+00 0.000000000000000000e+00 0.000000000000000000e+00 -9.049939262098176396e-03 2.922075134543062336e-01 0.000000000000000000e+00 0.000000000000000000e+00 0.000000000000000000e+00 0.000000000000000000e+00 0.000000000000000000e+00 0.000000000000000000e+00 0.000000000000000000e+00 0.000000000000000000e+00
2.999999999999999889e-01 7.990937496776889803e-01 0.000000000000000000e+00 2.009062503223067730e-01 0.000000000000000000e+00 0.000000000000000000e+00 0.000000000000000000e+00 -2.798846803343135389e-02 3.996993552340963318e-01 0.000000000000000000e+00 0.000000000000000000e+00 0.000000000000000000e+00 0.000000000000000000e+00 0.000000000000000000e+00 0.000000000000000000e+00 0.000000000000000000e+00 0.000000000000000000e+00
4.000000000000000222e-01 6.690549803160146247e-01 0.000000000000000000e+00 3.309450196839855973e-01 0.000000000000000000e+00 0.000000000000000000e+00 0.000000000000000000e+00 -5.861026228454788850e-02 4.668889062843493698e-01 0.000000000000000000e+00 0.000000000000000000e+00 0.000000000000000000e+00 0.000000000000000000e+00 0.000000000000000000e+00 0.000000000000000000e+00 0.000000000000000000e+00 0.000000000000000000e+00
5.000000000000000000e-01 5.301503008898033054e-01 0.000000000000000000e+00 4.698496991101996367e-01 0.000000000000000000e+00 0.000000000000000000e+00 0.000000000000000000e+00 -9.732763194155975850e-02 4.895082138185279375e-01 0.000000000000000000e+00 0.000000000000000000e+00 0.000000000000000000e+00 0.000000000000000000e+00 0.000000000000000000e+00 0.000000000000000000e+00 0.000000000000000000e+00 0.000000000000000000e+00
5.999999999999999778e-01 3.960802850046394874e-01 0.000000000000000000e+00 6.039197149953609012e-01 0.000000000000000000e+00 0.000000000000000000e+00 0.000000000000000000e+00 -1.372819901744145865e-01 4.694191602759664739e-01 0.000000000000000000e+00 0.000000000000000000e+00 0.000000000000000000e+00 0.000000000000000000e+00 0.000000000000000000e+00 0.000000000000000000e+00 0.000000000000000000e+00 0.000000000000000000e+00
6.999999999999999556e-01 2.775498000423725076e-01 0.000000000000000000e+00 7.224501999576309341e-01 0.000000000000000000e+00 0.000000000000000000e+00 0.000000000000000000e+00 -1.702615338250554611e-01 4.141580840893593907e-01 0.000000000000000000e+00 0.000000000000000000e+00 0.000000000000000000e+00 0.000000000000000000e+00 0.000000000000000000e+00 0.000000000000000000e+00 0.000000000000000000e+00 0.000000000000000000e+00
7.999999999999999334e-01 1.810856940960507422e-01 0.000000000000000000e+00 8.189143059039508676e-01 0.000000000000000000e+00 0.000000000000000000e+00 0.000000000000000000e+00 -1.890503313455664247e-01 3.354901453712188508e-01 0.000000000000000000e+00 0.000000000000000000e+00 0.000000000000000000e+00 0.000000000000000000e+00 0.000000000000000000e+00 0.000000000000000000e+00 0.000000000000000000e+00 0.000000000000000000e+00
8.999999999999999112e-01 1.088471517592479870e-01 0.000000000000000000e+00 8.911528482407539142e-01 0.000000000000000000e+00 0.000000000000000000e+00 0.000000000000000000e+00 -1.894636310324077089e-01 2.471901734133655215e-01 0.000000000000000000e+00 0.000000000000000000e+00 0.000000000000000000e+00 0.000000000000000000e+00 0.000000000000000000e+00 0.000000000000000000e+00 0.000000000000000000e+00 0.000000000000000000e+00
9.999999999999998890e-01 5.933414295816680228e-02 0.000000000000000000e+00 9.406658570418303666e-01 0.000000000000000000e+00 0.000000000000000000e+00 0.000000000000000000e+00 -1.714704407107650042e-01 1.625161235199048815e-01 0.000000000000000000e+00 0.000000000000000000e+00 0.000000000000000000e+00 0.000000000000000000e+00 0.000000000000000000e+00 0.000000000000000000e+00 0.000000000000000000e+00 0.000000000000000000e+00
1.099999999999999867e+00 2.860703969332627564e-02 0.000000000000000000e+00 9.713929603066714380e-01 0.000000000000000000e+00 0.000000000000000000e+00 0.000000000000000000e+00 -1.391146292166713094e-01 9.184659454739835249e-02 0.000000000000000000e+00 0.000000000000000000e+00 0.000000000000000000e+00 0.000000000000000000e+00 0.000000000000000000e+00 0.000000000000000000e+00 0.000000000000000000e+00 0.000000000000000000e+00
1.199999999999999956e+00 1.167656497808289978e-02 0.000000000000000000e+00 9.883234350219232134e-01 0.000000000000000000e+00 0.000000000000000000e+00 0.000000000000000000e+00 -9.924888264782619207e-02 4.110817559605532689e-02 0.000000000000000000e+00 0.000000000000000000e+00 0.000000000000000000e+00 0.000000000000000000e+00 0.000000000000000000e+00 0.000000000000000000e+00 0.000000000000000000e+00 0.000000000000000000e+00
1.300000000000000044e+00 3.689193108132599562e-03 0.000000000000000000e+00 9.963108068918696825e-01 0.000000000000000000e+00 0.000000000000000000e+00 0.000000000000000000e+00 -5.956338972623369254e-02 1.130422738941159848e-02 0.000000000000000000e+00 0.000000000000000000e+00 0.000000000000000000e+00 0.000000000000000000e+00 0.000000000000000000e+00 0.000000000000000000e+00 0.000000000000000000e+00 0.000000000000000000e+00
1.399999999999999911e+00 7.069091443123706785e-04 0.000000000000000000e+00 9.992930908556898473e-01 0.000000000000000000e+00 0.000000000000000000e+00 0.000000000000000000e+00 -2.656624286237238911e-02 -8.026157307717172399e-04 0.000000000000000000e+00 0.000000000000000000e+00 0.000000000000000000e+00 0.000000000000000000e+00 0.000000000000000000e+00 0.000000000000000000e+00 0.000000000000000000e+00 0.000000000000000000e+00
1.500000000000000000e+00 1.769573812062062024e-05 0.000000000000000000e+00 9.999823042618771751e-01 0.000000000000000000e+00 0.000000000000000000e+00 0.000000000000000000e+00 -4.066942162764650322e-03 -1.074904968212485020e-03 0.000000000000000000e+00 0.000000000000000000e+00 0.000000000000000000e+00 0.000000000000000000e+00 0.000000000000000000e+00 0.000000000000000000e+00 0.000000000000000000e+00 0.000000000000000000e+00
1.599999999999999867e+00 6.986722023801539305e-05 0.000000000000000000e+00 9.999301327797581740e-01 0.000000000000000000e+00 0.000000000000000000e+00 0.000000000000000000e+00 7.351061015354850951e-03 3.977963244722567890e-03 0.000000000000000000e+00 0.000000000000000000e+00 0.000000000000000000e+00 0.000000000000000000e+00 0.000000000000000000e+00 0.000000000000000000e+00 0.000000000000000000e+00 0.000000000000000000e+00
1.699999999999999956e+00 1.785327569309497404e-04 0.000000000000000000e+00 9.998214672430668637e-01 0.000000000000000000e+00 0.000000000000000000e+00 0.000000000000000000e+00 9.848185062640135018e-03 9.028517171123785073e-03 0.000000000000000000e+00 0.000000000000000000e+00 0.000000000000000000e+00 0.000000000000000000e+00 0.000000000000000000e+00 0.000000000000000000e+00 0.000000000000000000e+00 0.000000000000000000e+00
1.800000000000000044e+00 1.723381258520280607e-04 0.000000000000000000e+00 9.998276618741488431e-01 0.000000000000000000e+00 0.000000000000000000e+00 0.000000000000000000e+00 7.158168079830599072e-03 1.100313804423334353e-02 0.000000000000000000e+00 0.000000000000000000e+00 0.000000000000000000e+00 0.000000000000000000e+00 0.000000000000000000e+00 0.000000000000000000e+00 0.000000000000000000e+00 0.000000000000000000e+00
1.899999999999999911e+00 9.614805625700217797e-05 0.000000000000000000e+00 9.999038519437416506e-01 0.000000000000000000e+00 0.000000000000000000e+00 0.000000000000000000e+00 3.072340612743722308e-03 9.311258555328393721e-03 0.000000000000000000e+00 0.000000000000000000e+00 0.000000000000000000e+00 0.000000000000000000e+00 0.000000000000000000e+00 0.000000000000000000e+00 0.000000000000000000e+00 0.000000000000000000e+00
2.000000000000000000e+00 2.715282757173591202e-05 0.000000000000000000e+00 9.999728471724265155e-01 0.000000000000000000e+00 0.000000000000000000e+00 0.000000000000000000e+00 2.866366311282811451e-04 5.202879631845860019e-03 0.000000000000000000e+00 0.000000000000000000e+00 0.000000000000000000e+00 0.000000000000000000e+00 0.000000000000000000e+00 0.000000000000000000e+00 0.000000000000000000e+00 0.000000000000000000e+00
2.099999999999999645e+00 5.345483310601940916e-07 0.000000000000000000e+00 9.999994654516705106e-01 0.000000000000000000e+00 0.000000000000000000e+00 0.000000000000000000e+00 -1.551657447813690062e-04 7.144739279888797246e-04 0.000000000000000000e+00 0.000000000000000000e+00 0.000000000000000000e+00 0.000000000000000000e+00 0.000000000000000000e+00 0.000000000000000000e+00 0.000000000000000000e+00 0.000000000000000000e+00
2.199999999999999734e+00 7.481807313786724882e-06 0.000000000000000000e+00 9.999925181926859752e-01 0.000000000000000000e+00 0.000000000000000000e+00 0.000000000000000000e+00 1.281901678482146988e-03 -2.416296020517758568e-03 0.000000000000000000e+00 0.000000000000000000e+00 0.000000000000000000e+00 0.000000000000000000e+00 0.000000000000000000e+00 0.000000000000000000e+00 0.000000000000000000e+00 0.000000000000000000e+00
2.299999999999999822e+00 2.256366877317839083e-05 0.000000000000000000e+00 9.999774363312270431e-01 0.000000000000000000e+00 0.000000000000000000e+00 0.000000000000000000e+00 3.287896985482906872e-03 -3.428247531128317260e-03 0.000000000000000000e+00 0.000000000000000000e+00 0.000000000000000000e+00 0.000000000000000000e+00 0.000000000000000000e+00 0.000000000000000000e+00 0.000000000000000000e+00 0.000000000000000000e+00
2.399999999999999911e+00 2.771944569187974105e-05 0.000000000000000000e+00 9.999722805543082016e-01 0.000000000000000000e+00 0.000000000000000000e+00 0.000000000000000000e+00 4.556138326060107241e-03 -2.638240439318127913e-03 0.000000000000000000e+00 0.000000000000000000e+00 0.000000000000000000e+00 0.000000000000000000e+00 0.000000000000000000e+00 0.000000000000000000e+00 0.000000000000000000e+00 0.000000000000000000e+00
2.500000000000000000e+00 2.049528755311854326e-05 0.000000000000000000e+00 9.999795047124477865e-01 0.000000000000000000e+00 0.000000000000000000e+00 0.000000000000000000e+00 4.398471197051838540e-03 -1.071605379795293519e-03 0.000000000000000000e+00 0.000000000000000000e+00 0.000000000000000000e+00 0.000000000000000000e+00 0.000000000000000000e+00 0.000000000000000000e+00 0.000000000000000000e+00 0.000000000000000000e+00
2.600000000000000089e+00 8.758900624440449346e-06 0.000000000000000000e+00 9.999912410993762046e-01 0.000000000000000000e+00 0.000000000000000000e+00 0.000000000000000000e+00 2.956033563875853833e-03 1.436986872458116292e-04 0.000000000000000000e+00 0.000000000000000000e+00 0.000000000000000000e+00 0.000000000000000000e+00 0.000000000000000000e+00 0.000000000000000000e+00 0.000000000000000000e+00 0.000000000000000000e+00
2.699999999999999734e+00 1.074497530731641205e-06 0.000000000000000000e+00 9.999989255024711587e-01 0.000000000000000000e+00 0.000000000000000000e+00 0.000000000000000000e+00 9.773495504467356876e-04 3.453741243180253467e-04 0.000000000000000000e+00 0.000000000000000000e+00 0.000000000000000000e+00 0.000000000000000000e+00 0.000000000000000000e+00 0.000000000000000000e+00 0.000000000000000000e+00 0.000000000000000000e+00
2.799999999999999822e+00 5.942115862737135695e-07 0.000000000000000000e+00 9.999994057884140641e-01 0.000000000000000000e+00 0.000000000000000000e+00 0.000000000000000000e+00 -6.220909128074558715e-04 -4.551601051854494069e-04 0.000000000000000000e+00 0.000000000000000000e+00 0.000000000000000000e+00 0.000000000000000000e+00 0.000000000000000000e+00 0.000000000000000000e+00 0.000000000000000000e+00 0.000000000000000000e+00
2.899999999999999911e+00 4.557518376496981912e-06 0.000000000000000000e+00 9.999954424816207554e-01 0.000000000000000000e+00 0.000000000000000000e+00 0.000000000000000000e+00 -1.271253633156461471e-03 -1.715045501344705228e-03 0.000000000000000000e+00 0.000000000000000000e+00 0.000000000000000000e+00 0.000000000000000000e+00 0.000000000000000000e+00 0.000000000000000000e+00 0.000000000000000000e+00 0.000000000000000000e+00
3.000000000000000000e+00 8.122589791345791757e-06 0.000000000000000000e+00 9.999918774102092289e-01 0.000000000000000000e+00 0.000000000000000000e+00 0.000000000000000000e+00 -9.432081744877884345e-04 -2.689401388697470162e-03 0.000000000000000000e+00 0.000000000000000000e+00 0.000000000000000000e+00 0.000000000000000000e+00 0.000000000000000000e+00 0.000000000000000000e+00 0.000000000000000000e+00 0.000000000000000000e+00
