1.000000000000000056e-01 3.885940352520072649e-03 -1.519731522940045466e-02 -9.990025113107555699e-01
2.000000000000000111e-01 7.875285906832655072e-03 -2.941918833598622038e-02 -9.960462608977693755e-01
2.999999999999999889e-01 1.201687115998587713e-02 -4.173415196357821433e-02 -9.912341133049907826e-01
4.000000000000000222e-01 1.625735722829219770e-02 -5.129909508757597020e-02 -9.847191137180842935e-01
5.000000000000000000e-01 2.040688050165893885e-02 -5.740399071790331514e-02 -9.766798462346985010e-01
5.999999999999999778e-01 2.412292347661916872e-02 -5.951605646569631258e-02 -9.672914079152737932e-01
6.999999999999999556e-01 2.691555230576666777e-02 -5.732136513123427257e-02 -9.566965254569602672e-01
7.999999999999999334e-01 2.817498294443468443e-02 -5.076084481271667115e-02 -9.449814311057047611e-01
8.999999999999999112e-01 2.722009144960909482e-02 -4.005675332591930593e-02 -9.321605371681704888e-01
9.999999999999998890e-01 2.336418581334523403e-02 -2.572529254539946200e-02 -9.181727769722114463e-01
1.099999999999999867e+00 1.599232088525537332e-02 -8.571205601624574955e-03 -9.028908693248118844e-01
1.199999999999999956e+00 4.642863216904628484e-03 1.033894352285173561e-02 -8.861429296128786604e-01
1.300000000000000044e+00 -1.091493525134116030e-02 2.972658541906509494e-02 -8.677440420064288507e-01
1.399999999999999911e+00 -3.061580042847210359e-02 4.817375584465447697e-02 -8.475338708999726745e-01
1.500000000000000000e+00 -5.405358833884108677e-02 6.421577179149438874e-02 -8.254153387905961425e-01
1.599999999999999867e+00 -8.046320127258928256e-02 7.644873065247312360e-02 -8.013889829557614419e-01
1.699999999999999956e+00 -1.087336685682111642e-01 8.364429956439028979e-02 -7.755778931653094510e-01
1.800000000000000044e+00 -1.374541762599200689e-01 8.486249749825512667e-02 -7.482391048091878716e-01
1.899999999999999911e+00 -1.649918829675576237e-01 7.955219748764690013e-02 -7.197588657451013949e-01
2.000000000000000000e+00 -1.895973351858696587e-01 6.762907965306645675e-02 -6.906311264460739396e-01
2.099999999999999645e+00 -2.095304663675231494e-01 4.952183543587896503e-02 -6.614206867676626356e-01
2.199999999999999734e+00 -2.231977996586702595e-01 2.617953209436779671e-02 -6.327144128980171089e-01
2.299999999999999822e+00 -2.292898133870949207e-01 -9.639506916810304700e-04 -6.050655694631823511e-01
2.399999999999999911e+00 -2.269066586284876896e-01 -3.006885359487576626e-02 -5.789373894955520683e-01
2.500000000000000000e+00 -2.156606545619123572e-01 -5.900832205908199124e-02 -5.546523892126240529e-01
2.600000000000000089e+00 -1.957452596771660225e-01 -8.551963243441562668e-02 -5.323535667602155019e-01
2.699999999999999734e+00 -1.679624630782423078e-01 -1.073770133818521683e-01 -5.119825334602110534e-01
2.799999999999999822e+00 -1.337036087066761914e-01 -1.225725927927519276e-01 -4.932779254933430946e-01
2.899999999999999911e+00 -9.488232518674796778e-02 -1.294904800121222110e-01 -4.757953163927470253e-01
3.000000000000000000e+00 -5.382219305298566875e-02 -1.270587664835033381e-01 -4.589475280281585801e-01
3.099999999999999645e+00 -1.310570963449694815e-02 -1.148653675924463519e-01 -4.420619742229415228e-01
3.199999999999999734e+00 2.460532947550391619e-02 -9.322607925679257668e-02 -4.244497153746012441e-01
3.299999999999999822e+00 5.676504383976200413e-02 -6.319680623032325473e-02 -4.054794701310887040e-01
3.399999999999999911e+00 8.113937869123473423e-02 -2.652634841063763668e-02 -3.846490814446292261e-01
3.500000000000000000e+00 9.598706409851304189e-02 1.444896244355893707e-02 -3.616469571377101677e-01
3.599999999999999645e+00 1.002104889561240969e-01 5.696251893195659888e-02 -3.363968068243771148e-01
3.699999999999999734e+00 9.346313953101931249e-02 9.801573911437508335e-02 -3.090805043882507430e-01
3.799999999999999822e+00 7.620320254071907828e-02 1.346027512413900118e-01 -2.801359726101486092e-01
3.899999999999999911e+00 4.968684757486701437e-02 1.639441102363113079e-01 -2.502294113473860770e-01
3.999999999999999556e+00 1.589929539249316376e-02 1.837108795561036290e-01 -2.202037339540301175e-01
