1.000000000000000056e-01 1.670205066310940752e-04 9.561848726832577756e-05 -9.992498633617856729e-01
2.000000000000000111e-01 2.680071785430052068e-04 1.642988998354407023e-04 -9.970035231543397103e-01
2.999999999999999889e-01 2.419358602184881637e-04 1.781753950309260823e-04 -9.932730971237389017e-01
4.000000000000000222e-01 3.757009231622168477e-05 1.078203549884771659e-04 -9.880784879174396851e-01
5.000000000000000000e-01 -3.822274610678671114e-04 -7.783475912245921583e-05 -9.814469793093103522e-01
5.999999999999999778e-01 -1.036887306851396948e-03 -4.108242441138933339e-04 -9.734127378171467670e-01
6.999999999999999556e-01 -1.925465355340883573e-03 -9.226066120335833960e-04 -9.640162728823776783e-01
7.999999999999999334e-01 -3.025140719084973805e-03 -1.641650102219802424e-03 -9.533039068886756118e-01
8.999999999999999112e-01 -4.291078942121281416e-03 -2.590253897951623040e-03 -9.413272955952114440e-01
9.999999999999998890e-01 -5.657814767754995589e-03 -3.780828644448945997e-03 -9.281430217475821198e-01
1.099999999999999867e+00 -7.042239621301266128e-03 -5.211963712454493851e-03 -9.138122626299295392e-01
1.199999999999999956e+00 -8.348186663527599680e-03 -6.864690604929449963e-03 -8.984005098462664041e-01
1.300000000000000044e+00 -9.472493533769514931e-03 -8.699402140870870700e-03 -8.819773005787543418e-01
1.399999999999999911e+00 -1.031229609314420100e-02 -1.065389713747477186e-02 -8.646159074795251032e-01
1.500000000000000000e+00 -1.077317547842825476e-02 -1.264298503025749337e-02 -8.463929317371100547e-01
1.599999999999999867e+00 -1.077765751785513156e-02 -1.456000205753513015e-02 -8.273877518502106287e-01
1.699999999999999956e+00 -1.027346186934339350e-02 -1.628046254767420015e-02 -8.076817987282429723e-01
1.800000000000000044e+00 -9.240831527471399590e-03 -1.766790198784285934e-02 -7.873576537951570975e-01
1.899999999999999911e+00 -7.698253862347555730e-03 -1.858177394724248518e-02 -7.664979972996512902e-01
2.000000000000000000e+00 -5.705921107005770647e-03 -1.888705511641602594e-02 -7.451844646276303274e-01
2.099999999999999645e+00 -3.366375934483535268e-03 -1.846500953507494019e-02 -7.234964943606683185e-01
2.199999999999999734e+00 -8.219459128587792681e-04 -1.722438343220878548e-02 -7.015102687837564410e-01
2.299999999999999822e+00 1.751217415649554063e-03 -1.511216518363662706e-02 -6.792978521714463369e-01
2.399999999999999911e+00 4.152425467601474421e-03 -1.212296771283428824e-02 -6.569266226425135580e-01
2.500000000000000000e+00 6.168718605849971871e-03 -8.306086808186702308e-03 -6.344590696835220589e-01
2.600000000000000089e+00 7.589484211356701746e-03 -3.769366468152362485e-03 -6.119529935389006470e-01
2.699999999999999734e+00 8.222541309781039240e-03 1.320836745127195984e-03 -5.894620982535366815e-01
2.799999999999999822e+00 7.910593748995681934e-03 6.744059738794676642e-03 -5.670369222991086255e-01
2.899999999999999911e+00 6.546809880425114546e-03 1.223467516790856420e-02 -5.447260052565399135e-01
3.000000000000000000e+00 4.088230057487148711e-03 1.749518706943756913e-02 -5.225771518795444548e-01
3.099999999999999645e+00 5.657466878211500801e-04 2.221332823366635803e-02 -5.006386312742656663e-01
3.199999999999999734e+00 -3.910449430729548252e-03 2.608204820614826863e-02 -4.789601428177560072e-01
3.299999999999999822e+00 -9.150811183022503417e-03 2.882116128973072691e-02 -4.575933938451138827e-01
3.399999999999999911e+00 -1.489227798098162296e-02 3.019917434284775243e-02 -4.365921669116160642e-01
3.500000000000000000e+00 -2.081011871374475672e-02 3.005366090620058273e-02 -4.160118041557513968e-01
3.599999999999999645e+00 -2.653541799942197785e-02 2.830851183426501619e-02 -3.959080984206877485e-01
3.699999999999999734e+00 -3.167738256845806233e-02 2.498648557787465016e-02 -3.763356491345416499e-01
3.799999999999999822e+00 -3.584920436116869474e-02 2.021570647727119821e-02 -3.573458082450953199e-01
3.899999999999999911e+00 -3.869583954712266238e-02 1.422910930360687075e-02 -3.389844001950791941e-01
3.999999999999999556e+00 -3.992178265181972607e-02 7.356284673783288972e-03 -3.212894429718987088e-01
