1.000000000000000056e-01 -1.328622791979818499e-07 3.213269728934945907e-08 -9.999217870420442633e-01
2.000000000000000111e-01 -1.090298347426834091e-06 2.687634317278059505e-07 -9.996877874599570113e-01
2.999999999999999889e-01 -3.604665896747932143e-06 9.126110613229323184e-07 -9.992999101833983655e-01
4.000000000000000222e-01 -8.228941648991486358e-06 2.159285715471508700e-06 -9.987613071442177359e-01
5.000000000000000000e-01 -1.526102195130677139e-05 4.185696763385632730e-06 -9.980763295472754315e-01
5.999999999999999778e-01 -2.468411917694238918e-05 7.129950398074610246e-06 -9.972504680171092595e-01
6.999999999999999556e-01 -3.612797644019207703e-05 1.106186459508781140e-05 -9.962902779275848442e-01
7.999999999999999334e-01 -4.885482857684948988e-05 1.594461772210628008e-05 -9.952032915131535651e-01
8.999999999999999112e-01 -6.177302325532775073e-05 2.158966228281388635e-05 -9.939979185987851684e-01
9.999999999999998890e-01 -7.348000706874669189e-05 2.760858986417611668e-05 -9.926833379658324130e-01
1.099999999999999867e+00 -8.233481029123421733e-05 3.336706094351995258e-05 -9.912693814920028323e-01
1.199999999999999956e+00 -8.655839934338422790e-05 3.794695696137989540e-05 -9.897664132663489545e-01
1.300000000000000044e+00 -8.435825856723543385e-05 4.012365080609688164e-05 -9.881852058877925726e-01
1.399999999999999911e+00 -7.407145895010315768e-05 3.836526829550669762e-05 -9.865368161124890012e-01
1.500000000000000000e+00 -5.431841446094868561e-05 3.086023012433894295e-05 -9.848324619262498469e-01
1.599999999999999867e+00 -2.415757189950167600e-05 1.557806085587605904e-05 -9.830834029883951386e-01
1.699999999999999956e+00 1.677022837781553676e-05 -9.633658292580791525e-06 -9.813008262269135029e-01
1.800000000000000044e+00 6.812001968964697199e-05 -4.691594374538035400e-05 -9.794957381673645713e-01
1.899999999999999911e+00 1.287561767858713408e-04 -9.823169478395962848e-05 -9.776788653527284101e-01
2.000000000000000000e+00 1.967130409707049902e-04 -1.651721385298979446e-04 -9.758605639645473451e-01
2.099999999999999645e+00 2.692130737427248432e-04 -2.487465816474943221e-04 -9.740507394922545137e-01
2.199999999999999734e+00 3.427502327134650446e-04 -3.491690122356706782e-04 -9.722587770248424244e-01
2.299999999999999822e+00 4.132426252285290231e-04 -4.656579086484038781e-04 -9.704934824651082481e-01
2.399999999999999911e+00 4.762538839015399011e-04 -5.962676259436556743e-04 -9.687630347015960819e-01
2.500000000000000000e+00 5.272774571419361084e-04 -7.377704770423158115e-04 -9.670749485268055334e-01
2.600000000000000089e+00 5.620723740146808204e-04 -8.856080577747104396e-04 -9.654360478733474693e-01
2.699999999999999734e+00 5.770333346894415422e-04 -1.033928083225794025e-03 -9.638524487617552428e-01
2.799999999999999822e+00 5.695728022903193176e-04 -1.175719191631798086e-03 -9.623295512220357839e-01
2.899999999999999911e+00 5.384884355192847511e-04 -1.303050649144780289e-03 -9.608720393706933205e-01
3.000000000000000000e+00 4.842862673082901450e-04 -1.407417001232829593e-03 -9.594838887958164753e-01
3.099999999999999645e+00 4.094289456194107209e-04 -1.480179811553165034e-03 -9.581683804215460620e-01
3.199999999999999734e+00 3.184793987876560935e-04 -1.513090034534225661e-03 -9.569281200808826826e-01
3.299999999999999822e+00 2.181137257298473148e-04 -1.498866017780179629e-03 -9.557650631106252570e-01
3.399999999999999911e+00 1.169830797310059784e-04 -1.431794244443148137e-03 -9.546805433785426898e-01
3.500000000000000000e+00 2.541255195766353481e-05 -1.308313331287429965e-03 -9.536753062444133233e-01
3.599999999999999645e+00 -4.506454598219082169e-05 -1.127537322725033399e-03 -9.527495450277160272e-01
3.699999999999999734e+00 -8.232674311400844935e-05 -8.916724769040919926e-04 -9.519029405915615527e-01
3.799999999999999822e+00 -7.441579133831349247e-05 -6.062831006942177164e-04 -9.511347036467459048e-01
3.899999999999999911e+00 -1.038360902611163674e-05 -2.803668501939012752e-04 -9.504436193280259015e-01
3.999999999999999556e+00 1.188127510338470244e-04 7.379163029461657396e-05 -9.498280935011748083e-01
