1.000000000000000056e-01 -2.301319008108201912e-07 -2.046171105879967331e-07 -9.998860285483535115e-01
2.000000000000000111e-01 -3.582196896707473627e-06 -3.028240349095524788e-06 -9.995451234831553844e-01
2.999999999999999889e-01 -1.299736223641329710e-05 -1.079171360460993165e-05 -9.989802968601585453e-01
4.000000000000000222e-01 -3.105287972943940181e-05 -2.524332750274121674e-05 -9.981965165080773916e-01
5.000000000000000000e-01 -5.977598965632276921e-05 -4.733123413101981329e-05 -9.972006291700318270e-01
5.999999999999999778e-01 -1.004561935145448985e-04 -7.704274079674780929e-05 -9.960012558781501379e-01
6.999999999999999556e-01 -1.534608865327765086e-04 -1.133272670622702824e-04 -9.946086623199503762e-01
7.999999999999999334e-01 -2.180630553918569837e-04 -1.541148697575186468e-04 -9.930346074626699160e-01
8.999999999999999112e-01 -2.922935944686959504e-04 -1.964364440433080379e-04 -9.912921740464866183e-01
9.999999999999998890e-01 -3.728339892388499470e-04 -2.366448913602404124e-04 -9.893955847479989352e-01
1.099999999999999867e+00 -4.549673034342030260e-04 -2.707291018328336586e-04 -9.873600078729040108e-01
1.199999999999999956e+00 -5.326059934130598352e-04 -2.947048499497379945e-04 -9.852013563933860185e-01
1.300000000000000044e+00 -5.984136209452498674e-04 -3.050589441442534255e-04 -9.829360840359107065e-01
1.399999999999999911e+00 -6.440339854470212037e-04 -2.992160398271660228e-04 -9.805809819785832326e-01
1.500000000000000000e+00 -6.604352437302373965e-04 -2.759917072007974422e-04 -9.781529795560839347e-01
1.599999999999999867e+00 -6.383686221964404717e-04 -2.359915363330389185e-04 -9.756689522010183468e-01
1.699999999999999956e+00 -5.689315506496155908e-04 -1.819146684622686180e-04 -9.731455396681573111e-01
1.800000000000000044e+00 -4.442142495683651729e-04 -1.187218175405465085e-04 -9.705989773724896796e-01
1.899999999999999911e+00 -2.579976134729227333e-04 -5.363283147524899462e-05 -9.680449433984931185e-01
2.000000000000000000e+00 -6.459839058588955122e-06 4.072675546960381209e-06 -9.654984233770761426e-01
2.099999999999999645e+00 3.111594904110221555e-04 4.346624340484394228e-05 -9.629735949582255428e-01
2.199999999999999734e+00 6.919950349191603817e-04 5.259296398176572282e-05 -9.604837330213985558e-01
2.299999999999999822e+00 1.129150346978650228e-03 1.928835819578077117e-05 -9.580411360723417591e-01
2.399999999999999911e+00 1.611508367879109114e-03 -6.784520318095193354e-05 -9.556570735039017217e-01
2.500000000000000000e+00 2.123807124029602252e-03 -2.183552705592154591e-04 -9.533417526002700981e-01
2.600000000000000089e+00 2.647017255050014301e-03 -4.388181910099046693e-04 -9.511043034047247380e-01
2.699999999999999734e+00 3.159040412663759612e-03 -7.317618721904761356e-04 -9.489527789255411960e-01
2.799999999999999822e+00 3.635725806973519499e-03 -1.094722610859943587e-03 -9.468941676973564592e-01
2.899999999999999911e+00 4.052177463012764970e-03 -1.519528395922132777e-03 -9.449344155081338403e-01
3.000000000000000000e+00 4.384298665402068529e-03 -1.991896577145343614e-03 -9.430784531863591891e-01
3.099999999999999645e+00 4.610494537756686106e-03 -2.491421664920494272e-03 -9.413302277291207831e-01
3.199999999999999734e+00 4.713430839188834966e-03 -2.992009464646467470e-03 -9.396927347162037369e-01
3.299999999999999822e+00 4.681729039206532911e-03 -3.462787298171301608e-03 -9.381680508365313198e-01
3.399999999999999911e+00 4.511466560797998751e-03 -3.869487861203205984e-03 -9.367573663597366096e-01
3.500000000000000000e+00 4.207348528113024309e-03 -4.176268280987262445e-03 -9.354610183999858553e-01
3.599999999999999645e+00 3.783424710387986358e-03 -4.347888288452127908e-03 -9.342785267127480253e-01
3.699999999999999734e+00 3.263243167362480518e-03 -4.352135034608640637e-03 -9.332086344124285171e-01
3.799999999999999822e+00 2.679360353494471964e-03 -4.162349759632334549e-03 -9.322493562918662269e-01
3.899999999999999911e+00 2.072165120426023265e-03 -3.759886325745287559e-03 -9.313980372890516835e-01
3.999999999999999556e+00 1.488019416421950888e-03 -3.136316249035556603e-03 -9.306514230540030574e-01
