1.000000000000000056e-01 2.062733810053771211e-03 -8.828232893490162375e-04 -9.991875658922401149e-01
2.000000000000000111e-01 3.900999036056848959e-03 -1.614535170110069752e-03 -9.967565799895747869e-01
2.999999999999999889e-01 5.295683659404683448e-03 -2.061423642086385091e-03 -9.927254217547180071e-01
4.000000000000000222e-01 6.039073654442611051e-03 -2.123276044311812362e-03 -9.871229229977847019e-01
5.000000000000000000e-01 5.942123163100395712e-03 -1.746932819990122112e-03 -9.799859965287728292e-01
5.999999999999999778e-01 4.843236711151031187e-03 -9.361595168502977963e-04 -9.713569206807722844e-01
6.999999999999999556e-01 2.618494888251191640e-03 2.431252154700184694e-04 -9.612807647509991060e-01
7.999999999999999334e-01 -8.071404187781253776e-04 1.662985062870142756e-03 -9.498034289438567201e-01
8.999999999999999112e-01 -5.448492562828303153e-03 3.139369966069492993e-03 -9.369706809398806735e-01
9.999999999999998890e-01 -1.124988522394865763e-02 4.443811447199664220e-03 -9.228284120774465915e-01
1.099999999999999867e+00 -1.807729681822441842e-02 5.320495596682984878e-03 -9.074241322812397481e-01
1.199999999999999956e+00 -2.571440824184648144e-02 5.507832252236253417e-03 -8.908095046244139947e-01
1.300000000000000044e+00 -3.386388578582422149e-02 4.763173970502101312e-03 -8.730435210978146898e-01
1.399999999999999911e+00 -4.215494743411044715e-02 2.888918427458971733e-03 -8.541957722580276746e-01
1.500000000000000000e+00 -5.015779924869551848e-02 -2.421007728839512591e-04 -8.343491899665879119e-01
1.599999999999999867e+00 -5.740493262556495974e-02 -4.664221322692206802e-03 -8.136016592482743226e-01
1.699999999999999956e+00 -6.341859323456887354e-02 -1.030185871264559586e-02 -7.920660047069855159e-01
1.800000000000000044e+00 -6.774303201631197424e-02 -1.695982448538315909e-02 -7.698680481420769883e-01
1.899999999999999911e+00 -6.997949818364845864e-02 -2.432276655956980976e-02 -7.471426843075374968e-01
2.000000000000000000e+00 -6.982140500075600942e-02 -3.196483746992544173e-02 -7.240281994004895694e-01
2.099999999999999645e+00 -6.708675538963132512e-02 -3.936992275124050200e-02 -7.006593251742604389e-01
2.199999999999999734e+00 -6.174480723200862636e-02 -4.596187297600117655e-02 -6.771597437196025249e-01
2.299999999999999822e+00 -5.393411918359044405e-02 -5.114325060644967641e-02 -6.536349018561125046e-01
2.399999999999999911e+00 -4.396955528080046666e-02 -5.434020972629428903e-02 -6.301660366391231838e-01
2.500000000000000000e+00 -3.233652328671596243e-02 -5.505035969665933449e-02 -6.068062438023229532e-01
2.600000000000000089e+00 -1.967163499082688616e-02 -5.288990501305654984e-02 -5.835792419228691408e-01
2.699999999999999734e+00 -6.730041284454711496e-03 -4.763607234960186287e-02 -5.604812133218302073e-01
2.799999999999999822e+00 5.659172693123433288e-03 -3.926088008857007983e-02 -5.374857667934161976e-01
2.899999999999999911e+00 1.664704125332911247e-02 -2.795269721076200364e-02 -5.145517044872427448e-01
3.000000000000000000e+00 2.542474865098975217e-02 -1.412276814788491174e-02 -4.916329274000382776e-01
3.099999999999999645e+00 3.128540119519873652e-02 1.605092175845742068e-03 -4.686895223259856524e-01
3.199999999999999734e+00 3.368283996920868467e-02 1.842217286547466817e-02 -4.456988739231418362e-01
3.299999999999999822e+00 3.228268308285186378e-02 3.537906042901494547e-02 -4.226655655341198248e-01
3.399999999999999911e+00 2.700106364039826096e-02 5.144408628777284720e-02 -3.996288857015883877e-01
3.500000000000000000e+00 1.802719469887937784e-02 6.557244509028462010e-02 -3.766669437270742660e-01
3.599999999999999645e+00 5.826913845124037997e-03 7.678129412858124281e-02 -3.538967023146808444e-01
3.699999999999999734e+00 -8.874325188873875489e-03 8.422535466960008599e-02 -3.314696302718083687e-01
3.799999999999999822e+00 -2.512902818208561512e-02 8.726714639682044139e-02 -3.095631248781796074e-01
3.899999999999999911e+00 -4.182420702574436017e-02 8.553604998985643582e-02 -2.883683067742253692e-01
3.999999999999999556e+00 -5.775372204335939286e-02 7.897092871361820199e-02 -2.680752029376012868e-01
