1.000000000000000056e-01 -2.100615316484027908e-03 -7.701205688316139792e-04 -9.996991107381233421e-01
2.000000000000000111e-01 -3.968693674643093694e-03 -1.417361563993593809e-03 -9.988015019965416075e-01
2.999999999999999889e-01 -5.377673152633301312e-03 -1.834708865632949651e-03 -9.973218125436219550e-01
4.000000000000000222e-01 -6.113548743134827011e-03 -1.945633882225132789e-03 -9.952827392232844739e-01
5.000000000000000000e-01 -5.982533991872109568e-03 -1.716276254985153087e-03 -9.927127971530791406e-01
5.999999999999999778e-01 -4.820028437333154572e-03 -1.164108842435625886e-03 -9.896437552676013993e-01
6.999999999999999556e-01 -2.500784256009768326e-03 -3.621781230841218885e-04 -9.861082043002756814e-01
7.999999999999999334e-01 1.050206378276071634e-03 5.617455808160350204e-04 -9.821377016005197191e-01
8.999999999999999112e-01 5.846943309102569340e-03 1.431463272785353557e-03 -9.777618484764952766e-01
9.999999999999998890e-01 1.183290909481379480e-02 2.034068586015381607e-03 -9.730085031861712697e-01
1.099999999999999867e+00 1.887414726045012758e-02 2.136651083149753837e-03 -9.679051386060444351e-01
1.199999999999999956e+00 2.675629955861744472e-02 1.507086144518512971e-03 -9.624811472964301950e-01
1.300000000000000044e+00 3.518684672470103608e-02 -6.242817155657049647e-05 -9.567707101700382299e-01
1.399999999999999911e+00 4.380349616017584907e-02 -2.730822504993703041e-03 -9.508157082749029154e-01
1.500000000000000000e+00 5.218919960289566257e-02 -6.584633117362076113e-03 -9.446680938938054606e-01
1.599999999999999867e+00 5.989369817764429726e-02 -1.161770622258201033e-02 -9.383911607757992046e-01
1.699999999999999956e+00 6.646083149318190997e-02 -1.771632144562770156e-02 -9.320592651918373495e-01
1.800000000000000044e+00 7.146017445613588037e-02 -2.465171687625618974e-02 -9.257557382879120222e-01
1.899999999999999911e+00 7.452094904928276142e-02 -3.208158241587314580e-02 -9.195689731664632438e-01
2.000000000000000000e+00 7.536566761555402172e-02 -3.956147909313818128e-02 -9.135869359904341680e-01
2.099999999999999645e+00 7.384066053525342732e-02 -4.656637453007275718e-02 -9.078906035003714292e-01
2.199999999999999734e+00 6.994057264865399803e-02 -5.252161371450067562e-02 -9.025470342412970082e-01
2.299999999999999822e+00 6.382410760601971156e-02 -5.684174106955182382e-02 -8.976029071221114375e-01
2.399999999999999911e+00 5.581876282879089796e-02 -5.897473634062012915e-02 -8.930793873880684686e-01
2.500000000000000000e+00 4.641300972041453865e-02 -5.844850773586719728e-02 -8.889690975084313385e-01
2.600000000000000089e+00 3.623528948873193378e-02 -5.491598021580778449e-02 -8.852357832335788768e-01
2.699999999999999734e+00 2.602024778711470310e-02 -4.819489024290006529e-02 -8.818169908278592484e-01
2.799999999999999822e+00 1.656373755350366156e-02 -3.829849451415998085e-02 -8.786297393511353082e-01
2.899999999999999911e+00 8.669185234035370335e-03 -2.545383644306994236e-02 -8.755788190239810476e-01
3.000000000000000000e+00 3.088844828287024349e-03 -1.010497709452857704e-02 -8.725670141994277262e-01
3.099999999999999645e+00 4.641669433468310034e-04 7.100356995255841658e-03 -8.695062773225296082e-01
3.199999999999999734e+00 1.269910835337821663e-03 2.534100033340051100e-02 -8.663287028746817775e-01
3.299999999999999822e+00 5.766672470861082360e-03 4.366836897145897484e-02 -8.629960923498166681e-01
3.399999999999999911e+00 1.396616440317745463e-02 6.106581879584718070e-02 -8.595069747657362313e-01
3.500000000000000000e+00 2.561286833201445109e-02 7.651762260964348195e-02 -8.559001497786102863e-01
3.599999999999999645e+00 4.018462474682715085e-02 8.908281113754007441e-02 -8.522541355624509984e-01
3.699999999999999734e+00 5.691339277631062704e-02 9.796841423125937642e-02 -8.486823019186877648e-01
3.799999999999999822e+00 7.482589991504440263e-02 1.025963342255936800e-01 -8.453239114404473842e-01
3.899999999999999911e+00 9.280231807605587857e-02 1.026582308119715903e-01 -8.423317329523473118e-01
3.999999999999999556e+00 1.096495731303494120e-01 9.815340795070812141e-02 -8.398572855872681320e-01
