1.000000000000000056e-01 -1.714903854534359506e-01 6.855187645425558918e-02 -9.819912643693106125e-01
2.000000000000000111e-01 -3.363409213499092831e-01 1.257647610874595978e-01 -9.299209949235250905e-01
2.999999999999999889e-01 -4.881299903008996521e-01 1.616497153355773708e-01 -8.494371251846269955e-01
4.000000000000000222e-01 -6.208807315940261251e-01 1.687673099456221126e-01 -7.492448660244422909e-01
5.000000000000000000e-01 -7.293007777354704180e-01 1.431426237713386007e-01 -6.401290210923924473e-01
5.999999999999999778e-01 -8.090339765447603915e-01 8.479350002449784207e-02 -5.337438667190772534e-01
6.999999999999999556e-01 -8.569150435285897149e-01 -2.187394647176424921e-03 -4.413070552933105462e-01
7.999999999999999334e-01 -8.712100158884359402e-01 -1.100069102070396626e-01 -3.723442836544556545e-01
8.999999999999999112e-01 -8.518186130321525606e-01 -2.279622056787546924e-01 -3.336250323509332150e-01
9.999999999999998890e-01 -8.004105805212018421e-01 -3.435625781116595223e-01 -3.284074100187647227e-01
1.099999999999999867e+00 -7.204678908385285796e-01 -4.438611094539366975e-01 -3.560747375151955829e-01
1.199999999999999956e+00 -6.172088576149075134e-01 -5.168526161380387896e-01 -4.122021669310856340e-01
1.300000000000000044e+00 -4.973787248398278127e-01 -5.527878719129861729e-01 -4.890435027415231950e-01
1.399999999999999911e+00 -3.689034095537521707e-01 -5.452638302223332678e-01 -5.763819712244978577e-01
1.500000000000000000e+00 -2.404175264601178252e-01 -4.919742811874413535e-01 -6.626491628006149215e-01
1.599999999999999867e+00 -1.206929121489378476e-01 -3.950421108233757583e-01 -7.361880478382483162e-01
1.699999999999999956e+00 -1.800770159577727916e-02 -2.608989132559422774e-01 -7.865217723089716895e-01
1.800000000000000044e+00 6.049325764327460886e-02 -9.972522029443764424e-02 -8.054911465958787264e-01
1.899999999999999911e+00 1.093897976796326388e-01 7.549004693161570634e-02 -7.881398654366480461e-01
2.000000000000000000e+00 1.254724282798675705e-01 2.501738579255974870e-01 -7.332554136446524096e-01
2.099999999999999645e+00 1.080715402370099887e-01 4.095523444613884401e-01 -6.435118480872139557e-01
2.199999999999999734e+00 5.919006768615518721e-02 5.400539717689762931e-01 -5.252038175050222080e-01
2.299999999999999822e+00 -1.658361311286439890e-02 6.305936167994962149e-01 -3.876045123550710958e-01
2.399999999999999911e+00 -1.123859484487499255e-01 6.736126847003220952e-01 -2.420190984655557209e-01
2.500000000000000000e+00 -2.195939007940822252e-01 6.657766866164090969e-01 -1.006355967299988885e-01
2.600000000000000089e+00 -3.285080708808837957e-01 6.082671357021204317e-01 2.470581193307026802e-02
2.699999999999999734e+00 -4.291479822603203598e-01 5.066453613672068368e-01 1.236980768470596487e-01
2.799999999999999822e+00 -5.120918470663238242e-01 3.703076844260865252e-01 1.885874001338459227e-01
2.899999999999999911e+00 -5.692869332407816119e-01 2.115901937948327372e-01 2.149276836794865031e-01
3.000000000000000000e+00 -5.947574109712594481e-01 4.461344988186933397e-02 2.019977174451501878e-01
3.099999999999999645e+00 -5.851443061538934565e-01 -1.160200443677646548e-01 1.528448639334263059e-01
3.199999999999999734e+00 -5.400262659961329037e-01 -2.565516223672683616e-01 7.395697570877791949e-02
3.299999999999999822e+00 -4.619889524454338647e-01 -3.652923701641503373e-01 -2.539896634228958755e-02
3.399999999999999911e+00 -3.564332365204898045e-01 -4.336384190624438806e-01 -1.341010765301842711e-01
3.500000000000000000e+00 -2.311358737065756785e-01 -4.567871035644883171e-01 -2.402650875135581843e-01
3.599999999999999645e+00 -9.559879787133269968e-02 -4.340951906948610217e-01 -3.323963322035022316e-01
3.699999999999999734e+00 3.975751091786558500e-02 -3.690545623266583974e-01 -4.004889718622325345e-01
3.799999999999999822e+00 1.644867343223615774e-01 -2.688960866387225535e-01 -4.369677476245925063e-01
3.899999999999999911e+00 2.690174931288830673e-01 -1.438657090565376717e-01 -4.373848102296378770e-01
3.999999999999999556e+00 3.454830059993033720e-01 -6.245115391248320068e-03 -4.008092974774923878e-01
