1.000000000000000056e-01 -4.432290774718944566e-03 -1.502107610027179040e-02 -9.994756591419894365e-01
2.000000000000000111e-01 -8.909263868515282861e-03 -2.909658040785117680e-02 -9.979374214016548672e-01
2.999999999999999889e-01 -1.342360028334808365e-02 -4.132427481880037584e-02 -9.954839764240942523e-01
4.000000000000000222e-01 -1.787081283777816956e-02 -5.088893065196071347e-02 -9.922617896547416549e-01
5.000000000000000000e-01 -2.201706851611146681e-02 -5.710623081012530106e-02 -9.884409822936863765e-01
5.999999999999999778e-01 -2.548485223659662999e-02 -5.946594896678410180e-02 -9.841869478676925631e-01
6.999999999999999556e-01 -2.775951320278352563e-02 -5.767241307876707496e-02 -9.796321536781431583e-01
7.999999999999999334e-01 -2.821757290461271439e-02 -5.167921421836715878e-02 -9.748526553027762054e-01
8.999999999999999112e-01 -2.617535341347545369e-02 -4.171430066478200305e-02 -9.698532735706517638e-01
9.999999999999998890e-01 -2.095421738221611707e-02 -2.829121053741960254e-02 -9.645642193911460049e-01
1.099999999999999867e+00 -1.195671052169431162e-02 -1.220240142669757992e-02 -9.588503573780605693e-01
1.199999999999999956e+00 1.253639122001963839e-03 5.508488164838377076e-03 -9.525324896608882153e-01
1.300000000000000044e+00 1.887701921249147069e-02 2.359707934122960704e-02 -9.454182632436466394e-01
1.399999999999999911e+00 4.081484890471084176e-02 4.069095706239842652e-02 -9.373388024433865207e-01
1.500000000000000000e+00 6.662780460638517699e-02 5.538179044467965439e-02 -9.281861522845726853e-01
1.599999999999999867e+00 9.552064307856576730e-02 6.633154428389360924e-02 -9.179462365292564430e-01
1.699999999999999956e+00 1.263580173970145493e-01 7.238521567298686343e-02 -9.067223503985964994e-01
1.800000000000000044e+00 1.577128596859584952e-01 7.268082507969955697e-02 -8.947451973614065635e-01
1.899999999999999911e+00 1.879459672780872947e-01 6.674648242923329755e-02 -8.823670285951600301e-01
2.000000000000000000e+00 2.153124302583818150e-01 5.457441913618427121e-02 -8.700393668950441306e-01
2.099999999999999645e+00 2.380877509365003641e-01 3.666300847274155811e-02 -8.582758587433984010e-01
2.199999999999999734e+00 2.547041971125205140e-01 1.401995503317581687e-02 -8.476037440872739026e-01
2.299999999999999822e+00 2.638863377007557021e-01 -1.187713129842830895e-02 -8.385090202692694339e-01
2.399999999999999911e+00 2.647740144672474094e-01 -3.916290574264586627e-02 -8.313814033777434664e-01
2.500000000000000000e+00 2.570213170939948943e-01 -6.570538996201631676e-02 -8.264655218656791202e-01
2.600000000000000089e+00 2.408614742735070147e-01 -8.925834262551253506e-02 -8.238243602142237831e-01
2.699999999999999734e+00 2.171298824936269412e-01 -1.076338705525222011e-01 -8.233198390183896764e-01
2.799999999999999822e+00 1.872406089865096546e-01 -1.188817197538653420e-01 -8.246136895351037222e-01
2.899999999999999911e+00 1.531153895617028693e-01 -1.214602720921940798e-01 -8.271896419919371191e-01
3.000000000000000000e+00 1.170680995893376708e-01 -1.143841609414858185e-01 -8.303956316284442085e-01
3.099999999999999645e+00 8.165157542830693560e-02 -9.733467135433326867e-02 -8.335024890856292945e-01
3.199999999999999734e+00 4.947716483433859530e-02 -7.072164183616652666e-02 -8.357736693454602683e-01
3.299999999999999822e+00 2.302017156501260167e-02 -3.568924792851399519e-02 -8.365391982651962932e-01
3.399999999999999911e+00 4.426165067781660627e-03 5.937472445139858196e-03 -8.352663330454462853e-01
3.500000000000000000e+00 -4.666240670372113174e-03 5.176357082598651710e-02 -8.316195247009560143e-01
3.599999999999999645e+00 -3.271172348112149492e-03 9.898589585720422857e-02 -8.255031375904605673e-01
3.699999999999999734e+00 8.843218192019559887e-03 1.445943069844071449e-01 -8.170819436459946239e-01
3.799999999999999822e+00 3.110798080642500699e-02 1.855974306234032811e-01 -8.067765158135473680e-01
3.899999999999999911e+00 6.216712057260708607e-02 2.192554339285134046e-01 -7.952330893706429649e-01
3.999999999999999556e+00 9.995325320760542476e-02 2.433011272424624449e-01 -7.832699996620980931e-01
