# Im[hbar K(hbar Omega)] (meV)
0.000000000000000000e+00
-3.065751499126964392e-03
-6.125823705681088076e-03
-9.174547948630023403e-03
-1.220627677979892189e-02
-1.521539453475872009e-02
-1.819632783311729216e-02
-2.114355599810080477e-02
-2.405162137538812903e-02
-2.691513953125683825e-02
-2.972880931021716286e-02
-3.248742273245064371e-02
-3.518587471153460100e-02
-3.781917257312492064e-02
-4.038244546732921297e-02
-4.287095299152658689e-02
-4.528009464907172682e-02
-4.760541795649683716e-02
-4.984262679070326080e-02
-5.198758932189877918e-02
-5.403634562009360792e-02
-5.598511491850628741e-02
-5.783030251773813024e-02
-5.956850631512873584e-02
-6.119652294430160538e-02
-6.271135351055595608e-02
-6.411020890845393894e-02
-6.539051470869541860e-02
-6.654991560216619306e-02
-6.758627938988671924e-02
-6.849770050848204284e-02
-6.928250308173541927e-02
-6.993924348977856309e-02
-7.046671244851000770e-02
-7.086393659291786995e-02
-7.113017955911087042e-02
-7.126494256103328706e-02
-7.126796445904837185e-02
-7.113922131882077782e-02
-7.087892546020765905e-02
-7.048752399717456152e-02
-6.996569687108566971e-02
-6.931435438106918479e-02
-6.853463421652682130e-02
-6.762789799823454295e-02
-6.659572733586362203e-02
-6.543991941113440347e-02
-6.416248209718898587e-02
-6.276562862613330185e-02
-6.125177181804224158e-02
-5.962351788604182412e-02
-5.788365983336998116e-02
-5.603517045956903087e-02
-5.408119499417102238e-02
-5.202504337739516371e-02
-4.987018220847972555e-02
-4.762022638331292468e-02
-4.527893044400280870e-02
-4.285017966392993399e-02
-4.033798089265326625e-02
-3.774645318578599695e-02
-3.507981824561775402e-02
-3.234239069883102641e-02
-2.953856823813748658e-02
-2.667282165504355693e-02
-2.374968479123843942e-02
-2.077374443628452264e-02
-1.774963019937289208e-02
-1.468200438288987456e-02
-1.157555188542047295e-02
-8.434970161592454663e-03
-5.264959265842573261e-03
-2.070212006763274496e-03
1.144595761831554209e-03
4.374814687599750881e-03
7.615831279308449622e-03
1.086307705540005136e-02
1.411203745835254778e-02
1.735826051266489700e-02
2.059736520533801685e-02
2.382504956883431044e-02
2.703709844767617637e-02
3.022939093108248723e-02
3.339790743533512657e-02
3.653873642090871288e-02
3.964808073077996653e-02
4.272226353775284563e-02
4.575773389008267605e-02
4.875107184615411898e-02
5.169899319045362374e-02
5.459835372457214758e-02
5.744615312847325961e-02
6.023953838875439892e-02
6.297580679211373100e-02
6.565240848370222648e-02
6.826694859148448036e-02
7.081718891914838554e-02
7.330104921148584973e-02
7.571660799750802584e-02
7.806210301785815320e-02
8.033593124433191512e-02
8.253664850051153912e-02
8.466296869365605438e-02
8.671376266906558050e-02
8.868805669914896217e-02
9.058503062036492304e-02
9.240401563208130997e-02
9.414449177219330611e-02
9.580608508506921472e-02
9.738856449803812154e-02
9.889183842320743711e-02
1.003159511018891364e-01
1.016610787093326917e-01
1.029275252377960109e-01
1.041157181762482065e-01
1.052262040051802211e-01
1.062596435251059734e-01
1.072168070373707288e-01
1.080985693958440991e-01
1.089059049479642466e-01
1.096398823834245223e-01
1.103016595085483526e-01
1.108924779640959174e-01
1.114136579038785546e-01
1.118665926511389214e-01
1.122527433491809085e-01
1.125736336222103728e-01
1.128308442617835666e-01
1.130260079536486301e-01
1.131608040591239733e-01
1.132369534644759868e-01
1.132562135110529999e-01
1.132203730181994966e-01
1.131312474102226795e-01
1.129906739579116109e-01
1.128005071443302504e-01
1.125626141638109978e-01
1.122788705622828898e-01
1.119511560262695105e-01
1.115813503270982471e-01
1.111713294260742307e-01
1.107229617455937065e-01
1.102381046104032453e-01
1.097186008624636000e-01
1.091662756521394745e-01
1.085829334077288849e-01
1.079703549846525723e-01
1.073302949949617863e-01
1.066644793171844796e-01
1.059746027859214540e-01
1.052623270600239608e-01
1.045292786676379204e-01
1.037770472258819077e-01
1.030071838324449068e-01
1.022211996259369537e-01
1.014205645114134302e-01
1.006067060471056013e-01
9.978100848804646872e-02
9.894481198195938243e-02
9.809941191249882397e-02
9.724605838467899332e-02
9.638595584710812902e-02
9.552026284545871160e-02
9.465009190144554885e-02
9.377650951145452551e-02
9.290053625886564304e-02
9.202314703403685625e-02
9.114527135587105477e-02
9.026779378886018446e-02
8.939155444950425133e-02
8.851734959601995079e-02
8.764593229529937801e-02
8.677801316113749330e-02
8.591426115782864470e-02
8.505530446332677796e-02
8.420173138627666531e-02
8.335409133135018855e-02
8.251289580745897745e-02
8.167861947356770680e-02
8.085170121699362944e-02
8.003254525924953511e-02
7.922152222186860937e-02
7.841897052538604473e-02
7.762519717027714650e-02
7.684047916145128609e-02
7.606506462041132122e-02
7.529917396313560995e-02
7.454300107630938699e-02
7.379671448856134353e-02
7.306045853357556741e-02
7.233435450216424423e-02
7.161850178059658845e-02
7.091297897269446815e-02
7.021784500341236857e-02
6.953314020182563282e-02
6.885888736165469981e-02
6.819509277765070654e-02
6.754174725635962717e-02
6.689882709997158061e-02
6.626629506214090637e-02
6.564410127483912005e-02
6.503218414546747816e-02
6.443047122361672541e-02
6.383888003701246316e-02
6.325731889632675575e-02
6.268568766867123332e-02
6.212387851971121894e-02
6.157177662445758454e-02
6.102926084689867803e-02
6.049620438873309913e-02
5.997247540755291928e-02
5.945793760490564878e-02
5.895245078473507899e-02
5.845587138276333444e-02
5.796805296742929547e-02
5.748884671304663185e-02
5.701810184588149144e-02
5.655566606388279238e-02
5.610138593082176356e-02
5.565510724561792411e-02
5.521667538764048200e-02
5.478593563878356859e-02
5.436273348311723014e-02
5.394691488491683284e-02
5.353832654586964529e-02
5.313681614225212319e-02
5.274223254286287965e-02
5.235442600848677630e-02
5.197324837365425998e-02
5.159855321144814905e-02
5.123019598209719444e-02
5.086803416608366712e-02
5.051192738247908126e-02
5.016173749321019976e-02
4.981732869394506907e-02
4.947856759227843571e-02
4.914532327388469735e-02
4.881746735729609876e-02
4.849487403795583323e-02
4.817742012218498987e-02
4.786498505169541062e-02
4.755745091927105622e-02
4.725470247623236864e-02
4.695662713228994367e-02
4.666311494838459861e-02
4.637405862310123306e-02
4.608935347323371567e-02
4.580889740906619878e-02
4.553259090492368932e-02
4.526033696553029284e-02
4.499204108869721969e-02
4.472761122484570501e-02
4.446695773384978095e-02
4.420999333966282169e-02
4.395663308316807155e-02
4.370679427366852554e-02
4.346039643940468461e-02
4.321736127745982176e-02
4.297761260338240491e-02
4.274107630082475684e-02
4.250768027146396150e-02
4.227735438543867713e-02
4.205003043250227918e-02
4.182564207405909534e-02
4.160412479621838910e-02
4.138541586396717736e-02
4.116945427653333905e-02
4.095618072397937126e-02
4.074553754503996983e-02
4.053746868619037547e-02
4.033191966190887573e-02
4.012883751607590477e-02
3.992817078443466894e-02
3.972986945802248898e-02
3.953388494747102355e-02
3.934017004806446977e-02
3.914867878832628545e-02
3.895936698181565877e-02
3.877219102261939693e-02
3.858710902342440269e-02
3.840408019706897241e-02
3.822306494087644030e-02
3.804402480388894420e-02
3.786692245404799789e-02
3.769172164526869706e-02
3.751838718437394693e-02
3.734688489787086479e-02
3.717718159857210519e-02
3.700924505208310483e-02
3.684304394319389692e-02
3.667854784223333747e-02
3.651572717145883801e-02
3.635455317157073457e-02
3.619499786845312844e-02
3.603703404025499629e-02
3.588063518493274373e-02
3.572577548838419548e-02
3.557242979330512561e-02
3.542057356890199876e-02
3.527018288159202569e-02
3.512123436681777178e-02
3.497370520209511918e-02
3.482757308140450869e-02
3.468281619102308450e-02
3.453941318688078660e-02
3.439734317350743448e-02
3.425658568462035258e-02
3.411712066538320071e-02
3.397892845634691017e-02
3.384198977906378858e-02
3.370628572334564976e-02
3.357179773611685542e-02
3.343850761179459341e-02
3.330639748411026030e-02
3.317544981926959236e-02
3.304564741033425013e-02
3.291697337269521018e-02
3.278941114049685468e-02
3.266294446386387718e-02
3.253755740677680142e-02
3.241323434543903065e-02
3.228995996697903853e-02
3.216771926833324191e-02
3.204649755516063292e-02
3.192628044064800552e-02
3.180705384407461755e-02
3.168880398901781359e-02
3.157151740109426230e-02
3.145518090514832360e-02
3.133978162181567939e-02
3.122530696340718170e-02
3.111174462907849783e-02
3.099908259926754603e-02
3.088730912940235163e-02
3.077641274289820081e-02
3.066638222348127413e-02
3.055720660689239393e-02
3.044887517203739152e-02
3.034137743166531384e-02
3.023470312266600055e-02
3.012884219608673655e-02
3.002378480697530730e-02
2.991952130416032640e-02
2.981604222008175584e-02
2.971333826078362619e-02
2.961140029617879629e-02
2.951021935068962737e-02
2.940978659436156023e-02
2.931009333453746257e-02
2.921113100816984109e-02
2.911289117483546740e-02
2.901536551050360943e-02
2.891854580209489087e-02
2.882242394285331605e-02
2.872699192853746600e-02
2.863224185442407935e-02
2.853816591310029058e-02
2.844475639300875908e-02
2.835200567769582264e-02
2.825990624570124538e-02
2.816845067101826638e-02
2.807763162404358984e-02
2.798744187292983090e-02
2.789787428524861945e-02
2.780892182986912167e-02
2.772057757895544927e-02
2.763283470998841723e-02
2.754568650771874530e-02
2.745912636596430090e-02
2.737314778917089228e-02
2.728774439366315682e-02
2.720290990852180027e-02
2.711863817603483995e-02
2.703492315168049345e-02
2.695175890361264925e-02
2.686913961163127015e-02
2.678705956563356971e-02
2.670551316355327873e-02
2.662449490880787473e-02
2.654399940728404891e-02
2.646402136390371349e-02
2.638455557881943733e-02
2.630559694329911644e-02
2.622714043536334208e-02
2.614918111524639627e-02
2.607171412075277167e-02
2.599473466258516580e-02
2.591823801971713734e-02
2.584221953488453905e-02
2.576667461026486972e-02
2.569159870340903540e-02
2.561698732348481958e-02
2.554283602788312221e-02
2.546914041922986732e-02
2.539589614283736460e-02
2.532309888461956038e-02
2.525074436948437570e-02
2.517882836020714221e-02
2.510734665677800265e-02
2.503629509620706670e-02
2.496566955276082952e-02
2.489546593859528686e-02
2.482568020474294063e-02
2.475630834240478279e-02
2.468734638449164576e-02
2.461879040735675400e-02
2.455063653265655149e-02
2.448288092927674089e-02
2.441551981526008872e-02
2.434854945967367124e-02
2.428196618435626147e-02
2.421576636549020375e-02
2.414994643494791648e-02
2.408450288136864889e-02
2.401943225092884743e-02
2.395473114777654441e-02
2.389039623410980917e-02
2.382642422988606387e-02
2.376281191216001246e-02
2.369955611405487328e-02
2.363665372338130677e-02
2.357410168092600664e-02
2.351189697843907717e-02
2.345003665635672294e-02
2.338851780130079758e-02
2.332733754340233362e-02
2.326649305349838201e-02
2.320598154025554916e-02
2.314580024727371302e-02
2.308594645022378489e-02
2.302641745407171814e-02
2.296721059043919586e-02
2.290832321514752953e-02
2.284975270598595121e-02
2.279149646074208474e-02
2.273355189552371189e-02
2.267591644339609150e-02
2.261858755335051027e-02
2.256156268961322445e-02
2.250483933129539607e-02
2.244841497237767478e-02
2.239228712201558544e-02
2.233645330514437768e-02
2.228091106335716373e-02
2.222565795602183744e-02
2.217069156160063684e-02
2.211600947912933587e-02
2.206160932981186470e-02
2.200748875868374643e-02
2.195364543629645462e-02
2.190007706037581242e-02
2.184678135740803287e-02
2.179375608411053544e-02
2.174099902874605111e-02
2.168850801224518274e-02
2.163628088910502303e-02
2.158431554803916588e-02
2.153260991235915814e-02
2.148116194007420113e-02
2.142996962370341887e-02
2.137903098980085959e-02
2.132834409819993338e-02
2.127790704099212851e-02
2.122771794125802650e-02
2.117777495157752848e-02
2.112807626674138850e-02
2.107862006234436855e-02
2.102940458511695296e-02
2.098042808743892304e-02
2.093168884159667467e-02
2.088318513771124374e-02
2.083491528171230525e-02
2.078687759339801350e-02
2.073907040461865289e-02
2.069149205761916868e-02
2.064414090357120923e-02
2.059701530132085692e-02
2.055011361637389816e-02
2.050343422013309325e-02
2.045697548939857252e-02
2.041073580613381525e-02
2.036471355749590664e-02
2.031890713612056684e-02
2.027331494064945477e-02
2.022793537647901013e-02
2.018276685670753953e-02
2.013780780325195863e-02
2.009305664810196249e-02
2.004851183467732875e-02
2.000417181925124438e-02
1.996003507240259184e-02
1.991610008045827454e-02
1.987236534688890249e-02
1.982882939362182878e-02
1.978549076223790754e-02
1.974234801502139369e-02
1.969939973583668263e-02
1.965664453080876242e-02
1.961408102878982318e-02
1.957170788160059877e-02
1.952952376403679219e-02
1.948752737364185111e-02
1.944571743024720370e-02
1.940409267529141085e-02
1.936265187093039186e-02
1.932139379895924519e-02
1.928031725956784459e-02
1.923942106995761916e-02
1.919870406284894179e-02
1.915816508491163805e-02
1.911780299515210280e-02
1.907761666329140654e-02
1.903760496816911049e-02
1.899776679620590603e-02
1.895810103995757348e-02
1.891860659678930995e-02
1.887928236769768550e-02
1.884012725630291110e-02
1.880114016803026075e-02
1.876232000949598286e-02
1.872366568810616624e-02
1.868517611187470520e-02
1.864685018945897582e-02
1.860868683040853636e-02
1.857068494561672431e-02
1.853284344796009633e-02
1.849516125310770795e-02
1.845763728047638066e-02
1.842027045430771545e-02
1.838305970483716106e-02
1.834600396952598689e-02
1.830910219432416511e-02
1.827235348107520904e-02
1.823575650528924674e-02
1.819931039074189350e-02
1.816301412948630872e-02
1.812686672775761301e-02
1.809086720678896795e-02
1.805501460346636139e-02
1.801930797080543434e-02
1.798374637823900099e-02
1.794832891170747291e-02
1.791305467354924186e-02
1.787792278219385578e-02
1.784293237166262314e-02
1.780808243712459285e-02
1.777337244916470799e-02
1.773880143013845459e-02
1.770436856808473361e-02
1.767007306178558501e-02
1.763591411947655618e-02
1.760189095751236651e-02
1.756800279901708783e-02
1.753424887254908388e-02
1.750062841080858231e-02
1.746714064941700534e-02
1.743378482579304237e-02
1.740056017815037187e-02
1.736746594463626711e-02
1.733450133657095382e-02
1.730166564212216526e-02
1.726895806977288977e-02
1.723637785216132826e-02
1.720392422015456016e-02
1.717159640306481147e-02
1.713939362904411817e-02
1.710731512564503051e-02
1.707536012053380292e-02
1.704352784233517312e-02
1.701181752158916274e-02
1.698022839179480145e-02
1.694875969051537479e-02
1.691741066051784606e-02
1.688618055091915121e-02
1.685506861831150005e-02
1.682407412783962219e-02
1.679319635420433235e-02
1.676243458256866312e-02
1.673178810934466965e-02
1.670125624284281296e-02
1.667083830376806311e-02
1.664053362555121401e-02
1.661034155450753086e-02
1.658026144981845570e-02
1.655029268333692294e-02
1.652043463922032995e-02
1.649068671339927114e-02
1.646104831289323112e-02
1.643151885499005010e-02
1.640209776630507932e-02
1.637278448174340345e-02
1.634357844338573881e-02
1.631447909932449286e-02
1.628548590247449329e-02
1.625659830938420286e-02
1.622781577907421099e-02
1.619913777192695872e-02
1.617056374865221205e-02
1.614209316934950636e-02
1.611372549268767079e-02
1.608546017521753427e-02
1.605729667083222872e-02
1.602923441580106009e-02
1.600127288581242729e-02
1.597341151168324078e-02
1.594564973450243728e-02
1.591798699243702347e-02
1.589042272116030288e-02
1.586295635442159374e-02
1.583558732474156169e-02
1.580831506421823476e-02
1.578113902777095179e-02
1.575405860526717106e-02
1.572707325487151392e-02
1.570018241649868626e-02
1.567338553456060213e-02
1.564668205896612221e-02
1.562007144607195121e-02
1.559355315956297700e-02
1.556712667124219955e-02
1.554079146171362565e-02
1.551454702094219942e-02
1.548839284868021998e-02
1.546232845475048467e-02
1.543635335918176754e-02
1.541046709219441417e-02
1.538466919403697238e-02
1.535895921468050443e-02
1.533333671337657259e-02
1.530780125809178167e-02
1.528235242483192563e-02
1.525698979687188303e-02
1.523171296390949010e-02
1.520652152116343248e-02
1.518141506843489336e-02
1.515639320915527014e-02
1.513145554944018284e-02
1.510660169717107162e-02
1.508183126112442110e-02
1.505714385016628139e-02
1.503253907252943486e-02
1.500801653518765190e-02
1.498357584333805288e-02
1.495921660000248607e-02
1.493493840575215240e-02
1.491074085856074032e-02
1.488662355378490496e-02
1.486258608426939583e-02
1.483862804057182495e-02
1.481474901129750665e-02
1.479094858353414629e-02
1.476722634337203702e-02
1.474358187649587801e-02
1.472001476883069357e-02
1.469652460722394721e-02
1.467311098014649831e-02
1.464977347839319100e-02
1.462651169576486936e-02
1.460332522971498868e-02
1.458021368194396122e-02
1.455717665892721641e-02
1.453421377236358350e-02
1.451132463953386069e-02
1.448850888356160473e-02
1.446576613357082770e-02
1.444309602473698231e-02
1.442049821832147236e-02
1.439797232173810164e-02
1.437551800702391649e-02
1.435313491042894234e-02
1.433082273745510220e-02
1.430858113393756494e-02
1.428640977067555454e-02
1.426430832169124814e-02
1.424227646363610336e-02
1.422031387519493394e-02
1.419842023650470450e-02
1.417659522860489386e-02
1.415483853293484848e-02
1.413314983089337604e-02
1.411152880347273444e-02
1.408997513097932745e-02
1.406848849284789149e-02
1.404706856755773628e-02
1.402571503265217373e-02
1.400442756486386733e-02
1.398320584034240359e-02
1.396204953498034543e-02
1.394095832482861522e-02
1.391993188659252159e-02
1.389896989819409262e-02
1.387807203938731977e-02
1.385723799240923086e-02
1.383646744264870922e-02
1.381576007931559213e-02
1.379511559608912266e-02
1.377453369172885848e-02
1.375401407062725248e-02
1.373355644328809987e-02
1.371316052671356540e-02
1.369282604468618700e-02
1.367255272793313839e-02
1.365234031416409123e-02
1.363218854797526927e-02
1.361209718061665193e-02
1.359206596962221451e-02
1.357209467830570310e-02
1.355218307512905639e-02
1.353233093295234946e-02
1.351253802817893070e-02
1.349280413981023517e-02
1.347312904843000515e-02
1.345351253513632148e-02
1.343395438044634599e-02
1.341445436319432978e-02
1.339501225944987432e-02
1.337562784147988335e-02
1.335630087677897732e-02
1.333703112719225245e-02
1.331781834815243259e-02
1.329866228805274588e-02
1.327956268777259752e-02
1.326051928037264190e-02
1.324153179097111062e-02
1.322259993680943366e-02
1.320372342751345920e-02
1.318490196555060362e-02
1.316613524687941170e-02
1.314742296178546092e-02
1.312876479589171475e-02
1.311016043132854844e-02
1.309160954804451833e-02
1.307311182523667945e-02
1.305466694287422610e-02
1.303627458328899223e-02
1.301793443280333668e-02
1.299964618336395955e-02
1.298140953415034479e-02
1.296322419312592213e-02
1.294508987850021692e-02
1.292700632007178288e-02
1.290897326042268235e-02
1.289099045593818972e-02
1.287305767762793492e-02
1.285517471172780389e-02
1.283734136006570159e-02
1.281955744017902743e-02
1.280182278517502832e-02
1.278413724333075582e-02
1.276650067743377928e-02
1.274891296386936740e-02
1.273137399146520750e-02
1.271388366010873724e-02
1.269644187915674148e-02
1.267904856566132860e-02
1.266170364243941401e-02
1.264440703601659582e-02
1.262715867447835455e-02
1.260995848526485531e-02
1.259280639294552140e-02
1.257570231701174261e-02
1.255864616972476519e-02
1.254163785405835140e-02
1.252467726176967680e-02
1.250776427163531948e-02
1.249089874788341173e-02
1.247408053885128328e-02
1.245730947589445380e-02
1.244058537256781741e-02
1.242390802409775764e-02
1.240727720715638360e-02
1.239069267994664068e-02
1.237415418260053891e-02
1.235766143788823677e-02
1.234121415223074503e-02
1.232481201700355057e-02
1.230845471011417572e-02
1.229214189783241380e-02
1.227587323684663397e-02
1.225964837651775594e-02
1.224346696129719608e-02
1.222732863327487089e-02
1.221123303481733667e-02
1.219517981125991211e-02
1.217916861361027434e-02
1.216319910122423513e-02
1.214727094441403130e-02
1.213138382694893373e-02
1.211553744841128814e-02
1.209973152637204216e-02
1.208396579835288413e-02
1.206824002354452488e-02
1.205255398425529242e-02
1.203690748706637281e-02
1.202130036367592136e-02
1.200573247141710834e-02
1.199020369344064481e-02
1.197471393855632782e-02
1.195926314073346951e-02
1.194385125826388262e-02
1.192847827259645166e-02
1.191314418685548993e-02
1.189784902406119949e-02
1.188259282507186237e-02
1.186737564627340230e-02
1.185219755704371158e-02
1.183705863702207151e-02
1.182195897321763715e-02
1.180689865699125971e-02
1.179187778094783340e-02
1.177689643577674999e-02
1.176195470707946771e-02
1.174705267222203066e-02
1.173219039725209231e-02
1.171736793391729009e-02
1.170258531682289056e-02
1.168784256076258604e-02
1.167313965825727065e-02
1.165847657733240159e-02
1.164385325956285647e-02
1.162926961841090172e-02
1.161472553788100645e-02
1.160022087151034095e-02
1.158575544171148303e-02
1.157132903947936768e-02
1.155694142447190494e-02
1.154259232546810295e-02
1.152828144120509983e-02
1.151400844159063824e-02
1.149977296928381479e-02
1.148557464163266380e-02
1.147141305295381643e-02
1.145728777713465700e-02
1.144319837053570793e-02
1.142914437516687025e-02
1.141512532210734766e-02
1.140114073513728322e-02
1.138719013454453366e-02
1.137327304106888065e-02
1.135938897994218447e-02
1.134553748498310505e-02
1.133171810270077427e-02
1.131793039636336783e-02
1.130417394998412678e-02
1.129044837217981455e-02
1.127675329985407607e-02
1.126308840166117577e-02
1.124945338120523358e-02
1.123584797993218594e-02
1.122227197967466499e-02
1.120872520481123319e-02
1.119520752400638211e-02
1.118171885149957939e-02
1.116825914791795028e-02
1.115482842058918532e-02
1.114142672333981281e-02
1.112805415576527054e-02
1.111471086196730469e-02
1.110139702875834883e-02
1.108811288333961739e-02
1.107485869046514852e-02
1.106163474911049140e-02
1.104844138867194098e-02
1.103527896472692588e-02
1.102214785439347908e-02
1.100904845133107365e-02
1.099598116043208618e-02
1.098294639225624349e-02
1.096994455726630832e-02
1.095697605992616321e-02
1.094404129272582085e-02
1.093114063020045497e-02
1.091827442301193662e-02
1.090544299216227031e-02
1.089264662340874712e-02
1.087988556194916141e-02
1.086716000744342159e-02
1.085447010943736863e-02
1.084181596324749509e-02
1.082919760636555893e-02
1.081661501543211903e-02
1.080406810382683255e-02
1.079155671991405274e-02
1.077908064597574850e-02
1.076663959785708474e-02
1.075423322534169342e-02
1.074186111326488197e-02
1.072952278336547841e-02
1.071721769686798283e-02
1.070494525777820199e-02
1.069270481686737488e-02
1.068049567631180162e-02
1.066831709494659407e-02
1.065616829408510234e-02
1.064404846384960079e-02
1.063195676995141482e-02
1.061989236085318471e-02
1.060785437524271527e-02
1.059584194974269242e-02
1.058385422677771137e-02
1.057189036251789116e-02
1.055994953481821479e-02
1.054803095107120260e-02
1.053613385589077800e-02
1.052425753854960289e-02
1.051240134008979595e-02
1.050056466003574003e-02
1.048874696263565366e-02
1.047694778256926147e-02
1.046516673005871284e-02
1.045340349533015710e-02
1.044165785237575854e-02
1.042992966197659951e-02
1.041821887394964001e-02
1.040652552859249076e-02
1.039484975730532029e-02
1.038319178237650728e-02
1.037155191592687743e-02
1.035993055801291349e-02
1.034832819389890080e-02
1.033674539051154632e-02
1.032518279210008737e-02
1.031364111512914246e-02
1.030212114243878735e-02
1.029062371671070342e-02
1.027914973328572165e-02
1.026770013238141079e-02
1.025627589076526236e-02
1.024487801293874449e-02
1.023350752189765636e-02
1.022216544953059511e-02
1.021085282672621469e-02
1.019957067325893106e-02
1.018831998752714116e-02
1.017710173622018988e-02
1.016591684399074762e-02
1.015476618321255534e-02
1.014365056390430925e-02
1.013257072390137160e-02
1.012152731935804691e-02
1.011052091566319415e-02
1.009955197885367174e-02
1.008862086760719569e-02
1.007772782589879713e-02
1.006687297640057772e-02
1.005605631470608483e-02
1.004527770445587387e-02
1.003453687343897581e-02
1.002383341074222778e-02
1.001316676501283649e-02
1.000253624389659500e-02
9.991941014706915217e-03
9.981380106373349131e-03
9.970852412709547627e-03
9.960356697032475212e-03
9.949891598154786757e-03
9.939455637760316598e-03
9.929047229161894195e-03
9.918664687428219162e-03
9.908306240850263749e-03
9.897970043707892199e-03
9.887654190277390259e-03
9.877356730009308541e-03
9.867075683786941456e-03
9.856809061162192728e-03
9.846554878447934603e-03
9.836311177530952105e-03
9.826076045253538324e-03
9.815847633198640163e-03
9.805624177697112864e-03
9.795404019866020898e-03
9.785185625473676388e-03
9.774967604418274836e-03
9.764748729599391497e-03
9.754527954957275399e-03
9.744304432448837663e-03
9.734077527733297000e-03
9.723846834337523948e-03
9.713612186080518990e-03
9.703373667542163419e-03
9.693131622373125922e-03
9.682886659256354292e-03
9.672639655349308044e-03
9.662391757054435842e-03
9.652144377989616691e-03
9.641899194056014963e-03
9.631658135528013698e-03
9.621423376124310992e-03
9.611197319044436846e-03
9.600982580000395894e-03
9.590781967297106608e-03
9.580598459061536246e-03
9.570435177751985406e-03
9.560295362118696044e-03
9.550182336823438006e-03
9.540099479960973544e-03
9.530050188760319854e-03
9.520037843777365977e-03
9.510065771917859331e-03
9.500137208659968288e-03
