# Re[K(hbar Omega)] (ps-1)
-2.605599248930065480e-08
1.034548339004998297e-04
4.137133624683822552e-04
9.301974634141563442e-04
1.651988215774622629e-03
2.577801626157001907e-03
3.705991119744918467e-03
5.034550735942769882e-03
6.561119023337647592e-03
8.282983627463890580e-03
1.019708656365187101e-02
1.230003016603352720e-02
1.458808370255766304e-02
1.705719064464174262e-02
1.970297657885046461e-02
2.252075774674867567e-02
2.550555019782440452e-02
2.865207953912191421e-02
3.195479126396309766e-02
3.540786164087228460e-02
3.900520914255633381e-02
4.274050639353196845e-02
4.660719261373820477e-02
5.059848653422811815e-02
5.470739975980486169e-02
5.892675055225608804e-02
6.324917800665266765e-02
6.766715659202038324e-02
7.217301102656734080e-02
7.675893145656582928e-02
8.141698890694813728e-02
8.613915097068884641e-02
9.091729770311715586e-02
9.574323768643781818e-02
1.006087242289467193e-01
1.055054716627081696e-01
1.104251717028304075e-01
1.153595098309289774e-01
1.203001816649204442e-01
1.252389092769406465e-01
1.301674574209385482e-01
1.350776496313672859e-01
1.399613841543773385e-01
1.448106496730214021e-01
1.496175407882068265e-01
1.543742732174844534e-01
1.590731986742445203e-01
1.637068193904976654e-01
1.682678022471657819e-01
1.727489924766721086e-01
1.771434269036305242e-01
1.814443466750617628e-01
1.856452095361194321e-01
1.897397014146635363e-01
1.937217475426281921e-01
1.975855229426306814e-01
2.013254621171156056e-01
2.049362684031432735e-01
2.084129223228424754e-01
2.117506893849221694e-01
2.149451271339980485e-01
2.179920914624180472e-01
2.208877421713658362e-01
2.236285477703315872e-01
2.262112895064014029e-01
2.286330646172145542e-01
2.308912888038668898e-01
2.329836979224794991e-01
2.349083488956036914e-01
2.366636198470810637e-01
2.382482094664032934e-01
2.396611356110273372e-01
2.409017331574661580e-01
2.419696511142968576e-01
2.428648490124954151e-01
2.435875925907002304e-01
2.441384487951311910e-01
2.445182801159241359e-01
2.447282382835813674e-01
2.447697573510793367e-01
2.446445461889019679e-01
2.443545804218813233e-01
2.439020938382166215e-01
2.432895693024050565e-01
2.425197292050434994e-01
2.415955254835550903e-01
2.405201292488413634e-01
2.392969200536694818e-01
2.379294748392666581e-01
2.364215565971075905e-01
2.347771027832522561e-01
2.330002135228127769e-01
2.310951396422049331e-01
2.290662705667768917e-01
2.269181221211966637e-01
2.246553242696385511e-01
2.222826088323271165e-01
2.198047972143882811e-01
2.172267881822234625e-01
2.145535457217674913e-01
2.117900870120220658e-01
2.089414705461811184e-01
2.060127844314863232e-01
2.030091348976793553e-01
1.999356350425588735e-01
1.967973938417127699e-01
1.935995054479859867e-01
1.903470388046714090e-01
1.870450275947842245e-01
1.836984605471017606e-01
1.803122721179379329e-01
1.768913335658759134e-01
1.734404444349124941e-01
1.699643244596861502e-01
1.664676059046717449e-01
1.629548263474339953e-01
1.594304219142567425e-01
1.558987209746988400e-01
1.523639382998889513e-01
1.488301696876636049e-01
1.453013870559808074e-01
1.417814340044107058e-01
1.382740218419297173e-01
1.347827260777132441e-01
1.313109833701634199e-01
1.278620889280014106e-01
1.244391943559250008e-01
1.210453059360689781e-01
1.176832833353234908e-01
1.143558387274546673e-01
1.110655363179518934e-01
1.078147922585747376e-01
1.046058749377200420e-01
1.014409056319499208e-01
9.832185950333419133e-02
9.525056692665610780e-02
9.222871513000958921e-02
8.925785013188458628e-02
8.633937895747929858e-02
8.347457211671349686e-02
8.066456632621922529e-02
7.791036745747527414e-02
7.521285369320823699e-02
7.257277887421513529e-02
6.999077601886266597e-02
6.746736099767997041e-02
6.500293634568979351e-02
6.259779519540421833e-02
6.025212531374882913e-02
5.796601322656415312e-02
5.573944841476699552e-02
5.357232756672652974e-02
5.146445887192076935e-02
4.941556634148423083e-02
4.742529414183005443e-02
4.549321092812901035e-02
4.361881416504800879e-02
4.180153442278704279e-02
4.004073963710745587e-02
3.833573932270270546e-02
3.668578872993472767e-02
3.509009293562907056e-02
3.354781085929676304e-02
3.205805919682024052e-02
3.061991626430864491e-02
2.923242574548553380e-02
2.789460026350632296e-02
2.660542521153272735e-02
2.536386173555541315e-02
2.416885033803641350e-02
2.301931399146052437e-02
2.191416120300875708e-02
2.085228895372328445e-02
1.983258551030564823e-02
1.885393310820420928e-02
1.791521050513779356e-02
1.701529540467438054e-02
1.615306674992685043e-02
1.532740688785354938e-02
1.453720360504907536e-02
1.378135203628646360e-02
1.305875644742366185e-02
1.236833189461264415e-02
1.170900576205474893e-02
1.107971918082262600e-02
1.047942833152522811e-02
9.907105633823614504e-03
9.361740826012541691e-03
8.842341938068364396e-03
8.347936161725213328e-03
7.877570621281360097e-03
7.430313048955395315e-03
7.005252368708495166e-03
6.601499192524774157e-03
6.218186233197615410e-03
5.854468637705624243e-03
5.509524245280547627e-03
5.182553774268455239e-03
4.872780941869018709e-03
4.579452520803939386e-03
4.301838336918366139e-03
4.039231211656078846e-03
3.790946853274077162e-03
3.556323700575526534e-03
3.334722722841778654e-03
3.125527179536561739e-03
2.928142343239977137e-03
2.741995189145974600e-03
2.566534054328767703e-03
2.401228269848731511e-03
2.245567768630915388e-03
2.099062671908653779e-03
1.961242856883953743e-03
1.831657508112333015e-03
1.709874654980372355e-03
1.595480697502323292e-03
1.488079976500949336e-03
1.387294064363676785e-03
1.292761597332670433e-03
1.204137552638725453e-03
1.121092800435623130e-03
1.043313598840875031e-03
9.705010892570690995e-04
9.023707536899327249e-04
8.386520746022794928e-04
7.790877944247081221e-04
7.234335882215877549e-04
6.714575355786964964e-04
6.229396406269423160e-04
5.776713592465122912e-04
5.354551341391611523e-04
4.961039383964998455e-04
4.594408281388204641e-04
4.252985047449768866e-04
3.935188871483936285e-04
3.639526946254459903e-04
3.364590404621029050e-04
3.109050368397820309e-04
2.871654112434531155e-04
2.651221346526359520e-04
2.446640617393025952e-04
2.256865832543085730e-04
2.080912907483818968e-04
1.917856537306556353e-04
1.766827093301166166e-04
1.627007644849605222e-04
1.497631106425778862e-04
1.377977509138396221e-04
1.267371395834910360e-04
1.165179338373857924e-04
1.070807575274277740e-04
9.836997675465454071e-05
9.033348701264446324e-05
8.292251159601811579e-05
7.609141094375790478e-05
6.979750255326326873e-05
6.400089107171403886e-05
5.866430814355960466e-05
5.375296156935938422e-05
4.923439331108711895e-05
4.507834586392899954e-05
4.125663650301116539e-05
3.774303890622612183e-05
3.451317165309393314e-05
3.154439310255710593e-05
2.881570215873040803e-05
2.630764444773073225e-05
2.400222344380892488e-05
2.188281610459165581e-05
1.993409260054594716e-05
1.814193975076100520e-05
1.649338781027630295e-05
1.497654028674337423e-05
1.358050650115346840e-05
1.229533664462608883e-05
1.111195912152765994e-05
1.002212000765628831e-05
9.018324490682122640e-06
8.093780196757490621e-06
7.242342342633375409e-06
6.458460686296830822e-06
5.737128279276562477e-06
5.073832050757984827e-06
4.464505277938076885e-06
3.905482016377872525e-06
3.393453578994986890e-06
2.925427164647307495e-06
2.498686742156980911e-06
2.110756298692293422e-06
1.759365557940759618e-06
1.442418267485936907e-06
1.157963142594684564e-06
9.041675401179583898e-07
6.792939165152691546e-07
4.816791045475714251e-07
3.097164174542410281e-07
1.618405658717720633e-07
3.651534461525562626e-08
-6.777598083930598626e-08
-1.525376858400508096e-07
-2.192661213787197747e-07
-2.694519234129125823e-07
-3.045800722579654075e-07
-3.261280005867621363e-07
-3.355619672401221510e-07
-3.343319314956899476e-07
-3.238651747059455457e-07
-3.055589262900519931e-07
-2.807722556646831316e-07
-2.508174931828379680e-07
-2.169514404664365889e-07
-1.803666228693509369e-07
-1.421828259696106292e-07
-1.034391431027032808e-07
-6.508674233827599746e-08
-2.798253965515895624e-08
7.116059775286935991e-09
3.955521631425795369e-08
6.878740055383611984e-08
9.437275089970927819e-08
1.159789987584595608e-07
1.333799458910777667e-07
1.464525097409186318e-07
1.551723823846979239e-07
1.596083759298111141e-07
1.599155541239401480e-07
1.563272731266926818e-07
1.491462749723676107e-07
1.387349957903332628e-07
1.255052627828129824e-07
1.099075667554893663e-07
9.242010130184869963e-08
7.353776289595221349e-08
5.376130513773741927e-08
3.358683410000821554e-08
1.349582363815317857e-08
-6.054183723929385327e-09
-2.463803976412101920e-08
-4.187048457433681679e-08
-5.741256185781025865e-08
-7.097686474791612685e-08
-8.233154840145442899e-08
-9.130306938827053855e-08
-9.777763706261799313e-08
-1.017013873813005694e-07
-1.030793151099587043e-07
-1.019730218959999147e-07
-9.849736213545649123e-08
-9.281608595381179272e-08
-8.513659806266390857e-08
-7.570396481462512514e-08
-6.479431477582122496e-08
-5.270778560612066904e-08
-3.976117716656872599e-08
-2.628047075161604763e-08
-1.259337607600305512e-08
9.779397556635302493e-10
1.412379253680797684e-08
2.655345266879005527e-08
3.800102401131319537e-08
4.823061985271195033e-08
5.704074432647828691e-08
6.426780588609021635e-08
6.978870919789023652e-08
7.352249311115881026e-08
7.543100311021175139e-08
7.551860695912553170e-08
7.383098343090882037e-08
7.045303176462455157e-08
6.550596876672688589e-08
5.914369537720226267e-08
5.154852859595349780e-08
4.292640668024606569e-08
3.350168468111436968e-08
2.351164249699241354e-08
1.320083321688003983e-08
2.815398726518828120e-09
-7.402521188692798124e-09
-1.722016619747137642e-08
-2.641920351994943268e-08
-3.480034478658733717e-08
-4.218743553345530402e-08
-4.843094103293010957e-08
-5.341076111676668225e-08
-5.703832642901790858e-08
-5.925794415751768363e-08
-6.004737719934410807e-08
-5.941766059030229737e-08
-5.741217273781986755e-08
-5.410499775508798682e-08
-4.959862801725336647e-08
-4.402107184023037971e-08
-3.752244110578742217e-08
-3.027110580325934723e-08
-2.244950854909483002e-08
-1.424974037237277322e-08
-5.868979577495743704e-09
2.495099667938472948e-09
1.064884690685320702e-08
1.840698202589352741e-08
2.559667492282654674e-08
3.206127010300372451e-08
3.766357992472143318e-08
4.228867842929806140e-08
4.584614159254144925e-08
4.827169371215525403e-08
4.952823109964028669e-08
4.960621161502343519e-08
4.852341134115632924e-08
4.632406322311992846e-08
4.307740878524144399e-08
3.887570355368973256e-08
3.383173096953629966e-08
2.807588805715018656e-08
2.175291651381505227e-08
1.501835752750703003e-08
8.034816077284288380e-09
9.681216338057882931e-10
-6.016525877526954088e-09
-1.275833703049247544e-08
-1.910455640095729833e-08
-2.491384818708179319e-08
-3.005937087127480209e-08
-3.443147536261217920e-08
-3.793997106359209199e-08
-4.051591404943901954e-08
-4.211288386215618491e-08
-4.270772713843805574e-08
-4.230075811716997331e-08
-4.091542010660135393e-08
-3.859742147719290847e-08
-3.541337481570284063e-08
-3.144897613200097082e-08
-2.680677153669023602e-08
-2.160356883246997996e-08
-1.596755729149609091e-08
-1.003520492166374212e-08
-3.948007569448016203e-09
2.150834360627509232e-09
8.119734694432827037e-09
1.382195982395513900e-08
1.912871411172817894e-08
2.392200340793347453e-08
2.809721398133035701e-08
3.156535228485545777e-08
3.425489727878920316e-08
3.611322906180551003e-08
3.710760580903202537e-08
3.722567171628464005e-08
3.647549136099458460e-08
3.488511388965763435e-08
3.250168394526043688e-08
2.939012462388863246e-08
2.563142732919771397e-08
2.132059297071510187e-08
1.656427583507049973e-08
1.147818672282033673e-08
6.184318704099042241e-09
8.080603236311205172e-10
-4.524735570190353847e-09
-9.690660560947334104e-09
-1.457156921444407371e-08
-1.905724558732358819e-08
-2.304785632806383390e-08
-2.645613787911315823e-08
-2.920927023733583304e-08
-3.125039690196118009e-08
-3.253976145526189086e-08
-3.305543744554853929e-08
-3.279364015239650037e-08
-3.176861759028350836e-08
-3.001212692903894312e-08
-2.757251371729641639e-08
-2.451341895521999232e-08
-2.091214728970020630e-08
-1.685773815058104100e-08
-1.244878662662522600e-08
-7.791066798977755180e-09
-2.995014607378366897e-09
1.826870635856558506e-09
6.562645690923334060e-09
1.110350319033280486e-08
1.514539192329561146e-08
1.899451637515112420e-08
2.236521229287009216e-08
2.518422801362323681e-08
2.739181441835025918e-08
2.894297094597223227e-08
2.980833883359555025e-08
2.997472456146402791e-08
2.944524589346476090e-08
2.823909905175404799e-08
2.639095830715860249e-08
2.395002339031880739e-08
2.097874100530593906e-08
1.755123294414684031e-08
1.375146939318845147e-08
9.671232498831424454e-09
5.407918304496514054e-09
1.062230145908982867e-09
-3.264183079377576638e-09
-7.471088324564130389e-09
-1.146197552084864311e-08
-1.514625678071719030e-08
-1.844130938923820704e-08
-2.127431541532740569e-08
-2.358385796885960696e-08
-2.532123970658859701e-08
-2.645149524294022486e-08
-2.695407662862164260e-08
-2.682319958456350164e-08
-2.606784465093187505e-08
-2.471141699096992995e-08
-2.279107518749361433e-08
-2.035674746109773433e-08
-1.746986072074401938e-08
-1.420181460046116892e-08
-1.063223675372651223e-08
-6.847063259483247218e-09
-2.936488618590755670e-09
1.007165639161796340e-09
4.891614170199778999e-09
8.626751890863600296e-09
1.212673000990780555e-08
1.531191676586397170e-08
1.811069763321634614e-08
2.046107569461768765e-08
2.231203532978679492e-08
2.362464132964472173e-08
2.437284824497182519e-08
2.454400470633051360e-08
2.413904298038721591e-08
2.317235155434217812e-08
2.167133637971957021e-08
1.967568308854834636e-08
1.723633978954807871e-08
1.441424507475767994e-08
1.127883431064069563e-08
7.906358189401703556e-09
4.378055611857873053e-09
7.782236823141513784e-10
-2.807770788926966955e-09
-6.327453315517710513e-09
-9.634085299577229149e-09
-1.268404932757731534e-08
-1.540711775255868527e-08
-1.774119664363782684e-08
-1.963372342656452503e-08
-2.104283422891997657e-08
-2.193827511083767173e-08
-2.230203849550940601e-08
-2.212871098698567925e-08
-2.142552684977155750e-08
-2.021212777359112436e-08
-1.852003540381602018e-08
-1.639185246620569797e-08
-1.388020977126167418e-08
-1.104648788758219107e-08
-7.959342151743401637e-09
-4.693067294864426187e-09
-1.325839738997180327e-09
2.062120433883848269e-09
5.390425765224667652e-09
8.580392326188333766e-09
1.155686138036239412e-08
1.424022126844666931e-08
1.658489658028539028e-08
1.852841520660718675e-08
2.002556827321274830e-08
2.104169289160601645e-08
2.155343675856236548e-08
2.154925937700212563e-08
2.102965915654972867e-08
2.000712275359936097e-08
1.850579896040101370e-08
1.656090628820735264e-08
1.421788939392955787e-08
1.153134398034967402e-08
8.563737328153370504e-09
5.383953300255215433e-09
2.065696732784275180e-09
-1.314205412648845298e-09
-4.677568133066261495e-09
-7.946635042764287477e-09
-1.100897455095641320e-08
-1.386609332561325874e-08
-1.641570629138942725e-08
-1.859871791618803813e-08
-2.036436886190621823e-08
-2.167136250004278249e-08
-2.248877252905024134e-08
-2.279671266032274501e-08
-2.258675478342884953e-08
-2.186208699368397517e-08
-2.063740971066911915e-08
-1.893857366726102828e-08
-1.680196989046404270e-08
-1.427368560239297395e-08
-1.140844848749128148e-08
-8.268382395544286868e-09
-4.921604951325364994e-09
-1.440699111618877828e-09
2.098906100444444702e-09
5.620609090104662306e-09
9.048324288903961203e-09
1.230814997711509869e-08
1.532997634838670386e-08
1.804899869763823352e-08
2.040710379962531567e-08
2.235409754513435822e-08
2.384874961895344110e-08
2.485963205450092622e-08
2.536573563522037314e-08
2.535685175390154781e-08
2.483371376881694592e-08
2.380789683268117547e-08
2.230148110293251589e-08
2.034648715087005962e-08
1.798410026341721079e-08
1.526370128742844550e-08
1.224172936268156085e-08
8.980402849020095590e-09
5.546328412781683460e-09
2.009031936987815179e-09
-1.560556097652290644e-09
-5.091626859327809249e-09
-8.514994262441057274e-09
-1.193773844382909790e-08
-1.494912099686758208e-08
-1.750107094778094338e-08
-1.988276106712462808e-08
-2.188207027311944043e-08
-2.346585830857160217e-08
-2.460996700214796909e-08
-2.529955945778104078e-08
-2.550153295184481278e-08
-2.527400652703771084e-08
-2.460369575186758650e-08
-2.351224545137892202e-08
-2.206149431413265395e-08
-2.022445421063849775e-08
-1.807519822576202240e-08
-1.566156806423328390e-08
-1.303528408347632958e-08
-1.025071760449506282e-08
-7.363634522083426023e-09
-4.429940256643789553e-09
-1.504456451562472935e-09
1.360243957285192103e-09
4.114914495403218367e-09
6.714604401939921045e-09
9.119495971010414592e-09
1.129559539044631946e-08
1.321526072233555731e-08
1.485756056243387735e-08
1.620845651912073006e-08
1.726080977425717693e-08
1.801421688692423629e-08
1.847468046636998361e-08
1.865412924273671745e-08
1.856980310994578009e-08
1.824352047084860222e-08
1.770085275551935869e-08
1.697022653061350464e-08
1.608198207678639762e-08
1.506741247202228932e-08
1.395781011991069957e-08
1.278354811588637960e-08
1.157321921837691170e-08
1.035285730562471828e-08
9.145260568210638940e-09
7.969435751886861042e-09
6.840176421567388173e-09
5.767786738492876044e-09
4.757957868065869542e-09
3.811798287022889338e-09
2.926017779359568056e-09
2.093258287465790642e-09
1.302561982296280293e-09
5.399633019389444245e-10
-2.108134853168881967e-10
-9.675699378315213546e-10
-1.748785900443978495e-09
-2.572733751038069920e-09
-3.456579523887985455e-09
-4.415498712314750944e-09
-5.461832383604223833e-09
-6.604310715480767605e-09
-7.847367384677725260e-09
-9.190568253876264197e-09
-1.062817390225205724e-08
-1.214885246975776008e-08
-1.373555657592657321e-08
-1.536557230471141007e-08
-1.701074571959510726e-08
-1.863788692948979936e-08
-2.020934595804057881e-08
-2.171600193735322949e-08
-2.304940425308469294e-08
-2.416281135942123443e-08
-2.507477486725361419e-08
-2.570666398776668887e-08
-2.601416071493944482e-08
-2.595606859468395470e-08
-2.549561075154329697e-08
-2.460169072679879553e-08
-2.325008292646732257e-08
-2.142452101283114405e-08
-1.911765388274302724e-08
-1.633183968080452987e-08
-1.307975422934133683e-08
-9.384789551688122680e-09
-5.281227127177868413e-09
-8.141707218216245832e-10
3.960767778148025945e-09
8.978033414761145681e-09
1.416294001933670826e-08
1.943272164334339718e-08
2.469780845035800032e-08
2.986330866768737217e-08
3.483067083383649492e-08
3.949949901170700658e-08
4.376948587834871365e-08
4.754242804852629315e-08
5.072428369432410259e-08
5.322723155907366935e-08
5.497168715733247921e-08
5.588823518424786669e-08
5.591943404502660920e-08
5.502145234900702055e-08
5.316549906868923376e-08
5.033901169812114567e-08
4.654657076712589892e-08
4.181051568623397665e-08
3.617123848959010242e-08
2.968714241293779843e-08
2.243425492105008009e-08
1.450549314333221526e-08
6.009586207633907758e-09
-2.930333858008584991e-09
-1.217845581734148384e-08
-2.158830277539944184e-08
-3.100500427688935959e-08
-4.026779211390678733e-08
-4.921267881464286589e-08
-5.767527273428498653e-08
-6.549368117623274683e-08
-7.251145150498152311e-08
-7.858049616312792348e-08
-8.356394719157105876e-08
-8.733888954934057736e-08
-8.979891878698587101e-08
-9.085647519939897291e-08
-9.044490632158574973e-08
-8.852021804727513015e-08
-8.506247403991254635e-08
-8.007681523422419779e-08
-7.359407125731658869e-08
-6.567094741736731804e-08
-5.638977507381514455e-08
-4.585782241912750186e-08
-3.420616912588338268e-08
-2.158815707385209285e-08
-8.177435707317715447e-09
5.834371747187417715e-09
2.024034746652005117e-08
3.482126497250868512e-08
4.934883675217208774e-08
6.358917452905680240e-08
7.730640698162254642e-08
9.026639958330827354e-08
1.022405167975361005e-07
1.130093664802832525e-07
1.223664663800238679e-07
1.301217728786467039e-07
1.361050142874077399e-07
1.401687737896270493e-07
1.421912704848370856e-07
1.420787919848706129e-07
1.397677358801368240e-07
1.352262259301914044e-07
1.284552720727503382e-07
1.194894530514330260e-07
1.083971048723499758e-07
9.528000981801535517e-08
8.027258339449449406e-08
6.354056742010829490e-08
4.527924465354837064e-08
2.571119605288374504e-08
5.083628868230048435e-09
-1.633468831491890240e-08
-3.825684414706167464e-08
-6.038151023964536752e-08
-8.239692401385130033e-08
-1.039850753415496331e-07
-1.248260393030871206e-07
-1.446023966445018578e-07
-1.630036826049358493e-07
-1.797308027827266621e-07
-1.945003561793937388e-07
-2.070488071768759424e-07
-2.171364491024780500e-07
-2.245511061644932400e-07
-2.291115219681581061e-07
-2.306703891166780955e-07
-2.291169779229609496e-07
-2.243793264675938365e-07
-2.164259608525311132e-07
-2.052671214112659385e-07
-1.909554726359506658e-07
-1.735862866146830039e-07
-1.532970901565489024e-07
-1.302667772657008909e-07
-1.047141912312731995e-07
-7.689618919030336856e-08
-4.710520659717963865e-08
-1.566634568167260466e-08
1.706598256212210257e-08
5.071182926921817213e-08
8.486985051043672170e-08
1.191217801568057656e-07
1.530371838704425271e-07
1.861784440559907941e-07
2.181059205452202937e-07
2.483832325950536447e-07
2.765826018568838521e-07
3.022901984556443465e-07
3.251114287918852487e-07
3.446761058657614206e-07
3.606434405114362867e-07
3.727067969437051133e-07
3.805981526591325316e-07
3.840922101389840412e-07
3.830101057911339048e-07
3.772226682324785444e-07
3.666531806664278531e-07
3.512796050203952855e-07
3.311362341167865567e-07
3.063147378209020594e-07
2.769645814454105888e-07
2.432927941367036804e-07
2.055630780916622436e-07
1.640942487078074253e-07
1.192580113141603463e-07
7.147607927911546770e-08
2.121665187828611903e-08
-3.100972742282094715e-08
-8.465489803669768913e-08
-1.391383613319354807e-07
-1.938530631195622730e-07
-2.481716293073450690e-07
-3.014529962083527986e-07
-3.530493710087857926e-07
-4.023134528404559838e-07
-4.486058386504920097e-07
-4.913025362782306824e-07
-5.298025005362842551e-07
-5.635351090498715745e-07
-5.919674884403593196e-07
-6.146116069953903162e-07
-6.310310416997398710e-07
-6.408473384697271531e-07
-6.437458787974250402e-07
-6.394811735677096181e-07
-6.278815091262860507e-07
-6.088528745844186923e-07
-5.823821078180070581e-07
-5.485392034812088748e-07
-5.074787366230103709e-07
-4.594403627956101920e-07
-4.047483675890941832e-07
-3.438102462794270622e-07
-2.771143097063732647e-07
-2.052263176629062480e-07
-1.287851605356344094e-07
-4.849761259799000487e-08
3.486779895917267816e-08
1.204877618142015729e-07
2.074919189663558911e-07
2.949713112317980219e-07
3.819874383484040455e-07
4.675818504459635312e-07
5.507861683759719784e-07
6.306324305625616469e-07
7.061636549786713816e-07
7.764444991472162828e-07
8.405719049865823535e-07
8.976856035352761958e-07
9.469783661778913999e-07
9.877058791081338421e-07
1.019196129636281787e-06
1.040858192454070034e-06
1.052190309979351732e-06
1.052787168861392210e-06
1.042346283703956406e-06
1.020673404004633595e-06
9.876868770969946154e-07
9.434209041860246979e-07
8.880276426490166696e-07
8.217781188479620825e-07
7.450619272592824279e-07
6.583857058728599798e-07
5.623703906913849897e-07
4.577472634909043540e-07
3.453528221306816973e-07
2.261225116620845661e-07
1.010833691731185073e-07
-2.865435479972876446e-08
-1.619065277042915108e-07
-2.974253342544865478e-07
-4.339102548125822319e-07
-5.700197246564915321e-07
-7.043833695408191054e-07
-8.356147095063806332e-07
-9.623242153191469209e-07
-1.083132603167611149e-06
-1.196684248568632643e-06
-1.301660600479011931e-06
-1.396793476584870280e-06
-1.480878122729530763e-06
-1.552785920408218575e-06
-1.611476629946373582e-06
-1.656010060754097097e-06
-1.685557064016762468e-06
-1.699409747017890690e-06
-1.696990818886454026e-06
-1.677861974371998214e-06
-1.641731240292036124e-06
-1.588459203814959454e-06
-1.518064060471026115e-06
-1.430725417618916068e-06
-1.326786802275734983e-06
-1.206756828542849356e-06
-1.071308986753996758e-06
-9.212800260222554101e-07
-7.576669094994207818e-07
-5.816223307284012956e-07
-3.944487871218638300e-07
-1.975912180068567141e-07
7.371779514231919338e-09
2.187381296784590452e-07
4.346938193862205738e-07
6.533257550737401418e-07
8.726358803847147887e-07
1.090556487100194053e-06
1.304966642084107314e-06
1.513709640147847097e-06
1.714611382889080784e-06
1.905499567783467387e-06
2.084223566347765500e-06
2.248674850043135360e-06
2.396807819751118069e-06
2.526660874069654525e-06
2.636377549585597131e-06
2.724227548280611516e-06
2.788627463785499881e-06
2.828161006394025841e-06
2.841598519123678942e-06
2.827915575204284782e-06
2.786310440545448218e-06
2.716220181237736076e-06
2.617335201665032691e-06
2.489611995824874831e-06
2.333283901618523902e-06
2.148869657521875869e-06
1.937179566659330499e-06
1.699319092130809615e-06
1.436689719180351124e-06
1.150986941753026722e-06
8.441952522221530623e-07
5.185800382250316742e-07
1.766763178043845986e-07
-1.787257243496575165e-07
-5.445984058262416540e-07
-9.176973899086217420e-07
-1.294585638248133491e-06
-1.671660368504244047e-06
-2.045182874443244556e-06
-2.411311024437419956e-06
-2.766134219535521982e-06
-3.105710546483409859e-06
-3.426105830237667578e-06
-3.723434247316469334e-06
-3.993900133386489648e-06
-4.233840580937608985e-06
-4.439768399690825322e-06
-4.608414983369221272e-06
-4.736772610500552077e-06
-4.822135687489141547e-06
-4.862140434844235548e-06
-4.854802511224112198e-06
-4.798552072414386190e-06
-4.692265768845062189e-06
-4.535295200193910371e-06
-4.327491364628700972e-06
-4.069224669463035174e-06
-3.761400100593949287e-06
-3.405467189504039801e-06
-3.003424463287972382e-06
-2.557818111153902545e-06
