1.000000000000000056e-01 9.792645219532701839e-01 2.073547804672939282e-02 0.000000000000000000e+00 0.000000000000000000e+00 1.424459792727276741e-01 -3.828962569106936480e-03 0.000000000000000000e+00 0.000000000000000000e+00 0.000000000000000000e+00 0.000000000000000000e+00 0.000000000000000000e+00 0.000000000000000000e+00 0.000000000000000000e+00 0.000000000000000000e+00 0.000000000000000000e+00 0.000000000000000000e+00
2.000000000000000111e-01 9.187793840124075517e-01 8.122061598759104661e-02 0.000000000000000000e+00 0.000000000000000000e+00 2.730712485819820068e-01 -7.478021270729078539e-03 0.000000000000000000e+00 0.000000000000000000e+00 0.000000000000000000e+00 0.000000000000000000e+00 0.000000000000000000e+00 0.000000000000000000e+00 0.000000000000000000e+00 0.000000000000000000e+00 0.000000000000000000e+00 0.000000000000000000e+00
2.999999999999999889e-01 8.235605523553779506e-01 1.764394476446241866e-01 0.000000000000000000e+00 0.000000000000000000e+00 3.810412118564919792e-01 -1.077793175220169604e-02 0.000000000000000000e+00 0.000000000000000000e+00 0.000000000000000000e+00 0.000000000000000000e+00 0.000000000000000000e+00 0.000000000000000000e+00 0.000000000000000000e+00 0.000000000000000000e+00 0.000000000000000000e+00 0.000000000000000000e+00
4.000000000000000222e-01 7.015097016367168870e-01 2.984902983632835571e-01 0.000000000000000000e+00 0.000000000000000000e+00 4.573941633214338442e-01 -1.358011258999504423e-02 0.000000000000000000e+00 0.000000000000000000e+00 0.000000000000000000e+00 0.000000000000000000e+00 0.000000000000000000e+00 0.000000000000000000e+00 0.000000000000000000e+00 0.000000000000000000e+00 0.000000000000000000e+00 0.000000000000000000e+00
5.000000000000000000e-01 5.627494021206493890e-01 4.372505978793490011e-01 0.000000000000000000e+00 0.000000000000000000e+00 4.957962980480327131e-01 -1.576525785093576409e-02 0.000000000000000000e+00 0.000000000000000000e+00 0.000000000000000000e+00 0.000000000000000000e+00 0.000000000000000000e+00 0.000000000000000000e+00 0.000000000000000000e+00 0.000000000000000000e+00 0.000000000000000000e+00 0.000000000000000000e+00
5.999999999999999778e-01 4.187937387452411175e-01 5.812062612547566065e-01 0.000000000000000000e+00 0.000000000000000000e+00 4.930598062608221865e-01 -1.725023178810453431e-02 0.000000000000000000e+00 0.000000000000000000e+00 0.000000000000000000e+00 0.000000000000000000e+00 0.000000000000000000e+00 0.000000000000000000e+00 0.000000000000000000e+00 0.000000000000000000e+00 0.000000000000000000e+00 0.000000000000000000e+00
6.999999999999999556e-01 2.815818934439474619e-01 7.184181065560518720e-01 0.000000000000000000e+00 0.000000000000000000e+00 4.494104963215926341e-01 -1.799267856201116830e-02 0.000000000000000000e+00 0.000000000000000000e+00 0.000000000000000000e+00 0.000000000000000000e+00 0.000000000000000000e+00 0.000000000000000000e+00 0.000000000000000000e+00 0.000000000000000000e+00 0.000000000000000000e+00 0.000000000000000000e+00
7.999999999999999334e-01 1.624973770882668367e-01 8.375026229117346066e-01 0.000000000000000000e+00 0.000000000000000000e+00 3.684674136700569758e-01 -1.799290063381118673e-02 0.000000000000000000e+00 0.000000000000000000e+00 0.000000000000000000e+00 0.000000000000000000e+00 0.000000000000000000e+00 0.000000000000000000e+00 0.000000000000000000e+00 0.000000000000000000e+00 0.000000000000000000e+00 0.000000000000000000e+00
8.999999999999999112e-01 7.142191161827182722e-02 9.285780883817289499e-01 0.000000000000000000e+00 0.000000000000000000e+00 2.569470074386756564e-01 -1.729328378194993840e-02 0.000000000000000000e+00 0.000000000000000000e+00 0.000000000000000000e+00 0.000000000000000000e+00 0.000000000000000000e+00 0.000000000000000000e+00 0.000000000000000000e+00 0.000000000000000000e+00 0.000000000000000000e+00 0.000000000000000000e+00
9.999999999999998890e-01 1.590918893837619738e-02 9.840908110616243265e-01 0.000000000000000000e+00 0.000000000000000000e+00 1.241003058447991414e-01 -1.597500763027008899e-02 0.000000000000000000e+00 0.000000000000000000e+00 0.000000000000000000e+00 0.000000000000000000e+00 0.000000000000000000e+00 0.000000000000000000e+00 0.000000000000000000e+00 0.000000000000000000e+00 0.000000000000000000e+00 0.000000000000000000e+00
1.099999999999999867e+00 5.637147489056521096e-04 9.994362852510927375e-01 0.000000000000000000e+00 0.000000000000000000e+00 -1.905529351718187811e-02 -1.415248682788475959e-02 0.000000000000000000e+00 0.000000000000000000e+00 0.000000000000000000e+00 0.000000000000000000e+00 0.000000000000000000e+00 0.000000000000000000e+00 0.000000000000000000e+00 0.000000000000000000e+00 0.000000000000000000e+00 0.000000000000000000e+00
1.199999999999999956e+00 2.665946556460743397e-02 9.733405344353929234e-01 0.000000000000000000e+00 0.000000000000000000e+00 -1.606410975220424475e-01 -1.196562252082158072e-02 0.000000000000000000e+00 0.000000000000000000e+00 0.000000000000000000e+00 0.000000000000000000e+00 0.000000000000000000e+00 0.000000000000000000e+00 0.000000000000000000e+00 0.000000000000000000e+00 0.000000000000000000e+00 0.000000000000000000e+00
1.300000000000000044e+00 9.203082249587608843e-02 9.079691775041225377e-01 0.000000000000000000e+00 0.000000000000000000e+00 -2.889109766231208187e-01 -9.570677202094394695e-03 0.000000000000000000e+00 0.000000000000000000e+00 0.000000000000000000e+00 0.000000000000000000e+00 0.000000000000000000e+00 0.000000000000000000e+00 0.000000000000000000e+00 0.000000000000000000e+00 0.000000000000000000e+00 0.000000000000000000e+00
1.399999999999999911e+00 1.912566037640436034e-01 8.087433962359582562e-01 0.000000000000000000e+00 0.000000000000000000e+00 -3.932259836712320156e-01 -7.130281995247689415e-03 0.000000000000000000e+00 0.000000000000000000e+00 0.000000000000000000e+00 0.000000000000000000e+00 0.000000000000000000e+00 0.000000000000000000e+00 0.000000000000000000e+00 0.000000000000000000e+00 0.000000000000000000e+00 0.000000000000000000e+00
1.500000000000000000e+00 3.161034615541163939e-01 6.838965384458854935e-01 0.000000000000000000e+00 0.000000000000000000e+00 -4.649290205559340472e-01 -4.803024701498112559e-03 0.000000000000000000e+00 0.000000000000000000e+00 0.000000000000000000e+00 0.000000000000000000e+00 0.000000000000000000e+00 0.000000000000000000e+00 0.000000000000000000e+00 0.000000000000000000e+00 0.000000000000000000e+00 0.000000000000000000e+00
1.599999999999999867e+00 4.562140008730353191e-01 5.437859991269649029e-01 0.000000000000000000e+00 0.000000000000000000e+00 -4.980715943207169594e-01 -2.733753068060099448e-03 0.000000000000000000e+00 0.000000000000000000e+00 0.000000000000000000e+00 0.000000000000000000e+00 0.000000000000000000e+00 0.000000000000000000e+00 0.000000000000000000e+00 0.000000000000000000e+00 0.000000000000000000e+00 0.000000000000000000e+00
1.699999999999999956e+00 5.999673018746307651e-01 4.000326981253688463e-01 0.000000000000000000e+00 0.000000000000000000e+00 -4.899035081377208778e-01 -1.044597623106893313e-03 0.000000000000000000e+00 0.000000000000000000e+00 0.000000000000000000e+00 0.000000000000000000e+00 0.000000000000000000e+00 0.000000000000000000e+00 0.000000000000000000e+00 0.000000000000000000e+00 0.000000000000000000e+00 0.000000000000000000e+00
1.800000000000000044e+00 7.354361859517370981e-01 2.645638140482649003e-01 0.000000000000000000e+00 0.000000000000000000e+00 -4.411006381264179210e-01 1.720571055677218644e-04 0.000000000000000000e+00 0.000000000000000000e+00 0.000000000000000000e+00 0.000000000000000000e+00 0.000000000000000000e+00 0.000000000000000000e+00 0.000000000000000000e+00 0.000000000000000000e+00 0.000000000000000000e+00 0.000000000000000000e+00
1.899999999999999911e+00 8.513809271082038999e-01 1.486190728917965720e-01 0.000000000000000000e+00 0.000000000000000000e+00 -3.557115498990850999e-01 8.588421777897128169e-04 0.000000000000000000e+00 0.000000000000000000e+00 0.000000000000000000e+00 0.000000000000000000e+00 0.000000000000000000e+00 0.000000000000000000e+00 0.000000000000000000e+00 0.000000000000000000e+00 0.000000000000000000e+00 0.000000000000000000e+00
2.000000000000000000e+00 9.381832213272782717e-01 6.181677867272045157e-02 0.000000000000000000e+00 0.000000000000000000e+00 -2.408204143637778516e-01 9.960931885548496637e-04 0.000000000000000000e+00 0.000000000000000000e+00 0.000000000000000000e+00 0.000000000000000000e+00 0.000000000000000000e+00 0.000000000000000000e+00 0.000000000000000000e+00 0.000000000000000000e+00 0.000000000000000000e+00 0.000000000000000000e+00
2.099999999999999645e+00 9.886448905722282632e-01 1.135510942777175417e-02 0.000000000000000000e+00 0.000000000000000000e+00 -1.059519142727837065e-01 6.020994584140179368e-04 0.000000000000000000e+00 0.000000000000000000e+00 0.000000000000000000e+00 0.000000000000000000e+00 0.000000000000000000e+00 0.000000000000000000e+00 0.000000000000000000e+00 0.000000000000000000e+00 0.000000000000000000e+00 0.000000000000000000e+00
2.199999999999999734e+00 9.985765946394811188e-01 1.423405360518959937e-03 0.000000000000000000e+00 0.000000000000000000e+00 3.770022166178135792e-02 -2.693952607978570700e-04 0.000000000000000000e+00 0.000000000000000000e+00 0.000000000000000000e+00 0.000000000000000000e+00 0.000000000000000000e+00 0.000000000000000000e+00 0.000000000000000000e+00 0.000000000000000000e+00 0.000000000000000000e+00 0.000000000000000000e+00
2.299999999999999822e+00 9.671540792347150806e-01 3.284592076528335125e-02 0.000000000000000000e+00 0.000000000000000000e+00 1.782265816813308201e-01 -1.533529499365648280e-03 0.000000000000000000e+00 0.000000000000000000e+00 0.000000000000000000e+00 0.000000000000000000e+00 0.000000000000000000e+00 0.000000000000000000e+00 0.000000000000000000e+00 0.000000000000000000e+00 0.000000000000000000e+00 0.000000000000000000e+00
2.399999999999999911e+00 8.969847328563036459e-01 1.030152671436980194e-01 0.000000000000000000e+00 0.000000000000000000e+00 3.039632035520041242e-01 -3.081026929833931369e-03 0.000000000000000000e+00 0.000000000000000000e+00 0.000000000000000000e+00 0.000000000000000000e+00 0.000000000000000000e+00 0.000000000000000000e+00 0.000000000000000000e+00 0.000000000000000000e+00 0.000000000000000000e+00 0.000000000000000000e+00
2.500000000000000000e+00 7.938890298028606907e-01 2.061109701971371999e-01 0.000000000000000000e+00 0.000000000000000000e+00 4.044827911759880101e-01 -4.786437018065536203e-03 0.000000000000000000e+00 0.000000000000000000e+00 0.000000000000000000e+00 0.000000000000000000e+00 0.000000000000000000e+00 0.000000000000000000e+00 0.000000000000000000e+00 0.000000000000000000e+00 0.000000000000000000e+00 0.000000000000000000e+00
2.600000000000000089e+00 6.664155686358598230e-01 3.335844313641401770e-01 0.000000000000000000e+00 0.000000000000000000e+00 4.714481788073374147e-01 -6.517123226869767430e-03 0.000000000000000000e+00 0.000000000000000000e+00 0.000000000000000000e+00 0.000000000000000000e+00 0.000000000000000000e+00 0.000000000000000000e+00 0.000000000000000000e+00 0.000000000000000000e+00 0.000000000000000000e+00 0.000000000000000000e+00
2.699999999999999734e+00 5.251438468821176819e-01 4.748561531178804862e-01 0.000000000000000000e+00 0.000000000000000000e+00 4.993009972708946087e-01 -8.142551406992158333e-03 0.000000000000000000e+00 0.000000000000000000e+00 0.000000000000000000e+00 0.000000000000000000e+00 0.000000000000000000e+00 0.000000000000000000e+00 0.000000000000000000e+00 0.000000000000000000e+00 0.000000000000000000e+00 0.000000000000000000e+00
2.799999999999999822e+00 3.817960851172220171e-01 6.182039148827777053e-01 0.000000000000000000e+00 0.000000000000000000e+00 4.857332164009014464e-01 -9.543398120994901410e-03 0.000000000000000000e+00 0.000000000000000000e+00 0.000000000000000000e+00 0.000000000000000000e+00 0.000000000000000000e+00 0.000000000000000000e+00 0.000000000000000000e+00 0.000000000000000000e+00 0.000000000000000000e+00 0.000000000000000000e+00
2.899999999999999911e+00 2.482502587549276218e-01 7.517497412450716565e-01 0.000000000000000000e+00 0.000000000000000000e+00 4.318672063588656629e-01 -1.061996641385468988e-02 0.000000000000000000e+00 0.000000000000000000e+00 0.000000000000000000e+00 0.000000000000000000e+00 0.000000000000000000e+00 0.000000000000000000e+00 0.000000000000000000e+00 0.000000000000000000e+00 0.000000000000000000e+00 0.000000000000000000e+00
3.000000000000000000e+00 1.355977984511586298e-01 8.644022015488410648e-01 0.000000000000000000e+00 0.000000000000000000e+00 3.421744972657782546e-01 -1.129816297885209014e-02 0.000000000000000000e+00 0.000000000000000000e+00 0.000000000000000000e+00 0.000000000000000000e+00 0.000000000000000000e+00 0.000000000000000000e+00 0.000000000000000000e+00 0.000000000000000000e+00 0.000000000000000000e+00 0.000000000000000000e+00
