1.000000000000000056e-01 9.773115048321016074e-01 1.552231142679195985e-02 7.166183741108379107e-03 0.000000000000000000e+00 1.231227115027037633e-01 -3.306274939339384593e-03 7.666715663184354572e-06 8.368747671197121485e-02 -2.821514522381689130e-04 1.054306057695244582e-02 0.000000000000000000e+00 0.000000000000000000e+00 0.000000000000000000e+00 0.000000000000000000e+00 0.000000000000000000e+00 0.000000000000000000e+00
2.000000000000000111e-01 9.113064831623681750e-01 6.067954572895832566e-02 2.801397110867323223e-02 0.000000000000000000e+00 2.350671299353462307e-01 -6.411542327038331421e-03 6.059198075110005280e-05 1.597789405216564484e-01 -1.108503314118169675e-03 4.121463649417007186e-02 0.000000000000000000e+00 0.000000000000000000e+00 0.000000000000000000e+00 0.000000000000000000e+00 0.000000000000000000e+00 0.000000000000000000e+00
2.999999999999999889e-01 8.079719429319093260e-01 1.313755945055056773e-01 6.065246256258198521e-02 0.000000000000000000e+00 3.256754003605114023e-01 -9.128416393778295002e-03 2.004038184885131976e-04 2.213717413691045355e-01 -2.420265773174296725e-03 8.923225672909643191e-02 0.000000000000000000e+00 0.000000000000000000e+00 0.000000000000000000e+00 0.000000000000000000e+00 0.000000000000000000e+00 0.000000000000000000e+00
4.000000000000000222e-01 6.766916167015405437e-01 2.211904300922619138e-01 1.021179532061980560e-01 0.000000000000000000e+00 3.867171114103987173e-01 -1.129537564148547744e-02 4.617252234763418849e-04 2.628728774012753511e-01 -4.124021611293307923e-03 1.502348376228781202e-01 0.000000000000000000e+00 0.000000000000000000e+00 0.000000000000000000e+00 0.000000000000000000e+00 0.000000000000000000e+00 0.000000000000000000e+00
5.000000000000000000e-01 5.293774646408619944e-01 3.219743063591301580e-01 1.486482290000076811e-01 0.000000000000000000e+00 4.126528965695824835e-01 -1.278784456742431720e-02 8.694030156679825741e-04 2.805178545947079605e-01 -6.098591771325378129e-03 2.186863452577731404e-01 0.000000000000000000e+00 0.000000000000000000e+00 0.000000000000000000e+00 0.000000000000000000e+00 0.000000000000000000e+00 0.000000000000000000e+00
5.999999999999999778e-01 3.794013925410101851e-01 4.245786491411462915e-01 1.960199583178427185e-01 0.000000000000000000e+00 4.011268862851780082e-01 -1.352596981810127996e-02 1.436440644084266373e-03 2.727053021214569939e-01 -8.203472059070444564e-03 2.883723151647125671e-01 0.000000000000000000e+00 0.000000000000000000e+00 0.000000000000000000e+00 0.000000000000000000e+00 0.000000000000000000e+00 0.000000000000000000e+00
6.999999999999999556e-01 2.403765999114312601e-01 5.196898230914438477e-01 2.399335769971245313e-01 0.000000000000000000e+00 3.531848918587853214e-01 -1.347978925607658945e-02 2.162890647000275616e-03 2.401452462330620485e-01 -1.028888425957860328e-02 3.529662548232884722e-01 0.000000000000000000e+00 0.000000000000000000e+00 0.000000000000000000e+00 0.000000000000000000e+00 0.000000000000000000e+00 0.000000000000000000e+00
7.999999999999999334e-01 1.249214926114041446e-01 5.986748267792388889e-01 2.764036806093556620e-01 0.000000000000000000e+00 2.731790762671658657e-01 -1.267064592635488637e-02 3.035755900881635574e-03 1.857943609052489509e-01 -1.220630283669942896e-02 4.066041462909538717e-01 0.000000000000000000e+00 0.000000000000000000e+00 0.000000000000000000e+00 0.000000000000000000e+00 0.000000000000000000e+00 0.000000000000000000e+00
8.999999999999999112e-01 4.351230900596735757e-02 6.543662919424919622e-01 3.021213990515400627e-01 0.000000000000000000e+00 1.683693613749115969e-01 -1.116899425267182076e-02 4.029903433850999875e-03 1.145851628439315817e-01 -1.381881983385829446e-02 4.444177087292998096e-01 0.000000000000000000e+00 0.000000000000000000e+00 0.000000000000000000e+00 0.000000000000000000e+00 0.000000000000000000e+00 0.000000000000000000e+00
9.999999999999998890e-01 3.539380500908838236e-03 6.817081605762569385e-01 3.147524589228343772e-01 0.000000000000000000e+00 4.827229356923493780e-02 -9.089011214511163311e-03 5.109780338616419157e-03 3.298361419657208637e-02 -1.501043066843216547e-02 4.629730086951623913e-01 0.000000000000000000e+00 0.000000000000000000e+00 0.000000000000000000e+00 0.000000000000000000e+00 0.000000000000000000e+00 0.000000000000000000e+00
1.099999999999999867e+00 8.628756938563533763e-03 6.782198022870398191e-01 3.131514407743955508e-01 0.000000000000000000e+00 -7.621612465836224981e-02 -6.579971988662251456e-03 6.232168810881675777e-03 -5.160685687755398737e-02 -1.569404330965233282e-02 4.605857197660970792e-01 0.000000000000000000e+00 0.000000000000000000e+00 0.000000000000000000e+00 0.000000000000000000e+00 0.000000000000000000e+00 0.000000000000000000e+00
1.199999999999999956e+00 5.831882068557562443e-02 6.442172613836891770e-01 2.974639179307340675e-01 0.000000000000000000e+00 -1.937922393220241069e-01 -3.815624672622921001e-03 7.349094693652748547e-03 -1.315056490307249804e-01 -1.581687189277555111e-02 4.374713900739242156e-01 0.000000000000000000e+00 0.000000000000000000e+00 0.000000000000000000e+00 0.000000000000000000e+00 0.000000000000000000e+00 0.000000000000000000e+00
1.300000000000000044e+00 1.480970776882666040e-01 5.827880751111158553e-01 2.691148472006162917e-01 0.000000000000000000e+00 -2.937826525795569910e-01 -9.817708930368123331e-04 8.411419705206405265e-03 -1.994601976569283508e-01 -1.536360480971400364e-02 3.957282949588637466e-01 0.000000000000000000e+00 0.000000000000000000e+00 0.000000000000000000e+00 0.000000000000000000e+00 0.000000000000000000e+00 0.000000000000000000e+00
1.399999999999999911e+00 2.698154903514016767e-01 4.995071046809682058e-01 2.306774049676296179e-01 0.000000000000000000e+00 -3.671127043677118174e-01 1.736839305755090088e-03 9.372294805091418643e-03 -2.493040256286910838e-01 -1.435680923060239124e-02 3.391443419834067607e-01 0.000000000000000000e+00 0.000000000000000000e+00 0.000000000000000000e+00 0.000000000000000000e+00 0.000000000000000000e+00 0.000000000000000000e+00
1.500000000000000000e+00 4.124221018345031187e-01 4.019359704334473093e-01 1.856419277320507377e-01 0.000000000000000000e+00 -4.071239336865071778e-01 4.168957035409421967e-03 1.019024729424218220e-02 -2.765121928897256720e-01 -1.285445418802311571e-02 2.728569797229095095e-01 0.000000000000000000e+00 0.000000000000000000e+00 0.000000000000000000e+00 0.000000000000000000e+00 0.000000000000000000e+00 0.000000000000000000e+00
1.599999999999999867e+00 5.629767738759340334e-01 2.989280993349916482e-01 1.380951267890745127e-01 0.000000000000000000e+00 -4.101847470484457081e-01 6.168483732383544214e-03 1.083212745910173795e-02 -2.786162485296087010e-01 -1.094505767406546079e-02 2.028810476386710415e-01 0.000000000000000000e+00 0.000000000000000000e+00 0.000000000000000000e+00 0.000000000000000000e+00 0.000000000000000000e+00 0.000000000000000000e+00
1.699999999999999956e+00 7.078106049949798306e-01 1.998354796742492223e-01 9.235391533077064175e-02 0.000000000000000000e+00 -3.760153578534917163e-01 7.623786200836783419e-03 1.127479776301647599e-02 -2.554250564772007071e-01 -8.740760724977827967e-03 1.355698641724133735e-01 0.000000000000000000e+00 0.000000000000000000e+00 0.000000000000000000e+00 0.000000000000000000e+00 0.000000000000000000e+00 0.000000000000000000e+00
1.800000000000000044e+00 8.337769578889788757e-01 1.136527308177466417e-01 5.257031129327328911e-02 0.000000000000000000e+00 -3.077163960848611213e-01 8.464498729883977030e-03 1.150664189467496927e-02 -2.090442809987619610e-01 -6.368894428162726572e-03 7.703373690880062352e-02 0.000000000000000000e+00 0.000000000000000000e+00 0.000000000000000000e+00 0.000000000000000000e+00 0.000000000000000000e+00 0.000000000000000000e+00
1.899999999999999911e+00 9.294426859814831632e-01 4.820209775478880021e-02 2.235521626372850151e-02 0.000000000000000000e+00 -2.114852291655107408e-01 8.665152457277320794e-03 1.152767853360659074e-02 -1.436836970301999805e-01 -3.962562647057250864e-03 3.258629185454803290e-02 0.000000000000000000e+00 0.000000000000000000e+00 0.000000000000000000e+00 0.000000000000000000e+00 0.000000000000000000e+00 0.000000000000000000e+00
2.000000000000000000e+00 9.861221489608134050e-01 9.426004394000360095e-03 4.451846645186897586e-03 0.000000000000000000e+00 -9.605832982565992717e-02 8.245524707616847665e-03 1.134903242360859807e-02 -6.527835708788951030e-02 -1.651340464192771950e-03 6.263880636248121345e-03 0.000000000000000000e+00 0.000000000000000000e+00 0.000000000000000000e+00 0.000000000000000000e+00 0.000000000000000000e+00 0.000000000000000000e+00
2.099999999999999645e+00 9.986722216672153651e-01 8.431324528676818492e-04 4.846458799158721181e-04 0.000000000000000000e+00 2.809260556874752443e-02 7.267609984326037741e-03 1.099145203621360728e-02 1.905755003636096928e-02 4.478760619840518355e-04 4.561004657489760891e-04 0.000000000000000000e+00 0.000000000000000000e+00 0.000000000000000000e+00 0.000000000000000000e+00 0.000000000000000000e+00 0.000000000000000000e+00
2.199999999999999734e+00 9.659526780209246599e-01 2.323344350372259087e-02 1.081387847535399474e-02 0.000000000000000000e+00 1.496944270662146914e-01 5.829697206320515364e-03 1.048333045715536642e-02 1.016651100713824862e-01 2.238176889825036712e-03 1.569185135122009092e-02 0.000000000000000000e+00 0.000000000000000000e+00 0.000000000000000000e+00 0.000000000000000000e+00 0.000000000000000000e+00 0.000000000000000000e+00
2.299999999999999822e+00 8.909337776033832146e-01 7.456458035306549881e-02 3.450164204355333358e-02 0.000000000000000000e+00 2.577123140599125728e-01 4.057862021677669830e-03 9.858095191847675645e-03 1.750471255182897146e-01 3.648834176310946850e-03 5.058939088066963935e-02 0.000000000000000000e+00 0.000000000000000000e+00 0.000000000000000000e+00 0.000000000000000000e+00 0.000000000000000000e+00 0.000000000000000000e+00
2.399999999999999911e+00 7.804248342708601793e-01 1.501775821667536703e-01 6.939758356238616421e-02 0.000000000000000000e+00 3.423418221542775530e-01 2.095615993317942981e-03 9.151501010429266211e-03 2.325421418561744447e-01 4.638833118941206035e-03 1.019825599551461154e-01 0.000000000000000000e+00 0.000000000000000000e+00 0.000000000000000000e+00 0.000000000000000000e+00 0.000000000000000000e+00 0.000000000000000000e+00
2.500000000000000000e+00 6.444553921742677272e-01 2.432102810733507980e-01 1.123343267523813221e-01 0.000000000000000000e+00 3.959017159021472332e-01 9.272613696934060672e-05 8.398769952668883390e-03 2.689310754621553334e-01 5.198225393304861663e-03 1.652084793120134898e-01 0.000000000000000000e+00 0.000000000000000000e+00 0.000000000000000000e+00 0.000000000000000000e+00 0.000000000000000000e+00 0.000000000000000000e+00
2.600000000000000089e+00 4.953660582142995206e-01 3.452193402856864601e-01 1.594146015000147687e-01 0.000000000000000000e+00 4.135295407266674217e-01 -1.806301098901715550e-03 7.632236516396581454e-03 2.809098284403453993e-01 5.347050913935788921e-03 2.345301955151445905e-01 0.000000000000000000e+00 0.000000000000000000e+00 0.000000000000000000e+00 0.000000000000000000e+00 0.000000000000000000e+00 0.000000000000000000e+00
2.699999999999999734e+00 3.466918443976020336e-01 4.469442560869265613e-01 2.063638995154702394e-01 0.000000000000000000e+00 3.936240189509478959e-01 -3.472826980505565667e-03 6.879135803696925615e-03 2.673898999325052817e-01 5.131918326959725857e-03 3.036557639279809928e-01 0.000000000000000000e+00 0.000000000000000000e+00 0.000000000000000000e+00 0.000000000000000000e+00 0.000000000000000000e+00 0.000000000000000000e+00
2.799999999999999822e+00 2.119315223532400594e-01 5.391493428736120475e-01 2.489191347731481430e-01 0.000000000000000000e+00 3.379935937828500991e-01 -4.803234719905160634e-03 6.160225330331853960e-03 2.295993522731852587e-01 4.620818604185660330e-03 3.663103001242651868e-01 0.000000000000000000e+00 0.000000000000000000e+00 0.000000000000000000e+00 0.000000000000000000e+00 0.000000000000000000e+00 0.000000000000000000e+00
2.899999999999999911e+00 1.033096518688704224e-01 6.134707299742829800e-01 2.832196181568452653e-01 0.000000000000000000e+00 2.516836495169603727e-01 -5.726068294968557348e-03 5.488968752885952686e-03 1.709654680303984708e-01 3.896284148264119156e-03 4.168114260242980484e-01 0.000000000000000000e+00 0.000000000000000000e+00 0.000000000000000000e+00 0.000000000000000000e+00 0.000000000000000000e+00 0.000000000000000000e+00
3.000000000000000000e+00 3.069198750911890372e-02 6.631584173021884965e-01 3.061495951886923361e-01 0.000000000000000000e+00 1.425311708627343410e-01 -6.205998184358322775e-03 4.871680402400834636e-03 9.681221989810000206e-02 3.048022086912928301e-03 4.505734019719729311e-01 0.000000000000000000e+00 0.000000000000000000e+00 0.000000000000000000e+00 0.000000000000000000e+00 0.000000000000000000e+00 0.000000000000000000e+00
