0.000000000000000000e+00 8.676084288764634327e-12 9.215767321914984760e-12 -1.000000000000000000e+00
1.025641025641025605e-01 2.279418212649373665e-01 2.230044064301781592e-01 -9.446381538177337500e-01
2.051282051282051211e-01 4.466349241004419768e-01 3.855633216286557530e-01 -7.907056819558015981e-01
3.076923076923077094e-01 6.398222634459970193e-01 4.448326981786638323e-01 -5.702975016813127684e-01
4.102564102564102422e-01 7.830528074931681903e-01 3.875411500863503722e-01 -3.245756188902860773e-01
5.128205128205127750e-01 8.501432825406075589e-01 2.326224119554086422e-01 -9.151166713998357127e-02
6.153846153846154188e-01 8.239601058424200763e-01 2.406896457756321772e-02 1.028708547391700007e-01
7.179487179487179516e-01 7.056804505584300946e-01 -1.832274553531432204e-01 2.474546030575599520e-01
8.205128205128204844e-01 5.176841756818325591e-01 -3.397801151003709275e-01 3.440422575429554208e-01
9.230769230769230171e-01 2.985681711598717758e-01 -4.147774933343950643e-01 4.026947305757111462e-01
1.025641025641025550e+00 9.223900808280965924e-02 -4.027219398585564214e-01 4.367818169486464286e-01
1.128205128205128194e+00 -6.476061020498510845e-02 -3.218369038612454713e-01 4.591905388312014225e-01
1.230769230769230838e+00 -1.530216601502538964e-01 -2.054690327870919986e-01 4.800747152918677929e-01
1.333333333333333259e+00 -1.738321055797064085e-01 -8.970477591694765718e-02 5.060131404732071125e-01
1.435897435897435903e+00 -1.453929521302707029e-01 -1.771297979177063886e-03 5.400982916619515573e-01
1.538461538461538325e+00 -9.376785771770633493e-02 4.657700891162113582e-02 5.825532773408387266e-01
1.641025641025640969e+00 -4.269346494834530548e-02 5.888197572317752787e-02 6.315916882364007723e-01
1.743589743589743613e+00 -6.550431114852345305e-03 4.813365029983644738e-02 6.843059957457076070e-01
1.846153846153846034e+00 1.117916180703601783e-02 2.904919292953059284e-02 7.374552495972314103e-01
1.948717948717948678e+00 1.472881822225965628e-02 1.214727457004592670e-02 7.880852640477640225e-01
2.051282051282051100e+00 1.104017155755148381e-02 1.828228775727064499e-03 8.339214070997339467e-01
2.153846153846153744e+00 5.835317136442798487e-03 -2.281088670682280238e-03 8.735458586945037407e-01
2.256410256410256387e+00 2.021697637137440714e-03 -2.667201047194324090e-03 9.063838254825451468e-01
2.358974358974359031e+00 1.474890265499332557e-04 -1.698181690518189933e-03 9.325577294527712668e-01
2.461538461538461675e+00 -3.856354558621425256e-04 -7.278346179476418527e-04 9.526794945159188233e-01
2.564102564102563875e+00 -3.343358063745191359e-04 -1.826793151983931195e-04 9.676356700163680769e-01
2.666666666666666519e+00 -1.602547257851606776e-04 1.553568388148943559e-05 9.784063457238931782e-01
2.769230769230769162e+00 -5.335754737739056321e-05 4.581189697674045431e-05 9.859349290294272539e-01
2.871794871794871806e+00 -7.911842720669122318e-06 2.593972090729743026e-05 9.910504915648631341e-01
2.974358974358974450e+00 1.950432134934840500e-06 6.486162310350197846e-06 9.944339182744843519e-01
3.076923076923076650e+00 1.176923974934595662e-06 9.168886953751179946e-07 9.966145186549598689e-01
3.179487179487179294e+00 1.291028682172179217e-06 9.840079170682014477e-07 9.979852783649829640e-01
3.282051282051281937e+00 -2.631648375333860754e-07 -3.832460352067419912e-06 9.988264097465037183e-01
3.384615384615384581e+00 -4.362045385178523743e-06 3.485017642544632792e-07 9.993305909797729480e-01
3.487179487179487225e+00 6.713506925229544443e-07 -1.874114727689426942e-06 9.996259796829429778e-01
3.589743589743589425e+00 4.629815540179174001e-07 2.832329501098653975e-07 9.997952282262775325e-01
3.692307692307692069e+00 5.614420019508429059e-07 8.647667545403755326e-07 9.998901109551420197e-01
3.794871794871794712e+00 2.693284664171794340e-06 -6.268159791361721095e-07 9.999421804029517968e-01
3.897435897435897356e+00 8.708053794007894345e-07 -1.719973346491636693e-06 9.999701629534913927e-01
4.000000000000000000e+00 1.074138204248496708e-06 9.819723776972145682e-07 9.999848952095108379e-01
