0.000000000000000000e+00 8.179275917240114398e-12 9.327817460761111136e-12 -1.000000000000000000e+00
1.025641025641025605e-01 2.159753480258339575e-01 2.271786679403158538e-01 -9.481366573207119508e-01
2.051282051282051211e-01 4.259301604260187224e-01 4.006656794884724260e-01 -8.024236660177990199e-01
3.076923076923077094e-01 6.179193479170083103e-01 4.815139805055703714e-01 -5.888247174016181251e-01
4.102564102564102422e-01 7.724497897198111529e-01 4.550399845403607646e-01 -3.405819865211452968e-01
5.128205128205127750e-01 8.665623976558214370e-01 3.327545378167851009e-01 -8.891170263359243764e-02
6.153846153846154188e-01 8.816270860095580808e-01 1.474732888297678457e-01 1.429732286061590196e-01
7.179487179487179516e-01 8.113525624008319781e-01 -5.606134704100232402e-02 3.417370526550984611e-01
8.205128205128204844e-01 6.665329575568724740e-01 -2.326529645406996694e-01 5.027250215610663542e-01
9.230769230769230171e-01 4.743225419519065955e-01 -3.478822264990299451e-01 6.274322809339261120e-01
1.025641025641025550e+00 2.716583623246047186e-01 -3.862248706195056114e-01 7.208787559118916555e-01
1.128205128205128194e+00 9.482457722336215533e-02 -3.534820157079369696e-01 7.894727266048319203e-01
1.230769230769230838e+00 -3.083127871555393917e-02 -2.724372494377885201e-01 8.395126653713904652e-01
1.333333333333333259e+00 -9.688783751088018981e-02 -1.734015379822987646e-01 8.763366819088848070e-01
1.435897435897435903e+00 -1.112966647611720039e-01 -8.355244465836601797e-02 9.040088826161336577e-01
1.538461538461538325e+00 -9.224022917294223689e-02 -1.943261613009908059e-02 9.253542178829594622e-01
1.641025641025640969e+00 -5.982797699519195461e-02 1.505681683343799288e-02 9.421963722849023837e-01
1.743589743589743613e+00 -2.937639193112717012e-02 2.563672186928020458e-02 9.556607042952164344e-01
1.846153846153846034e+00 -8.514788890336509944e-03 2.219197730881211639e-02 9.664454534802011665e-01
1.948717948717948678e+00 1.887150243759355348e-03 1.383413381504846468e-02 9.750166104450623816e-01
2.051282051282051100e+00 4.787890218290368795e-03 6.270948593670251994e-03 9.817295382483823829e-01
2.153846153846153744e+00 3.966159121042475005e-03 1.625325909985335295e-03 9.868890861971194584e-01
2.256410256410256387e+00 2.206099649251586081e-03 -3.426279942546183854e-04 9.907722963625960055e-01
2.358974358974359031e+00 8.450881268400151861e-04 -7.258700545939056640e-04 9.936312971101534108e-01
2.461538461538461675e+00 1.529171749155539646e-04 -5.075195206346795780e-04 9.956898698229528222e-01
2.564102564102563875e+00 -6.915512505805586829e-05 -2.327563187545181203e-04 9.971395781471074082e-01
2.666666666666666519e+00 -7.903034641253000269e-05 -6.983211432008001873e-05 9.981383193631589990e-01
2.769230769230769162e+00 -4.108687969477989017e-05 -3.971960380183680049e-06 9.988116242250087984e-01
2.871794871794871806e+00 -1.391761245797525609e-05 5.788400595997150974e-06 9.992559248333643396e-01
2.974358974358974450e+00 -1.461021358539174421e-06 5.458960973008469849e-06 9.995429838319619398e-01
3.076923076923076650e+00 -9.836761843169972157e-07 2.171899936645909307e-06 9.997246170408802257e-01
3.179487179487179294e+00 -2.231458365224411000e-07 1.727264706798733905e-06 9.998371945497618318e-01
3.282051282051281937e+00 -2.460585140515080403e-06 -1.527289118770434795e-06 9.999055584817705400e-01
3.384615384615384581e+00 2.086251994944860135e-06 9.697630682439066129e-07 9.999462408229452537e-01
3.487179487179487225e+00 6.180561715102059520e-07 -5.532355885547966072e-07 9.999699686807150822e-01
3.589743589743589425e+00 3.138397746987617515e-06 -8.885399061965821236e-07 9.999835350365712250e-01
3.692307692307692069e+00 8.235476995874258759e-07 -1.245427338382697355e-06 9.999911396955470932e-01
3.794871794871794712e+00 9.289287673037436538e-07 1.209935068369590753e-06 9.999953196887320095e-01
3.897435897435897356e+00 -1.236667202553906168e-06 5.036116902551609301e-07 9.999975729605289354e-01
4.000000000000000000e+00 -6.407586846913526515e-07 -1.890041750504692880e-06 9.999987643543913896e-01
