0.000000000000000000e+00 8.067115190971922711e-12 9.395012815758173131e-12 -1.000000000000000000e+00
1.025641025641025605e-01 2.134412459570120268e-01 2.294263523114790371e-01 -9.488483305331311124e-01
2.051282051282051211e-01 4.225847483374219338e-01 4.080296168512539401e-01 -8.042937225070954099e-01
3.076923076923077094e-01 6.171963904839332660e-01 4.981372777183444844e-01 -5.898255684987220304e-01
4.102564102564102422e-01 7.790107914933089850e-01 4.837192196516764131e-01 -3.359964161661989634e-01
5.128205128205127750e-01 8.849504667646246325e-01 3.725960324404251622e-01 -7.272082259181401886e-02
6.153846153846154188e-01 9.143608254331713203e-01 1.932713301644564952e-01 1.757224966396183086e-01
7.179487179487179516e-01 8.574195197083256392e-01 -1.217333770997919284e-02 3.928853457724810760e-01
8.205128205128204844e-01 7.212990735924399432e-01 -1.982743597133306834e-01 5.702508562191501706e-01
9.230769230769230171e-01 5.309313980765228980e-01 -3.276960324331303909e-01 7.063272003622620421e-01
1.025641025641025550e+00 3.232017353316742891e-01 -3.809108176006759106e-01 8.048291332047727842e-01
1.128205128205128194e+00 1.361896446908790193e-01 -3.602195910043898275e-01 8.725557976729606535e-01
1.230769230769230838e+00 -1.973801984057700631e-03 -2.864716005940808885e-01 9.171957154758743069e-01
1.333333333333333259e+00 -8.009798854849477234e-02 -1.897356574777125937e-01 9.457995681989017633e-01
1.435897435897435903e+00 -1.041354542698552377e-01 -9.828587504215242909e-02 9.639453900211215620e-01
1.538461538461538325e+00 -9.138592823658822639e-02 -3.040834696696290487e-02 9.755701137789573041e-01
1.641025641025640969e+00 -6.209213379403018956e-02 8.303735382804607046e-03 9.832130661580659181e-01
1.743589743589743613e+00 -3.239974458264467672e-02 2.238290696688025744e-02 9.884001363500930504e-01
1.846153846153846034e+00 -1.100148637271271268e-02 2.122181107154037794e-02 9.920133524759835453e-01
1.948717948717948678e+00 3.445669134202813955e-04 1.398615866128127827e-02 9.945633937126197033e-01
2.051282051282051100e+00 4.073198581928385784e-03 6.757728210485820786e-03 9.963612430244095375e-01
2.153846153846153744e+00 3.758953747430612401e-03 2.034803292001839767e-03 9.976137893479704033e-01
2.256410256410256387e+00 2.221216807686758436e-03 -1.064630883259771749e-04 9.984698241808547259e-01
2.358974358974359031e+00 9.116771305348570723e-04 -6.282421307802255094e-04 9.990414686624325968e-01
2.461538461538461675e+00 2.061904624799175108e-04 -4.849892146047135176e-04 9.994137097138624526e-01
2.564102564102563875e+00 -4.239647045457676285e-05 -2.317378702091038123e-04 9.996498944478146020e-01
2.666666666666666519e+00 -6.993454011134849358e-05 -7.052103546562977978e-05 9.997958869385458192e-01
2.769230769230769162e+00 -4.164644415782506250e-05 -7.790732156997472749e-06 9.998838114933452648e-01
2.871794871794871806e+00 -1.622024454867446308e-05 7.811146605733605946e-06 9.999354171683901837e-01
2.974358974358974450e+00 -8.182857745493085373e-06 5.543450764212957705e-06 9.999649428091175185e-01
3.076923076923076650e+00 1.082564314931567212e-06 5.859410550612155277e-07 9.999814139476445041e-01
3.179487179487179294e+00 -9.323347845925562194e-07 6.935410965678216723e-07 9.999903751905337979e-01
3.282051282051281937e+00 -2.608843292869477028e-06 -1.968771412494028320e-06 9.999951310956667339e-01
3.384615384615384581e+00 4.819228452994526832e-07 1.219653591746521525e-06 9.999975937299792061e-01
3.487179487179487225e+00 6.228833512951099408e-07 2.306967662171656210e-06 9.999988380939934807e-01
3.589743589743589425e+00 3.726933293442457205e-07 1.022215078717083684e-06 9.999994517864631005e-01
3.692307692307692069e+00 2.336395413726123197e-06 3.534587148132889277e-06 9.999997472262225351e-01
3.794871794871794712e+00 3.052098585773919415e-06 -7.348152687468757997e-07 9.999998861004429918e-01
3.897435897435897356e+00 -1.804980923817433612e-06 2.868863141994140746e-07 9.999999498417612154e-01
4.000000000000000000e+00 1.143408713843359666e-06 -2.618839761955128695e-06 9.999999784092081789e-01
