1.000000000000000056e-01 3.564599387775843620e-02 -1.580553914604311549e-02 -9.948107838621357280e-01
2.000000000000000111e-01 3.974139872009658722e-03 -1.788517342880478235e-03 -9.793827127833347745e-01
2.999999999999999889e-01 4.847460629434448596e-05 -2.236042011379716710e-05 -9.541364404150330936e-01
4.000000000000000222e-01 7.662395416880271153e-08 -3.658166536114797397e-08 -9.197758193182670183e-01
5.000000000000000000e-01 1.655133643469545059e-11 -8.258654115796988951e-12 -8.772832877095962933e-01
5.999999999999999778e-01 -1.489614182099395130e-15 -2.991452807602312906e-15 -8.278994669598285228e-01
6.999999999999999556e-01 -3.329297283236872584e-16 -8.765107959215658208e-16 -7.730773113926893148e-01
7.999999999999999334e-01 2.474137490540734632e-15 -3.897348726057323235e-15 -7.144131834964099204e-01
8.999999999999999112e-01 1.561359552220761260e-16 -4.133642340878027654e-16 -6.535532179327498969e-01
9.999999999999998890e-01 1.702941881101762657e-15 -1.951402665532096177e-15 -5.920955948400397073e-01
1.099999999999999867e+00 3.234562601676063352e-16 -6.110270408357785372e-16 -5.314894863259845836e-01
1.199999999999999956e+00 -3.663774612834057084e-16 -1.828841985187251115e-15 -4.729603565189910985e-01
1.300000000000000044e+00 8.479354511484218912e-16 -8.892713550846036604e-16 -4.174603019464702136e-01
1.399999999999999911e+00 4.804215213893699760e-16 -1.085402953813399673e-15 -3.656536373729660228e-01
1.500000000000000000e+00 5.297548315254131565e-17 -1.705707539869872770e-15 -3.179325731169790892e-01
1.599999999999999867e+00 2.027542175257037714e-16 -5.998471118037340121e-16 -2.744596531632678138e-01
1.699999999999999956e+00 1.461807125195350170e-16 -5.515476392865837695e-16 -2.352211428703089025e-01
1.800000000000000044e+00 -1.369328933025732901e-16 -9.028308851930030621e-16 -2.000823924568179701e-01
1.899999999999999911e+00 7.779119957441722936e-17 -7.019272984364462714e-16 -1.688370572322165919e-01
2.000000000000000000e+00 1.118562269778282618e-16 -3.718544241097508551e-16 -1.412453747860411002e-01
2.099999999999999645e+00 1.100309036756616262e-17 -6.003865822828805348e-16 -1.170567010048817330e-01
2.199999999999999734e+00 2.654035277238297188e-17 -3.361152270712041515e-16 -9.602216962676683731e-02
2.299999999999999822e+00 -1.502845518816980686e-17 -2.697964028894455151e-16 -7.789762333632735403e-02
2.399999999999999911e+00 5.605049949460131200e-17 -2.486998020557126648e-16 -6.244233842309411531e-02
2.500000000000000000e+00 2.157074406618061862e-17 -1.932123273840380513e-16 -4.941569581952584556e-02
2.600000000000000089e+00 9.389017511136204383e-18 -1.444189303521680512e-16 -3.857563996423404862e-02
2.699999999999999734e+00 1.717200060009526436e-17 -1.118264210827216637e-16 -2.967868166779731587e-02
2.799999999999999822e+00 1.327395440250041506e-18 -9.387662243431261315e-17 -2.248312063895324675e-02
2.899999999999999911e+00 6.571838871009118062e-18 -6.517621696964063807e-17 -1.675286225974064597e-02
3.000000000000000000e+00 -5.756006821675645519e-18 -4.399045305690746126e-17 -1.226263736277714844e-02
