1.000000000000000056e-01 1.000000000000000000e+00 0.000000000000000000e+00 4.219474704826585697e-19 0.000000000000000000e+00 0.000000000000000000e+00 0.000000000000000000e+00 -1.028035831624651290e-11 1.757047523800875540e-11 0.000000000000000000e+00 0.000000000000000000e+00 0.000000000000000000e+00 0.000000000000000000e+00 0.000000000000000000e+00 0.000000000000000000e+00 0.000000000000000000e+00 0.000000000000000000e+00
2.000000000000000111e-01 9.999999999999986677e-01 0.000000000000000000e+00 1.694728757972219399e-18 0.000000000000000000e+00 0.000000000000000000e+00 0.000000000000000000e+00 -1.611123508922253003e-11 3.569557855175169593e-11 0.000000000000000000e+00 0.000000000000000000e+00 0.000000000000000000e+00 0.000000000000000000e+00 0.000000000000000000e+00 0.000000000000000000e+00 0.000000000000000000e+00 0.000000000000000000e+00
2.999999999999999889e-01 1.000000000000000000e+00 0.000000000000000000e+00 3.903713064026788431e-18 0.000000000000000000e+00 0.000000000000000000e+00 0.000000000000000000e+00 -2.365651793213926447e-11 5.324782928908393748e-11 0.000000000000000000e+00 0.000000000000000000e+00 0.000000000000000000e+00 0.000000000000000000e+00 0.000000000000000000e+00 0.000000000000000000e+00 0.000000000000000000e+00 0.000000000000000000e+00
4.000000000000000222e-01 1.000000000000000000e+00 0.000000000000000000e+00 6.721400658620693452e-18 0.000000000000000000e+00 0.000000000000000000e+00 0.000000000000000000e+00 -5.113150991163568274e-11 7.019173143245965598e-11 0.000000000000000000e+00 0.000000000000000000e+00 0.000000000000000000e+00 0.000000000000000000e+00 0.000000000000000000e+00 0.000000000000000000e+00 0.000000000000000000e+00 0.000000000000000000e+00
5.000000000000000000e-01 1.000000000000002220e+00 0.000000000000000000e+00 1.066645169892425109e-17 0.000000000000000000e+00 0.000000000000000000e+00 0.000000000000000000e+00 -6.396761562909061726e-11 8.800762063328460211e-11 0.000000000000000000e+00 0.000000000000000000e+00 0.000000000000000000e+00 0.000000000000000000e+00 0.000000000000000000e+00 0.000000000000000000e+00 0.000000000000000000e+00 0.000000000000000000e+00
5.999999999999999778e-01 9.999999999999990008e-01 0.000000000000000000e+00 1.566586063281617264e-17 0.000000000000000000e+00 0.000000000000000000e+00 0.000000000000000000e+00 -6.547491486754437773e-11 1.057460573898740188e-10 0.000000000000000000e+00 0.000000000000000000e+00 0.000000000000000000e+00 0.000000000000000000e+00 0.000000000000000000e+00 0.000000000000000000e+00 0.000000000000000000e+00 0.000000000000000000e+00
6.999999999999999556e-01 1.000000000000000000e+00 0.000000000000000000e+00 2.127161141480562291e-17 0.000000000000000000e+00 0.000000000000000000e+00 0.000000000000000000e+00 -6.530962002666854100e-11 1.233991775800152375e-10 0.000000000000000000e+00 0.000000000000000000e+00 0.000000000000000000e+00 0.000000000000000000e+00 0.000000000000000000e+00 0.000000000000000000e+00 0.000000000000000000e+00 0.000000000000000000e+00
7.999999999999999334e-01 1.000000000000000000e+00 0.000000000000000000e+00 2.771132882546653802e-17 0.000000000000000000e+00 0.000000000000000000e+00 0.000000000000000000e+00 -6.858319559062887761e-11 1.409068252470122905e-10 0.000000000000000000e+00 0.000000000000000000e+00 0.000000000000000000e+00 0.000000000000000000e+00 0.000000000000000000e+00 0.000000000000000000e+00 0.000000000000000000e+00 0.000000000000000000e+00
8.999999999999999112e-01 1.000000000000000000e+00 0.000000000000000000e+00 3.456440204312313047e-17 0.000000000000000000e+00 0.000000000000000000e+00 0.000000000000000000e+00 -7.671464724349021631e-11 1.579566376971005486e-10 0.000000000000000000e+00 0.000000000000000000e+00 0.000000000000000000e+00 0.000000000000000000e+00 0.000000000000000000e+00 0.000000000000000000e+00 0.000000000000000000e+00 0.000000000000000000e+00
9.999999999999998890e-01 9.999999999999993339e-01 0.000000000000000000e+00 4.069180581347844076e-17 0.000000000000000000e+00 0.000000000000000000e+00 0.000000000000000000e+00 -8.807249768166610079e-11 1.746318555411920795e-10 0.000000000000000000e+00 0.000000000000000000e+00 0.000000000000000000e+00 0.000000000000000000e+00 0.000000000000000000e+00 0.000000000000000000e+00 0.000000000000000000e+00 0.000000000000000000e+00
1.099999999999999867e+00 1.000000000000000000e+00 0.000000000000000000e+00 5.013516967624657914e-17 0.000000000000000000e+00 0.000000000000000000e+00 0.000000000000000000e+00 -1.012810450188840039e-10 1.913756363921969893e-10 0.000000000000000000e+00 0.000000000000000000e+00 0.000000000000000000e+00 0.000000000000000000e+00 0.000000000000000000e+00 0.000000000000000000e+00 0.000000000000000000e+00 0.000000000000000000e+00
1.199999999999999956e+00 1.000000000000000000e+00 0.000000000000000000e+00 6.150511866633027307e-17 0.000000000000000000e+00 0.000000000000000000e+00 0.000000000000000000e+00 -1.141964036707084542e-10 2.082089569280710717e-10 0.000000000000000000e+00 0.000000000000000000e+00 0.000000000000000000e+00 0.000000000000000000e+00 0.000000000000000000e+00 0.000000000000000000e+00 0.000000000000000000e+00 0.000000000000000000e+00
1.300000000000000044e+00 1.000000000000000000e+00 0.000000000000000000e+00 7.076311249852980659e-17 0.000000000000000000e+00 0.000000000000000000e+00 0.000000000000000000e+00 -1.264631982341975722e-10 2.244970170290551622e-10 0.000000000000000000e+00 0.000000000000000000e+00 0.000000000000000000e+00 0.000000000000000000e+00 0.000000000000000000e+00 0.000000000000000000e+00 0.000000000000000000e+00 0.000000000000000000e+00
1.399999999999999911e+00 1.000000000000000000e+00 0.000000000000000000e+00 8.237342985632267443e-17 0.000000000000000000e+00 0.000000000000000000e+00 0.000000000000000000e+00 -1.369050824305748963e-10 2.411601178132882244e-10 0.000000000000000000e+00 0.000000000000000000e+00 0.000000000000000000e+00 0.000000000000000000e+00 0.000000000000000000e+00 0.000000000000000000e+00 0.000000000000000000e+00 0.000000000000000000e+00
1.500000000000000000e+00 1.000000000000000666e+00 0.000000000000000000e+00 9.592101011047741016e-17 0.000000000000000000e+00 0.000000000000000000e+00 0.000000000000000000e+00 -1.450523764995454428e-10 2.568874410623160073e-10 0.000000000000000000e+00 0.000000000000000000e+00 0.000000000000000000e+00 0.000000000000000000e+00 0.000000000000000000e+00 0.000000000000000000e+00 0.000000000000000000e+00 0.000000000000000000e+00
1.599999999999999867e+00 1.000000000000000000e+00 0.000000000000000000e+00 1.092653175839884094e-16 0.000000000000000000e+00 0.000000000000000000e+00 0.000000000000000000e+00 -1.514587133774113002e-10 2.725007671371988382e-10 0.000000000000000000e+00 0.000000000000000000e+00 0.000000000000000000e+00 0.000000000000000000e+00 0.000000000000000000e+00 0.000000000000000000e+00 0.000000000000000000e+00 0.000000000000000000e+00
1.699999999999999956e+00 9.999999999999996669e-01 0.000000000000000000e+00 1.213450899174409102e-16 0.000000000000000000e+00 0.000000000000000000e+00 0.000000000000000000e+00 -1.556391284066297938e-10 2.882627486251124394e-10 0.000000000000000000e+00 0.000000000000000000e+00 0.000000000000000000e+00 0.000000000000000000e+00 0.000000000000000000e+00 0.000000000000000000e+00 0.000000000000000000e+00 0.000000000000000000e+00
1.800000000000000044e+00 9.999999999999997780e-01 0.000000000000000000e+00 1.309498500985319962e-16 0.000000000000000000e+00 0.000000000000000000e+00 0.000000000000000000e+00 -1.582936593396504950e-10 3.031680944694997508e-10 0.000000000000000000e+00 0.000000000000000000e+00 0.000000000000000000e+00 0.000000000000000000e+00 0.000000000000000000e+00 0.000000000000000000e+00 0.000000000000000000e+00 0.000000000000000000e+00
1.899999999999999911e+00 1.000000000000001554e+00 0.000000000000000000e+00 1.514727929382338912e-16 0.000000000000000000e+00 0.000000000000000000e+00 0.000000000000000000e+00 -1.593782594240006906e-10 3.176931142866688939e-10 0.000000000000000000e+00 0.000000000000000000e+00 0.000000000000000000e+00 0.000000000000000000e+00 0.000000000000000000e+00 0.000000000000000000e+00 0.000000000000000000e+00 0.000000000000000000e+00
2.000000000000000000e+00 1.000000000000001998e+00 0.000000000000000000e+00 1.721920303933885378e-16 0.000000000000000000e+00 0.000000000000000000e+00 0.000000000000000000e+00 -1.593160268564128577e-10 3.315790655538651231e-10 0.000000000000000000e+00 0.000000000000000000e+00 0.000000000000000000e+00 0.000000000000000000e+00 0.000000000000000000e+00 0.000000000000000000e+00 0.000000000000000000e+00 0.000000000000000000e+00
2.099999999999999645e+00 9.999999999999990008e-01 0.000000000000000000e+00 1.850041751868294645e-16 0.000000000000000000e+00 0.000000000000000000e+00 0.000000000000000000e+00 -1.577961088748492116e-10 3.449352427446091495e-10 0.000000000000000000e+00 0.000000000000000000e+00 0.000000000000000000e+00 0.000000000000000000e+00 0.000000000000000000e+00 0.000000000000000000e+00 0.000000000000000000e+00 0.000000000000000000e+00
2.199999999999999734e+00 9.999999999999988898e-01 0.000000000000000000e+00 2.020879387921147175e-16 0.000000000000000000e+00 0.000000000000000000e+00 0.000000000000000000e+00 -1.558586435111325723e-10 3.579459151434343488e-10 0.000000000000000000e+00 0.000000000000000000e+00 0.000000000000000000e+00 0.000000000000000000e+00 0.000000000000000000e+00 0.000000000000000000e+00 0.000000000000000000e+00 0.000000000000000000e+00
2.299999999999999822e+00 9.999999999999986677e-01 0.000000000000000000e+00 2.210016674835605454e-16 0.000000000000000000e+00 0.000000000000000000e+00 0.000000000000000000e+00 -1.531794183278824731e-10 3.706586610748015409e-10 0.000000000000000000e+00 0.000000000000000000e+00 0.000000000000000000e+00 0.000000000000000000e+00 0.000000000000000000e+00 0.000000000000000000e+00 0.000000000000000000e+00 0.000000000000000000e+00
2.399999999999999911e+00 1.000000000000001332e+00 0.000000000000000000e+00 2.413942050852742329e-16 0.000000000000000000e+00 0.000000000000000000e+00 0.000000000000000000e+00 -1.496299526035002241e-10 3.822525125845361246e-10 0.000000000000000000e+00 0.000000000000000000e+00 0.000000000000000000e+00 0.000000000000000000e+00 0.000000000000000000e+00 0.000000000000000000e+00 0.000000000000000000e+00 0.000000000000000000e+00
2.500000000000000000e+00 9.999999999999982236e-01 0.000000000000000000e+00 2.549930246983568714e-16 0.000000000000000000e+00 0.000000000000000000e+00 0.000000000000000000e+00 -1.458754898486057971e-10 3.934508894244483557e-10 0.000000000000000000e+00 0.000000000000000000e+00 0.000000000000000000e+00 0.000000000000000000e+00 0.000000000000000000e+00 0.000000000000000000e+00 0.000000000000000000e+00 0.000000000000000000e+00
2.600000000000000089e+00 1.000000000000000000e+00 0.000000000000000000e+00 2.858356349173457904e-16 0.000000000000000000e+00 0.000000000000000000e+00 0.000000000000000000e+00 -1.416794851435579212e-10 4.037872685915618941e-10 0.000000000000000000e+00 0.000000000000000000e+00 0.000000000000000000e+00 0.000000000000000000e+00 0.000000000000000000e+00 0.000000000000000000e+00 0.000000000000000000e+00 0.000000000000000000e+00
2.699999999999999734e+00 9.999999999999985567e-01 0.000000000000000000e+00 3.025751437615209337e-16 0.000000000000000000e+00 0.000000000000000000e+00 0.000000000000000000e+00 -1.369856542677011809e-10 4.134442480468556901e-10 0.000000000000000000e+00 0.000000000000000000e+00 0.000000000000000000e+00 0.000000000000000000e+00 0.000000000000000000e+00 0.000000000000000000e+00 0.000000000000000000e+00 0.000000000000000000e+00
2.799999999999999822e+00 9.999999999999985567e-01 0.000000000000000000e+00 3.348894128116535639e-16 0.000000000000000000e+00 0.000000000000000000e+00 0.000000000000000000e+00 -1.318678400959090584e-10 4.226848129330735799e-10 0.000000000000000000e+00 0.000000000000000000e+00 0.000000000000000000e+00 0.000000000000000000e+00 0.000000000000000000e+00 0.000000000000000000e+00 0.000000000000000000e+00 0.000000000000000000e+00
2.899999999999999911e+00 9.999999999999994449e-01 0.000000000000000000e+00 3.442882833436770579e-16 0.000000000000000000e+00 0.000000000000000000e+00 0.000000000000000000e+00 -1.262806159629745646e-10 4.311163263374183637e-10 0.000000000000000000e+00 0.000000000000000000e+00 0.000000000000000000e+00 0.000000000000000000e+00 0.000000000000000000e+00 0.000000000000000000e+00 0.000000000000000000e+00 0.000000000000000000e+00
3.000000000000000000e+00 1.000000000000000000e+00 0.000000000000000000e+00 3.803002751959710809e-16 0.000000000000000000e+00 0.000000000000000000e+00 0.000000000000000000e+00 -1.204787715225157259e-10 4.383830914081804384e-10 0.000000000000000000e+00 0.000000000000000000e+00 0.000000000000000000e+00 0.000000000000000000e+00 0.000000000000000000e+00 0.000000000000000000e+00 0.000000000000000000e+00 0.000000000000000000e+00
