1.000000000000000056e-01 1.000000000000000000e+00 0.000000000000000000e+00 5.339588522501941959e-19 0.000000000000000000e+00 0.000000000000000000e+00 0.000000000000000000e+00 1.295495141573149522e-11 2.427193719171935426e-12 0.000000000000000000e+00 0.000000000000000000e+00 0.000000000000000000e+00 0.000000000000000000e+00 0.000000000000000000e+00 0.000000000000000000e+00 0.000000000000000000e+00 0.000000000000000000e+00
2.000000000000000111e-01 9.999999999999991118e-01 0.000000000000000000e+00 2.138614067916453884e-18 0.000000000000000000e+00 0.000000000000000000e+00 0.000000000000000000e+00 1.366234919199918780e-11 4.688120723248454378e-12 0.000000000000000000e+00 0.000000000000000000e+00 0.000000000000000000e+00 0.000000000000000000e+00 0.000000000000000000e+00 0.000000000000000000e+00 0.000000000000000000e+00 0.000000000000000000e+00
2.999999999999999889e-01 1.000000000000000000e+00 0.000000000000000000e+00 4.825159180406015907e-18 0.000000000000000000e+00 0.000000000000000000e+00 0.000000000000000000e+00 2.794628778550518206e-11 7.518104607561897625e-12 0.000000000000000000e+00 0.000000000000000000e+00 0.000000000000000000e+00 0.000000000000000000e+00 0.000000000000000000e+00 0.000000000000000000e+00 0.000000000000000000e+00 0.000000000000000000e+00
4.000000000000000222e-01 9.999999999999994449e-01 0.000000000000000000e+00 8.559951861797146354e-18 0.000000000000000000e+00 0.000000000000000000e+00 0.000000000000000000e+00 4.097028704105765838e-11 1.021814772671635689e-11 0.000000000000000000e+00 0.000000000000000000e+00 0.000000000000000000e+00 0.000000000000000000e+00 0.000000000000000000e+00 0.000000000000000000e+00 0.000000000000000000e+00 0.000000000000000000e+00
5.000000000000000000e-01 9.999999999999978906e-01 0.000000000000000000e+00 1.338747615103807916e-17 0.000000000000000000e+00 0.000000000000000000e+00 0.000000000000000000e+00 4.806845134815987331e-11 1.268175219946806008e-11 0.000000000000000000e+00 0.000000000000000000e+00 0.000000000000000000e+00 0.000000000000000000e+00 0.000000000000000000e+00 0.000000000000000000e+00 0.000000000000000000e+00 0.000000000000000000e+00
5.999999999999999778e-01 1.000000000000000000e+00 0.000000000000000000e+00 1.922671144349911889e-17 0.000000000000000000e+00 0.000000000000000000e+00 0.000000000000000000e+00 5.299099714610663358e-11 1.492809324237419923e-11 0.000000000000000000e+00 0.000000000000000000e+00 0.000000000000000000e+00 0.000000000000000000e+00 0.000000000000000000e+00 0.000000000000000000e+00 0.000000000000000000e+00 0.000000000000000000e+00
6.999999999999999556e-01 9.999999999999985567e-01 0.000000000000000000e+00 2.611894291503255257e-17 0.000000000000000000e+00 0.000000000000000000e+00 0.000000000000000000e+00 7.142308788576025332e-11 1.814268279918253472e-11 0.000000000000000000e+00 0.000000000000000000e+00 0.000000000000000000e+00 0.000000000000000000e+00 0.000000000000000000e+00 0.000000000000000000e+00 0.000000000000000000e+00 0.000000000000000000e+00
7.999999999999999334e-01 1.000000000000000888e+00 0.000000000000000000e+00 3.428502472611811933e-17 0.000000000000000000e+00 0.000000000000000000e+00 0.000000000000000000e+00 7.998847399155008937e-11 2.068845113881478078e-11 0.000000000000000000e+00 0.000000000000000000e+00 0.000000000000000000e+00 0.000000000000000000e+00 0.000000000000000000e+00 0.000000000000000000e+00 0.000000000000000000e+00 0.000000000000000000e+00
8.999999999999999112e-01 9.999999999999983347e-01 0.000000000000000000e+00 4.315289279640548639e-17 0.000000000000000000e+00 0.000000000000000000e+00 0.000000000000000000e+00 8.265709245217577799e-11 2.282668214715185505e-11 0.000000000000000000e+00 0.000000000000000000e+00 0.000000000000000000e+00 0.000000000000000000e+00 0.000000000000000000e+00 0.000000000000000000e+00 0.000000000000000000e+00 0.000000000000000000e+00
9.999999999999998890e-01 9.999999999999996669e-01 0.000000000000000000e+00 5.349966525351463811e-17 0.000000000000000000e+00 0.000000000000000000e+00 0.000000000000000000e+00 9.023711372614900266e-11 2.530664823868345514e-11 0.000000000000000000e+00 0.000000000000000000e+00 0.000000000000000000e+00 0.000000000000000000e+00 0.000000000000000000e+00 0.000000000000000000e+00 0.000000000000000000e+00 0.000000000000000000e+00
1.099999999999999867e+00 1.000000000000000000e+00 0.000000000000000000e+00 6.463316402662572383e-17 0.000000000000000000e+00 0.000000000000000000e+00 0.000000000000000000e+00 1.046816184322494564e-10 2.849699544055023137e-11 0.000000000000000000e+00 0.000000000000000000e+00 0.000000000000000000e+00 0.000000000000000000e+00 0.000000000000000000e+00 0.000000000000000000e+00 0.000000000000000000e+00 0.000000000000000000e+00
1.199999999999999956e+00 1.000000000000000000e+00 0.000000000000000000e+00 7.691014454391613558e-17 0.000000000000000000e+00 0.000000000000000000e+00 0.000000000000000000e+00 1.188925215273676721e-10 3.178879484537383881e-11 0.000000000000000000e+00 0.000000000000000000e+00 0.000000000000000000e+00 0.000000000000000000e+00 0.000000000000000000e+00 0.000000000000000000e+00 0.000000000000000000e+00 0.000000000000000000e+00
1.300000000000000044e+00 9.999999999999990008e-01 0.000000000000000000e+00 9.032731025396712147e-17 0.000000000000000000e+00 0.000000000000000000e+00 0.000000000000000000e+00 1.289848088947021640e-10 3.484863886144756795e-11 0.000000000000000000e+00 0.000000000000000000e+00 0.000000000000000000e+00 0.000000000000000000e+00 0.000000000000000000e+00 0.000000000000000000e+00 0.000000000000000000e+00 0.000000000000000000e+00
1.399999999999999911e+00 9.999999999999994449e-01 0.000000000000000000e+00 1.046053993145041828e-16 0.000000000000000000e+00 0.000000000000000000e+00 0.000000000000000000e+00 1.349998591483689842e-10 3.744839956952601760e-11 0.000000000000000000e+00 0.000000000000000000e+00 0.000000000000000000e+00 0.000000000000000000e+00 0.000000000000000000e+00 0.000000000000000000e+00 0.000000000000000000e+00 0.000000000000000000e+00
1.500000000000000000e+00 1.000000000000000000e+00 0.000000000000000000e+00 1.208725046672906384e-16 0.000000000000000000e+00 0.000000000000000000e+00 0.000000000000000000e+00 1.400893788487350465e-10 3.976300582017975950e-11 0.000000000000000000e+00 0.000000000000000000e+00 0.000000000000000000e+00 0.000000000000000000e+00 0.000000000000000000e+00 0.000000000000000000e+00 0.000000000000000000e+00 0.000000000000000000e+00
1.599999999999999867e+00 9.999999999999995559e-01 0.000000000000000000e+00 1.366517544838033362e-16 0.000000000000000000e+00 0.000000000000000000e+00 0.000000000000000000e+00 1.465677072908740998e-10 4.266913041045467295e-11 0.000000000000000000e+00 0.000000000000000000e+00 0.000000000000000000e+00 0.000000000000000000e+00 0.000000000000000000e+00 0.000000000000000000e+00 0.000000000000000000e+00 0.000000000000000000e+00
1.699999999999999956e+00 1.000000000000000000e+00 0.000000000000000000e+00 1.543866853032507147e-16 0.000000000000000000e+00 0.000000000000000000e+00 0.000000000000000000e+00 1.553046089132565039e-10 4.524163923590927376e-11 0.000000000000000000e+00 0.000000000000000000e+00 0.000000000000000000e+00 0.000000000000000000e+00 0.000000000000000000e+00 0.000000000000000000e+00 0.000000000000000000e+00 0.000000000000000000e+00
1.800000000000000044e+00 1.000000000000000000e+00 0.000000000000000000e+00 1.729491333482649549e-16 0.000000000000000000e+00 0.000000000000000000e+00 0.000000000000000000e+00 1.665864283039797982e-10 4.887408564171572772e-11 0.000000000000000000e+00 0.000000000000000000e+00 0.000000000000000000e+00 0.000000000000000000e+00 0.000000000000000000e+00 0.000000000000000000e+00 0.000000000000000000e+00 0.000000000000000000e+00
1.899999999999999911e+00 1.000000000000000222e+00 0.000000000000000000e+00 1.927693197296365604e-16 0.000000000000000000e+00 0.000000000000000000e+00 0.000000000000000000e+00 1.788353447811811507e-10 5.251161691725950576e-11 0.000000000000000000e+00 0.000000000000000000e+00 0.000000000000000000e+00 0.000000000000000000e+00 0.000000000000000000e+00 0.000000000000000000e+00 0.000000000000000000e+00 0.000000000000000000e+00
2.000000000000000000e+00 9.999999999999998890e-01 0.000000000000000000e+00 2.142380808856040279e-16 0.000000000000000000e+00 0.000000000000000000e+00 0.000000000000000000e+00 1.906454694080208707e-10 5.625543772596070925e-11 0.000000000000000000e+00 0.000000000000000000e+00 0.000000000000000000e+00 0.000000000000000000e+00 0.000000000000000000e+00 0.000000000000000000e+00 0.000000000000000000e+00 0.000000000000000000e+00
2.099999999999999645e+00 9.999999999999993339e-01 0.000000000000000000e+00 2.361988682513600149e-16 0.000000000000000000e+00 0.000000000000000000e+00 0.000000000000000000e+00 2.015504343873479721e-10 5.977173088386096139e-11 0.000000000000000000e+00 0.000000000000000000e+00 0.000000000000000000e+00 0.000000000000000000e+00 0.000000000000000000e+00 0.000000000000000000e+00 0.000000000000000000e+00 0.000000000000000000e+00
2.199999999999999734e+00 9.999999999999988898e-01 0.000000000000000000e+00 2.588534608314861402e-16 0.000000000000000000e+00 0.000000000000000000e+00 0.000000000000000000e+00 2.106057206897595414e-10 6.333777721189830239e-11 0.000000000000000000e+00 0.000000000000000000e+00 0.000000000000000000e+00 0.000000000000000000e+00 0.000000000000000000e+00 0.000000000000000000e+00 0.000000000000000000e+00 0.000000000000000000e+00
2.299999999999999822e+00 9.999999999999974465e-01 0.000000000000000000e+00 2.817286597798619936e-16 0.000000000000000000e+00 0.000000000000000000e+00 0.000000000000000000e+00 2.184103488215284025e-10 6.661963079117300563e-11 0.000000000000000000e+00 0.000000000000000000e+00 0.000000000000000000e+00 0.000000000000000000e+00 0.000000000000000000e+00 0.000000000000000000e+00 0.000000000000000000e+00 0.000000000000000000e+00
2.399999999999999911e+00 1.000000000000000000e+00 0.000000000000000000e+00 3.069314773580793577e-16 0.000000000000000000e+00 0.000000000000000000e+00 0.000000000000000000e+00 2.247215777080404186e-10 7.006977963751871428e-11 0.000000000000000000e+00 0.000000000000000000e+00 0.000000000000000000e+00 0.000000000000000000e+00 0.000000000000000000e+00 0.000000000000000000e+00 0.000000000000000000e+00 0.000000000000000000e+00
2.500000000000000000e+00 9.999999999999958922e-01 0.000000000000000000e+00 3.344602874078758502e-16 0.000000000000000000e+00 0.000000000000000000e+00 0.000000000000000000e+00 2.304044062806920289e-10 7.349846194603266461e-11 0.000000000000000000e+00 0.000000000000000000e+00 0.000000000000000000e+00 0.000000000000000000e+00 0.000000000000000000e+00 0.000000000000000000e+00 0.000000000000000000e+00 0.000000000000000000e+00
2.600000000000000089e+00 9.999999999999984457e-01 0.000000000000000000e+00 3.604415369492676699e-16 0.000000000000000000e+00 0.000000000000000000e+00 0.000000000000000000e+00 2.365116229147840658e-10 7.683225226716389511e-11 0.000000000000000000e+00 0.000000000000000000e+00 0.000000000000000000e+00 0.000000000000000000e+00 0.000000000000000000e+00 0.000000000000000000e+00 0.000000000000000000e+00 0.000000000000000000e+00
2.699999999999999734e+00 1.000000000000002887e+00 0.000000000000000000e+00 3.899634117930951923e-16 0.000000000000000000e+00 0.000000000000000000e+00 0.000000000000000000e+00 2.431065542745792591e-10 8.043229549320225307e-11 0.000000000000000000e+00 0.000000000000000000e+00 0.000000000000000000e+00 0.000000000000000000e+00 0.000000000000000000e+00 0.000000000000000000e+00 0.000000000000000000e+00 0.000000000000000000e+00
2.799999999999999822e+00 1.000000000000000000e+00 0.000000000000000000e+00 4.193086247493665199e-16 0.000000000000000000e+00 0.000000000000000000e+00 0.000000000000000000e+00 2.501964225971436377e-10 8.426865933408769472e-11 0.000000000000000000e+00 0.000000000000000000e+00 0.000000000000000000e+00 0.000000000000000000e+00 0.000000000000000000e+00 0.000000000000000000e+00 0.000000000000000000e+00 0.000000000000000000e+00
2.899999999999999911e+00 9.999999999999988898e-01 0.000000000000000000e+00 4.494431786370760226e-16 0.000000000000000000e+00 0.000000000000000000e+00 0.000000000000000000e+00 2.582084869302964285e-10 8.841673255227040973e-11 0.000000000000000000e+00 0.000000000000000000e+00 0.000000000000000000e+00 0.000000000000000000e+00 0.000000000000000000e+00 0.000000000000000000e+00 0.000000000000000000e+00 0.000000000000000000e+00
3.000000000000000000e+00 1.000000000000000000e+00 0.000000000000000000e+00 4.805575415820830400e-16 0.000000000000000000e+00 0.000000000000000000e+00 0.000000000000000000e+00 2.670524760001600392e-10 9.249745543145138611e-11 0.000000000000000000e+00 0.000000000000000000e+00 0.000000000000000000e+00 0.000000000000000000e+00 0.000000000000000000e+00 0.000000000000000000e+00 0.000000000000000000e+00 0.000000000000000000e+00
