1.000000000000000056e-01 1.000000000000000000e+00 0.000000000000000000e+00 3.608156580720956955e-19 0.000000000000000000e+00 0.000000000000000000e+00 0.000000000000000000e+00 9.455758666776306596e-12 3.886960072757224606e-11 0.000000000000000000e+00 0.000000000000000000e+00 0.000000000000000000e+00 0.000000000000000000e+00 0.000000000000000000e+00 0.000000000000000000e+00 0.000000000000000000e+00 0.000000000000000000e+00
2.000000000000000111e-01 9.999999999999984457e-01 0.000000000000000000e+00 1.423323658937883706e-18 0.000000000000000000e+00 0.000000000000000000e+00 0.000000000000000000e+00 2.447117681620458261e-11 3.946247765673819948e-11 0.000000000000000000e+00 0.000000000000000000e+00 0.000000000000000000e+00 0.000000000000000000e+00 0.000000000000000000e+00 0.000000000000000000e+00 0.000000000000000000e+00 0.000000000000000000e+00
2.999999999999999889e-01 1.000000000000000000e+00 0.000000000000000000e+00 3.113782855627229798e-18 0.000000000000000000e+00 0.000000000000000000e+00 0.000000000000000000e+00 3.195335608335518620e-11 8.913995713275948620e-11 0.000000000000000000e+00 0.000000000000000000e+00 0.000000000000000000e+00 0.000000000000000000e+00 0.000000000000000000e+00 0.000000000000000000e+00 0.000000000000000000e+00 0.000000000000000000e+00
4.000000000000000222e-01 9.999999999999967804e-01 0.000000000000000000e+00 5.507017468790829853e-18 0.000000000000000000e+00 0.000000000000000000e+00 0.000000000000000000e+00 4.190286770254029412e-11 1.226600674847802739e-10 0.000000000000000000e+00 0.000000000000000000e+00 0.000000000000000000e+00 0.000000000000000000e+00 0.000000000000000000e+00 0.000000000000000000e+00 0.000000000000000000e+00 0.000000000000000000e+00
5.000000000000000000e-01 1.000000000000000000e+00 0.000000000000000000e+00 8.724025895729837317e-18 0.000000000000000000e+00 0.000000000000000000e+00 0.000000000000000000e+00 5.377364354641044034e-11 1.405134571329588016e-10 0.000000000000000000e+00 0.000000000000000000e+00 0.000000000000000000e+00 0.000000000000000000e+00 0.000000000000000000e+00 0.000000000000000000e+00 0.000000000000000000e+00 0.000000000000000000e+00
5.999999999999999778e-01 1.000000000000000000e+00 0.000000000000000000e+00 1.275812204910856964e-17 0.000000000000000000e+00 0.000000000000000000e+00 0.000000000000000000e+00 6.593753357725366256e-11 1.559669185129100602e-10 0.000000000000000000e+00 0.000000000000000000e+00 0.000000000000000000e+00 0.000000000000000000e+00 0.000000000000000000e+00 0.000000000000000000e+00 0.000000000000000000e+00 0.000000000000000000e+00
6.999999999999999556e-01 9.999999999999988898e-01 0.000000000000000000e+00 1.767521572562940820e-17 0.000000000000000000e+00 0.000000000000000000e+00 0.000000000000000000e+00 7.754251359913965603e-11 1.739898461462942454e-10 0.000000000000000000e+00 0.000000000000000000e+00 0.000000000000000000e+00 0.000000000000000000e+00 0.000000000000000000e+00 0.000000000000000000e+00 0.000000000000000000e+00 0.000000000000000000e+00
7.999999999999999334e-01 9.999999999999995559e-01 0.000000000000000000e+00 2.271003525498956549e-17 0.000000000000000000e+00 0.000000000000000000e+00 0.000000000000000000e+00 8.766071981005292590e-11 1.967644121584942047e-10 0.000000000000000000e+00 0.000000000000000000e+00 0.000000000000000000e+00 0.000000000000000000e+00 0.000000000000000000e+00 0.000000000000000000e+00 0.000000000000000000e+00 0.000000000000000000e+00
8.999999999999999112e-01 1.000000000000000000e+00 0.000000000000000000e+00 2.833407193873245132e-17 0.000000000000000000e+00 0.000000000000000000e+00 0.000000000000000000e+00 9.727050609306995380e-11 2.234038497941538410e-10 0.000000000000000000e+00 0.000000000000000000e+00 0.000000000000000000e+00 0.000000000000000000e+00 0.000000000000000000e+00 0.000000000000000000e+00 0.000000000000000000e+00 0.000000000000000000e+00
9.999999999999998890e-01 1.000000000000000000e+00 0.000000000000000000e+00 3.593102311306010311e-17 0.000000000000000000e+00 0.000000000000000000e+00 0.000000000000000000e+00 1.056386944689474224e-10 2.522620234448141526e-10 0.000000000000000000e+00 0.000000000000000000e+00 0.000000000000000000e+00 0.000000000000000000e+00 0.000000000000000000e+00 0.000000000000000000e+00 0.000000000000000000e+00 0.000000000000000000e+00
1.099999999999999867e+00 9.999999999999987788e-01 0.000000000000000000e+00 4.177792167945679758e-17 0.000000000000000000e+00 0.000000000000000000e+00 0.000000000000000000e+00 1.131083537128859493e-10 2.826908383277490315e-10 0.000000000000000000e+00 0.000000000000000000e+00 0.000000000000000000e+00 0.000000000000000000e+00 0.000000000000000000e+00 0.000000000000000000e+00 0.000000000000000000e+00 0.000000000000000000e+00
1.199999999999999956e+00 9.999999999999993339e-01 0.000000000000000000e+00 5.096903789523662523e-17 0.000000000000000000e+00 0.000000000000000000e+00 0.000000000000000000e+00 1.202238539498414103e-10 3.123790179717926758e-10 0.000000000000000000e+00 0.000000000000000000e+00 0.000000000000000000e+00 0.000000000000000000e+00 0.000000000000000000e+00 0.000000000000000000e+00 0.000000000000000000e+00 0.000000000000000000e+00
1.300000000000000044e+00 9.999999999999986677e-01 0.000000000000000000e+00 5.862931801692824029e-17 0.000000000000000000e+00 0.000000000000000000e+00 0.000000000000000000e+00 1.265735676947714399e-10 3.416711095682609397e-10 0.000000000000000000e+00 0.000000000000000000e+00 0.000000000000000000e+00 0.000000000000000000e+00 0.000000000000000000e+00 0.000000000000000000e+00 0.000000000000000000e+00 0.000000000000000000e+00
1.399999999999999911e+00 1.000000000000000000e+00 0.000000000000000000e+00 7.209543632361599321e-17 0.000000000000000000e+00 0.000000000000000000e+00 0.000000000000000000e+00 1.322609356064526820e-10 3.697460855353358067e-10 0.000000000000000000e+00 0.000000000000000000e+00 0.000000000000000000e+00 0.000000000000000000e+00 0.000000000000000000e+00 0.000000000000000000e+00 0.000000000000000000e+00 0.000000000000000000e+00
1.500000000000000000e+00 1.000000000000000000e+00 0.000000000000000000e+00 8.078497185183784365e-17 0.000000000000000000e+00 0.000000000000000000e+00 0.000000000000000000e+00 1.379273024020907531e-10 3.959225522059837805e-10 0.000000000000000000e+00 0.000000000000000000e+00 0.000000000000000000e+00 0.000000000000000000e+00 0.000000000000000000e+00 0.000000000000000000e+00 0.000000000000000000e+00 0.000000000000000000e+00
1.599999999999999867e+00 9.999999999999976685e-01 0.000000000000000000e+00 8.604585277177639457e-17 0.000000000000000000e+00 0.000000000000000000e+00 0.000000000000000000e+00 1.430566306605323874e-10 4.206862086399777543e-10 0.000000000000000000e+00 0.000000000000000000e+00 0.000000000000000000e+00 0.000000000000000000e+00 0.000000000000000000e+00 0.000000000000000000e+00 0.000000000000000000e+00 0.000000000000000000e+00
1.699999999999999956e+00 9.999999999999973355e-01 0.000000000000000000e+00 1.037692043114472856e-16 0.000000000000000000e+00 0.000000000000000000e+00 0.000000000000000000e+00 1.475458890024600825e-10 4.437108615928458360e-10 0.000000000000000000e+00 0.000000000000000000e+00 0.000000000000000000e+00 0.000000000000000000e+00 0.000000000000000000e+00 0.000000000000000000e+00 0.000000000000000000e+00 0.000000000000000000e+00
1.800000000000000044e+00 9.999999999999996669e-01 0.000000000000000000e+00 1.148807860861720410e-16 0.000000000000000000e+00 0.000000000000000000e+00 0.000000000000000000e+00 1.517629029995318966e-10 4.651529979883905488e-10 0.000000000000000000e+00 0.000000000000000000e+00 0.000000000000000000e+00 0.000000000000000000e+00 0.000000000000000000e+00 0.000000000000000000e+00 0.000000000000000000e+00 0.000000000000000000e+00
1.899999999999999911e+00 1.000000000000000000e+00 0.000000000000000000e+00 1.256923059732143277e-16 0.000000000000000000e+00 0.000000000000000000e+00 0.000000000000000000e+00 1.554793800263522099e-10 4.850885074489585585e-10 0.000000000000000000e+00 0.000000000000000000e+00 0.000000000000000000e+00 0.000000000000000000e+00 0.000000000000000000e+00 0.000000000000000000e+00 0.000000000000000000e+00 0.000000000000000000e+00
2.000000000000000000e+00 1.000000000000001776e+00 0.000000000000000000e+00 1.417954433998513063e-16 0.000000000000000000e+00 0.000000000000000000e+00 0.000000000000000000e+00 1.590070641550752591e-10 5.039958923994714688e-10 0.000000000000000000e+00 0.000000000000000000e+00 0.000000000000000000e+00 0.000000000000000000e+00 0.000000000000000000e+00 0.000000000000000000e+00 0.000000000000000000e+00 0.000000000000000000e+00
2.099999999999999645e+00 1.000000000000000000e+00 0.000000000000000000e+00 1.603482772142908227e-16 0.000000000000000000e+00 0.000000000000000000e+00 0.000000000000000000e+00 1.616949486455813286e-10 5.211108533247351518e-10 0.000000000000000000e+00 0.000000000000000000e+00 0.000000000000000000e+00 0.000000000000000000e+00 0.000000000000000000e+00 0.000000000000000000e+00 0.000000000000000000e+00 0.000000000000000000e+00
2.199999999999999734e+00 1.000000000000000000e+00 0.000000000000000000e+00 1.730706612480336402e-16 0.000000000000000000e+00 0.000000000000000000e+00 0.000000000000000000e+00 1.638861817763226288e-10 5.372822920030404928e-10 0.000000000000000000e+00 0.000000000000000000e+00 0.000000000000000000e+00 0.000000000000000000e+00 0.000000000000000000e+00 0.000000000000000000e+00 0.000000000000000000e+00 0.000000000000000000e+00
2.299999999999999822e+00 1.000000000000000000e+00 0.000000000000000000e+00 1.893830219105517483e-16 0.000000000000000000e+00 0.000000000000000000e+00 0.000000000000000000e+00 1.656343152135529769e-10 5.524083512010513078e-10 0.000000000000000000e+00 0.000000000000000000e+00 0.000000000000000000e+00 0.000000000000000000e+00 0.000000000000000000e+00 0.000000000000000000e+00 0.000000000000000000e+00 0.000000000000000000e+00
2.399999999999999911e+00 9.999999999999976685e-01 0.000000000000000000e+00 2.052615980861280798e-16 0.000000000000000000e+00 0.000000000000000000e+00 0.000000000000000000e+00 1.669178295129970571e-10 5.662157984482948255e-10 0.000000000000000000e+00 0.000000000000000000e+00 0.000000000000000000e+00 0.000000000000000000e+00 0.000000000000000000e+00 0.000000000000000000e+00 0.000000000000000000e+00 0.000000000000000000e+00
2.500000000000000000e+00 9.999999999999996669e-01 0.000000000000000000e+00 2.112100986911577720e-16 0.000000000000000000e+00 0.000000000000000000e+00 0.000000000000000000e+00 1.676998429164635402e-10 5.790592066197093254e-10 0.000000000000000000e+00 0.000000000000000000e+00 0.000000000000000000e+00 0.000000000000000000e+00 0.000000000000000000e+00 0.000000000000000000e+00 0.000000000000000000e+00 0.000000000000000000e+00
2.600000000000000089e+00 9.999999999999972244e-01 0.000000000000000000e+00 2.321809927989549888e-16 0.000000000000000000e+00 0.000000000000000000e+00 0.000000000000000000e+00 1.680554459763071761e-10 5.910318179861136306e-10 0.000000000000000000e+00 0.000000000000000000e+00 0.000000000000000000e+00 0.000000000000000000e+00 0.000000000000000000e+00 0.000000000000000000e+00 0.000000000000000000e+00 0.000000000000000000e+00
2.699999999999999734e+00 9.999999999999968914e-01 0.000000000000000000e+00 2.561127974898745498e-16 0.000000000000000000e+00 0.000000000000000000e+00 0.000000000000000000e+00 1.678758058283399786e-10 6.021830832142916691e-10 0.000000000000000000e+00 0.000000000000000000e+00 0.000000000000000000e+00 0.000000000000000000e+00 0.000000000000000000e+00 0.000000000000000000e+00 0.000000000000000000e+00 0.000000000000000000e+00
2.799999999999999822e+00 9.999999999999981126e-01 0.000000000000000000e+00 2.591523931776363924e-16 0.000000000000000000e+00 0.000000000000000000e+00 0.000000000000000000e+00 1.670726214751300159e-10 6.122186301122398054e-10 0.000000000000000000e+00 0.000000000000000000e+00 0.000000000000000000e+00 0.000000000000000000e+00 0.000000000000000000e+00 0.000000000000000000e+00 0.000000000000000000e+00 0.000000000000000000e+00
2.899999999999999911e+00 9.999999999999985567e-01 0.000000000000000000e+00 2.864074758028823307e-16 0.000000000000000000e+00 0.000000000000000000e+00 0.000000000000000000e+00 1.659134246658822651e-10 6.215321296211654448e-10 0.000000000000000000e+00 0.000000000000000000e+00 0.000000000000000000e+00 0.000000000000000000e+00 0.000000000000000000e+00 0.000000000000000000e+00 0.000000000000000000e+00 0.000000000000000000e+00
3.000000000000000000e+00 9.999999999999986677e-01 0.000000000000000000e+00 3.101446855313537709e-16 0.000000000000000000e+00 0.000000000000000000e+00 0.000000000000000000e+00 1.646316634629797240e-10 6.296913981615710870e-10 0.000000000000000000e+00 0.000000000000000000e+00 0.000000000000000000e+00 0.000000000000000000e+00 0.000000000000000000e+00 0.000000000000000000e+00 0.000000000000000000e+00 0.000000000000000000e+00
