1.000000000000000056e-01 1.000000000000000000e+00 0.000000000000000000e+00 -5.170434348202073197e-20 0.000000000000000000e+00 0.000000000000000000e+00 0.000000000000000000e+00 -4.566868363540324469e-11 -4.456483619980589770e-13 0.000000000000000000e+00 0.000000000000000000e+00 0.000000000000000000e+00 0.000000000000000000e+00 0.000000000000000000e+00 0.000000000000000000e+00 0.000000000000000000e+00 0.000000000000000000e+00
2.000000000000000111e-01 1.000000000000000000e+00 0.000000000000000000e+00 -2.919552823145244941e-19 0.000000000000000000e+00 0.000000000000000000e+00 0.000000000000000000e+00 -9.632354611062332392e-11 -7.983725990227441123e-13 0.000000000000000000e+00 0.000000000000000000e+00 0.000000000000000000e+00 0.000000000000000000e+00 0.000000000000000000e+00 0.000000000000000000e+00 0.000000000000000000e+00 0.000000000000000000e+00
2.999999999999999889e-01 1.000000000000000000e+00 0.000000000000000000e+00 -4.924971139515320710e-19 0.000000000000000000e+00 0.000000000000000000e+00 0.000000000000000000e+00 -1.135887259406369117e-10 -8.182097872786632326e-12 0.000000000000000000e+00 0.000000000000000000e+00 0.000000000000000000e+00 0.000000000000000000e+00 0.000000000000000000e+00 0.000000000000000000e+00 0.000000000000000000e+00 0.000000000000000000e+00
4.000000000000000222e-01 1.000000000000000000e+00 0.000000000000000000e+00 6.848891704222027456e-19 0.000000000000000000e+00 0.000000000000000000e+00 0.000000000000000000e+00 -1.338109810498018745e-10 -1.518586254821188021e-11 0.000000000000000000e+00 0.000000000000000000e+00 0.000000000000000000e+00 0.000000000000000000e+00 0.000000000000000000e+00 0.000000000000000000e+00 0.000000000000000000e+00 0.000000000000000000e+00
5.000000000000000000e-01 9.999999999999966693e-01 0.000000000000000000e+00 -3.045211497547350509e-18 0.000000000000000000e+00 0.000000000000000000e+00 0.000000000000000000e+00 -1.617640160309428207e-10 -2.066731294387607456e-11 0.000000000000000000e+00 0.000000000000000000e+00 0.000000000000000000e+00 0.000000000000000000e+00 0.000000000000000000e+00 0.000000000000000000e+00 0.000000000000000000e+00 0.000000000000000000e+00
5.999999999999999778e-01 1.000000000000000000e+00 0.000000000000000000e+00 -2.909677113779770773e-18 0.000000000000000000e+00 0.000000000000000000e+00 0.000000000000000000e+00 -1.964884386259999232e-10 -2.579210056152539004e-11 0.000000000000000000e+00 0.000000000000000000e+00 0.000000000000000000e+00 0.000000000000000000e+00 0.000000000000000000e+00 0.000000000000000000e+00 0.000000000000000000e+00 0.000000000000000000e+00
6.999999999999999556e-01 1.000000000000000000e+00 0.000000000000000000e+00 -5.003162580043045455e-18 0.000000000000000000e+00 0.000000000000000000e+00 0.000000000000000000e+00 -2.360182118541572576e-10 -3.056963853602544650e-11 0.000000000000000000e+00 0.000000000000000000e+00 0.000000000000000000e+00 0.000000000000000000e+00 0.000000000000000000e+00 0.000000000000000000e+00 0.000000000000000000e+00 0.000000000000000000e+00
7.999999999999999334e-01 9.999999999999986677e-01 0.000000000000000000e+00 -2.828850109942949800e-18 0.000000000000000000e+00 0.000000000000000000e+00 0.000000000000000000e+00 -2.791057021967539496e-10 -3.569203589146151608e-11 0.000000000000000000e+00 0.000000000000000000e+00 0.000000000000000000e+00 0.000000000000000000e+00 0.000000000000000000e+00 0.000000000000000000e+00 0.000000000000000000e+00 0.000000000000000000e+00
8.999999999999999112e-01 1.000000000000000000e+00 0.000000000000000000e+00 -9.899967075269870883e-18 0.000000000000000000e+00 0.000000000000000000e+00 0.000000000000000000e+00 -3.238244967207885746e-10 -4.169604074999724638e-11 0.000000000000000000e+00 0.000000000000000000e+00 0.000000000000000000e+00 0.000000000000000000e+00 0.000000000000000000e+00 0.000000000000000000e+00 0.000000000000000000e+00 0.000000000000000000e+00
9.999999999999998890e-01 1.000000000000000000e+00 0.000000000000000000e+00 -1.012378998187070555e-17 0.000000000000000000e+00 0.000000000000000000e+00 0.000000000000000000e+00 -3.704090771208593276e-10 -4.885511907835493532e-11 0.000000000000000000e+00 0.000000000000000000e+00 0.000000000000000000e+00 0.000000000000000000e+00 0.000000000000000000e+00 0.000000000000000000e+00 0.000000000000000000e+00 0.000000000000000000e+00
1.099999999999999867e+00 1.000000000000000000e+00 0.000000000000000000e+00 -1.209126370057341935e-17 0.000000000000000000e+00 0.000000000000000000e+00 0.000000000000000000e+00 -4.183022149772719056e-10 -5.755954031410012950e-11 0.000000000000000000e+00 0.000000000000000000e+00 0.000000000000000000e+00 0.000000000000000000e+00 0.000000000000000000e+00 0.000000000000000000e+00 0.000000000000000000e+00 0.000000000000000000e+00
1.199999999999999956e+00 9.999999999999978906e-01 0.000000000000000000e+00 -1.094206356352928427e-17 0.000000000000000000e+00 0.000000000000000000e+00 0.000000000000000000e+00 -4.665837502243284992e-10 -6.808749947755471433e-11 0.000000000000000000e+00 0.000000000000000000e+00 0.000000000000000000e+00 0.000000000000000000e+00 0.000000000000000000e+00 0.000000000000000000e+00 0.000000000000000000e+00 0.000000000000000000e+00
1.300000000000000044e+00 9.999999999999992228e-01 0.000000000000000000e+00 -1.741258586547239437e-17 0.000000000000000000e+00 0.000000000000000000e+00 0.000000000000000000e+00 -5.161461609437589785e-10 -8.042592275878938273e-11 0.000000000000000000e+00 0.000000000000000000e+00 0.000000000000000000e+00 0.000000000000000000e+00 0.000000000000000000e+00 0.000000000000000000e+00 0.000000000000000000e+00 0.000000000000000000e+00
1.399999999999999911e+00 9.999999999999975575e-01 0.000000000000000000e+00 -1.960485654741296555e-17 0.000000000000000000e+00 0.000000000000000000e+00 0.000000000000000000e+00 -5.665155030211885101e-10 -9.512488397387055874e-11 0.000000000000000000e+00 0.000000000000000000e+00 0.000000000000000000e+00 0.000000000000000000e+00 0.000000000000000000e+00 0.000000000000000000e+00 0.000000000000000000e+00 0.000000000000000000e+00
1.500000000000000000e+00 1.000000000000000000e+00 0.000000000000000000e+00 -8.735977126146877573e-18 0.000000000000000000e+00 0.000000000000000000e+00 0.000000000000000000e+00 -6.172733229190652532e-10 -1.122684844850914569e-10 0.000000000000000000e+00 0.000000000000000000e+00 0.000000000000000000e+00 0.000000000000000000e+00 0.000000000000000000e+00 0.000000000000000000e+00 0.000000000000000000e+00 0.000000000000000000e+00
1.599999999999999867e+00 1.000000000000000000e+00 0.000000000000000000e+00 -1.104157274975613304e-17 0.000000000000000000e+00 0.000000000000000000e+00 0.000000000000000000e+00 -6.690580606630940408e-10 -1.322753831051238620e-10 0.000000000000000000e+00 0.000000000000000000e+00 0.000000000000000000e+00 0.000000000000000000e+00 0.000000000000000000e+00 0.000000000000000000e+00 0.000000000000000000e+00 0.000000000000000000e+00
1.699999999999999956e+00 9.999999999999964473e-01 0.000000000000000000e+00 -1.201954671433093750e-17 0.000000000000000000e+00 0.000000000000000000e+00 0.000000000000000000e+00 -7.219177451320477109e-10 -1.559852339779808891e-10 0.000000000000000000e+00 0.000000000000000000e+00 0.000000000000000000e+00 0.000000000000000000e+00 0.000000000000000000e+00 0.000000000000000000e+00 0.000000000000000000e+00 0.000000000000000000e+00
1.800000000000000044e+00 1.000000000000000222e+00 0.000000000000000000e+00 -4.444911056933819010e-17 0.000000000000000000e+00 0.000000000000000000e+00 0.000000000000000000e+00 -7.755252279507964741e-10 -1.829677572831087234e-10 0.000000000000000000e+00 0.000000000000000000e+00 0.000000000000000000e+00 0.000000000000000000e+00 0.000000000000000000e+00 0.000000000000000000e+00 0.000000000000000000e+00 0.000000000000000000e+00
1.899999999999999911e+00 1.000000000000003553e+00 0.000000000000000000e+00 -5.516640092520083809e-17 0.000000000000000000e+00 0.000000000000000000e+00 0.000000000000000000e+00 -8.298790502155536925e-10 -2.139900775837456897e-10 0.000000000000000000e+00 0.000000000000000000e+00 0.000000000000000000e+00 0.000000000000000000e+00 0.000000000000000000e+00 0.000000000000000000e+00 0.000000000000000000e+00 0.000000000000000000e+00
2.000000000000000000e+00 9.999999999999996669e-01 0.000000000000000000e+00 -3.820907937444403967e-17 0.000000000000000000e+00 0.000000000000000000e+00 0.000000000000000000e+00 -8.853683165892333194e-10 -2.491295701104489753e-10 0.000000000000000000e+00 0.000000000000000000e+00 0.000000000000000000e+00 0.000000000000000000e+00 0.000000000000000000e+00 0.000000000000000000e+00 0.000000000000000000e+00 0.000000000000000000e+00
2.099999999999999645e+00 9.999999999999987788e-01 0.000000000000000000e+00 -3.353981793056417783e-17 0.000000000000000000e+00 0.000000000000000000e+00 0.000000000000000000e+00 -9.416959345255324594e-10 -2.893846725625531226e-10 0.000000000000000000e+00 0.000000000000000000e+00 0.000000000000000000e+00 0.000000000000000000e+00 0.000000000000000000e+00 0.000000000000000000e+00 0.000000000000000000e+00 0.000000000000000000e+00
2.199999999999999734e+00 9.999999999999987788e-01 0.000000000000000000e+00 -6.855475909497774188e-17 0.000000000000000000e+00 0.000000000000000000e+00 0.000000000000000000e+00 -9.990872856376924697e-10 -3.349519211449537684e-10 0.000000000000000000e+00 0.000000000000000000e+00 0.000000000000000000e+00 0.000000000000000000e+00 0.000000000000000000e+00 0.000000000000000000e+00 0.000000000000000000e+00 0.000000000000000000e+00
2.299999999999999822e+00 9.999999999999997780e-01 0.000000000000000000e+00 -6.962069847763737374e-17 0.000000000000000000e+00 0.000000000000000000e+00 0.000000000000000000e+00 -1.057028525452023562e-09 -3.864410971020658857e-10 0.000000000000000000e+00 0.000000000000000000e+00 0.000000000000000000e+00 0.000000000000000000e+00 0.000000000000000000e+00 0.000000000000000000e+00 0.000000000000000000e+00 0.000000000000000000e+00
2.399999999999999911e+00 1.000000000000000000e+00 0.000000000000000000e+00 -6.785402317650948487e-17 0.000000000000000000e+00 0.000000000000000000e+00 0.000000000000000000e+00 -1.115479790808032471e-09 -4.443659395002766641e-10 0.000000000000000000e+00 0.000000000000000000e+00 0.000000000000000000e+00 0.000000000000000000e+00 0.000000000000000000e+00 0.000000000000000000e+00 0.000000000000000000e+00 0.000000000000000000e+00
2.500000000000000000e+00 9.999999999999995559e-01 0.000000000000000000e+00 -4.951841263976051825e-17 0.000000000000000000e+00 0.000000000000000000e+00 0.000000000000000000e+00 -1.174461875373444412e-09 -5.092004226595099211e-10 0.000000000000000000e+00 0.000000000000000000e+00 0.000000000000000000e+00 0.000000000000000000e+00 0.000000000000000000e+00 0.000000000000000000e+00 0.000000000000000000e+00 0.000000000000000000e+00
2.600000000000000089e+00 1.000000000000000666e+00 0.000000000000000000e+00 -7.952673035092237467e-17 0.000000000000000000e+00 0.000000000000000000e+00 0.000000000000000000e+00 -1.233349934889955723e-09 -5.817203837518807104e-10 0.000000000000000000e+00 0.000000000000000000e+00 0.000000000000000000e+00 0.000000000000000000e+00 0.000000000000000000e+00 0.000000000000000000e+00 0.000000000000000000e+00 0.000000000000000000e+00
2.699999999999999734e+00 1.000000000000002442e+00 0.000000000000000000e+00 -9.411922986932210175e-17 0.000000000000000000e+00 0.000000000000000000e+00 0.000000000000000000e+00 -1.292039159657694876e-09 -6.625657979400355419e-10 0.000000000000000000e+00 0.000000000000000000e+00 0.000000000000000000e+00 0.000000000000000000e+00 0.000000000000000000e+00 0.000000000000000000e+00 0.000000000000000000e+00 0.000000000000000000e+00
2.799999999999999822e+00 9.999999999999980016e-01 0.000000000000000000e+00 -8.138795735577961128e-17 0.000000000000000000e+00 0.000000000000000000e+00 0.000000000000000000e+00 -1.349945494159969930e-09 -7.520166819640456015e-10 0.000000000000000000e+00 0.000000000000000000e+00 0.000000000000000000e+00 0.000000000000000000e+00 0.000000000000000000e+00 0.000000000000000000e+00 0.000000000000000000e+00 0.000000000000000000e+00
2.899999999999999911e+00 1.000000000000000222e+00 0.000000000000000000e+00 -7.821779224344069806e-17 0.000000000000000000e+00 0.000000000000000000e+00 0.000000000000000000e+00 -1.406397412865768126e-09 -8.513592637215577024e-10 0.000000000000000000e+00 0.000000000000000000e+00 0.000000000000000000e+00 0.000000000000000000e+00 0.000000000000000000e+00 0.000000000000000000e+00 0.000000000000000000e+00 0.000000000000000000e+00
3.000000000000000000e+00 1.000000000000000000e+00 0.000000000000000000e+00 -9.079518401786896967e-17 0.000000000000000000e+00 0.000000000000000000e+00 0.000000000000000000e+00 -1.460707857471624431e-09 -9.605768349580628426e-10 0.000000000000000000e+00 0.000000000000000000e+00 0.000000000000000000e+00 0.000000000000000000e+00 0.000000000000000000e+00 0.000000000000000000e+00 0.000000000000000000e+00 0.000000000000000000e+00
