1.000000000000000056e-01 1.212114329108240560e-02 4.472050240813295330e-02 -3.595751993957312376e-01
2.000000000000000111e-01 1.417484222520374194e-03 4.924442875758262145e-03 -3.355712885481634822e-01
2.999999999999999889e-01 1.864982253600226174e-05 5.881760613986439148e-05 -2.984553934308331047e-01
4.000000000000000222e-01 3.254604985714991354e-08 9.020810733398989590e-08 -2.521041023202658660e-01
5.000000000000000000e-01 7.898612695057150290e-12 1.870310707770193881e-11 -2.011162020627213498e-01
5.999999999999999778e-01 5.731907148236348811e-16 -4.440134274514144167e-16 -1.501704953426504507e-01
6.999999999999999556e-01 6.540449632810075659e-16 -7.216038753047444851e-16 -1.034272323477260780e-01
7.999999999999999334e-01 3.291712388174651656e-16 -3.971211844895943880e-16 -6.405559719646665429e-02
8.999999999999999112e-01 1.114774082688238258e-16 -1.120264286073959331e-16 -3.396530592908352658e-02
9.999999999999998890e-01 1.369125638982782710e-17 -5.767050399403970849e-17 -1.375470203531642052e-02
1.099999999999999867e+00 1.394374875892143914e-18 -1.032875795467530545e-17 -2.846807076923641745e-03
1.199999999999999956e+00 2.018691524279075705e-19 1.216217912498368763e-18 2.242831825552961639e-04
1.300000000000000044e+00 3.416214583727795414e-18 -6.842939294213354664e-18 -2.541776373236249130e-03
1.399999999999999911e+00 1.552873918512736339e-17 -1.972997842623159942e-17 -8.972653384558786430e-03
1.500000000000000000e+00 2.143041247666367987e-17 -8.915745674584424634e-17 -1.702964561512646316e-02
1.599999999999999867e+00 3.570533107652760836e-17 -7.837723069835121734e-17 -2.502710453473119129e-02
1.699999999999999956e+00 -9.339566639620111975e-18 -1.489835862305861107e-16 -3.175126509502301797e-02
1.800000000000000044e+00 -1.136295571987587489e-17 -2.706010441347644991e-16 -3.648462655596133170e-02
1.899999999999999911e+00 1.277019451193188830e-17 -1.594606517221809165e-16 -3.895799878841090663e-02
2.000000000000000000e+00 -1.183390443302857800e-17 -2.017893084881272169e-16 -3.925590866305165433e-02
2.099999999999999645e+00 2.678845730057677702e-17 -1.826108967370151468e-16 -3.770265092023993708e-02
2.199999999999999734e+00 -1.566095138476113580e-17 -1.666678915049776329e-16 -3.475142922517064636e-02
2.299999999999999822e+00 1.627983732182364817e-18 -1.115186792430895902e-16 -3.089023559444307315e-02
2.399999999999999911e+00 2.312746294714082579e-17 -1.028262956604681604e-16 -2.657439338802690398e-02
2.500000000000000000e+00 6.706466300353434941e-18 -7.876845591871265183e-17 -2.218282020517762382e-02
2.600000000000000089e+00 -1.015859087372811397e-17 -8.046005630298613002e-17 -1.800045249151690716e-02
2.699999999999999734e+00 8.828797912925933664e-18 -3.999657475614506453e-17 -1.421595354769598051e-02
2.799999999999999822e+00 -2.093952438742907558e-18 -5.737218658820161501e-17 -1.093325005095158176e-02
2.899999999999999911e+00 2.025269572291841384e-18 -2.378265665576455724e-17 -8.187592537073419205e-03
3.000000000000000000e+00 9.361049339433233188e-19 -1.997425925071611811e-17 -5.965099128403405712e-03
