1.000000000000000056e-01 3.886793678323530177e-02 -3.209280248122158702e-02 -3.580346102658134577e-01
2.000000000000000111e-01 4.228630753568885826e-03 -3.607083031727708212e-03 -3.296368812791858338e-01
2.999999999999999889e-01 4.944192215210957891e-05 -4.460293737093158476e-05 -2.859173183231836779e-01
4.000000000000000222e-01 7.339282628089330910e-08 -7.189415094938892139e-08 -2.316966298435094718e-01
5.000000000000000000e-01 1.450763789809003367e-11 -1.592557208761010747e-11 -1.726555059466473863e-01
5.999999999999999778e-01 3.155447376455780981e-16 -1.481214242325929448e-15 -1.145185640653798714e-01
6.999999999999999556e-01 1.503124677965583491e-16 -7.235571881308013628e-16 -6.229435017075345832e-02
7.999999999999999334e-01 -9.897190787864554127e-18 -9.819585998526049550e-17 -1.970372347147242992e-02
8.999999999999999112e-01 -4.989097757203705066e-17 9.563121992103437269e-19 1.114003405367661875e-02
9.999999999999998890e-01 1.172578197619282665e-16 1.510408310363729497e-16 2.976421206226864680e-02
1.099999999999999867e+00 3.251791204793969856e-17 2.027153734584810015e-16 3.713047357282561051e-02
1.199999999999999956e+00 -6.074156762484720080e-17 1.780957183537551984e-16 3.525362338207849860e-02
1.300000000000000044e+00 -4.817412822823884721e-17 6.032844887989126733e-17 2.674373307945890343e-02
1.399999999999999911e+00 -1.203803203675716337e-17 7.388604477272902602e-17 1.435129216602685533e-02
1.500000000000000000e+00 -4.491653400904131176e-19 2.089228852368002779e-18 5.978143958605983219e-04
1.599999999999999867e+00 1.197430775542884212e-17 -6.320255905838688340e-17 -1.248352933295764598e-02
1.699999999999999956e+00 2.707608904848103804e-17 -6.441071308918432473e-17 -2.347457459907968669e-02
1.800000000000000044e+00 5.981974001149236108e-17 -6.425084320756841170e-17 -3.158191921761165089e-02
1.899999999999999911e+00 2.502544069129765594e-17 -1.042469647210058904e-16 -3.656247367323693653e-02
2.000000000000000000e+00 1.987930146320822097e-17 -8.082620064248881719e-17 -3.859716355127749965e-02
2.099999999999999645e+00 2.012309779825945601e-17 -8.769897665056161477e-17 -3.814433457688432005e-02
2.199999999999999734e+00 4.408843731833412473e-17 -3.492471277193611696e-17 -3.580256098245306051e-02
2.299999999999999822e+00 2.736036632782720301e-17 -8.345628908929968249e-17 -3.219859661637400339e-02
2.399999999999999911e+00 6.702951366919459830e-18 -1.083796174985918269e-16 -2.790628656989887352e-02
2.500000000000000000e+00 2.959336149191932675e-18 -1.087828759967965931e-16 -2.339988753359719884e-02
2.600000000000000089e+00 1.493485629537149361e-18 -7.176047204189817548e-17 -1.903388944187183948e-02
2.699999999999999734e+00 5.596284513262577489e-18 -6.322009897957724828e-17 -1.504500063174651035e-02
2.799999999999999822e+00 4.492680851248679926e-18 -2.491463546948992195e-17 -1.156653064479382792e-02
2.899999999999999911e+00 -9.340198390633312254e-19 -2.697543093553969873e-17 -8.649514756081970110e-03
3.000000000000000000e+00 8.333292593468100083e-20 -2.481790060821151553e-17 -6.286917599901857730e-03
