1.000000000000000056e-01 3.042465177434383258e-02 -2.817296383117435035e-02 -3.612404190214961175e-01
2.000000000000000111e-01 3.420115951301343736e-03 -3.076462063454067815e-03 -3.419919387647907816e-01
2.999999999999999889e-01 4.230096024165983914e-05 -3.620709377179044322e-05 -3.120429675711168804e-01
4.000000000000000222e-01 6.820268381795512032e-08 -5.429038909871335203e-08 -2.742702191369818521e-01
5.000000000000000000e-01 1.511128914891050240e-11 -1.089186660780709437e-11 -2.321196207119110011e-01
5.999999999999999778e-01 7.586224032506474481e-16 -4.413982899906561358e-16 -1.891477242351300991e-01
6.999999999999999556e-01 -6.650060204275549777e-17 -9.388981799031593014e-16 -1.485851249084458592e-01
7.999999999999999334e-01 9.479383804299500712e-17 -4.027133931147847154e-16 -1.129855491203144158e-01
8.999999999999999112e-01 -5.223828446272885652e-16 -1.317638378001046972e-16 -8.400521518913926788e-02
9.999999999999998890e-01 -1.408808958777120298e-16 -2.719721702207649070e-16 -6.233967165627778140e-02
1.099999999999999867e+00 -5.687989358234040273e-17 -1.709206514015734655e-16 -4.779664376010220317e-02
1.199999999999999956e+00 2.843275775359790409e-18 -1.779555683494574734e-16 -3.948130332840093376e-02
1.300000000000000044e+00 -9.072048750007509852e-17 -2.289438981385127110e-17 -3.604611020589089387e-02
1.399999999999999911e+00 8.935956891491339644e-17 -2.285383877320026181e-16 -3.594830765720825189e-02
1.500000000000000000e+00 -2.397923731195412506e-17 -1.455304744265352313e-16 -3.768703766698162233e-02
1.599999999999999867e+00 -1.027043872835341296e-17 -2.522731770525410107e-16 -3.997558366528711910e-02
1.699999999999999956e+00 3.551232370468986081e-17 -1.693391603962291392e-16 -4.184756664794090503e-02
1.800000000000000044e+00 -3.930835355023796571e-17 -1.209064405575570531e-16 -4.269070973626302307e-02
1.899999999999999911e+00 -6.666894674385879755e-18 -2.114309026053156439e-16 -4.222637009510391698e-02
2.000000000000000000e+00 1.153925709086378252e-17 -1.995334062203357121e-16 -4.044800143797729064e-02
2.099999999999999645e+00 5.182233029364826544e-18 -1.794419661470571810e-16 -3.754189826293685001e-02
2.199999999999999734e+00 -6.539002797531148524e-18 -6.124528097933312957e-17 -3.380536956566149165e-02
2.299999999999999822e+00 6.555722286658273843e-18 -1.291784130793684400e-16 -2.957476930674613966e-02
2.399999999999999911e+00 -1.200393386901775263e-17 -6.975171927404866677e-17 -2.517133262021558834e-02
2.500000000000000000e+00 -1.141425057465400401e-17 -9.773734887207873535e-17 -2.086595002561755785e-02
2.600000000000000089e+00 -2.888164115137858714e-18 -5.878490930358148301e-17 -1.686136569403437480e-02
2.699999999999999734e+00 -1.010713025575007512e-17 -5.045150156454258245e-17 -1.328947342550428415e-02
2.799999999999999822e+00 -4.733814045926979135e-18 -2.072869791554267556e-17 -1.021758049750531167e-02
2.899999999999999911e+00 2.693177566072971675e-18 -3.248073339734632992e-17 -7.660539811998858840e-03
3.000000000000000000e+00 9.141834112026913801e-19 -2.065837082806981305e-17 -5.594956485477254639e-03
