1.000000000000000056e-01 1.742642567524259117e-03 -1.406550479998890362e-03 -8.961969591365330778e-01
2.000000000000000111e-01 3.463865472903836749e-03 -2.786654506985431021e-03 -8.816662458109892908e-01
2.999999999999999889e-01 5.143192135925424985e-03 -4.114691117421413920e-03 -8.577887877722051302e-01
4.000000000000000222e-01 6.760502647519985378e-03 -5.366521025355048755e-03 -8.250654038053802930e-01
5.000000000000000000e-01 8.297146806035382571e-03 -6.520764508654201298e-03 -7.841701137376009267e-01
5.999999999999999778e-01 9.736462711714442136e-03 -7.558876226910534596e-03 -7.359266236944315143e-01
6.999999999999999556e-01 1.106367441989786898e-02 -8.465936204084575922e-03 -6.812837257969228677e-01
7.999999999999999334e-01 1.226616211537536263e-02 -9.230925739184868764e-03 -6.212798191414609095e-01
8.999999999999999112e-01 1.333394045656974454e-02 -9.846591708944212387e-03 -5.570127066242579472e-01
9.999999999999998890e-01 1.425971466636680521e-02 -1.031016578269755568e-02 -4.896059387805956620e-01
1.099999999999999867e+00 1.503878374941234990e-02 -1.062218418508470950e-02 -4.201755472184877105e-01
1.199999999999999956e+00 1.566906439838762488e-02 -1.078729397448005209e-02 -3.498052925083429687e-01
1.300000000000000044e+00 1.615120816312968360e-02 -1.081318443972912637e-02 -2.795087549404405847e-01
1.399999999999999911e+00 1.648798891005287537e-02 -1.071016230409668757e-02 -2.102187405639167062e-01
1.500000000000000000e+00 1.668453911957002919e-02 -1.049073046557179485e-02 -1.427775158378703224e-01
1.599999999999999867e+00 1.674788481162555950e-02 -1.016905372817780706e-02 -7.789921431254216710e-02
1.699999999999999956e+00 1.668664588954395234e-02 -9.760203975310894828e-03 -1.619829656995189562e-02
1.800000000000000044e+00 1.651088660925405932e-02 -9.279835084522174149e-03 4.185601193748926530e-02
1.899999999999999911e+00 1.623160060264359356e-02 -8.743531387044664246e-03 9.589697988951668972e-02
2.000000000000000000e+00 1.586041560951504878e-02 -8.166315012190995121e-03 1.456825206131695805e-01
2.099999999999999645e+00 1.540970153629470964e-02 -7.562481090146074870e-03 1.910618502751512404e-01
2.199999999999999734e+00 1.489127245322710569e-02 -6.945105621197404308e-03 2.319979729115437816e-01
2.299999999999999822e+00 1.431743961974075822e-02 -6.325822014225897412e-03 2.685237363227488960e-01
2.399999999999999911e+00 1.369981464724486994e-02 -5.714999009788530350e-03 3.007496254482228126e-01
2.500000000000000000e+00 1.304948140346422897e-02 -5.121186744469582129e-03 3.288429861186156766e-01
2.600000000000000089e+00 1.237677763262899980e-02 -4.551546304496265072e-03 3.530125513817582439e-01
2.699999999999999734e+00 1.169127109232083461e-02 -4.011806028631606340e-03 3.735054799959546812e-01
2.799999999999999822e+00 1.100149105074022665e-02 -3.505886097911827676e-03 3.905917485550106094e-01
2.899999999999999911e+00 1.031471382562590064e-02 -3.036607963887940145e-03 4.045544931370516628e-01
3.000000000000000000e+00 9.638131718093748829e-03 -2.605481050895822916e-03 4.156760585226936811e-01
