1.000000000000000056e-01 -2.914770970111930795e-05 1.821656911170816968e-04 -8.963484673852794016e-01
2.000000000000000111e-01 -7.149747202102514111e-05 3.599669037375630588e-04 -8.822657780226017543e-01
2.999999999999999889e-01 -1.392239809001905048e-04 5.275618490525606392e-04 -8.591158902462784352e-01
4.000000000000000222e-01 -2.428051373016370910e-04 6.762175473815351797e-04 -8.273703745589749969e-01
5.000000000000000000e-01 -3.893858929813778747e-04 7.934281584012111950e-04 -7.876645453065126423e-01
5.999999999999999778e-01 -5.807679555861043228e-04 8.629855501444190936e-04 -7.407763135795191189e-01
6.999999999999999556e-01 -8.111626966668910969e-04 8.652998652093149296e-04 -6.876053225064043817e-01
7.999999999999999334e-01 -1.065027206048328864e-03 7.804318885029957282e-04 -6.291340691811492247e-01
8.999999999999999112e-01 -1.315232299393650226e-03 5.916675102588562574e-04 -5.664086613317184105e-01
9.999999999999998890e-01 -1.523097270639167927e-03 2.907812811918238875e-04 -5.004954848121990763e-01
1.099999999999999867e+00 -1.641435440205918708e-03 -1.143982303174560095e-04 -4.324700963688183908e-01
1.199999999999999956e+00 -1.620353620156067282e-03 -5.950990463497135390e-04 -3.633680790940256311e-01
1.300000000000000044e+00 -1.418235362786045674e-03 -1.096829818831626105e-03 -2.941677250732618876e-01
1.399999999999999911e+00 -1.015180080534426208e-03 -1.541497362138662770e-03 -2.257879737928520925e-01
1.500000000000000000e+00 -4.272273628659623967e-04 -1.836145721239632001e-03 -1.590349346333594649e-01
1.599999999999999867e+00 2.831788642041778697e-04 -1.890524433890857468e-03 -9.462714069014097062e-02
1.699999999999999956e+00 1.005380729106169699e-03 -1.642607930269036204e-03 -3.316129023875254156e-02
1.800000000000000044e+00 1.594086171771645936e-03 -1.085520752390984993e-03 2.486934924722942683e-02
1.899999999999999911e+00 1.898878474647919170e-03 -2.892837360198019514e-04 7.910033072361549733e-02
2.000000000000000000e+00 1.807744906285458156e-03 5.954208742910756681e-04 1.292624972990897569e-01
2.099999999999999645e+00 1.294157515950650466e-03 1.359605400640931079e-03 1.751910742485677241e-01
2.199999999999999734e+00 4.500325971317335489e-04 1.787466357165571132e-03 2.168233319453248265e-01
2.299999999999999822e+00 -5.146993759086461971e-04 1.727613131726803098e-03 2.541644823029891032e-01
2.399999999999999911e+00 -1.316611761628827364e-03 1.162529956463884693e-03 2.872981152169792329e-01
2.500000000000000000e+00 -1.687648590051749357e-03 2.443249767515533102e-04 3.163656040221985988e-01
2.600000000000000089e+00 -1.480918772292695411e-03 -7.283735713181865943e-04 3.415608343076343978e-01
2.699999999999999734e+00 -7.519605599573547664e-04 -1.403568324212558930e-03 3.630996169049146016e-01
2.799999999999999822e+00 2.300990870534984096e-04 -1.514730055919935722e-03 3.812316708313180369e-01
2.899999999999999911e+00 1.068785696189053936e-03 -1.009448617513449041e-03 3.962248778036976393e-01
3.000000000000000000e+00 1.403440090392463853e-03 -1.034183922517480959e-04 4.083526014008380112e-01
