1.000000000000000056e-01 4.667308537185606331e-04 -1.355200362529289122e-03 -9.000708878683025826e-01
2.000000000000000111e-01 9.322958895197103624e-04 -2.705391064641279441e-03 -8.970635717109265439e-01
2.999999999999999889e-01 1.395561436834964059e-03 -4.045868626902369633e-03 -8.920683536315368034e-01
4.000000000000000222e-01 1.855348751412438501e-03 -5.371694547343137602e-03 -8.851111595298825074e-01
5.000000000000000000e-01 2.310640731616344420e-03 -6.678087613840901805e-03 -8.762278481065041147e-01
5.999999999999999778e-01 2.760279616271670879e-03 -7.960476689616741500e-03 -8.654639726875728023e-01
6.999999999999999556e-01 3.203182135422481987e-03 -9.214475502330052303e-03 -8.528733384892401848e-01
7.999999999999999334e-01 3.638341530855524267e-03 -1.043587876798927373e-02 -8.385202743645483459e-01
8.999999999999999112e-01 4.064647040127988831e-03 -1.162077074367822219e-02 -8.224748721100163529e-01
9.999999999999998890e-01 4.481461187161278614e-03 -1.276533928937445377e-02 -8.048166485691254923e-01
1.099999999999999867e+00 4.887379918228853919e-03 -1.386611356084402162e-02 -7.856317800885543878e-01
1.199999999999999956e+00 5.281805309532635294e-03 -1.492006447301540140e-02 -7.650111846528923065e-01
1.300000000000000044e+00 5.663911037373627402e-03 -1.592412132668100805e-02 -7.430537074001647424e-01
1.399999999999999911e+00 6.032772773007970615e-03 -1.687592513800422259e-02 -7.198608038455935887e-01
1.500000000000000000e+00 6.387863191638315161e-03 -1.777308784254598428e-02 -6.955369451838115946e-01
1.599999999999999867e+00 6.728529435841335699e-03 -1.861397235982683793e-02 -6.701912937694122219e-01
1.699999999999999956e+00 7.054034918749580579e-03 -1.939702748345034991e-02 -6.439326576221732212e-01
1.800000000000000044e+00 7.363795463849676787e-03 -2.012076105486189370e-02 -6.168775439099628555e-01
1.899999999999999911e+00 7.657674271611927125e-03 -2.078466958261460107e-02 -5.891340248728551554e-01
2.000000000000000000e+00 7.935026895903406555e-03 -2.138796807886200052e-02 -5.608151560611742692e-01
2.099999999999999645e+00 8.195416134792939469e-03 -2.193072842887871729e-02 -5.320319737321811404e-01
2.199999999999999734e+00 8.438709981278371894e-03 -2.241298738679718683e-02 -5.028913779888246616e-01
2.299999999999999822e+00 8.664863732214329178e-03 -2.283503690634045014e-02 -4.735048557580016082e-01
2.399999999999999911e+00 8.873315007075119679e-03 -2.319760852337079265e-02 -4.439742272556338465e-01
2.500000000000000000e+00 9.064328313619625030e-03 -2.350191023682786373e-02 -4.143951823896220299e-01
2.600000000000000089e+00 9.237947070081731910e-03 -2.374866035901624164e-02 -3.848701022884170042e-01
2.699999999999999734e+00 9.393883155936737922e-03 -2.393981489603636340e-02 -3.554885459815825266e-01
2.799999999999999822e+00 9.532570060493093800e-03 -2.407684712486348605e-02 -3.263343387413223384e-01
2.899999999999999911e+00 9.653980604233737203e-03 -2.416138504094362746e-02 -2.974942278884659119e-01
3.000000000000000000e+00 9.758334312479828923e-03 -2.419556834090890243e-02 -2.690413378816884915e-01
