1.500000000000000000e+00 9.595707993534977054e-02 -5.917813068022197143e-02 9.905561024620405108e-01
1.551724137931034475e+00 8.675737339752973010e-02 -2.951934338854445006e-02 9.932518987019391954e-01
1.603448275862068950e+00 7.350140142120846487e-02 -7.259844308605753471e-03 9.951737852909019466e-01
1.655172413793103425e+00 5.848302717196837697e-02 7.984429114842532538e-03 9.965354201051791483e-01
1.706896551724137900e+00 4.353063435305044859e-02 1.709571477001296455e-02 9.974975510603695250e-01
1.758620689655172376e+00 2.995676785773859763e-02 2.126140027742787209e-02 9.981774583537875722e-01
1.810344827586206851e+00 1.856359478441494543e-02 2.174881512646974560e-02 9.986598571652102185e-01
1.862068965517241326e+00 9.706559371410447556e-03 1.981359998148281981e-02 9.990040833679346699e-01
1.913793103448275801e+00 3.362929406078062414e-03 1.653112216485643632e-02 9.992522595382499206e-01
1.965517241379310276e+00 -7.387095776494566335e-04 1.274891255293121757e-02 9.994334385451623115e-01
2.017241379310344751e+00 -3.019138810355571044e-03 9.089956891478713497e-03 9.995672637141502781e-01
2.068965517241379448e+00 -3.939770602289120044e-03 5.931207817343209579e-03 9.996674195983406008e-01
2.120689655172413701e+00 -3.947479522799989329e-03 3.432373332220688307e-03 9.997433962555581921e-01
2.172413793103448398e+00 -3.439016021855032142e-03 1.634124997004356063e-03 9.998015164752508399e-01
2.224137931034482651e+00 -2.706064920978819462e-03 4.562858321133852080e-04 9.998463477049368553e-01
2.275862068965517349e+00 -1.943999441214203702e-03 -2.161476035414805486e-04 9.998811221124080939e-01
2.327586206896551602e+00 -1.273751420787355530e-03 -5.291724947574872120e-04 9.999081737532651282e-01
2.379310344827586299e+00 -7.457428710646533260e-04 -6.012053809494548708e-04 9.999292446592447092e-01
2.431034482758620552e+00 -3.741169326985460761e-04 -5.424205080334341695e-04 9.999456419596195467e-01
2.482758620689655249e+00 -1.378439927832548172e-04 -4.251498841729486606e-04 9.999583831713074744e-01
2.534482758620689502e+00 -7.390389595067546700e-06 -3.008695537817127020e-04 9.999682563658527368e-01
2.586206896551724199e+00 5.481922164340999706e-05 -1.939040234101267073e-04 9.999758825175892873e-01
2.637931034482758896e+00 7.071175828945175921e-05 -1.090603846212427489e-04 9.999817517620545049e-01
2.689655172413793149e+00 6.443253098548973096e-05 -5.496756167194857942e-05 9.999862495267821672e-01
2.741379310344827402e+00 4.902424647950402649e-05 -2.173626981430724228e-05 9.999896822088264470e-01
2.793103448275862100e+00 3.501693264209615236e-05 -2.063325228702185061e-06 9.999922904859323003e-01
2.844827586206896797e+00 2.055317372471165334e-05 4.327773209877990308e-06 9.999942637523325795e-01
2.896551724137931050e+00 8.864632457587271773e-06 1.688836209634183930e-06 9.999957499482823309e-01
2.948275862068965303e+00 4.649426472937154080e-06 2.972230828715601511e-06 9.999968642590693069e-01
3.000000000000000000e+00 1.475081021949306401e-06 5.684819562470057333e-06 9.999976960967478234e-01
