1.500000000000000000e+00 9.321927990931722086e-02 -6.080707617072909216e-02 9.851320041713241826e-01
1.551724137931034475e+00 8.502815548103653809e-02 -3.129478464570371182e-02 9.887590836600100852e-01
1.603448275862068950e+00 7.258085675097566969e-02 -8.936256982389138848e-03 9.914760239078292958e-01
1.655172413793103425e+00 5.814855588874726783e-02 6.561674024041383446e-03 9.935100365950618739e-01
1.706896551724137900e+00 4.357527322291752936e-02 1.598759928769719410e-02 9.950355119604922249e-01
1.758620689655172376e+00 3.021617524323091247e-02 2.046277943825480089e-02 9.961835218959396165e-01
1.810344827586206851e+00 1.891247807238386619e-02 2.123286097679533829e-02 9.970520822886829171e-01
1.862068965517241326e+00 1.005931024207096930e-02 1.951758683370035524e-02 9.977132993139289363e-01
1.913793103448275801e+00 3.673807584691282657e-03 1.639380652587699161e-02 9.982202044762670257e-01
1.965517241379310276e+00 -4.941215092554383098e-04 1.271726439109997081e-02 9.986115401553762316e-01
2.017241379310344751e+00 -2.840061466809411933e-03 9.119677965645549278e-03 9.989153290780452554e-01
2.068965517241379448e+00 -3.820369341923241999e-03 5.982207979714413565e-03 9.991523931436044892e-01
2.120689655172413701e+00 -3.881631865246105203e-03 3.493173518742987392e-03 9.993380639176069336e-01
2.172413793103448398e+00 -3.405490005654384679e-03 1.687155538249858391e-03 9.994838219425403736e-01
2.224137931034482651e+00 -2.694438039048041231e-03 4.983435515262116863e-04 9.995983328019196756e-01
2.275862068965517349e+00 -1.942015102499842875e-03 -1.868671754225266143e-04 9.996882918766976100e-01
2.327586206896551602e+00 -1.277737388769534937e-03 -5.060519279884746757e-04 9.997588561099699511e-01
2.379310344827586299e+00 -7.493774078540435795e-04 -5.887489949372892890e-04 9.998140940580425573e-01
2.431034482758620552e+00 -3.821180932836341026e-04 -5.387346989392838596e-04 9.998572014258739760e-01
2.482758620689655249e+00 -1.424379679688739242e-04 -4.231165534070163042e-04 9.998907423784945125e-01
2.534482758620689502e+00 -8.278093160699252122e-06 -3.014856686653026433e-04 9.999167367642868287e-01
2.586206896551724199e+00 5.314757639691495010e-05 -1.912850786107712898e-04 9.999368061394775520e-01
2.637931034482758896e+00 6.939369055856472199e-05 -1.115126797801425213e-04 9.999522351929542863e-01
2.689655172413793149e+00 6.448420874483555944e-05 -5.780494039186553126e-05 9.999640472822827197e-01
2.741379310344827402e+00 4.843917414353554444e-05 -2.116669950973969688e-05 9.999730513015473443e-01
2.793103448275862100e+00 3.258033107579051105e-05 -3.998631559070124961e-06 9.999798845307663608e-01
2.844827586206896797e+00 2.153008461053367289e-05 2.307054274424733919e-06 9.999850476652241138e-01
2.896551724137931050e+00 9.981213470244891823e-06 4.422021234079574428e-06 9.999889319017615241e-01
2.948275862068965303e+00 5.952447534319681903e-06 4.223138172186216212e-06 9.999918410792043577e-01
3.000000000000000000e+00 4.752527915407575698e-07 8.226462675635821207e-06 9.999940104623182835e-01
