1.500000000000000000e+00 9.013389819521232249e-02 -6.245766232628687659e-02 9.791143283096434002e-01
1.551724137931034475e+00 8.300517553190468745e-02 -3.322795189158887774e-02 9.836408499572172337e-01
1.603448275862068950e+00 7.145847575136997365e-02 -1.083971056847486680e-02 9.871699635676551843e-01
1.655172413793103425e+00 5.770388087919310627e-02 4.887584776843367784e-03 9.899239654771700980e-01
1.706896551724137900e+00 4.360671873830666151e-02 1.464845621048893251e-02 9.920754514520616629e-01
1.758620689655172376e+00 3.052051688454436931e-02 1.948791120617994824e-02 9.937608128746792113e-01
1.810344827586206851e+00 1.933986868775284390e-02 2.058301296034790659e-02 9.950843943510017109e-01
1.862068965517241326e+00 1.050475487626765028e-02 1.913919590654617614e-02 9.961262872526055467e-01
1.913793103448275801e+00 4.065354911227773982e-03 1.621730723132770030e-02 9.969485633262405999e-01
1.965517241379310276e+00 -1.845607823455896329e-04 1.267206008620334542e-02 9.975987524887792723e-01
2.017241379310344751e+00 -2.613590827992648240e-03 9.154170721085133980e-03 9.981131962566158755e-01
2.068965517241379448e+00 -3.672709571746222978e-03 6.054815634681793082e-03 9.985204549370768623e-01
2.120689655172413701e+00 -3.795823784311775067e-03 3.570561688910199594e-03 9.988427153909984479e-01
2.172413793103448398e+00 -3.362938132208644852e-03 1.757683301754038108e-03 9.990973701991182621e-01
2.224137931034482651e+00 -2.677526587267031397e-03 5.536871523167943496e-04 9.992982099169587240e-01
2.275862068965517349e+00 -1.945678626412493438e-03 -1.452766904750486202e-04 9.994562141536094124e-01
2.327586206896551602e+00 -1.286971373185858336e-03 -4.826654296432778381e-04 9.995801620241191454e-01
2.379310344827586299e+00 -7.614986047141299999e-04 -5.760560198195410027e-04 9.996770677348403300e-01
2.431034482758620552e+00 -3.905016015654835912e-04 -5.296505751292469606e-04 9.997525549029304681e-01
2.482758620689655249e+00 -1.492420774647747260e-04 -4.200082914914511287e-04 9.998111381274941145e-01
2.534482758620689502e+00 -1.645394938964398097e-05 -3.019657318630266296e-04 9.998564201654986938e-01
2.586206896551724199e+00 4.979493301905034376e-05 -1.958972359432279255e-04 9.998912817741122394e-01
2.637931034482758896e+00 6.378581160754055984e-05 -1.120471974365387906e-04 9.999180100503621826e-01
2.689655172413793149e+00 6.246295991052815241e-05 -5.444728432840679555e-05 9.999384157318542687e-01
2.741379310344827402e+00 4.680949343098697948e-05 -2.189106638686904921e-05 9.999539297940599480e-01
2.793103448275862100e+00 3.276877341143852567e-05 -3.819519805506484383e-06 9.999656747485464736e-01
2.844827586206896797e+00 2.418777614842298812e-05 2.286972362107069824e-06 9.999745288271347787e-01
2.896551724137931050e+00 6.699707126686536516e-06 -4.878775960506513657e-07 9.999811755680877434e-01
2.948275862068965303e+00 5.286860339486878310e-06 2.045663800475167837e-06 9.999861438717742024e-01
3.000000000000000000e+00 2.348903792365402245e-06 1.131361845063155898e-05 9.999898419848936015e-01
