0.000000000000000000e+00 -1.006657027276497469e-11 -7.521342464902233621e-12 -1.000000000000000000e+00
1.000000000000000056e-01 -1.309628129525306772e-01 -5.928192541566745799e-02 -9.896132429369397521e-01
2.000000000000000111e-01 -2.503149266303941745e-01 -1.311230807058015868e-01 -9.592440364530903096e-01
3.000000000000000444e-01 -3.452400249022681278e-01 -2.252676299475744603e-01 -9.110783366647416948e-01
4.000000000000000222e-01 -4.012101488431711327e-01 -3.458524818516763855e-01 -8.481841467436410653e-01
5.000000000000000000e-01 -4.028093655843638099e-01 -4.888430475372984585e-01 -7.738067748007082525e-01
6.000000000000000888e-01 -3.362859423994601360e-01 -6.403003448708823875e-01 -6.905989938684504725e-01
7.000000000000000666e-01 -1.939088475523632060e-01 -7.761021875004463499e-01 -6.000537502457102823e-01
8.000000000000000444e-01 2.069543007671720281e-02 -8.644948400128211752e-01 -5.022151289907799132e-01
9.000000000000000222e-01 2.876954756795886414e-01 -8.720914852429615394e-01 -3.958377227580238689e-01
1.000000000000000000e+00 5.693410712819299002e-01 -7.733145587265751741e-01 -2.789892663193569433e-01
1.100000000000000089e+00 8.138803659468146767e-01 -5.612931405508342353e-01 -1.501609627614630127e-01
1.200000000000000178e+00 9.665182642563647786e-01 -2.564251708074035685e-01 -9.392274743367633877e-03
1.300000000000000044e+00 9.857081639360658620e-01 9.245075464032365131e-02 1.408259397250226641e-01
1.400000000000000133e+00 8.593592809525586462e-01 4.176420453278995026e-01 2.950871087422864969e-01
1.500000000000000000e+00 6.133432994481256006e-01 6.519826403815616178e-01 4.457895190723265566e-01
1.600000000000000089e+00 3.061997384727582205e-01 7.513950184031957802e-01 5.845057812953190490e-01
1.700000000000000178e+00 1.001408944511836263e-02 7.101639511284889572e-01 7.039649931078166833e-01
1.800000000000000044e+00 -2.146451517539109677e-01 5.606552800512711876e-01 7.997455377115502140e-01
1.900000000000000133e+00 -3.370800019525640456e-01 3.571292056911790080e-01 8.711117558597694099e-01
2.000000000000000000e+00 -3.592019459291919681e-01 1.532271438315191137e-01 9.205950919858848502e-01
2.100000000000000089e+00 -3.036159788349367950e-01 -1.374024445739156775e-02 9.526953826724426921e-01
2.200000000000000178e+00 -1.983859739393828980e-01 -1.242416155638206982e-01 9.722175546383198252e-01
2.300000000000000266e+00 -7.038894835212186618e-02 -1.689081391057233039e-01 9.831151508208937351e-01
2.400000000000000355e+00 5.102912256220425158e-02 -1.445376030903695319e-01 9.881826235963496741e-01
2.500000000000000000e+00 1.311870806955569568e-01 -6.100273529636798114e-02 9.894789486394477418e-01
2.600000000000000089e+00 1.404540417701723443e-01 4.854245052223738616e-02 9.888964854235258173e-01
2.700000000000000178e+00 7.631310056062774738e-02 1.318185778931406094e-01 9.883320004078537391e-01
2.800000000000000266e+00 -2.281785595755755208e-02 1.441884392618244803e-01 9.892871192278710479e-01
2.900000000000000355e+00 -9.293363355604412901e-02 8.294281617086002312e-02 9.922115714895044514e-01
3.000000000000000000e+00 -8.761850181942598681e-02 -1.875290552543450173e-03 9.961523315662645928e-01
3.100000000000000089e+00 -1.799841288733121727e-02 -3.892389523911982119e-02 9.990800689452152827e-01
3.200000000000000178e+00 4.813469358680393800e-02 7.883698769692592395e-03 9.988097386320882176e-01
3.300000000000000266e+00 3.631159892462958866e-02 1.027776291787803609e-01 9.940413529112102076e-01
3.400000000000000355e+00 -7.047730035316512875e-02 1.576356704040637879e-01 9.849791470920150616e-01
3.500000000000000000e+00 -2.071633668627420599e-01 9.924735220870861685e-02 9.732590955525611820e-01
3.600000000000000089e+00 -2.673441634071175299e-01 -6.665532891923686698e-02 9.612929324073632431e-01
3.700000000000000178e+00 -1.825808060476638017e-01 -2.479049171330536261e-01 9.514238522836205858e-01
3.800000000000000266e+00 2.034811955487227098e-02 -3.257023137703181637e-01 9.452533289078226542e-01
3.900000000000000355e+00 2.301181703661685507e-01 -2.388736445582706758e-01 9.433901540111994111e-01
4.000000000000000000e+00 3.241813438660681168e-01 -2.998621265421586718e-02 9.455195542958589883e-01
4.100000000000000533e+00 2.511803353770604708e-01 1.817307912993889052e-01 9.507272516747959923e-01
4.200000000000000178e+00 6.277696101681110030e-02 2.803483238478657324e-01 9.578433087265055823e-01
4.299999999999999822e+00 -1.263293308105832569e-01 2.268700162772998574e-01 9.656970895702585711e-01
4.400000000000000355e+00 -2.170074444585113338e-01 7.470383217448102464e-02 9.733072797576870494e-01
4.500000000000000000e+00 -1.832685114279957728e-01 -7.787622553813805526e-02 9.799734172686193068e-01
4.600000000000000533e+00 -7.160111731980786653e-02 -1.550368386584111136e-01 9.853105234009209568e-01
4.700000000000000178e+00 4.472852062537057555e-02 -1.394425423324152924e-01 9.892194569593226738e-01
4.800000000000000711e+00 1.117628117635800777e-01 -6.160698773125764666e-02 9.918233871432513560e-01
4.900000000000000355e+00 1.107662576656922027e-01 3.127611251365387812e-02 9.933542275484869011e-01
5.000000000000000000e+00 5.116785734320522527e-02 9.617402419491313803e-02 9.940484842571568613e-01
5.100000000000000533e+00 -3.634649039528937975e-02 1.021494233793015377e-01 9.941048290503587959e-01
5.200000000000000178e+00 -1.038479754831359431e-01 4.200745697106618437e-02 9.937056665274734968e-01
5.300000000000000711e+00 -1.050822953750376737e-01 -5.257922543162739382e-02 9.930725612693552806e-01
5.400000000000000355e+00 -3.145056697616086666e-02 -1.181623696329658357e-01 9.924960928119045400e-01
5.500000000000000000e+00 6.833249186944306830e-02 -1.033283541529135402e-01 9.922972858960805720e-01
5.600000000000000533e+00 1.191503009542850683e-01 -1.716547492255715568e-02 9.927278248084453471e-01
5.700000000000000178e+00 8.456713343933382199e-02 7.144072738119124077e-02 9.938534141366294206e-01
5.800000000000000711e+00 1.979435715589880629e-03 9.473959366741899202e-02 9.955001142771392475e-01
5.900000000000000355e+00 -5.445308631245880659e-02 4.925432158153390111e-02 9.973007887148997996e-01
6.000000000000000000e+00 -4.798236885072303809e-02 -6.771103168106269027e-03 9.988252323035570202e-01
6.100000000000000533e+00 -1.024674960360545846e-02 -1.981640418182436733e-02 9.997511262409275457e-01
6.200000000000000178e+00 3.672321510621790602e-03 4.030160294357202320e-03 9.999851357971913934e-01
6.300000000000000711e+00 -1.918549724627239758e-02 1.656560330862372546e-02 9.996786965546998749e-01
6.400000000000000355e+00 -4.056365115462182841e-02 -8.604560904613756112e-03 9.991399038489732209e-01
6.500000000000000000e+00 -2.394177939216197981e-02 -4.532087940480077071e-02 9.986855372938034936e-01
6.600000000000000533e+00 1.999346945783643525e-02 -5.077625242709786491e-02 9.985099041158324029e-01
6.700000000000000178e+00 4.914767658793475769e-02 -1.767231829203351132e-02 9.986351644838074026e-01
6.800000000000000711e+00 4.038194702278206233e-02 2.167559087838629231e-02 9.989491806266487250e-01
6.900000000000000355e+00 9.578025851378745709e-03 3.622490805902998934e-02 9.992977609118872673e-01
7.000000000000000000e+00 -1.502014530813868681e-02 2.514919483629733665e-02 9.995708636118182389e-01
7.100000000000000533e+00 -2.239734001610233990e-02 5.663545474582134739e-03 9.997331059904223105e-01
7.200000000000000178e+00 -1.671271089589627598e-02 -1.080645887764838595e-02 9.998019327667247991e-01
7.300000000000000711e+00 -1.549397529048120517e-03 -1.985730659210632049e-02 9.998016233307520650e-01
7.400000000000000355e+00 1.838220520962009774e-02 -1.394094978239738235e-02 9.997338364007479772e-01
7.500000000000000000e+00 2.699031426110167983e-02 1.024717085825544403e-02 9.995831717947132322e-01
7.600000000000000533e+00 7.884161446664178508e-03 3.528508874968651343e-02 9.993461870603148611e-01
7.700000000000000178e+00 -2.941837757650611965e-02 3.194761358699301640e-02 9.990565070026319328e-01
7.800000000000000711e+00 -4.894260307648741481e-02 -5.959397741447984564e-03 9.987838121696421823e-01
7.900000000000000355e+00 -2.579855923465626880e-02 -4.604395508535905762e-02 9.986062216355535703e-01
8.000000000000000000e+00 2.193291855193672119e-02 -4.866972993522729329e-02 9.985740819706944160e-01
