0.000000000000000000e+00 -6.738959288490235144e-12 9.867459143848528351e-12 -1.000000000000000000e+00
1.025641025641025605e-01 -1.805659505466675474e-01 2.426724473795139336e-01 -9.461040514483557429e-01
2.051282051282051211e-01 -3.605030057594950099e-01 4.389060427050577862e-01 -7.932528569117364148e-01
3.076923076923077094e-01 -5.331114309817156505e-01 5.527557174802846252e-01 -5.653644371031431026e-01
4.102564102564102422e-01 -6.832865377840141585e-01 5.667286197057676000e-01 -2.947682127205853986e-01
5.128205128205127750e-01 -7.904849873370489721e-01 4.851704424516728453e-01 -1.418145455027865383e-02
6.153846153846154188e-01 -8.356493482272552287e-01 3.321760293216163284e-01 2.497613540747087302e-01
7.179487179487179516e-01 -8.087599385907002780e-01 1.445986298833311090e-01 4.799948722609481133e-01
8.205128205128204844e-01 -7.135338812698907018e-01 -3.769476975094039617e-02 6.690315121346909200e-01
9.230769230769230171e-01 -5.673964068369126146e-01 -1.815067089257195454e-01 8.169461159090064539e-01
1.025641025641025550e+00 -3.969988652620710656e-01 -2.671490932606930269e-01 9.284238229018882960e-01
1.128205128205128194e+00 -2.310770537405376079e-01 -2.909992934223102345e-01 1.010134486724805658e+00
1.230769230769230838e+00 -9.331858769538531329e-02 -2.635431315184255108e-01 1.068830709020415881e+00
1.333333333333333259e+00 2.610597831589844819e-03 -2.040278246867327228e-01 1.110345599631354041e+00
1.435897435897435903e+00 5.456613986104538044e-02 -1.338251069799832882e-01 1.139225245277446508e+00
1.538461538461538325e+00 6.997102377364056158e-02 -7.048767674615467882e-02 1.158790838784005128e+00
1.641025641025640969e+00 6.157440363335268951e-02 -2.425019984161138481e-02 1.171372616034754399e+00
1.743589743589743613e+00 4.264042650029259418e-02 2.434345703217384582e-03 1.178588168034828021e+00
1.846153846153846034e+00 2.331548800565510712e-02 1.294590610221189528e-02 1.181584260896590521e+00
1.948717948717948678e+00 9.055557178214150571e-03 1.329804650418662387e-02 1.181212015514734537e+00
2.051282051282051100e+00 1.083563738063860089e-03 9.298059147311072206e-03 1.178139493381803016e+00
2.153846153846153744e+00 -1.947781973916828252e-03 4.867585008869169082e-03 1.172917371710197054e+00
2.256410256410256387e+00 -2.194357858343383427e-03 1.771320846771239771e-03 1.166013761261843751e+00
2.358974358974359031e+00 -1.441064642078726489e-03 2.258698297832875072e-04 1.157831914710577337e+00
2.461538461538461675e+00 -6.666854981223822949e-04 -2.671892406654708210e-04 1.148719879030068336e+00
2.564102564102563875e+00 -2.035841848130313686e-04 -2.716558306402312262e-04 1.138977106337268452e+00
2.666666666666666519e+00 -1.111094891365847206e-05 -1.518896676109041902e-04 1.128860128147951336e+00
2.769230769230769162e+00 3.095952251178311481e-05 -5.756892266337318925e-05 1.118587650033247227e+00
2.871794871794871806e+00 2.144511256157302374e-05 -9.977841387945596128e-06 1.108345278459213601e+00
2.974358974358974450e+00 1.070866644559356575e-05 3.927622023418563283e-06 1.098289075505758605e+00
3.076923076923076650e+00 4.786103479344850224e-06 1.853975077188380198e-06 1.088548664471852501e+00
3.179487179487179294e+00 -3.928909241109149242e-07 4.435074166519286035e-06 1.079229271219573461e+00
3.282051282051281937e+00 -5.461851970183993987e-07 8.875582563522575651e-07 1.070413424683148484e+00
3.384615384615384581e+00 4.339034609063036993e-07 -2.078950625339775258e-06 1.062162713804440273e+00
3.487179487179487225e+00 6.092840113382769592e-07 2.200812693135106361e-06 1.054518942404697679e+00
3.589743589743589425e+00 -3.479446454032140923e-06 4.771110524457423626e-06 1.047505983496152426e+00
3.692307692307692069e+00 -2.892203315578605115e-06 2.237827916468547742e-06 1.041131516672072932e+00
3.794871794871794712e+00 -3.958653716258885590e-06 1.520298218581131275e-06 1.035389350031997946e+00
3.897435897435897356e+00 -4.966309346193435236e-06 4.811347369050794222e-07 1.030261388495705477e+00
4.000000000000000000e+00 1.538240872606208539e-06 -2.341600584529180609e-06 1.025720083364854096e+00
