0.000000000000000000e+00 -7.772403062036723959e-12 9.782898643508853902e-12 -1.000000000000000000e+00
1.025641025641025605e-01 -2.061751200323381217e-01 2.396972632264225134e-01 -9.481020543623653873e-01
2.051282051282051211e-01 -4.092587299937542333e-01 4.305226717854254703e-01 -8.009788283509539086e-01
3.076923076923077094e-01 -6.010284689366289790e-01 5.350259733683513375e-01 -5.814504791475724188e-01
4.102564102564102422e-01 -7.654159586292100803e-01 5.348518379806630474e-01 -3.197933763906192217e-01
5.128205128205127750e-01 -8.798872912524717815e-01 4.337819224327447154e-01 -4.674979409384533158e-02
6.153846153846154188e-01 -9.215627497972015414e-01 2.568688197916978444e-01 2.114642894428494513e-01
7.179487179487179516e-01 -8.765848150131088090e-01 4.555915878099636718e-02 4.359521413804192669e-01
8.205128205128204844e-01 -7.487163231211868553e-01 -1.521747615488003302e-01 6.165258103555733005e-01
9.230769230769230171e-01 -5.618310508208311793e-01 -2.952944003578116261e-01 7.514536875026546214e-01
1.025641025641025550e+00 -3.536159029004101173e-01 -3.615430343508600486e-01 8.455991395068757077e-01
1.128205128205128194e+00 -1.632806367857363439e-01 -3.520089982588343047e-01 9.074389901052548613e-01
1.230769230769230838e+00 -1.965324897511142033e-02 -2.868967658301211920e-01 9.460761376488726615e-01
1.333333333333333259e+00 6.528379282462959399e-02 -1.956161141164898254e-01 9.693025984468409684e-01
1.435897435897435903e+00 9.613295312746331089e-02 -1.061388347374378482e-01 9.828800336817110628e-01
1.538461538461538325e+00 8.872947051080162795e-02 -3.738841166268675603e-02 9.906524197870770765e-01
1.641025641025640969e+00 6.253109740205985145e-02 3.623996256975417496e-03 9.950217219418295844e-01
1.743589743589743613e+00 3.391120775383345970e-02 2.003713153347691511e-02 9.974274696922258432e-01
1.846153846153846034e+00 1.237129549623790237e-02 2.046185225792573892e-02 9.987178130513912899e-01
1.948717948717948678e+00 4.806684274196726392e-04 1.399053524086329471e-02 9.993868152701895768e-01
2.051282051282051100e+00 -3.711814455504110037e-03 6.966826106596948030e-03 9.997198748608360219e-01
2.153846153846153744e+00 -3.657911308243458771e-03 2.212258043940851758e-03 9.998781982678276448e-01
2.256410256410256387e+00 -2.226579868356911782e-03 -1.669279593769792090e-05 9.999496887076950724e-01
2.358974358974359031e+00 -9.315913484760642536e-04 -5.966330202205342905e-04 9.999803045915129918e-01
2.461538461538461675e+00 -2.169883368526032011e-04 -4.802636941263444350e-04 9.999926960901650563e-01
2.564102564102563875e+00 3.684496767888823378e-05 -2.371553033113563255e-04 9.999974364032506724e-01
2.666666666666666519e+00 6.437975826950930391e-05 -7.682780782658675338e-05 9.999991490961173124e-01
2.769230769230769162e+00 3.977317017873964423e-05 -1.103630197711301747e-05 9.999997326239569162e-01
2.871794871794871806e+00 1.522574560090411281e-05 7.333672404303471612e-06 9.999999204963312405e-01
2.974358974358974450e+00 3.529678343805008000e-06 6.140872371826380360e-06 9.999999776283955422e-01
3.076923076923076650e+00 3.105613885875451999e-06 2.663819359267748217e-06 9.999999940389429076e-01
3.179487179487179294e+00 2.225638648947331318e-06 1.141349540573234323e-07 9.999999984988758861e-01
3.282051282051281937e+00 -2.521775651375588405e-06 2.708576785283494472e-06 9.999999996396901070e-01
3.384615384615384581e+00 -2.768778959245084831e-06 -6.554286242398784318e-07 9.999999999217815683e-01
3.487179487179487225e+00 1.023316907428620308e-06 2.431777888561468067e-06 9.999999999862585476e-01
3.589743589743589425e+00 -1.075717931248848392e-06 1.111135606610368161e-06 1.000000000002732481e+00
3.692307692307692069e+00 -2.215477552791449478e-06 5.422051240336352847e-06 9.999999999899952252e-01
3.794871794871794712e+00 -2.963998508827312332e-06 -2.608714550980314593e-06 1.000000000001656009e+00
3.897435897435897356e+00 -1.239607635048072737e-06 -4.266360859335606240e-06 1.000000000001856293e+00
4.000000000000000000e+00 -6.956490434483263679e-07 -1.744429562992399746e-06 1.000000000009160450e+00
