1.000000000000000056e-01 9.755306573196774744e-01 0.000000000000000000e+00 2.446932752321992824e-02 1.515710289716892080e-08 0.000000000000000000e+00 0.000000000000000000e+00 -1.321072195663000788e-04 1.545010087451776093e-01 0.000000000000000000e+00 0.000000000000000000e+00 0.000000000000000000e+00 0.000000000000000000e+00 8.340008958965561787e-09 1.925834999851179871e-05 -1.215985848567853131e-04 -5.131430668490532588e-08
3.034482758620690168e-01 7.896871655840952409e-01 0.000000000000000000e+00 2.103115925666367014e-01 1.241849269925691618e-06 0.000000000000000000e+00 0.000000000000000000e+00 -3.277028249657991301e-03 4.075164125766124745e-01 0.000000000000000000e+00 0.000000000000000000e+00 0.000000000000000000e+00 0.000000000000000000e+00 2.084692265169973174e-06 5.110488740782253301e-04 -9.902812909800392995e-04 -3.923584363608500988e-06
5.068965517241379448e-01 4.903154168570626470e-01 0.000000000000000000e+00 5.096755592233405130e-01 9.023919597605688646e-06 0.000000000000000000e+00 0.000000000000000000e+00 -1.162659111471152189e-02 4.997665521303424896e-01 0.000000000000000000e+00 0.000000000000000000e+00 0.000000000000000000e+00 0.000000000000000000e+00 2.596907872580914761e-05 2.144433927978947434e-03 -2.103334684964768605e-03 -2.345409601659967263e-05
7.103448275862068728e-01 1.957800609258611713e-01 0.000000000000000000e+00 8.041885944748973225e-01 3.134459923911570218e-05 0.000000000000000000e+00 0.000000000000000000e+00 -1.918210690635336821e-02 3.963283219072111230e-01 0.000000000000000000e+00 0.000000000000000000e+00 0.000000000000000000e+00 0.000000000000000000e+00 1.314245352672846999e-04 5.018933828790542000e-03 -2.476616347455559610e-03 -5.494539459943115033e-05
9.137931034482759118e-01 2.038089563657521572e-02 0.000000000000000000e+00 9.795445634724546657e-01 7.454089097057264412e-05 0.000000000000000000e+00 0.000000000000000000e+00 -1.226847965049101576e-02 1.407603638549088654e-01 0.000000000000000000e+00 0.000000000000000000e+00 0.000000000000000000e+00 0.000000000000000000e+00 4.234799437659578420e-04 8.534447210160583941e-03 -1.231702355936206824e-03 -4.603721137723693497e-05
1.117241379310345062e+00 2.792602392251244264e-02 0.000000000000000000e+00 9.719347064303347494e-01 1.392696471525128638e-04 0.000000000000000000e+00 0.000000000000000000e+00 2.396107317204580062e-02 -1.629973582612858074e-01 0.000000000000000000e+00 0.000000000000000000e+00 0.000000000000000000e+00 0.000000000000000000e+00 1.032372009973833542e-03 1.158858108500455605e-02 1.968902680445738188e-03 1.125599572113155863e-04
1.320689655172413879e+00 2.064394893571408485e-01 0.000000000000000000e+00 7.933419937710340930e-01 2.185168718258710511e-04 0.000000000000000000e+00 0.000000000000000000e+00 9.617663408934315483e-02 -3.930994417395481388e-01 0.000000000000000000e+00 0.000000000000000000e+00 0.000000000000000000e+00 0.000000000000000000e+00 2.070525617118756413e-03 1.300275102533915775e-02 6.693847550562327664e-03 5.503784855008594804e-04
1.524137931034482918e+00 4.743012021868125982e-01 0.000000000000000000e+00 5.254001860121241263e-01 2.986118010600495153e-04 0.000000000000000000e+00 0.000000000000000000e+00 1.956428124528275525e-01 -4.592622667556784943e-01 0.000000000000000000e+00 0.000000000000000000e+00 0.000000000000000000e+00 0.000000000000000000e+00 3.578558473898988106e-03 1.200352510162437485e-02 1.182505367221664029e-02 1.341656423787363373e-03
1.727586206896551957e+00 7.150492371417914717e-01 0.000000000000000000e+00 2.845877689374190500e-01 3.629939207864741257e-04 0.000000000000000000e+00 0.000000000000000000e+00 2.975597711697789971e-01 -3.390463821467293304e-01 0.000000000000000000e+00 0.000000000000000000e+00 0.000000000000000000e+00 0.000000000000000000e+00 5.478440884650850190e-03 8.560976299161433128e-03 1.592735937639799815e-02 2.424407047395760444e-03
1.931034482758620996e+00 8.261419169660687567e-01 0.000000000000000000e+00 1.734607339093217904e-01 3.973491246108119780e-04 0.000000000000000000e+00 0.000000000000000000e+00 3.685947526301930899e-01 -8.626175836246534334e-02 0.000000000000000000e+00 0.000000000000000000e+00 0.000000000000000000e+00 0.000000000000000000e+00 7.554150446172780073e-03 3.443730762966903079e-03 1.776472650744907386e-02 3.561075621801036359e-03
2.134482758620690035e+00 7.613926203458367681e-01 0.000000000000000000e+00 2.382131869508745670e-01 3.941927032886148141e-04 0.000000000000000000e+00 0.000000000000000000e+00 3.802496881628665837e-01 1.917913906906684174e-01 0.000000000000000000e+00 0.000000000000000000e+00 0.000000000000000000e+00 0.000000000000000000e+00 9.474075911832751870e-03 -2.035629123951717984e-03 1.676200463038667043e-02 4.378426199878072793e-03
2.337931034482759074e+00 5.493760586172828919e-01 0.000000000000000000e+00 4.502687856997130700e-01 3.551556829982082395e-04 0.000000000000000000e+00 0.000000000000000000e+00 3.224832769155320245e-01 3.786441955246280244e-01 0.000000000000000000e+00 0.000000000000000000e+00 0.000000000000000000e+00 0.000000000000000000e+00 1.085828909795597333e-02 -6.481749476866542972e-03 1.322741803568971454e-02 4.488812899338401503e-03
2.541379310344827669e+00 2.804803484383466272e-01 0.000000000000000000e+00 7.192294752220947940e-01 2.901763395553559003e-04 0.000000000000000000e+00 0.000000000000000000e+00 2.111612046209777882e-01 3.964097366265134648e-01 0.000000000000000000e+00 0.000000000000000000e+00 0.000000000000000000e+00 0.000000000000000000e+00 1.137723586753064398e-02 -8.902914168615367815e-03 8.247204668113116213e-03 3.656825926717401434e-03
2.744827586206896708e+00 6.820724171791706092e-02 0.000000000000000000e+00 9.315787732939320165e-01 2.139849881496832162e-04 0.000000000000000000e+00 0.000000000000000000e+00 8.504816341948369385e-02 2.372914373507879482e-01 0.000000000000000000e+00 0.000000000000000000e+00 0.000000000000000000e+00 0.000000000000000000e+00 1.085544105655689325e-02 -9.027916309402278516e-03 3.290631604808644597e-03 1.940893844627432406e-03
2.948275862068965747e+00 1.205480564825593725e-03 0.000000000000000000e+00 9.986531946402772419e-01 1.413247948968032915e-04 0.000000000000000000e+00 0.000000000000000000e+00 -7.603297394266551879e-03 -3.385331366428679517e-02 0.000000000000000000e+00 0.000000000000000000e+00 0.000000000000000000e+00 0.000000000000000000e+00 9.345882733704881373e-03 -7.334093958635890149e-03 -3.197735992746476223e-04 -2.609772894231339154e-04
3.151724137931034786e+00 1.061578422298318086e-01 0.000000000000000000e+00 8.937593992556395195e-01 8.275851452871983813e-05 0.000000000000000000e+00 0.000000000000000000e+00 -2.806430526841622447e-02 -3.067441335860474627e-01 0.000000000000000000e+00 0.000000000000000000e+00 0.000000000000000000e+00 0.000000000000000000e+00 7.145930694675140318e-03 -4.785590354096386917e-03 -1.866830568189080733e-03 -2.302261723277979500e-03
3.355172413793103825e+00 3.370295925906029444e-01 0.000000000000000000e+00 6.629278145757657725e-01 4.259283363112503518e-05 0.000000000000000000e+00 0.000000000000000000e+00 3.604139722201760154e-02 -4.713038378900447634e-01 0.000000000000000000e+00 0.000000000000000000e+00 0.000000000000000000e+00 0.000000000000000000e+00 4.740908460822651146e-03 -2.399950268257371698e-03 -1.448478714257246886e-03 -3.500993431427719491e-03
3.558620689655172864e+00 5.949812827779773494e-01 0.000000000000000000e+00 4.049992148917869184e-01 1.950233023246471955e-05 0.000000000000000000e+00 0.000000000000000000e+00 1.635895800693309421e-01 -4.628232932966923618e-01 0.000000000000000000e+00 0.000000000000000000e+00 0.000000000000000000e+00 0.000000000000000000e+00 2.685441868868083601e-03 -8.287523494353791608e-04 1.376407763780440109e-04 -3.403612284919838894e-03
3.762068965517241903e+00 7.703917946150354856e-01 0.000000000000000000e+00 2.295989185822792655e-01 9.286802684581151594e-06 0.000000000000000000e+00 0.000000000000000000e+00 3.063702575540304118e-01 -2.881291156009211374e-01 0.000000000000000000e+00 0.000000000000000000e+00 0.000000000000000000e+00 0.000000000000000000e+00 1.454642400564819726e-03 -1.274965595519996788e-04 1.781034853723316132e-03 -1.995593045354947595e-03
3.965517241379310942e+00 7.891340361031827788e-01 0.000000000000000000e+00 2.108576270873843417e-01 8.336809435875843906e-06 0.000000000000000000e+00 0.000000000000000000e+00 4.073133393729799212e-01 -2.215341303017655597e-02 0.000000000000000000e+00 0.000000000000000000e+00 0.000000000000000000e+00 0.000000000000000000e+00 1.311603587920908516e-03 1.938450182927315855e-04 2.553988563230396441e-03 2.366484644763156735e-04
4.168965517241379537e+00 6.436550788343159413e-01 0.000000000000000000e+00 3.563287722171078475e-01 1.614894857453417275e-05 0.000000000000000000e+00 0.000000000000000000e+00 4.235867069608790225e-01 2.234437863453805351e-01 0.000000000000000000e+00 0.000000000000000000e+00 0.000000000000000000e+00 0.000000000000000000e+00 2.235424466883094863e-03 8.701795067677458272e-04 2.111701178834720152e-03 2.436200013768979791e-03
4.372413793103448576e+00 3.958156899869422762e-01 0.000000000000000000e+00 6.041485834366885355e-01 3.572657636964947988e-05 0.000000000000000000e+00 0.000000000000000000e+00 3.450405395348903337e-01 3.465234626788857297e-01 0.000000000000000000e+00 0.000000000000000000e+00 0.000000000000000000e+00 0.000000000000000000e+00 3.936121985980462964e-03 2.468016140634439817e-03 8.324049076366072785e-04 3.667184217287028630e-03
4.575862068965517615e+00 1.504708368666996254e-01 0.000000000000000000e+00 8.494574758566949546e-01 7.168727660506749781e-05 0.000000000000000000e+00 0.000000000000000000e+00 1.999885682159371347e-01 2.963497037266528134e-01 0.000000000000000000e+00 0.000000000000000000e+00 0.000000000000000000e+00 0.000000000000000000e+00 5.953340317937516266e-03 5.045099705077986385e-03 -3.584801963750987417e-04 3.264710604523663427e-03
4.779310344827586654e+00 1.100636489225361933e-02 0.000000000000000000e+00 9.888666720960250789e-01 1.269630117228795138e-04 0.000000000000000000e+00 0.000000000000000000e+00 4.515572130221356256e-02 9.404669485364339221e-02 0.000000000000000000e+00 0.000000000000000000e+00 0.000000000000000000e+00 0.000000000000000000e+00 7.806172195956593944e-03 8.038231282660996888e-03 -4.080180492773011073e-04 1.109468760994009734e-03
4.982758620689654805e+00 3.573082962719561356e-02 0.000000000000000000e+00 9.640695346675198785e-01 1.996357052886849396e-04 0.000000000000000000e+00 0.000000000000000000e+00 -5.664010985213942945e-02 -1.767452861819451548e-01 0.000000000000000000e+00 0.000000000000000000e+00 0.000000000000000000e+00 0.000000000000000000e+00 9.141477449707413952e-03 1.043532884230768953e-02 1.376063684858702587e-03 -2.289016748943290686e-03
5.186206896551723844e+00 2.134107152048204115e-01 0.000000000000000000e+00 7.863078168117263456e-01 2.814679834562362412e-04 0.000000000000000000e+00 0.000000000000000000e+00 -6.231132922661807710e-02 -4.048750479276968517e-01 0.000000000000000000e+00 0.000000000000000000e+00 0.000000000000000000e+00 0.000000000000000000e+00 9.828739023074680586e-03 1.116764801115874804e-02 4.971412353816357863e-03 -5.945867685364212944e-03
5.389655172413792883e+00 4.682711950119690658e-01 0.000000000000000000e+00 5.313698186836172122e-01 3.589863044118460941e-04 0.000000000000000000e+00 0.000000000000000000e+00 3.292123133747044961e-02 -4.977362353823537866e-01 0.000000000000000000e+00 0.000000000000000000e+00 0.000000000000000000e+00 0.000000000000000000e+00 9.967518664282144780e-03 9.560494220785658095e-03 9.572895593660556146e-03 -8.744290542010185047e-03
5.593103448275861922e+00 6.921771842072043102e-01 0.000000000000000000e+00 3.074059107162223081e-01 4.169050765697719738e-04 0.000000000000000000e+00 0.000000000000000000e+00 1.922923286462226156e-01 -4.192886934022641565e-01 0.000000000000000000e+00 0.000000000000000000e+00 0.000000000000000000e+00 0.000000000000000000e+00 9.808229014668530185e-03 5.653116315425498785e-03 1.384597696766714722e-02 -9.841803886837901388e-03
5.796551724137930961e+00 7.904042947676567232e-01 0.000000000000000000e+00 2.091529942838358247e-01 4.427109485054427215e-04 0.000000000000000000e+00 0.000000000000000000e+00 3.514446885042775137e-01 -2.044554772448138047e-01 0.000000000000000000e+00 0.000000000000000000e+00 0.000000000000000000e+00 0.000000000000000000e+00 9.619353547228200879e-03 2.497053853716686266e-04 1.640772417674284459e-02 -8.983719854608995803e-03
6.000000000000000000e+00 7.215690082124814886e-01 0.000000000000000000e+00 2.780003487348720048e-01 4.306430526501497870e-04 0.000000000000000000e+00 0.000000000000000000e+00 4.443796415652411791e-01 5.588528301409614180e-02 0.000000000000000000e+00 0.000000000000000000e+00 0.000000000000000000e+00 0.000000000000000000e+00 9.556892600032540139e-03 -5.327731385279559605e-03 1.634757077531768035e-02 -6.595120137703516447e-03
