1.000000000000000056e-01 9.755282429896369178e-01 0.000000000000000000e+00 2.447174185265062890e-02 1.515771475230094849e-08 0.000000000000000000e+00 0.000000000000000000e+00 -2.794905205805256163e-15 1.545084959232304045e-01 0.000000000000000000e+00 0.000000000000000000e+00 0.000000000000000000e+00 0.000000000000000000e+00 -4.702525277708695013e-19 1.925969058052130531e-05 -1.216008993142124559e-04 -5.170452634616660255e-18
3.034482758620690168e-01 7.894929701945213596e-01 0.000000000000000000e+00 2.105057873423286929e-01 1.242463146319695116e-06 0.000000000000000000e+00 0.000000000000000000e+00 1.554731965629653513e-14 4.076675597137555673e-01 0.000000000000000000e+00 0.000000000000000000e+00 0.000000000000000000e+00 0.000000000000000000e+00 5.761963132575085699e-18 5.114153714363469392e-04 -9.904119917113862574e-04 4.892974839431143995e-17
5.068965517241379448e-01 4.891698213142526841e-01 0.000000000000000000e+00 5.108211430563704969e-01 9.035629375862574183e-06 0.000000000000000000e+00 0.000000000000000000e+00 -2.170356471871435900e-14 4.998782724220802165e-01 0.000000000000000000e+00 0.000000000000000000e+00 0.000000000000000000e+00 0.000000000000000000e+00 5.389320363881549765e-16 2.148392543823558071e-03 -2.102369424635608993e-03 4.361062333865467723e-16
7.103448275862068728e-01 1.931247256508852594e-01 0.000000000000000000e+00 8.068438537932232091e-01 3.142055589201162214e-05 0.000000000000000000e+00 0.000000000000000000e+00 -9.382349221690639402e-15 3.947423182080457837e-01 0.000000000000000000e+00 0.000000000000000000e+00 0.000000000000000000e+00 0.000000000000000000e+00 7.068798116704626603e-16 5.035025559298426413e-03 -2.463348577144997345e-03 2.872875360374008817e-16
9.137931034482759118e-01 1.822942037719612815e-02 0.000000000000000000e+00 9.816957599549930302e-01 7.481966781169170470e-05 0.000000000000000000e+00 0.000000000000000000e+00 1.322886609754152493e-13 1.337749785457425789e-01 0.000000000000000000e+00 0.000000000000000000e+00 0.000000000000000000e+00 0.000000000000000000e+00 1.214940843757874826e-15 8.570306330996771416e-03 -1.167869507529445102e-03 1.320452627510488606e-15
1.117241379310345062e+00 3.352265846802143789e-02 0.000000000000000000e+00 9.663373708781692883e-01 1.399706538097960468e-04 0.000000000000000000e+00 0.000000000000000000e+00 -4.192027532766668091e-14 -1.799838811960156326e-01 0.000000000000000000e+00 0.000000000000000000e+00 0.000000000000000000e+00 0.000000000000000000e+00 1.880715091042681256e-15 1.163008484537444119e-02 2.166145982829908567e-03 -8.548120895540632398e-16
1.320689655172413879e+00 2.329454277986458544e-01 0.000000000000000000e+00 7.668347488175657478e-01 2.198233837913414934e-04 0.000000000000000000e+00 0.000000000000000000e+00 -4.074549697333407140e-14 -4.226471922205550236e-01 0.000000000000000000e+00 0.000000000000000000e+00 0.000000000000000000e+00 0.000000000000000000e+00 -1.488538482252123734e-15 1.298338204192664262e-02 7.155896328560299759e-03 1.305516058217854974e-16
1.524137931034482918e+00 5.377430887497494094e-01 0.000000000000000000e+00 4.619564750050857427e-01 3.004362451607091788e-04 0.000000000000000000e+00 0.000000000000000000e+00 8.839082671746406346e-14 -4.984113778378503889e-01 0.000000000000000000e+00 0.000000000000000000e+00 0.000000000000000000e+00 0.000000000000000000e+00 1.292730031147205309e-15 1.178085178066498942e-02 1.271052770178425322e-02 8.594049759128015178e-16
1.727586206896551957e+00 8.275569059079070922e-01 0.000000000000000000e+00 1.720783980917705014e-01 3.646960003236128468e-04 0.000000000000000000e+00 0.000000000000000000e+00 9.110393713841142895e-14 -3.773654285307712630e-01 0.000000000000000000e+00 0.000000000000000000e+00 0.000000000000000000e+00 0.000000000000000000e+00 1.798454970760734226e-15 7.921887601198905615e-03 1.737258454572006283e-02 2.501172343094582950e-16
1.931034482758620996e+00 9.879463249930108271e-01 0.000000000000000000e+00 1.165608939630208979e-02 3.975856106904167428e-04 0.000000000000000000e+00 0.000000000000000000e+00 6.579947077021573150e-14 -1.073107191029765706e-01 0.000000000000000000e+00 0.000000000000000000e+00 0.000000000000000000e+00 0.000000000000000000e+00 1.339509589323523791e-15 2.152740876684947069e-03 1.981901215948586939e-02 -1.796916929152430764e-16
2.134482758620690035e+00 9.555799814113768997e-01 0.000000000000000000e+00 4.402895304785919839e-02 3.910655407629143299e-04 0.000000000000000000e+00 0.000000000000000000e+00 5.163982240353488748e-14 2.051174922538469281e-01 0.000000000000000000e+00 0.000000000000000000e+00 0.000000000000000000e+00 0.000000000000000000e+00 1.129209297798492335e-15 -4.149482659297316738e-03 1.933117694520262650e-02 3.938410028105239753e-16
2.337931034482759074e+00 7.432405462739962720e-01 0.000000000000000000e+00 2.564127068717345082e-01 3.467468542696307190e-04 0.000000000000000000e+00 0.000000000000000000e+00 -3.913998616206337644e-14 4.365504783006631251e-01 0.000000000000000000e+00 0.000000000000000000e+00 0.000000000000000000e+00 0.000000000000000000e+00 -7.688770181908692216e-16 -9.429225816809655783e-03 1.605354544485144974e-02 1.302886188098312246e-16
2.541379310344827669e+00 4.347706052009719935e-01 0.000000000000000000e+00 5.649540434643997022e-01 2.753513346288158272e-04 0.000000000000000000e+00 0.000000000000000000e+00 -7.717694193870302174e-14 4.956061059515676215e-01 0.000000000000000000e+00 0.000000000000000000e+00 0.000000000000000000e+00 0.000000000000000000e+00 -1.712135237280350476e-15 -1.247240355767398161e-02 1.094141975744561401e-02 2.018551734174415319e-16
2.744827586206896708e+00 1.519767095144179680e-01 0.000000000000000000e+00 8.478301244351821309e-01 1.931660503989920410e-04 0.000000000000000000e+00 0.000000000000000000e+00 -3.231417044153494364e-14 3.589574225989176082e-01 0.000000000000000000e+00 0.000000000000000000e+00 0.000000000000000000e+00 0.000000000000000000e+00 -1.424250391917388897e-15 -1.279734338184086717e-02 5.418186067521717567e-03 -1.152426676518309372e-16
2.948275862068965747e+00 6.532279944754008742e-03 0.000000000000000000e+00 9.933509023245583602e-01 1.168177306877714544e-04 0.000000000000000000e+00 0.000000000000000000e+00 5.083155243479676909e-14 8.055337151965485942e-02 0.000000000000000000e+00 0.000000000000000000e+00 0.000000000000000000e+00 0.000000000000000000e+00 -4.916207485472201021e-16 -1.077223278523172824e-02 8.735479341123743822e-04 -5.911020431504507310e-16
3.151724137931034786e+00 5.588178065242473819e-02 0.000000000000000000e+00 9.440599098249949916e-01 5.830952257954686262e-05 0.000000000000000000e+00 0.000000000000000000e+00 1.249551059990809068e-14 -2.296861967267131432e-01 0.000000000000000000e+00 0.000000000000000000e+00 0.000000000000000000e+00 0.000000000000000000e+00 -2.678557724159006728e-16 -7.419412573481837768e-03 -1.805114967760532325e-03 -3.303171693198085578e-17
3.355172413793103825e+00 2.805591827582956665e-01 0.000000000000000000e+00 7.194186969994676994e-01 2.212024223832086508e-05 0.000000000000000000e+00 0.000000000000000000e+00 -6.481055803657381705e-14 -4.492655351510116413e-01 0.000000000000000000e+00 0.000000000000000000e+00 0.000000000000000000e+00 0.000000000000000000e+00 1.636585010011190974e-16 -3.989199948184823756e-03 -2.491191974292488939e-03 2.571625393653046116e-16
3.558620689655172864e+00 5.918647729285179127e-01 0.000000000000000000e+00 4.081299060904796105e-01 5.320981001373910383e-06 0.000000000000000000e+00 0.000000000000000000e+00 2.633642883419214459e-14 -4.914852128860393021e-01 0.000000000000000000e+00 0.000000000000000000e+00 0.000000000000000000e+00 0.000000000000000000e+00 1.208817131934899551e-16 -1.473652435946942382e-03 -1.774627085288701207e-03 -2.406735816488453325e-16
3.762068965517241903e+00 8.669145349286662139e-01 0.000000000000000000e+00 1.330849901087669263e-01 4.749625654365923856e-07 0.000000000000000000e+00 0.000000000000000000e+00 2.276532511589352103e-14 -3.396664730313788128e-01 0.000000000000000000e+00 0.000000000000000000e+00 0.000000000000000000e+00 0.000000000000000000e+00 3.361841278555873047e-17 -2.514168025811386667e-04 -6.416791970848376332e-04 -1.288207491481787539e-16
3.965517241379310942e+00 9.971023344165915736e-01 0.000000000000000000e+00 2.897665373311843467e-03 2.100950839180433675e-10 0.000000000000000000e+00 0.000000000000000000e+00 -1.515167189580059284e-14 -5.375190762310443071e-02 0.000000000000000000e+00 0.000000000000000000e+00 0.000000000000000000e+00 0.000000000000000000e+00 2.268535654025087418e-18 -7.804476221594198925e-07 -1.447782316285441024e-05 -3.803099805315482975e-17
4.168965517241379537e+00 9.310391227788572532e-01 0.000000000000000000e+00 6.896075404603869974e-02 1.231751050244680818e-07 0.000000000000000000e+00 0.000000000000000000e+00 -7.044401011960064211e-15 2.533873690374106036e-01 0.000000000000000000e+00 0.000000000000000000e+00 0.000000000000000000e+00 0.000000000000000000e+00 -1.556346753068069429e-17 9.216425445201568522e-05 -3.386456308545109312e-04 -6.660341883043383639e-17
4.372413793103448576e+00 6.948011092929612387e-01 0.000000000000000000e+00 3.051961200558762077e-01 2.770651162342995064e-06 0.000000000000000000e+00 0.000000000000000000e+00 4.810981512596703042e-14 4.604895220272270384e-01 0.000000000000000000e+00 0.000000000000000000e+00 0.000000000000000000e+00 0.000000000000000000e+00 -5.038295300045660308e-17 9.195606696470484632e-04 -1.387461895418040051e-03 6.893503794051931634e-17
4.575862068965517615e+00 3.816648325948986953e-01 0.000000000000000000e+00 6.183205589794374957e-01 1.460842566757155222e-05 0.000000000000000000e+00 0.000000000000000000e+00 3.505313247613318414e-14 4.857892673475073253e-01 0.000000000000000000e+00 0.000000000000000000e+00 0.000000000000000000e+00 0.000000000000000000e+00 -1.289160431172497669e-16 3.005443446078546500e-03 -2.361254553646945260e-03 6.908334978075622114e-17
4.779310344827586654e+00 1.152430410095321156e-01 0.000000000000000000e+00 8.847133296158108395e-01 4.362937465972105194e-05 0.000000000000000000e+00 0.000000000000000000e+00 1.843281694080051492e-14 3.193071451605762334e-01 0.000000000000000000e+00 0.000000000000000000e+00 0.000000000000000000e+00 0.000000000000000000e+00 -2.187680263141717032e-16 6.212848675056282556e-03 -2.242316061966293048e-03 5.048700815877963216e-17
4.982758620689654805e+00 7.178203343134358571e-04 0.000000000000000000e+00 9.991874663003541546e-01 9.471336533328242422e-05 0.000000000000000000e+00 0.000000000000000000e+00 5.431821261808009782e-15 2.678119366469275398e-02 0.000000000000000000e+00 0.000000000000000000e+00 0.000000000000000000e+00 0.000000000000000000e+00 -2.728601192718400565e-16 9.728124575664093970e-03 -2.607426316643268608e-04 4.554756159405230710e-17
5.186206896551723844e+00 8.328932558924609375e-02 0.000000000000000000e+00 9.165446256984611795e-01 1.660487122941122764e-04 0.000000000000000000e+00 0.000000000000000000e+00 -2.310691992008348160e-14 -2.762940143909436430e-01 0.000000000000000000e+00 0.000000000000000000e+00 0.000000000000000000e+00 0.000000000000000000e+00 -2.005320589856340595e-17 1.233657385744997732e-02 3.718882242651807245e-03 -3.049706451620268390e-16
5.389655172413792883e+00 3.303347633230294123e-01 0.000000000000000000e+00 6.694172536855694799e-01 2.479829914015845775e-04 0.000000000000000000e+00 0.000000000000000000e+00 -1.558024492957377216e-14 -4.702465176566568150e-01 0.000000000000000000e+00 0.000000000000000000e+00 0.000000000000000000e+00 0.000000000000000000e+00 6.802849693527264814e-18 1.288425741023467228e-02 9.050823386694458947e-03 -3.046406663428385594e-16
5.593103448275861922e+00 6.442984967619429515e-01 0.000000000000000000e+00 3.553765369742846736e-01 3.249662637695941033e-04 0.000000000000000000e+00 0.000000000000000000e+00 -9.382298911106645266e-15 -4.785066038342433159e-01 0.000000000000000000e+00 0.000000000000000000e+00 0.000000000000000000e+00 0.000000000000000000e+00 -9.054411483031534053e-17 1.074641262574268195e-02 1.446980567228931848e-02 -1.618048475451282684e-16
5.796551724137930961e+00 9.012007706787312777e-01 0.000000000000000000e+00 9.841924605330155951e-02 3.799832679672896039e-04 0.000000000000000000e+00 0.000000000000000000e+00 1.260707569673286129e-15 -2.978178919683381887e-01 0.000000000000000000e+00 0.000000000000000000e+00 0.000000000000000000e+00 0.000000000000000000e+00 7.014745262369730330e-17 6.115362943712766841e-03 1.850516725175810340e-02 -1.339280204055497434e-16
6.000000000000000000e+00 9.995998526778580029e-01 0.000000000000000000e+00 2.273547854859114626e-07 3.999199673565840955e-04 0.000000000000000000e+00 0.000000000000000000e+00 -1.426635727655631435e-14 4.681450149439764469e-04 0.000000000000000000e+00 0.000000000000000000e+00 0.000000000000000000e+00 0.000000000000000000e+00 -2.853811788087958735e-16 -9.364123788672421499e-06 1.999399763121849014e-02 -1.109015571842193895e-17
