0.000000000000000000e+00 -6.634264511200707492e-12 9.741064873749556644e-12 -1.000000000000000000e+00
2.040816326530612290e-01 -3.510469446536798599e-01 4.259937968201322200e-01 -7.853417132548093926e-01
4.081632653061224580e-01 -6.497739956474747336e-01 5.288097262064282988e-01 -2.852498609597832746e-01
6.122448979591836871e-01 -7.603532650284162697e-01 2.844566667239188384e-01 2.242370166661638853e-01
8.163265306122449161e-01 -6.099874925543241622e-01 -5.164237757284706465e-02 5.777976781561681152e-01
1.020408163265306145e+00 -3.141401155799404266e-01 -2.297950447919713257e-01 7.706272693930491524e-01
1.224489795918367374e+00 -6.431444134647537614e-02 -2.079087092766778444e-01 8.646419991223156520e-01
1.428571428571428603e+00 4.472790445586651009e-02 -9.950560961104371049e-02 9.124859989207840805e-01
1.632653061224489832e+00 4.626059415304407951e-02 -1.674873981613663257e-02 9.410130430641536758e-01
1.836734693877551061e+00 1.709759367428329013e-02 1.000574375409958756e-02 9.605766031720337494e-01
2.040816326530612290e+00 6.414456603929218070e-04 6.988666014470525621e-03 9.746582251345314862e-01
2.244897959183673741e+00 -1.714982061443482775e-03 1.291902188416473984e-03 9.845940209043957392e-01
2.448979591836734748e+00 -5.052716138192529750e-04 -2.311325314688783420e-04 9.912293216179519639e-01
2.653061224489795755e+00 5.316323967283122925e-08 -1.188340346941666283e-04 9.953488943664130506e-01
2.857142857142857206e+00 1.788984849965914926e-05 -9.114211545172686907e-06 9.977057833649025653e-01
3.061224489795918657e+00 3.196351046879489861e-07 9.605879032275507599e-07 9.989454976228092642e-01
3.265306122448979664e+00 -1.896635371967211105e-07 2.103102120231221247e-06 9.995465650943579083e-01
3.469387755102040671e+00 4.586373636555013271e-08 2.657106061188438473e-07 9.998166942231651033e-01
3.673469387755102122e+00 -7.633507397252146774e-07 2.315151917134163078e-06 9.999299851182489318e-01
3.877551020408163573e+00 -8.036581537004770383e-07 2.215209596969932622e-07 9.999746182969684316e-01
4.081632653061224580e+00 -1.909656901494349548e-06 -1.201500001213634371e-06 9.999912327034434778e-01
4.285714285714285587e+00 -2.295555990517127493e-06 -1.623074802541966875e-06 9.999971046824348564e-01
4.489795918367347483e+00 1.873091613113894883e-06 -3.783776253897028463e-06 9.999990831030098892e-01
4.693877551020408490e+00 -4.330702750583992706e-06 -3.927424805877840342e-06 9.999997207742300498e-01
4.897959183673469497e+00 1.448479854347273937e-06 -1.204076502685273089e-06 9.999999180274646848e-01
5.102040816326530503e+00 -1.147431280888707163e-06 -1.683994359057054515e-06 9.999999767404159634e-01
5.306122448979591510e+00 3.806398665149780220e-07 -2.512780372581132634e-06 9.999999936142437429e-01
5.510204081632653406e+00 -3.594764280637540415e-06 1.602737229865351911e-07 9.999999983040664953e-01
5.714285714285714413e+00 -2.485256933922458795e-08 -6.161848876640398283e-06 9.999999995601847047e-01
5.918367346938775420e+00 1.918324956746600058e-06 -1.710316109651398670e-07 9.999999999133784012e-01
6.122448979591837315e+00 6.166511774428803544e-06 -4.114245465746700623e-06 9.999999999731479239e-01
6.326530612244898322e+00 4.605587414184948670e-06 -4.256761317554264289e-06 1.000000000004843903e+00
6.530612244897959329e+00 -8.876822313325074537e-07 1.593549142837306928e-06 1.000000000025628832e+00
6.734693877551020336e+00 3.500802079559098952e-06 1.184864019559546263e-06 1.000000000024830804e+00
6.938775510204081343e+00 1.361711335595073422e-06 5.598178379770697129e-06 1.000000000020718094e+00
7.142857142857143238e+00 2.760477009076935165e-06 2.867626002108689533e-06 1.000000000023476110e+00
7.346938775510204245e+00 -1.609583949436946733e-06 -1.566462522150455447e-06 1.000000000030434322e+00
7.551020408163265252e+00 -2.075145807030396711e-06 3.406890643494394906e-06 1.000000000030794256e+00
7.755102040816327147e+00 1.564414700720917120e-06 5.733351306232728440e-06 1.000000000028529401e+00
7.959183673469388154e+00 -2.985015178208071958e-06 6.971946134622892746e-06 1.000000000019461988e+00
8.163265306122449161e+00 8.123249803281213169e-07 -2.032862976472629564e-06 1.000000000055914162e+00
8.367346938775510168e+00 -3.071459956656764520e-06 2.009080544397746028e-06 1.000000000055687677e+00
8.571428571428571175e+00 1.917267632762577993e-06 -2.599486826247317229e-07 1.000000000060921934e+00
8.775510204081632182e+00 1.560709167111461118e-06 1.433075850801566494e-06 1.000000000058328231e+00
8.979591836734694965e+00 2.376731399747059892e-06 7.237875579875330850e-07 1.000000000054919180e+00
9.183673469387755972e+00 3.143127701302831676e-06 -1.503068826467651392e-06 1.000000000054750871e+00
9.387755102040816979e+00 -7.352365564103331588e-07 -2.373733769292668016e-07 1.000000000060083716e+00
9.591836734693877986e+00 -1.088397570498693935e-06 -1.846215849960788838e-06 1.000000000056491034e+00
9.795918367346938993e+00 -5.483937853534323746e-06 -1.187698058022418021e-06 1.000000000040794479e+00
1.000000000000000000e+01 3.740629104483826421e-06 2.715059973213625119e-07 1.000000000049659610e+00
