0.000000000000000000e+00 -7.136613825054593928e-12 1.003128618941259464e-11 -1.000000000000000000e+00
2.040816326530612290e-01 -3.761961680762035964e-01 4.391151768336870598e-01 -7.948557006443095485e-01
4.081632653061224580e-01 -7.001091052482671939e-01 5.486787003075803693e-01 -3.101146180497713067e-01
6.122448979591836871e-01 -8.335031418696506877e-01 2.922351566615067897e-01 2.000267492667191782e-01
8.163265306122449161e-01 -6.845819541879054615e-01 -7.994501828437491908e-02 5.732493654078042455e-01
1.020408163265306145e+00 -3.515238527548721903e-01 -2.897266122573464164e-01 7.896881606702933487e-01
1.224489795918367374e+00 -5.172861628650494981e-02 -2.586322506539772692e-01 8.983452459416846336e-01
1.428571428571428603e+00 7.492799596806849760e-02 -1.125038219981652071e-01 9.499387810008861344e-01
1.632653061224489832e+00 6.074311219372784121e-02 -6.601142765189943473e-03 9.751194378475916968e-01
1.836734693877551061e+00 1.599080447437522048e-02 1.805332512794539934e-02 9.880522731026815109e-01
2.040816326530612290e+00 -2.407849378087098188e-03 7.851642527257913368e-03 9.946800356466000137e-01
2.244897959183673741e+00 -2.336756227991361630e-03 4.555981311732603886e-04 9.978506873804123822e-01
2.448979591836734748e+00 -3.420248298242013416e-04 -4.664254803634633288e-04 9.992166981541161785e-01
2.653061224489795755e+00 5.825485133774049927e-05 -1.007008070887893773e-04 9.997419920835611817e-01
2.857142857142857206e+00 1.778626862146499214e-05 2.792215281970638751e-07 9.999228680743198483e-01
3.061224489795918657e+00 -1.154678610823212529e-06 3.075782098527119950e-06 9.999789854906943054e-01
3.265306122448979664e+00 2.966514312521631401e-07 4.285677546250622832e-07 9.999947642324832353e-01
3.469387755102040671e+00 -9.943828453881719970e-07 9.933533682175262394e-07 9.999988036426561422e-01
3.673469387755102122e+00 -3.910132463812769375e-06 1.105256981788809536e-07 9.999997486616818421e-01
3.877551020408163573e+00 1.015598328861837956e-06 -1.926670838724141175e-06 9.999999513423701858e-01
4.081632653061224580e+00 1.290750985255979670e-06 -1.572267190390698136e-06 9.999999913057141532e-01
4.285714285714285587e+00 3.551388985758161996e-06 -5.639107711348729027e-06 9.999999985481494713e-01
4.489795918367347483e+00 3.197729050954330875e-06 -5.612451846922637487e-06 9.999999997696685794e-01
4.693877551020408490e+00 2.149226479348357674e-06 2.141171898553334706e-06 9.999999999770586845e-01
4.897959183673469497e+00 1.752540930630081956e-06 2.334531820165224436e-06 1.000000000009990231e+00
5.102040816326530503e+00 5.230653910535367649e-07 1.106417938717282920e-06 1.000000000015571322e+00
5.306122448979591510e+00 -4.173831041553644462e-06 -2.806583874451154841e-06 1.000000000009109380e+00
5.510204081632653406e+00 -2.832655034099065738e-08 1.779796315044073416e-06 1.000000000020733193e+00
5.714285714285714413e+00 2.745100900575763730e-07 8.819509565551974397e-07 1.000000000024895197e+00
5.918367346938775420e+00 3.027983686503247649e-06 -4.518175119290276767e-06 1.000000000012847723e+00
6.122448979591837315e+00 3.032524080962421575e-06 -1.313805465473725249e-06 1.000000000023576918e+00
6.326530612244898322e+00 1.256646803955686538e-06 -5.281313669815844853e-07 1.000000000030803360e+00
6.530612244897959329e+00 2.035564445879165911e-07 9.967378993727441200e-07 1.000000000031140868e+00
6.734693877551020336e+00 3.624903983290823213e-06 1.060115106795252739e-06 1.000000000025820013e+00
6.938775510204081343e+00 3.394924338480276444e-07 3.599275405988234221e-06 1.000000000028473668e+00
7.142857142857143238e+00 -4.460136241370005104e-07 7.583636658068759916e-07 1.000000000033484993e+00
7.346938775510204245e+00 -1.846231669896115861e-07 6.876337577794315062e-07 1.000000000038873349e+00
7.551020408163265252e+00 -2.619037464817951968e-06 9.120480295136496347e-07 1.000000000036197489e+00
7.755102040816327147e+00 2.313053155560261829e-06 3.304489981345748105e-06 1.000000000036710857e+00
7.959183673469388154e+00 1.533519046018108787e-06 1.790053939885203547e-06 1.000000000043527626e+00
8.163265306122449161e+00 3.012898474519064076e-06 -3.634938881117129020e-07 1.000000000047958304e+00
8.367346938775510168e+00 1.756004982792486005e-06 5.995484357978208419e-07 1.000000000053718363e+00
8.571428571428571175e+00 -1.516754301410660165e-07 -7.655718146301051176e-07 1.000000000061398442e+00
8.775510204081632182e+00 -1.676854500062619348e-06 -2.113797682273231915e-06 1.000000000058362870e+00
8.979591836734694965e+00 -3.237224921739952507e-06 -6.418831920638169044e-07 1.000000000050558668e+00
9.183673469387755972e+00 6.702491807305276414e-07 1.899662012372154564e-06 1.000000000054064087e+00
9.387755102040816979e+00 -2.228723369068040363e-06 1.339997186393989161e-06 1.000000000055377036e+00
9.591836734693877986e+00 3.912919302904273082e-06 -3.038530642282713959e-06 1.000000000044357629e+00
9.795918367346938993e+00 -2.394690251549909481e-06 3.678632065014812468e-08 1.000000000050773163e+00
1.000000000000000000e+01 7.669343182923777242e-06 -1.363809930001741280e-06 1.000000000026115554e+00
