0.000000000000000000e+00 -6.988034934253275792e-12 9.988109620378056559e-12 -1.000000000000000000e+00
2.040816326530612290e-01 -3.689822111367787039e-01 4.371722876830129723e-01 -7.926982553642270002e-01
4.081632653061224580e-01 -6.863916441402143631e-01 5.457598903878917440e-01 -3.046393458758098194e-01
6.122448979591836871e-01 -8.144642308341504267e-01 2.924126989683473177e-01 2.046522463868107600e-01
8.163265306122449161e-01 -6.660309149071186319e-01 -7.095703190906486879e-02 5.721932116630726872e-01
1.020408163265306145e+00 -3.433823239371111558e-01 -2.737278899840751012e-01 7.822116313764304607e-01
1.224489795918367374e+00 -5.616657765784127676e-02 -2.465352327762856399e-01 8.873262135494133229e-01
1.428571428571428603e+00 6.739534006411003475e-02 -1.105257524000954616e-01 9.387595495335590012e-01
1.632653061224489832e+00 5.798457042691362862e-02 -9.518953284691461514e-03 9.659115141100383939e-01
1.836734693877551061e+00 1.666631795767777036e-02 1.641827080983563128e-02 9.815588236693106872e-01
2.040816326530612290e+00 -1.740431301024292915e-03 7.859556189918829108e-03 9.906949938781511866e-01
2.244897959183673741e+00 -2.267453845635296165e-03 6.516818631966301515e-04 9.957084730098545444e-01
2.448979591836734748e+00 -3.868316081660885851e-04 -4.312913182857031199e-04 9.982008131509199078e-01
2.653061224489795755e+00 4.849267751370877342e-05 -1.057059532399373344e-04 9.993130702863896042e-01
2.857142857142857206e+00 2.164886543548193170e-05 1.514710908847997136e-07 9.997600675348692345e-01
3.061224489795918657e+00 7.176626770535756331e-07 2.645850622479325540e-06 9.999229606077176813e-01
3.265306122448979664e+00 2.294516107094077297e-06 -1.303932747909496772e-06 9.999771631534000171e-01
3.469387755102040671e+00 1.859670525785620598e-06 -3.452532768650815484e-07 9.999937282503084113e-01
3.673469387755102122e+00 -1.248720493127307479e-06 5.708184540529663753e-08 9.999983995200354414e-01
3.877551020408163573e+00 -4.081577021875168408e-07 -3.609793159042010297e-06 9.999996194968968632e-01
4.081632653061224580e+00 3.724609893138787282e-06 3.810260998804900623e-07 9.999999155179423171e-01
4.285714285714285587e+00 2.320327703548237262e-06 -3.325305182709258918e-06 9.999999824397678427e-01
4.489795918367347483e+00 9.680963943041241508e-07 -6.044196636552738713e-06 9.999999965664372326e-01
4.693877551020408490e+00 4.288331207292102174e-06 -2.894722983014537670e-06 9.999999993720328773e-01
4.897959183673469497e+00 4.423357648483406755e-07 -1.116563856643010873e-06 9.999999999066409018e-01
5.102040816326530503e+00 -5.051202792147238874e-06 -9.554843591409235316e-08 9.999999999868975920e-01
5.306122448979591510e+00 -1.879333974745977626e-06 -5.978114196508146316e-07 1.000000000018663959e+00
5.510204081632653406e+00 -1.000268494015626738e-06 3.651956884167154559e-06 1.000000000014480417e+00
5.714285714285714413e+00 -9.513755724876472615e-07 8.601216086540975411e-07 1.000000000024222846e+00
5.918367346938775420e+00 2.198943977672176967e-06 -5.078554542999989756e-06 1.000000000012860157e+00
6.122448979591837315e+00 4.519667504045659281e-06 -4.070600481322978731e-06 1.000000000011006973e+00
6.326530612244898322e+00 3.656195246512690140e-06 2.667270312622510931e-06 1.000000000019769297e+00
6.530612244897959329e+00 1.837096760222757653e-06 4.670789155711436495e-06 1.000000000018392177e+00
6.734693877551020336e+00 3.848384864754351889e-06 1.642749193871914964e-07 1.000000000025111468e+00
6.938775510204081343e+00 -2.799615959683113679e-06 3.757337291229976930e-06 1.000000000024877655e+00
7.142857142857143238e+00 8.149418241375597548e-07 -1.976917559055781285e-06 1.000000000030353275e+00
7.346938775510204245e+00 -9.885119947649089034e-08 2.973184041210852116e-06 1.000000000033052894e+00
7.551020408163265252e+00 -4.168767489716291635e-06 4.236017222855378529e-06 1.000000000021964874e+00
7.755102040816327147e+00 2.712752586759053593e-06 2.809135402990172850e-06 1.000000000035550229e+00
7.959183673469388154e+00 1.533519046018108787e-06 1.790053939885203547e-06 1.000000000043527626e+00
8.163265306122449161e+00 3.012898474519064076e-06 -3.634938881117129020e-07 1.000000000047958304e+00
8.367346938775510168e+00 1.756004982792486005e-06 5.995484357978208419e-07 1.000000000053718363e+00
8.571428571428571175e+00 -1.516754301410660165e-07 -7.655718146301051176e-07 1.000000000061398442e+00
8.775510204081632182e+00 -1.676854500062619348e-06 -2.113797682273231915e-06 1.000000000058362870e+00
8.979591836734694965e+00 -3.237224921739952507e-06 -6.418831920638169044e-07 1.000000000050558668e+00
9.183673469387755972e+00 6.702491807305276414e-07 1.899662012372154564e-06 1.000000000054064087e+00
9.387755102040816979e+00 -2.228723369068040363e-06 1.339997186393989161e-06 1.000000000055377036e+00
9.591836734693877986e+00 3.912919302904273082e-06 -3.038530642282713959e-06 1.000000000044357629e+00
9.795918367346938993e+00 -2.394690251549909481e-06 3.678632065014812468e-08 1.000000000050773163e+00
1.000000000000000000e+01 7.669343182923777242e-06 -1.363809930001741280e-06 1.000000000026115554e+00
