0.000000000000000000e+00 -7.571856815578265193e-12 9.995826062656849255e-12 -1.000000000000000000e+00
2.040816326530612290e-01 -3.969963558849953777e-01 4.377492179788957105e-01 -8.001679740385488904e-01
4.081632653061224580e-01 -7.390242523784968931e-01 5.471920032415389379e-01 -3.225161991778552895e-01
6.122448979591836871e-01 -8.867771053075765852e-01 2.822388100390728072e-01 1.938511169186412642e-01
8.163265306122449161e-01 -7.331979922659920268e-01 -1.131160269443501065e-01 5.865744765402947092e-01
1.020408163265306145e+00 -3.669123024442302317e-01 -3.364014653435303814e-01 8.205599160212266874e-01
1.224489795918367374e+00 -3.515366597325936260e-02 -2.867239152672432234e-01 9.338817883987704516e-01
1.428571428571428603e+00 9.291202376492174730e-02 -1.131364314613931971e-01 9.791042027074213783e-01
1.632653061224489832e+00 6.488090323401388138e-02 8.033727186150044219e-04 9.942061518260395525e-01
1.836734693877551061e+00 1.397898144465314907e-02 2.080695739832873897e-02 9.985515866766370152e-01
2.040816326530612290e+00 -3.531961894095487012e-03 7.601919781376402334e-03 9.996685877422434308e-01
2.244897959183673741e+00 -2.394736999135731355e-03 1.354548805719366783e-04 9.999310334330218097e-01
2.448979591836734748e+00 -2.788982409217213463e-04 -5.062174574918536403e-04 9.999871886501244811e-01
2.653061224489795755e+00 7.097604115961416175e-05 -9.180344430049923899e-05 9.999979116133398405e-01
2.857142857142857206e+00 1.908427306394983456e-05 5.922298873906411300e-06 9.999997041090592509e-01
3.061224489795918657e+00 -1.289367607272581567e-06 1.923874497401569045e-06 9.999999636729768326e-01
3.265306122448979664e+00 -1.685806774198819203e-08 -1.644310384779762492e-06 9.999999961366106138e-01
3.469387755102040671e+00 -7.848187994051184881e-07 1.931195934241342241e-06 9.999999996474772113e-01
3.673469387755102122e+00 -1.989837710023609972e-06 1.863233350640951808e-06 9.999999999752123836e-01
3.877551020408163573e+00 -3.167049719148602150e-06 -6.899635848229128336e-07 1.000000000002821965e+00
4.081632653061224580e+00 -3.393918235035813820e-07 -1.699121228299019457e-06 1.000000000010865087e+00
4.285714285714285587e+00 2.397338202182494719e-06 -5.856882334212239632e-06 9.999999999912319026e-01
4.489795918367347483e+00 2.789736772155685220e-07 -4.968964274594495989e-06 9.999999999986717292e-01
4.693877551020408490e+00 1.965549114038601551e-06 6.909999096844524054e-08 1.000000000011220802e+00
4.897959183673469497e+00 2.114048704194543210e-06 -8.298722167177989044e-07 1.000000000014512835e+00
5.102040816326530503e+00 1.045997417792492572e-06 1.937077571144439984e-06 1.000000000014369395e+00
5.306122448979591510e+00 -6.268097804781699013e-06 -3.675060633230914311e-06 9.999999999966674435e-01
5.510204081632653406e+00 3.319803811096562943e-06 -5.687411743953600592e-07 1.000000000017438717e+00
5.714285714285714413e+00 -5.997420055919931958e-07 -5.084374536798889218e-06 1.000000000010410339e+00
5.918367346938775420e+00 3.726645919954018133e-06 1.485005811341913934e-06 1.000000000019001911e+00
6.122448979591837315e+00 3.929948181231678362e-06 -1.621752345137785694e-06 1.000000000019968693e+00
6.326530612244898322e+00 2.588236388420025342e-06 1.214160611354739629e-07 1.000000000025136560e+00
6.530612244897959329e+00 3.572719975686669964e-06 3.225062105794440580e-06 1.000000000020945690e+00
6.734693877551020336e+00 3.328874756826574478e-06 -7.147092440558349124e-07 1.000000000027948754e+00
6.938775510204081343e+00 -1.866215166702367110e-06 2.931814228574573342e-06 1.000000000029797720e+00
7.142857142857143238e+00 -4.460136241370005104e-07 7.583636658068759916e-07 1.000000000033484993e+00
7.346938775510204245e+00 -1.846231669896115861e-07 6.876337577794315062e-07 1.000000000038873349e+00
7.551020408163265252e+00 -2.619037464817951968e-06 9.120480295136496347e-07 1.000000000036197489e+00
7.755102040816327147e+00 2.313053155560261829e-06 3.304489981345748105e-06 1.000000000036710857e+00
7.959183673469388154e+00 1.533519046018108787e-06 1.790053939885203547e-06 1.000000000043527626e+00
8.163265306122449161e+00 3.012898474519064076e-06 -3.634938881117129020e-07 1.000000000047958304e+00
8.367346938775510168e+00 1.756004982792486005e-06 5.995484357978208419e-07 1.000000000053718363e+00
8.571428571428571175e+00 -1.516754301410660165e-07 -7.655718146301051176e-07 1.000000000061398442e+00
8.775510204081632182e+00 -1.676854500062619348e-06 -2.113797682273231915e-06 1.000000000058362870e+00
8.979591836734694965e+00 -3.237224921739952507e-06 -6.418831920638169044e-07 1.000000000050558668e+00
9.183673469387755972e+00 6.702491807305276414e-07 1.899662012372154564e-06 1.000000000054064087e+00
9.387755102040816979e+00 -2.228723369068040363e-06 1.339997186393989161e-06 1.000000000055377036e+00
9.591836734693877986e+00 3.912919302904273082e-06 -3.038530642282713959e-06 1.000000000044357629e+00
9.795918367346938993e+00 -2.394690251549909481e-06 3.678632065014812468e-08 1.000000000050773163e+00
1.000000000000000000e+01 7.669343182923777242e-06 -1.363809930001741280e-06 1.000000000026115554e+00
