0.000000000000000000e+00 -1.072896599592254947e-12 -6.821672404692036343e-12 -1.000000000000000000e+00
1.034482758620689641e-01 -3.131550315375619675e-02 -1.564957422963763334e-01 -9.871819331624651639e-01
2.068965517241379282e-01 -4.890390588071104327e-02 -3.088351919236225762e-01 -9.498571988754220818e-01
3.103448275862069061e-01 -4.074139111752750342e-02 -4.521125921810726367e-01 -8.910294713844624237e-01
4.137931034482758563e-01 2.051136777220685659e-03 -5.800981274682140976e-01 -8.145433279884436439e-01
5.172413793103448620e-01 8.408350970336536667e-02 -6.849414658585021298e-01 -7.237290605691557577e-01
6.206896551724138122e-01 2.048273458050809404e-01 -7.572741865826707608e-01 -6.201450658616242118e-01
7.241379310344827624e-01 3.577238593422660262e-01 -7.868910645755290423e-01 -5.028262222592192465e-01
8.275862068965517127e-01 5.292679322402162878e-01 -7.643269147316682499e-01 -3.683446146483194683e-01
9.310344827586206629e-01 6.984376741493050211e-01 -6.835550404524051160e-01 -2.119789883885747905e-01
1.034482758620689724e+00 8.373423213198851744e-01 -5.458519262291643415e-01 -3.002023395967185621e-02
1.137931034482758674e+00 9.144421946876370999e-01 -3.639440369881309922e-01 1.770253203138019427e-01
1.241379310344827624e+00 9.011437223189480150e-01 -1.646928250298863028e-01 4.010165039971577139e-01
1.344827586206896575e+00 7.813997158041612323e-01 1.201977377285412540e-02 6.239137512670850372e-01
1.448275862068965525e+00 5.618963342504023073e-01 1.201927725226445975e-01 8.184284352994850575e-01
1.551724137931034475e+00 2.785901630270454232e-01 1.205357638933866049e-01 9.528158968838396081e-01
1.655172413793103425e+00 -5.299497493512259939e-03 -3.727377872785544825e-03 9.999790052005806951e-01
1.758620689655172376e+00 -2.127659096584454956e-01 -2.338396481000406535e-01 9.487092016961985452e-01
1.862068965517241326e+00 -2.767851475938722938e-01 -5.123770614282610047e-01 8.129321008408124660e-01
1.965517241379310276e+00 -1.674458510936157052e-01 -7.550789714324969149e-01 6.338895829228037293e-01
2.068965517241379448e+00 8.858131114493045244e-02 -8.773229854651016790e-01 4.716522096788618446e-01
2.172413793103448398e+00 4.074167310405977238e-01 -8.274816689465829267e-01 3.863724184476506895e-01
2.275862068965517349e+00 6.716762778640328335e-01 -6.138040191878795238e-01 4.148416963865959040e-01
2.379310344827586299e+00 7.738447076991781248e-01 -3.105906882113304568e-01 5.519927471636827399e-01
2.482758620689655249e+00 6.633467311530797383e-01 -3.607874495994073394e-02 7.474410497832000289e-01
2.586206896551724199e+00 3.761030940708212089e-01 9.358537518180379267e-02 9.218392279218815544e-01
2.689655172413793149e+00 2.858370062001694759e-02 1.662683095827456950e-02 9.994530840115645187e-01
2.793103448275862100e+00 -2.270967818732879950e-01 -2.401149817867904157e-01 9.438068002497878028e-01
2.896551724137931050e+00 -2.714290921186089944e-01 -5.650413615644956922e-01 7.791362490685013187e-01
3.000000000000000000e+00 -7.866759556990587932e-02 -8.076920622283134676e-01 5.843314145933038439e-01
