1.000000000000000056e-01 9.938058699732900125e-01 0.000000000000000000e+00 6.194130026709881651e-03 0.000000000000000000e+00 0.000000000000000000e+00 0.000000000000000000e+00 -6.948285739955187279e-02 3.644029799940906589e-02 0.000000000000000000e+00 0.000000000000000000e+00 0.000000000000000000e+00 0.000000000000000000e+00 0.000000000000000000e+00 0.000000000000000000e+00 0.000000000000000000e+00 0.000000000000000000e+00
2.000000000000000111e-01 9.759269118801152665e-01 0.000000000000000000e+00 2.407308811988529557e-02 0.000000000000000000e+00 0.000000000000000000e+00 0.000000000000000000e+00 -1.372412815199218483e-01 6.825251052857027323e-02 0.000000000000000000e+00 0.000000000000000000e+00 0.000000000000000000e+00 0.000000000000000000e+00 0.000000000000000000e+00 0.000000000000000000e+00 0.000000000000000000e+00 0.000000000000000000e+00
2.999999999999999889e-01 9.483970665132634981e-01 0.000000000000000000e+00 5.160293348673789665e-02 0.000000000000000000e+00 0.000000000000000000e+00 0.000000000000000000e+00 -2.015032705689304982e-01 9.130444913141079477e-02 0.000000000000000000e+00 0.000000000000000000e+00 0.000000000000000000e+00 0.000000000000000000e+00 0.000000000000000000e+00 0.000000000000000000e+00 0.000000000000000000e+00 0.000000000000000000e+00
4.000000000000000222e-01 9.143552738656492984e-01 0.000000000000000000e+00 8.564472613434906401e-02 0.000000000000000000e+00 0.000000000000000000e+00 0.000000000000000000e+00 -2.604261580145549870e-01 1.024105613070565857e-01 0.000000000000000000e+00 0.000000000000000000e+00 0.000000000000000000e+00 0.000000000000000000e+00 0.000000000000000000e+00 0.000000000000000000e+00 0.000000000000000000e+00 0.000000000000000000e+00
5.000000000000000000e-01 8.776967145534768644e-01 0.000000000000000000e+00 1.223032854465222058e-01 0.000000000000000000e+00 0.000000000000000000e+00 0.000000000000000000e+00 -3.121009966911168498e-01 9.969031780295359302e-02 0.000000000000000000e+00 0.000000000000000000e+00 0.000000000000000000e+00 0.000000000000000000e+00 0.000000000000000000e+00 0.000000000000000000e+00 0.000000000000000000e+00 0.000000000000000000e+00
5.999999999999999778e-01 8.426413466685342968e-01 0.000000000000000000e+00 1.573586533314651759e-01 0.000000000000000000e+00 0.000000000000000000e+00 0.000000000000000000e+00 -3.546022209995455254e-01 8.278992831961316801e-02 0.000000000000000000e+00 0.000000000000000000e+00 0.000000000000000000e+00 0.000000000000000000e+00 0.000000000000000000e+00 0.000000000000000000e+00 0.000000000000000000e+00 0.000000000000000000e+00
6.999999999999999556e-01 8.132546652924862451e-01 0.000000000000000000e+00 1.867453347075133108e-01 0.000000000000000000e+00 0.000000000000000000e+00 0.000000000000000000e+00 -3.860923883208381979e-01 5.295452893669450045e-02 0.000000000000000000e+00 0.000000000000000000e+00 0.000000000000000000e+00 0.000000000000000000e+00 0.000000000000000000e+00 0.000000000000000000e+00 0.000000000000000000e+00 0.000000000000000000e+00
7.999999999999999334e-01 7.929932275696606192e-01 0.000000000000000000e+00 2.070067724303401857e-01 0.000000000000000000e+00 0.000000000000000000e+00 0.000000000000000000e+00 -4.049535310354243633e-01 1.294627664069210315e-02 0.000000000000000000e+00 0.000000000000000000e+00 0.000000000000000000e+00 0.000000000000000000e+00 0.000000000000000000e+00 0.000000000000000000e+00 0.000000000000000000e+00 0.000000000000000000e+00
8.999999999999999112e-01 7.842994615452085760e-01 0.000000000000000000e+00 2.157005384547888149e-01 0.000000000000000000e+00 0.000000000000000000e+00 0.000000000000000000e+00 -4.099651600891642822e-01 -3.320215972073205235e-02 0.000000000000000000e+00 0.000000000000000000e+00 0.000000000000000000e+00 0.000000000000000000e+00 0.000000000000000000e+00 0.000000000000000000e+00 0.000000000000000000e+00 0.000000000000000000e+00
9.999999999999998890e-01 7.883131202621970202e-01 0.000000000000000000e+00 2.116868797378023415e-01 0.000000000000000000e+00 0.000000000000000000e+00 0.000000000000000000e+00 -4.004815411920478185e-01 -8.056102886036110855e-02 0.000000000000000000e+00 0.000000000000000000e+00 0.000000000000000000e+00 0.000000000000000000e+00 0.000000000000000000e+00 0.000000000000000000e+00 0.000000000000000000e+00 0.000000000000000000e+00
1.099999999999999867e+00 8.047115864745941760e-01 0.000000000000000000e+00 1.952884135254061293e-01 0.000000000000000000e+00 0.000000000000000000e+00 0.000000000000000000e+00 -3.766039714127001337e-01 -1.237751893933611291e-01 0.000000000000000000e+00 0.000000000000000000e+00 0.000000000000000000e+00 0.000000000000000000e+00 0.000000000000000000e+00 0.000000000000000000e+00 0.000000000000000000e+00 0.000000000000000000e+00
1.199999999999999956e+00 8.317150767476838569e-01 0.000000000000000000e+00 1.682849232523145611e-01 0.000000000000000000e+00 0.000000000000000000e+00 0.000000000000000000e+00 -3.393132886663617898e-01 -1.575804541956221383e-01 0.000000000000000000e+00 0.000000000000000000e+00 0.000000000000000000e+00 0.000000000000000000e+00 0.000000000000000000e+00 0.000000000000000000e+00 0.000000000000000000e+00 0.000000000000000000e+00
1.300000000000000044e+00 8.662464629092050394e-01 0.000000000000000000e+00 1.337535370907972643e-01 0.000000000000000000e+00 0.000000000000000000e+00 0.000000000000000000e+00 -2.905367638138633413e-01 -1.773468834409525907e-01 0.000000000000000000e+00 0.000000000000000000e+00 0.000000000000000000e+00 0.000000000000000000e+00 0.000000000000000000e+00 0.000000000000000000e+00 0.000000000000000000e+00 0.000000000000000000e+00
1.399999999999999911e+00 9.042412171765670248e-01 0.000000000000000000e+00 9.575878282343248948e-02 0.000000000000000000e+00 0.000000000000000000e+00 0.000000000000000000e+00 -2.331380420089542160e-01 -1.795430076049402968e-01 0.000000000000000000e+00 0.000000000000000000e+00 0.000000000000000000e+00 0.000000000000000000e+00 0.000000000000000000e+00 0.000000000000000000e+00 0.000000000000000000e+00 0.000000000000000000e+00
1.500000000000000000e+00 9.410628272939387529e-01 0.000000000000000000e+00 5.893717270606490394e-02 0.000000000000000000e+00 0.000000000000000000e+00 0.000000000000000000e+00 -1.708143468952675048e-01 -1.621297035909519679e-01 0.000000000000000000e+00 0.000000000000000000e+00 0.000000000000000000e+00 0.000000000000000000e+00 0.000000000000000000e+00 0.000000000000000000e+00 0.000000000000000000e+00 0.000000000000000000e+00
1.599999999999999867e+00 9.719965524776752464e-01 0.000000000000000000e+00 2.800344752232495141e-02 0.000000000000000000e+00 0.000000000000000000e+00 0.000000000000000000e+00 -1.079010098100208620e-01 -1.248063548211675033e-01 0.000000000000000000e+00 0.000000000000000000e+00 0.000000000000000000e+00 0.000000000000000000e+00 0.000000000000000000e+00 0.000000000000000000e+00 0.000000000000000000e+00 0.000000000000000000e+00
1.699999999999999956e+00 9.927644554958556800e-01 0.000000000000000000e+00 7.235544504144844798e-03 0.000000000000000000e+00 0.000000000000000000e+00 0.000000000000000000e+00 -4.907500949973098159e-02 -6.910017777115599891e-02 0.000000000000000000e+00 0.000000000000000000e+00 0.000000000000000000e+00 0.000000000000000000e+00 0.000000000000000000e+00 0.000000000000000000e+00 0.000000000000000000e+00 0.000000000000000000e+00
1.800000000000000044e+00 9.999961297515165271e-01 0.000000000000000000e+00 3.870248482621719771e-06 0.000000000000000000e+00 0.000000000000000000e+00 0.000000000000000000e+00 9.841900131613455158e-04 1.703377236171179244e-03 0.000000000000000000e+00 0.000000000000000000e+00 0.000000000000000000e+00 0.000000000000000000e+00 0.000000000000000000e+00 0.000000000000000000e+00 0.000000000000000000e+00 0.000000000000000000e+00
1.899999999999999911e+00 9.916277274382353513e-01 0.000000000000000000e+00 8.372272561766645402e-03 0.000000000000000000e+00 0.000000000000000000e+00 0.000000000000000000e+00 3.799459583191570899e-02 8.281659596677047597e-02 0.000000000000000000e+00 0.000000000000000000e+00 0.000000000000000000e+00 0.000000000000000000e+00 0.000000000000000000e+00 0.000000000000000000e+00 0.000000000000000000e+00 0.000000000000000000e+00
2.000000000000000000e+00 9.671652460143899122e-01 0.000000000000000000e+00 3.283475398560972008e-02 0.000000000000000000e+00 0.000000000000000000e+00 0.000000000000000000e+00 5.846525950927335818e-02 1.683402702783522997e-01 0.000000000000000000e+00 0.000000000000000000e+00 0.000000000000000000e+00 0.000000000000000000e+00 0.000000000000000000e+00 0.000000000000000000e+00 0.000000000000000000e+00 0.000000000000000000e+00
2.099999999999999645e+00 9.277886061136351170e-01 0.000000000000000000e+00 7.221139388636430012e-02 0.000000000000000000e+00 0.000000000000000000e+00 0.000000000000000000e+00 6.005405353088675430e-02 2.517745409575029014e-01 0.000000000000000000e+00 0.000000000000000000e+00 0.000000000000000000e+00 0.000000000000000000e+00 0.000000000000000000e+00 0.000000000000000000e+00 0.000000000000000000e+00 0.000000000000000000e+00
2.199999999999999734e+00 8.762916000786591386e-01 0.000000000000000000e+00 1.237083999213422353e-01 0.000000000000000000e+00 0.000000000000000000e+00 0.000000000000000000e+00 4.185486208734531810e-02 3.265774064673467314e-01 0.000000000000000000e+00 0.000000000000000000e+00 0.000000000000000000e+00 0.000000000000000000e+00 0.000000000000000000e+00 0.000000000000000000e+00 0.000000000000000000e+00 0.000000000000000000e+00
2.299999999999999822e+00 8.168366617939201157e-01 0.000000000000000000e+00 1.831633382060800230e-01 0.000000000000000000e+00 0.000000000000000000e+00 0.000000000000000000e+00 4.574937228262007660e-03 3.867733177999193028e-01 0.000000000000000000e+00 0.000000000000000000e+00 0.000000000000000000e+00 0.000000000000000000e+00 0.000000000000000000e+00 0.000000000000000000e+00 0.000000000000000000e+00 0.000000000000000000e+00
2.399999999999999911e+00 7.545810689129073268e-01 0.000000000000000000e+00 2.454189310870918961e-01 0.000000000000000000e+00 0.000000000000000000e+00 0.000000000000000000e+00 -4.942960568202636740e-02 4.274870683920296566e-01 0.000000000000000000e+00 0.000000000000000000e+00 0.000000000000000000e+00 0.000000000000000000e+00 0.000000000000000000e+00 0.000000000000000000e+00 0.000000000000000000e+00 0.000000000000000000e+00
2.500000000000000000e+00 6.951649587571395728e-01 0.000000000000000000e+00 3.048350412428600387e-01 0.000000000000000000e+00 0.000000000000000000e+00 0.000000000000000000e+00 -1.162530814414637348e-01 4.454165021110091938e-01 0.000000000000000000e+00 0.000000000000000000e+00 0.000000000000000000e+00 0.000000000000000000e+00 0.000000000000000000e+00 0.000000000000000000e+00 0.000000000000000000e+00 0.000000000000000000e+00
2.600000000000000089e+00 6.441663382471233268e-01 0.000000000000000000e+00 3.558336617528769508e-01 0.000000000000000000e+00 0.000000000000000000e+00 0.000000000000000000e+00 -1.906964391418386751e-01 4.391479649590012690e-01 0.000000000000000000e+00 0.000000000000000000e+00 0.000000000000000000e+00 0.000000000000000000e+00 0.000000000000000000e+00 0.000000000000000000e+00 0.000000000000000000e+00 0.000000000000000000e+00
2.699999999999999734e+00 6.065213834084577371e-01 0.000000000000000000e+00 3.934786165915432066e-01 0.000000000000000000e+00 0.000000000000000000e+00 0.000000000000000000e+00 -2.666552054874522515e-01 4.093265146571947177e-01 0.000000000000000000e+00 0.000000000000000000e+00 0.000000000000000000e+00 0.000000000000000000e+00 0.000000000000000000e+00 0.000000000000000000e+00 0.000000000000000000e+00 0.000000000000000000e+00
2.799999999999999822e+00 5.860146092408082819e-01 0.000000000000000000e+00 4.139853907591934390e-01 0.000000000000000000e+00 0.000000000000000000e+00 0.000000000000000000e+00 -3.376240252180748302e-01 3.586244633166270068e-01 0.000000000000000000e+00 0.000000000000000000e+00 0.000000000000000000e+00 0.000000000000000000e+00 0.000000000000000000e+00 0.000000000000000000e+00 0.000000000000000000e+00 0.000000000000000000e+00
2.899999999999999911e+00 5.848553935932964132e-01 0.000000000000000000e+00 4.151446064067053077e-01 0.000000000000000000e+00 0.000000000000000000e+00 0.000000000000000000e+00 -3.972415497377054239e-01 2.915453867249090947e-01 0.000000000000000000e+00 0.000000000000000000e+00 0.000000000000000000e+00 0.000000000000000000e+00 0.000000000000000000e+00 0.000000000000000000e+00 0.000000000000000000e+00 0.000000000000000000e+00
3.000000000000000000e+00 6.034251362665572493e-01 0.000000000000000000e+00 3.965748637334416959e-01 0.000000000000000000e+00 0.000000000000000000e+00 0.000000000000000000e+00 -4.398692016143796457e-01 2.140521552348385037e-01 0.000000000000000000e+00 0.000000000000000000e+00 0.000000000000000000e+00 0.000000000000000000e+00 0.000000000000000000e+00 0.000000000000000000e+00 0.000000000000000000e+00 0.000000000000000000e+00
