1.000000000000000056e-01 9.776139597852087082e-01 0.000000000000000000e+00 2.238604021479153813e-02 0.000000000000000000e+00 0.000000000000000000e+00 0.000000000000000000e+00 1.466506351211361858e-01 -1.945498956115149572e-02 0.000000000000000000e+00 0.000000000000000000e+00 0.000000000000000000e+00 0.000000000000000000e+00 0.000000000000000000e+00 0.000000000000000000e+00 0.000000000000000000e+00 0.000000000000000000e+00
2.000000000000000111e-01 9.126686619902610875e-01 0.000000000000000000e+00 8.733133800973914840e-02 0.000000000000000000e+00 0.000000000000000000e+00 0.000000000000000000e+00 2.803026047932916098e-01 -3.369013537435420341e-02 0.000000000000000000e+00 0.000000000000000000e+00 0.000000000000000000e+00 0.000000000000000000e+00 0.000000000000000000e+00 0.000000000000000000e+00 0.000000000000000000e+00 0.000000000000000000e+00
2.999999999999999889e-01 8.115798473914854760e-01 0.000000000000000000e+00 1.884201526085128031e-01 0.000000000000000000e+00 0.000000000000000000e+00 0.000000000000000000e+00 3.891847087191994681e-01 -3.812166346273870854e-02 0.000000000000000000e+00 0.000000000000000000e+00 0.000000000000000000e+00 0.000000000000000000e+00 0.000000000000000000e+00 0.000000000000000000e+00 0.000000000000000000e+00 0.000000000000000000e+00
4.000000000000000222e-01 6.843333913117635170e-01 0.000000000000000000e+00 3.156666086882374267e-01 0.000000000000000000e+00 0.000000000000000000e+00 0.000000000000000000e+00 4.638525583498674387e-01 -2.935992097587703659e-02 0.000000000000000000e+00 0.000000000000000000e+00 0.000000000000000000e+00 0.000000000000000000e+00 0.000000000000000000e+00 0.000000000000000000e+00 0.000000000000000000e+00 0.000000000000000000e+00
5.000000000000000000e-01 5.435061458399772505e-01 0.000000000000000000e+00 4.564938541600253030e-01 0.000000000000000000e+00 0.000000000000000000e+00 0.000000000000000000e+00 4.980715891259523964e-01 -5.648662612697408908e-03 0.000000000000000000e+00 0.000000000000000000e+00 0.000000000000000000e+00 0.000000000000000000e+00 0.000000000000000000e+00 0.000000000000000000e+00 0.000000000000000000e+00 0.000000000000000000e+00
5.999999999999999778e-01 4.030173179783453907e-01 0.000000000000000000e+00 5.969826820216556085e-01 0.000000000000000000e+00 0.000000000000000000e+00 0.000000000000000000e+00 4.894005907014385981e-01 3.288496896179879392e-02 0.000000000000000000e+00 0.000000000000000000e+00 0.000000000000000000e+00 0.000000000000000000e+00 0.000000000000000000e+00 0.000000000000000000e+00 0.000000000000000000e+00 0.000000000000000000e+00
6.999999999999999556e-01 2.767615143534739031e-01 0.000000000000000000e+00 7.232384856465272627e-01 0.000000000000000000e+00 0.000000000000000000e+00 0.000000000000000000e+00 4.394070118819860538e-01 8.417871667377030409e-02 0.000000000000000000e+00 0.000000000000000000e+00 0.000000000000000000e+00 0.000000000000000000e+00 0.000000000000000000e+00 0.000000000000000000e+00 0.000000000000000000e+00 0.000000000000000000e+00
7.999999999999999334e-01 1.772282885692362808e-01 0.000000000000000000e+00 8.227717114307644408e-01 0.000000000000000000e+00 0.000000000000000000e+00 0.000000000000000000e+00 3.535006491893076808e-01 1.444150722776063045e-01 0.000000000000000000e+00 0.000000000000000000e+00 0.000000000000000000e+00 0.000000000000000000e+00 0.000000000000000000e+00 0.000000000000000000e+00 0.000000000000000000e+00 0.000000000000000000e+00
8.999999999999999112e-01 1.142809772895330284e-01 0.000000000000000000e+00 8.857190227104708713e-01 0.000000000000000000e+00 0.000000000000000000e+00 0.000000000000000000e+00 2.404152582509015701e-01 2.083778755627690715e-01 0.000000000000000000e+00 0.000000000000000000e+00 0.000000000000000000e+00 0.000000000000000000e+00 0.000000000000000000e+00 0.000000000000000000e+00 0.000000000000000000e+00 0.000000000000000000e+00
9.999999999999998890e-01 9.416440142473357644e-02 0.000000000000000000e+00 9.058355985752684081e-01 0.000000000000000000e+00 0.000000000000000000e+00 0.000000000000000000e+00 1.113522113498031652e-01 2.699965773916883638e-01 0.000000000000000000e+00 0.000000000000000000e+00 0.000000000000000000e+00 0.000000000000000000e+00 0.000000000000000000e+00 0.000000000000000000e+00 0.000000000000000000e+00 0.000000000000000000e+00
1.099999999999999867e+00 1.188964821856845905e-01 0.000000000000000000e+00 8.811035178143158397e-01 0.000000000000000000e+00 0.000000000000000000e+00 0.000000000000000000e+00 -2.107769586460653266e-02 3.229796270554006199e-01 0.000000000000000000e+00 0.000000000000000000e+00 0.000000000000000000e+00 0.000000000000000000e+00 0.000000000000000000e+00 0.000000000000000000e+00 0.000000000000000000e+00 0.000000000000000000e+00
1.199999999999999956e+00 1.860618246452203084e-01 0.000000000000000000e+00 8.139381753547779708e-01 0.000000000000000000e+00 0.000000000000000000e+00 0.000000000000000000e+00 -1.440710414183240806e-01 3.615056803890979720e-01 0.000000000000000000e+00 0.000000000000000000e+00 0.000000000000000000e+00 0.000000000000000000e+00 0.000000000000000000e+00 0.000000000000000000e+00 0.000000000000000000e+00 0.000000000000000000e+00
1.300000000000000044e+00 2.890385771549764393e-01 0.000000000000000000e+00 7.109614228450209517e-01 0.000000000000000000e+00 0.000000000000000000e+00 0.000000000000000000e+00 -2.458378861261032167e-01 3.808661334588643310e-01 0.000000000000000000e+00 0.000000000000000000e+00 0.000000000000000000e+00 0.000000000000000000e+00 0.000000000000000000e+00 0.000000000000000000e+00 0.000000000000000000e+00 0.000000000000000000e+00
1.399999999999999911e+00 4.176547994406116238e-01 0.000000000000000000e+00 5.823452005593902081e-01 0.000000000000000000e+00 0.000000000000000000e+00 0.000000000000000000e+00 -3.167259025215161117e-01 3.780264151923717342e-01 0.000000000000000000e+00 0.000000000000000000e+00 0.000000000000000000e+00 0.000000000000000000e+00 0.000000000000000000e+00 0.000000000000000000e+00 0.000000000000000000e+00 0.000000000000000000e+00
1.500000000000000000e+00 5.591760355876829180e-01 0.000000000000000000e+00 4.408239644123164713e-01 0.000000000000000000e+00 0.000000000000000000e+00 0.000000000000000000e+00 -3.501204350089148210e-01 3.520140308021738051e-01 0.000000000000000000e+00 0.000000000000000000e+00 0.000000000000000000e+00 0.000000000000000000e+00 0.000000000000000000e+00 0.000000000000000000e+00 0.000000000000000000e+00 0.000000000000000000e+00
1.599999999999999867e+00 6.995678980830104532e-01 0.000000000000000000e+00 3.004321019169879370e-01 0.000000000000000000e+00 0.000000000000000000e+00 0.000000000000000000e+00 -3.430617889281647459e-01 3.041073216840334270e-01 0.000000000000000000e+00 0.000000000000000000e+00 0.000000000000000000e+00 0.000000000000000000e+00 0.000000000000000000e+00 0.000000000000000000e+00 0.000000000000000000e+00 0.000000000000000000e+00
1.699999999999999956e+00 8.248722876087768441e-01 0.000000000000000000e+00 1.751277123912254319e-01 0.000000000000000000e+00 0.000000000000000000e+00 0.000000000000000000e+00 -2.965007904448035414e-01 2.377925107680321781e-01 0.000000000000000000e+00 0.000000000000000000e+00 0.000000000000000000e+00 0.000000000000000000e+00 0.000000000000000000e+00 0.000000000000000000e+00 0.000000000000000000e+00 0.000000000000000000e+00
1.800000000000000044e+00 9.225801109696727398e-01 0.000000000000000000e+00 7.741988903032642755e-02 0.000000000000000000e+00 0.000000000000000000e+00 0.000000000000000000e+00 -2.151873551209235735e-01 1.584943273191002644e-01 0.000000000000000000e+00 0.000000000000000000e+00 0.000000000000000000e+00 0.000000000000000000e+00 0.000000000000000000e+00 0.000000000000000000e+00 0.000000000000000000e+00 0.000000000000000000e+00
1.899999999999999911e+00 9.828749489051460397e-01 0.000000000000000000e+00 1.712505109485509824e-02 0.000000000000000000e+00 0.000000000000000000e+00 0.000000000000000000e+00 -1.071873041126526621e-01 7.309354046616030331e-02 0.000000000000000000e+00 0.000000000000000000e+00 0.000000000000000000e+00 0.000000000000000000e+00 0.000000000000000000e+00 0.000000000000000000e+00 0.000000000000000000e+00 0.000000000000000000e+00
2.000000000000000000e+00 9.995989724464748871e-01 0.000000000000000000e+00 4.010275535262123681e-04 0.000000000000000000e+00 0.000000000000000000e+00 0.000000000000000000e+00 1.691554741458491454e-02 -1.071123836032034267e-02 0.000000000000000000e+00 0.000000000000000000e+00 0.000000000000000000e+00 0.000000000000000000e+00 0.000000000000000000e+00 0.000000000000000000e+00 0.000000000000000000e+00 0.000000000000000000e+00
2.099999999999999645e+00 9.708675961911749086e-01 0.000000000000000000e+00 2.913240380882292993e-02 0.000000000000000000e+00 0.000000000000000000e+00 0.000000000000000000e+00 1.450357123172199003e-01 -8.513723542071177652e-02 0.000000000000000000e+00 0.000000000000000000e+00 0.000000000000000000e+00 0.000000000000000000e+00 0.000000000000000000e+00 0.000000000000000000e+00 0.000000000000000000e+00 0.000000000000000000e+00
2.199999999999999734e+00 8.992652892356481908e-01 0.000000000000000000e+00 1.007347107643532108e-01 0.000000000000000000e+00 0.000000000000000000e+00 0.000000000000000000e+00 2.647827011652187368e-01 -1.430990904396066687e-01 0.000000000000000000e+00 0.000000000000000000e+00 0.000000000000000000e+00 0.000000000000000000e+00 0.000000000000000000e+00 0.000000000000000000e+00 0.000000000000000000e+00 0.000000000000000000e+00
2.299999999999999822e+00 7.915983237894403945e-01 0.000000000000000000e+00 2.084016762105578846e-01 0.000000000000000000e+00 0.000000000000000000e+00 0.000000000000000000e+00 3.646387618613060599e-01 -1.789105646777462144e-01 0.000000000000000000e+00 0.000000000000000000e+00 0.000000000000000000e+00 0.000000000000000000e+00 0.000000000000000000e+00 0.000000000000000000e+00 0.000000000000000000e+00 0.000000000000000000e+00
2.399999999999999911e+00 6.582473643654663809e-01 0.000000000000000000e+00 3.417526356345330085e-01 0.000000000000000000e+00 0.000000000000000000e+00 0.000000000000000000e+00 4.350636619736044097e-01 -1.888845708809969715e-01 0.000000000000000000e+00 0.000000000000000000e+00 0.000000000000000000e+00 0.000000000000000000e+00 0.000000000000000000e+00 0.000000000000000000e+00 0.000000000000000000e+00 0.000000000000000000e+00
2.500000000000000000e+00 5.121283358797581453e-01 0.000000000000000000e+00 4.878716641202422433e-01 0.000000000000000000e+00 0.000000000000000000e+00 0.000000000000000000e+00 4.694228658143932975e-01 -1.717413084285729363e-01 0.000000000000000000e+00 0.000000000000000000e+00 0.000000000000000000e+00 0.000000000000000000e+00 0.000000000000000000e+00 0.000000000000000000e+00 0.000000000000000000e+00 0.000000000000000000e+00
2.600000000000000089e+00 3.674560807957188979e-01 0.000000000000000000e+00 6.325439192042822123e-01 0.000000000000000000e+00 0.000000000000000000e+00 0.000000000000000000e+00 4.645938081121036567e-01 -1.287816077087195199e-01 0.000000000000000000e+00 0.000000000000000000e+00 0.000000000000000000e+00 0.000000000000000000e+00 0.000000000000000000e+00 0.000000000000000000e+00 0.000000000000000000e+00 0.000000000000000000e+00
2.699999999999999734e+00 2.383338558535387508e-01 0.000000000000000000e+00 7.616661441464599447e-01 0.000000000000000000e+00 0.000000000000000000e+00 0.000000000000000000e+00 4.212591415625284164e-01 -6.380880748318887297e-02 0.000000000000000000e+00 0.000000000000000000e+00 0.000000000000000000e+00 0.000000000000000000e+00 0.000000000000000000e+00 0.000000000000000000e+00 0.000000000000000000e+00 0.000000000000000000e+00
2.799999999999999822e+00 1.373837490318167154e-01 0.000000000000000000e+00 8.626162509681876145e-01 0.000000000000000000e+00 0.000000000000000000e+00 0.000000000000000000e+00 3.438227022570977676e-01 1.718730601762313848e-02 0.000000000000000000e+00 0.000000000000000000e+00 0.000000000000000000e+00 0.000000000000000000e+00 0.000000000000000000e+00 0.000000000000000000e+00 0.000000000000000000e+00 0.000000000000000000e+00
2.899999999999999911e+00 7.449010946737805172e-02 0.000000000000000000e+00 9.255098905326202274e-01 0.000000000000000000e+00 0.000000000000000000e+00 0.000000000000000000e+00 2.399618286643073750e-01 1.065816773097156972e-01 0.000000000000000000e+00 0.000000000000000000e+00 0.000000000000000000e+00 0.000000000000000000e+00 0.000000000000000000e+00 0.000000000000000000e+00 0.000000000000000000e+00 0.000000000000000000e+00
3.000000000000000000e+00 5.583629045471877328e-02 0.000000000000000000e+00 9.441637095452801720e-01 0.000000000000000000e+00 0.000000000000000000e+00 0.000000000000000000e+00 1.198769255309541232e-01 1.958267602011998787e-01 0.000000000000000000e+00 0.000000000000000000e+00 0.000000000000000000e+00 0.000000000000000000e+00 0.000000000000000000e+00 0.000000000000000000e+00 0.000000000000000000e+00 0.000000000000000000e+00
