1.000000000000000056e-01 9.755773419114949219e-01 0.000000000000000000e+00 2.427635904749540080e-02 1.462990410090907526e-04 0.000000000000000000e+00 0.000000000000000000e+00 1.136993693557780558e-04 1.538942914037077780e-01 0.000000000000000000e+00 0.000000000000000000e+00 0.000000000000000000e+00 0.000000000000000000e+00 4.206205647338686314e-04 1.837031947911996329e-03 -1.164346369628025714e-02 2.675029363430441332e-03
2.000000000000000111e-01 9.052628501223640711e-01 0.000000000000000000e+00 9.245363130225750514e-02 2.283518575377656984e-03 0.000000000000000000e+00 0.000000000000000000e+00 8.788920139714231266e-04 2.892992661227237750e-01 0.000000000000000000e+00 0.000000000000000000e+00 0.000000000000000000e+00 0.000000000000000000e+00 3.204712524290798462e-03 1.417213470959988175e-02 -4.431596162061197941e-02 1.016268095959216647e-02
2.999999999999999889e-01 7.974289017760051168e-01 0.000000000000000000e+00 1.914793730327019605e-01 1.109172519129339105e-02 0.000000000000000000e+00 0.000000000000000000e+00 2.799781831820230635e-03 3.907471655597989368e-01 0.000000000000000000e+00 0.000000000000000000e+00 0.000000000000000000e+00 0.000000000000000000e+00 9.955224595547136276e-03 4.499700089252824109e-02 -9.167869010579210443e-02 2.097331695485276856e-02
4.000000000000000222e-01 6.645069006099343367e-01 0.000000000000000000e+00 3.024201130302631713e-01 3.307298635980098628e-02 0.000000000000000000e+00 0.000000000000000000e+00 6.113271180817884086e-03 4.482442190596110376e-01 0.000000000000000000e+00 0.000000000000000000e+00 0.000000000000000000e+00 0.000000000000000000e+00 2.093236599657074745e-02 9.779454138693963183e-02 -1.445270030549672957e-01 3.300262175920894853e-02
5.000000000000000000e-01 5.210029401891301815e-01 0.000000000000000000e+00 4.041139917591917152e-01 7.488306805167650737e-02 0.000000000000000000e+00 0.000000000000000000e+00 1.071839954574080322e-02 4.587261642693185038e-01 0.000000000000000000e+00 0.000000000000000000e+00 0.000000000000000000e+00 0.000000000000000000e+00 3.479023147876295768e-02 1.704433493028609803e-01 -1.925544024843824087e-01 4.401250570602406598e-02
5.999999999999999778e-01 3.812361542700328232e-01 0.000000000000000000e+00 4.772605058781145271e-01 1.415033398518523722e-01 0.000000000000000000e+00 0.000000000000000000e+00 1.616966714784457554e-02 4.262481692411874690e-01 0.000000000000000000e+00 0.000000000000000000e+00 0.000000000000000000e+00 0.000000000000000000e+00 4.870531848147476722e-02 2.552679914367673719e-01 -2.263333417845435624e-01 5.214793808614727466e-02
6.999999999999999556e-01 2.572478013586492196e-01 0.000000000000000000e+00 5.081273670561359257e-01 2.346248315852154653e-01 0.000000000000000000e+00 0.000000000000000000e+00 2.173388710530178847e-02 3.608909616585547764e-01 0.000000000000000000e+00 0.000000000000000000e+00 0.000000000000000000e+00 0.000000000000000000e+00 5.887913168859132407e-02 3.402242579418348067e-01 -2.391215177304182316e-01 5.637039835543323357e-02
7.999999999999999334e-01 1.572014177307661242e-01 0.000000000000000000e+00 4.911885197328459962e-01 3.516100625363880461e-01 0.000000000000000000e+00 0.000000000000000000e+00 2.650471339530363624e-02 2.766098912530691178e-01 0.000000000000000000e+00 0.000000000000000000e+00 0.000000000000000000e+00 0.000000000000000000e+00 6.132497595838382054e-02 4.110305016667333278e-01 -2.281602622308974704e-01 5.671415250686486637e-02
8.999999999999999112e-01 8.460666230890930006e-02 0.000000000000000000e+00 4.301564842806967492e-01 4.852368534103949638e-01 0.000000000000000000e+00 0.000000000000000000e+00 2.955033923589717865e-02 1.884698437367405000e-01 0.000000000000000000e+00 0.000000000000000000e+00 0.000000000000000000e+00 0.000000000000000000e+00 5.277044220917022355e-02 4.538094963862032705e-01 -1.952080778878675371e-01 5.429619798804865421e-02
9.999999999999998890e-01 3.841860340524703293e-02 0.000000000000000000e+00 3.372291733441444284e-01 6.243522232506076852e-01 0.000000000000000000e+00 0.000000000000000000e+00 3.007343922726810753e-02 1.097791519562192480e-01 0.000000000000000000e+00 0.000000000000000000e+00 0.000000000000000000e+00 0.000000000000000000e+00 3.148906044264451753e-02 4.577752972866667158e-01 -1.462127347924191689e-01 5.107422893440530937e-02
1.099999999999999867e+00 1.399912548681361488e-02 0.000000000000000000e+00 2.306951395371515112e-01 7.553057349760359251e-01 0.000000000000000000e+00 0.000000000000000000e+00 2.755147055900679723e-02 4.970358853820558420e-02 0.000000000000000000e+00 0.000000000000000000e+00 0.000000000000000000e+00 0.000000000000000000e+00 -2.124821731123861801e-03 4.174216659548072306e-01 -9.018784202223306679e-02 4.939405954079170019e-02
1.199999999999999956e+00 4.687648673424416913e-03 0.000000000000000000e+00 1.313436059796474209e-01 8.639687453469284684e-01 0.000000000000000000e+00 0.000000000000000000e+00 2.183601967096916383e-02 1.178477616701090018e-02 0.000000000000000000e+00 0.000000000000000000e+00 0.000000000000000000e+00 0.000000000000000000e+00 -4.538158063714322482e-02 3.337922738303000791e-01 -3.749417723338670239e-02 5.142148243405682273e-02
1.300000000000000044e+00 3.663013594241519393e-03 0.000000000000000000e+00 5.843586230458552855e-02 9.379011241011728783e-01 0.000000000000000000e+00 0.000000000000000000e+00 1.319232532345668112e-02 -6.325656727763678995e-03 0.000000000000000000e+00 0.000000000000000000e+00 0.000000000000000000e+00 0.000000000000000000e+00 -9.356184381725561605e-02 2.146001912065665929e-01 2.108101105488551300e-03 5.857559843244405928e-02
1.399999999999999911e+00 5.688239068389253777e-03 0.000000000000000000e+00 2.594214486935074102e-02 9.683696160622592419e-01 0.000000000000000000e+00 0.000000000000000000e+00 2.274092192499957508e-03 -1.193288053477692574e-02 0.000000000000000000e+00 0.000000000000000000e+00 0.000000000000000000e+00 0.000000000000000000e+00 -1.406183032376560615e-01 7.313055227400855340e-02 2.131200506937497643e-02 7.109230865147260492e-02
1.500000000000000000e+00 8.393416114041622397e-03 0.000000000000000000e+00 3.983964559938105165e-02 9.517669382865773242e-01 0.000000000000000000e+00 0.000000000000000000e+00 -9.963021450312583085e-03 -1.533391453341375818e-02 0.000000000000000000e+00 0.000000000000000000e+00 0.000000000000000000e+00 0.000000000000000000e+00 -1.801734753823522606e-01 -7.386187428387404330e-02 1.662867589261109516e-02 8.781835248482149081e-02
1.599999999999999867e+00 1.282753869768209556e-02 0.000000000000000000e+00 9.697118545850659521e-02 8.902012758438123674e-01 0.000000000000000000e+00 0.000000000000000000e+00 -2.239184552320361288e-02 -2.724897961545917277e-02 0.000000000000000000e+00 0.000000000000000000e+00 0.000000000000000000e+00 0.000000000000000000e+00 -2.066337040064469277e-01 -2.088693021490916346e-01 -1.097816093641016885e-02 1.062947367940445115e-01
1.699999999999999956e+00 2.317012313051805203e-02 0.000000000000000000e+00 1.856803019576014069e-01 7.911495749118805376e-01 0.000000000000000000e+00 0.000000000000000000e+00 -3.386663033540156936e-02 -5.617193927803557779e-02 0.000000000000000000e+00 0.000000000000000000e+00 0.000000000000000000e+00 0.000000000000000000e+00 -2.162068791599557338e-01 -3.164735016433006254e-01 -5.630501185598758840e-02 1.231291112841402247e-01
1.800000000000000044e+00 4.566340087251371388e-02 0.000000000000000000e+00 2.881100743893374450e-01 6.662265247381489175e-01 0.000000000000000000e+00 0.000000000000000000e+00 -4.337321862206829082e-02 -1.061830945946797278e-01 0.000000000000000000e+00 0.000000000000000000e+00 0.000000000000000000e+00 0.000000000000000000e+00 -2.076234894763944461e-01 -3.857966573415541611e-01 -1.109290735483832308e-01 1.345990667142154817e-01
1.899999999999999911e+00 8.698517127832354479e-02 0.000000000000000000e+00 3.837099674108799818e-01 5.293048613107953493e-01 0.000000000000000000e+00 0.000000000000000000e+00 -5.015106387521378606e-02 -1.756756887229885544e-01 0.000000000000000000e+00 0.000000000000000000e+00 0.000000000000000000e+00 0.000000000000000000e+00 -1.824061319779199108e-01 -4.121013894299730973e-01 -1.648336992439572435e-01 1.373736678108198328e-01
2.000000000000000000e+00 1.524012084784284182e-01 0.000000000000000000e+00 4.532704501379645756e-01 3.943283413836058404e-01 0.000000000000000000e+00 0.000000000000000000e+00 -5.376911486950654295e-02 -2.572699859548500667e-01 0.000000000000000000e+00 0.000000000000000000e+00 0.000000000000000000e+00 0.000000000000000000e+00 -1.446288153145255384e-01 -3.972655186266575433e-01 -2.083258032247493619e-01 1.292148389911899620e-01
2.099999999999999645e+00 2.440821243686522590e-01 0.000000000000000000e+00 4.826917027461132825e-01 2.732261728852355964e-01 0.000000000000000000e+00 0.000000000000000000e+00 -5.414594290367879398e-02 -3.389463559173208074e-01 0.000000000000000000e+00 0.000000000000000000e+00 0.000000000000000000e+00 0.000000000000000000e+00 -1.002006156644237034e-01 -3.490613759022312967e-01 -2.338710687518339437e-01 1.095168829634255853e-01
2.199999999999999734e+00 3.599429154300252676e-01 0.000000000000000000e+00 4.657597035752777948e-01 1.742973809946974095e-01 0.000000000000000000e+00 0.000000000000000000e+00 -5.151580513915309661e-02 -4.061933357144545953e-01 0.000000000000000000e+00 0.000000000000000000e+00 0.000000000000000000e+00 0.000000000000000000e+00 -5.580119859110950487e-02 -2.794045877583346549e-01 -2.374993736869281669e-01 7.956855629330909785e-02
2.299999999999999822e+00 4.932673225159930341e-01 0.000000000000000000e+00 4.053880384726173403e-01 1.013446390113906248e-01 0.000000000000000000e+00 0.000000000000000000e+00 -4.634998557950342074e-02 -4.447655047307907394e-01 0.000000000000000000e+00 0.000000000000000000e+00 0.000000000000000000e+00 0.000000000000000000e+00 -1.767215917464070793e-02 -2.019197791008960630e-01 -2.195127604234096974e-01 4.247521839161422230e-02
2.399999999999999911e+00 6.332499009358240061e-01 0.000000000000000000e+00 3.130660326460383280e-01 5.368406641813893571e-02 0.000000000000000000e+00 0.000000000000000000e+00 -3.925155351280123356e-02 -4.435181479197545795e-01 0.000000000000000000e+00 0.000000000000000000e+00 0.000000000000000000e+00 0.000000000000000000e+00 9.514178379631154509e-03 -1.292909066951128672e-01 -1.843582639833037662e-01 2.731558659009936281e-03
2.500000000000000000e+00 7.663253169881287796e-01 0.000000000000000000e+00 2.066548639720233449e-01 2.701981903984857283e-02 0.000000000000000000e+00 0.000000000000000000e+00 -3.084771665608965208e-02 -3.967534144991425316e-01 0.000000000000000000e+00 0.000000000000000000e+00 0.000000000000000000e+00 0.000000000000000000e+00 2.346896935374542109e-02 -7.094353071193559845e-02 -1.397066185938272975e-01 -3.446784493699424357e-02
2.600000000000000089e+00 8.781647097184285267e-01 0.000000000000000000e+00 1.069020037182557697e-01 1.493328656331542083e-02 0.000000000000000000e+00 0.000000000000000000e+00 -2.169490060081784646e-02 -3.056254176946739953e-01 0.000000000000000000e+00 0.000000000000000000e+00 0.000000000000000000e+00 0.000000000000000000e+00 2.464941531663709592e-02 -3.144526546808348866e-02 -9.490224223124761604e-02 -6.408940449862980671e-02
2.699999999999999734e+00 9.558719007900412512e-01 0.000000000000000000e+00 3.342006380134340815e-02 1.070803540861575698e-02 0.000000000000000000e+00 0.000000000000000000e+00 -1.222002588533176171e-02 -1.783142430585287486e-01 0.000000000000000000e+00 0.000000000000000000e+00 0.000000000000000000e+00 0.000000000000000000e+00 1.607196001186465828e-02 -9.977742875767924707e-03 -5.911341248497445355e-02 -8.210430110145867932e-02
2.799999999999999822e+00 9.900694888100750601e-01 0.000000000000000000e+00 8.513615319143285785e-04 9.079149658009013496e-03 0.000000000000000000e+00 0.000000000000000000e+00 -2.701606151590149347e-03 -2.890686581643568676e-02 0.000000000000000000e+00 0.000000000000000000e+00 0.000000000000000000e+00 0.000000000000000000e+00 2.624062885422813116e-03 -9.186518193981924561e-04 -3.951870913379641748e-02 -8.618156163409618209e-02
2.899999999999999911e+00 9.764418091754843987e-01 0.000000000000000000e+00 1.599883630033073836e-02 7.559354524183720635e-03 0.000000000000000000e+00 0.000000000000000000e+00 6.706819727576074190e-03 1.248076559599487073e-01 0.000000000000000000e+00 0.000000000000000000e+00 0.000000000000000000e+00 0.000000000000000000e+00 -9.999481656838485680e-03 4.577252534597943574e-03 -3.989919816407361264e-02 -7.608760534796418784e-02
3.000000000000000000e+00 9.164601368434490691e-01 0.000000000000000000e+00 7.647644217141726097e-02 7.063420985132104306e-03 0.000000000000000000e+00 0.000000000000000000e+00 1.592194207417550744e-02 2.642614304304585771e-01 0.000000000000000000e+00 0.000000000000000000e+00 0.000000000000000000e+00 0.000000000000000000e+00 -1.652872497476647745e-02 1.633972111278038375e-02 -5.990244100698413621e-02 -5.371255389689725407e-02
