0.000000000000000000e+00 8.414716113207339279e-12 9.213098192776588515e-12 -1.000000000000000000e+00
1.025641025641025605e-01 2.216352780523498656e-01 2.236526978364662965e-01 -9.468542814241163175e-01
2.051282051282051211e-01 4.356210749122265136e-01 3.902927759269713692e-01 -7.983235868284795922e-01
3.076923076923077094e-01 6.277952788314549171e-01 4.589885938416777278e-01 -5.831937632185459908e-01
4.102564102564102422e-01 7.760847895229742166e-01 4.157198331559558424e-01 -3.384242492267041658e-01
5.128205128205127750e-01 8.558804454745208012e-01 2.758370524327011797e-01 -9.835435506340893530e-02
6.153846153846154188e-01 8.494608246738596380e-01 7.802812676314091478e-02 1.128760439460399917e-01
7.179487179487179516e-01 7.545891816199808977e-01 -1.276624489407394147e-01 2.838328102414144349e-01
8.205128205128204844e-01 5.881687506188193471e-01 -2.939177577996799351e-01 4.140946665372468583e-01
9.230769230769230171e-01 3.831743044404350984e-01 -3.884221905868395774e-01 5.103783697736156144e-01
1.025641025641025550e+00 1.798635647226307643e-01 -4.010418718002858873e-01 5.823728082348728075e-01
1.128205128205128194e+00 1.423348625369859344e-02 -3.440968339534279941e-01 6.395167773719253601e-01
1.230769230769230838e+00 -9.182898840874707813e-02 -2.457331057590720347e-01 6.890165631266590429e-01
1.333333333333333259e+00 -1.352024605653673328e-01 -1.388871840640188982e-01 7.351637046759780247e-01
1.435897435897435903e+00 -1.290987982602535555e-01 -5.027843746904604033e-02 7.795431770755849588e-01
1.538461538461538325e+00 -9.533009240687445596e-02 6.502431358836574526e-03 8.218433922903596311e-01
1.641025641025640969e+00 -5.508471945599914543e-02 3.148550370395396258e-02 8.608157241690685968e-01
1.743589743589743613e+00 -2.249825936320709943e-02 3.368872254773747077e-02 8.951090061873236969e-01
1.846153846153846034e+00 -2.830210777796118848e-03 2.468300676797561058e-02 9.238136597441610753e-01
1.948717948717948678e+00 5.323336585875146701e-03 1.362418952897339816e-02 9.466656654563334605e-01
2.051282051282051100e+00 6.320604944058790843e-03 5.323281023392210931e-03 9.639971617754052868e-01
2.153846153846153744e+00 4.398338075044202523e-03 8.410855765610273163e-04 9.765484393346494096e-01
2.256410256410256387e+00 2.189856085241544733e-03 -7.673004396051453114e-04 9.852480648340240510e-01
2.358974358974359031e+00 7.395185225726524578e-04 -8.771583410307024365e-04 9.910320733387589787e-01
2.461538461538461675e+00 8.275878067429208017e-05 -5.412060212196030283e-04 9.947277876683312536e-01
2.564102564102563875e+00 -9.722161138744100949e-05 -2.266671457409715948e-04 9.970008031941186566e-01
2.666666666666666519e+00 -8.927593927097869121e-05 -5.724609659644923045e-05 9.983482453823577796e-01
2.769230769230769162e+00 -4.329258328354795827e-05 -2.194450405719895313e-06 9.991189593535414470e-01
2.871794871794871806e+00 -1.043393385768389573e-05 5.853753708678700364e-06 9.995446844650970331e-01
2.974358974358974450e+00 -1.857074198045036927e-06 6.955303650607279884e-06 9.997719492839506339e-01
3.076923076923076650e+00 -5.205385881119514325e-07 1.809803753883642957e-06 9.998892682713764746e-01
3.179487179487179294e+00 -7.960091147500251302e-07 4.791311050987510223e-06 9.999478637212902976e-01
3.282051282051281937e+00 1.375451511982894888e-06 -3.865180750349710800e-07 9.999761913160551963e-01
3.384615384615384581e+00 -1.786503161588409960e-06 2.957188665694528583e-07 9.999894525775107068e-01
3.487179487179487225e+00 -1.205593479552174325e-06 -2.414680357745444201e-06 9.999954662190775334e-01
3.589743589743589425e+00 -9.467839293176026501e-08 -2.185140227162963971e-08 9.999981087132112645e-01
3.692307692307692069e+00 2.764373121051546576e-06 2.106814235485083024e-06 9.999992341909990090e-01
3.794871794871794712e+00 -1.409502168227647137e-06 2.056285805803992849e-06 9.999996989673767267e-01
3.897435897435897356e+00 -7.527499702168429865e-07 7.245227638119984959e-07 9.999998851051752347e-01
4.000000000000000000e+00 1.989320423359517021e-06 6.925140075586453622e-07 9.999999574144441405e-01
