1.000000000000000056e-01 9.972661117218305504e-01 0.000000000000000000e+00 2.733888278172929859e-03 0.000000000000000000e+00 0.000000000000000000e+00 0.000000000000000000e+00 2.102900684812591264e-02 4.779325276197946004e-02 0.000000000000000000e+00 0.000000000000000000e+00 0.000000000000000000e+00 0.000000000000000000e+00 0.000000000000000000e+00 0.000000000000000000e+00 0.000000000000000000e+00 0.000000000000000000e+00
2.000000000000000111e-01 9.891169916579685140e-01 0.000000000000000000e+00 1.088300834203072796e-02 0.000000000000000000e+00 0.000000000000000000e+00 0.000000000000000000e+00 4.173480808359548988e-02 9.498828288712735102e-02 0.000000000000000000e+00 0.000000000000000000e+00 0.000000000000000000e+00 0.000000000000000000e+00 0.000000000000000000e+00 0.000000000000000000e+00 0.000000000000000000e+00 0.000000000000000000e+00
2.999999999999999889e-01 9.757093676157945206e-01 0.000000000000000000e+00 2.429063238420698170e-02 0.000000000000000000e+00 0.000000000000000000e+00 0.000000000000000000e+00 6.180890750404101353e-02 1.409973651041375453e-01 0.000000000000000000e+00 0.000000000000000000e+00 0.000000000000000000e+00 0.000000000000000000e+00 0.000000000000000000e+00 0.000000000000000000e+00 0.000000000000000000e+00 0.000000000000000000e+00
4.000000000000000222e-01 9.572954522400551891e-01 0.000000000000000000e+00 4.270454775994669827e-02 0.000000000000000000e+00 0.000000000000000000e+00 0.000000000000000000e+00 8.095546851579571435e-02 1.852756857389964429e-01 0.000000000000000000e+00 0.000000000000000000e+00 0.000000000000000000e+00 0.000000000000000000e+00 0.000000000000000000e+00 0.000000000000000000e+00 0.000000000000000000e+00 0.000000000000000000e+00
5.000000000000000000e-01 9.342215432098709416e-01 0.000000000000000000e+00 6.577845679012825353e-02 0.000000000000000000e+00 0.000000000000000000e+00 0.000000000000000000e+00 9.890980697088233575e-02 2.273070613940171014e-01 0.000000000000000000e+00 0.000000000000000000e+00 0.000000000000000000e+00 0.000000000000000000e+00 0.000000000000000000e+00 0.000000000000000000e+00 0.000000000000000000e+00 0.000000000000000000e+00
5.999999999999999778e-01 9.069037372961298304e-01 0.000000000000000000e+00 9.309626270387076630e-02 0.000000000000000000e+00 0.000000000000000000e+00 0.000000000000000000e+00 1.154493987346055794e-01 2.666472999718764170e-01 0.000000000000000000e+00 0.000000000000000000e+00 0.000000000000000000e+00 0.000000000000000000e+00 0.000000000000000000e+00 0.000000000000000000e+00 0.000000000000000000e+00 0.000000000000000000e+00
6.999999999999999556e-01 8.758281796420750442e-01 0.000000000000000000e+00 1.241718203579242480e-01 0.000000000000000000e+00 0.000000000000000000e+00 0.000000000000000000e+00 1.303858753345567278e-01 3.029070831718141399e-01 0.000000000000000000e+00 0.000000000000000000e+00 0.000000000000000000e+00 0.000000000000000000e+00 0.000000000000000000e+00 0.000000000000000000e+00 0.000000000000000000e+00 0.000000000000000000e+00
7.999999999999999334e-01 8.415152281563088588e-01 0.000000000000000000e+00 1.584847718436895037e-01 0.000000000000000000e+00 0.000000000000000000e+00 0.000000000000000000e+00 1.435798379308186878e-01 3.357859066943689741e-01 0.000000000000000000e+00 0.000000000000000000e+00 0.000000000000000000e+00 0.000000000000000000e+00 0.000000000000000000e+00 0.000000000000000000e+00 0.000000000000000000e+00 0.000000000000000000e+00
8.999999999999999112e-01 8.045297919349386762e-01 0.000000000000000000e+00 1.954702080650650708e-01 0.000000000000000000e+00 0.000000000000000000e+00 0.000000000000000000e+00 1.549404157999156872e-01 3.650411930775149250e-01 0.000000000000000000e+00 0.000000000000000000e+00 0.000000000000000000e+00 0.000000000000000000e+00 0.000000000000000000e+00 0.000000000000000000e+00 0.000000000000000000e+00 0.000000000000000000e+00
9.999999999999998890e-01 7.654409510790679549e-01 0.000000000000000000e+00 2.345590489209262997e-01 0.000000000000000000e+00 0.000000000000000000e+00 0.000000000000000000e+00 1.644152031524494517e-01 3.905236775315706899e-01 0.000000000000000000e+00 0.000000000000000000e+00 0.000000000000000000e+00 0.000000000000000000e+00 0.000000000000000000e+00 0.000000000000000000e+00 0.000000000000000000e+00 0.000000000000000000e+00
1.099999999999999867e+00 7.248141778434705751e-01 0.000000000000000000e+00 2.751858221565292029e-01 0.000000000000000000e+00 0.000000000000000000e+00 0.000000000000000000e+00 1.720076670336042890e-01 4.121552434139101884e-01 0.000000000000000000e+00 0.000000000000000000e+00 0.000000000000000000e+00 0.000000000000000000e+00 0.000000000000000000e+00 0.000000000000000000e+00 0.000000000000000000e+00 0.000000000000000000e+00
1.199999999999999956e+00 6.832116737677838003e-01 0.000000000000000000e+00 3.167883262322185867e-01 0.000000000000000000e+00 0.000000000000000000e+00 0.000000000000000000e+00 1.777527107385873106e-01 4.299272708708136159e-01 0.000000000000000000e+00 0.000000000000000000e+00 0.000000000000000000e+00 0.000000000000000000e+00 0.000000000000000000e+00 0.000000000000000000e+00 0.000000000000000000e+00 0.000000000000000000e+00
1.300000000000000044e+00 6.411462918237176289e-01 0.000000000000000000e+00 3.588537081762833703e-01 0.000000000000000000e+00 0.000000000000000000e+00 0.000000000000000000e+00 1.817207146898834891e-01 4.439091158301145534e-01 0.000000000000000000e+00 0.000000000000000000e+00 0.000000000000000000e+00 0.000000000000000000e+00 0.000000000000000000e+00 0.000000000000000000e+00 0.000000000000000000e+00 0.000000000000000000e+00
1.399999999999999911e+00 5.991115961906424703e-01 0.000000000000000000e+00 4.008884038093541990e-01 0.000000000000000000e+00 0.000000000000000000e+00 0.000000000000000000e+00 1.840222204304410303e-01 4.542165944799906319e-01 0.000000000000000000e+00 0.000000000000000000e+00 0.000000000000000000e+00 0.000000000000000000e+00 0.000000000000000000e+00 0.000000000000000000e+00 0.000000000000000000e+00 0.000000000000000000e+00
1.500000000000000000e+00 5.575425625194107004e-01 0.000000000000000000e+00 4.424574374805927968e-01 0.000000000000000000e+00 0.000000000000000000e+00 0.000000000000000000e+00 1.847823769331597976e-01 4.610252997481694703e-01 0.000000000000000000e+00 0.000000000000000000e+00 0.000000000000000000e+00 0.000000000000000000e+00 0.000000000000000000e+00 0.000000000000000000e+00 0.000000000000000000e+00 0.000000000000000000e+00
1.599999999999999867e+00 5.168144398678092832e-01 0.000000000000000000e+00 4.831855601321909388e-01 0.000000000000000000e+00 0.000000000000000000e+00 0.000000000000000000e+00 1.841477139623959314e-01 4.645502050678736450e-01 0.000000000000000000e+00 0.000000000000000000e+00 0.000000000000000000e+00 0.000000000000000000e+00 0.000000000000000000e+00 0.000000000000000000e+00 0.000000000000000000e+00 0.000000000000000000e+00
1.699999999999999956e+00 4.772743943014954859e-01 0.000000000000000000e+00 5.227256056985118970e-01 0.000000000000000000e+00 0.000000000000000000e+00 0.000000000000000000e+00 1.822788902447724513e-01 4.650354320585775580e-01 0.000000000000000000e+00 0.000000000000000000e+00 0.000000000000000000e+00 0.000000000000000000e+00 0.000000000000000000e+00 0.000000000000000000e+00 0.000000000000000000e+00 0.000000000000000000e+00
1.800000000000000044e+00 4.391906475031247536e-01 0.000000000000000000e+00 5.608093524968690291e-01 0.000000000000000000e+00 0.000000000000000000e+00 0.000000000000000000e+00 1.793382031677455690e-01 4.627526675049240534e-01 0.000000000000000000e+00 0.000000000000000000e+00 0.000000000000000000e+00 0.000000000000000000e+00 0.000000000000000000e+00 0.000000000000000000e+00 0.000000000000000000e+00 0.000000000000000000e+00
1.899999999999999911e+00 4.027712797753746909e-01 0.000000000000000000e+00 5.972287202246234772e-01 0.000000000000000000e+00 0.000000000000000000e+00 0.000000000000000000e+00 1.754880143648960278e-01 4.579852959981727256e-01 0.000000000000000000e+00 0.000000000000000000e+00 0.000000000000000000e+00 0.000000000000000000e+00 0.000000000000000000e+00 0.000000000000000000e+00 0.000000000000000000e+00 0.000000000000000000e+00
2.000000000000000000e+00 3.681809081452426247e-01 0.000000000000000000e+00 6.318190918547582635e-01 0.000000000000000000e+00 0.000000000000000000e+00 0.000000000000000000e+00 1.708899567494318594e-01 4.510214514099052940e-01 0.000000000000000000e+00 0.000000000000000000e+00 0.000000000000000000e+00 0.000000000000000000e+00 0.000000000000000000e+00 0.000000000000000000e+00 0.000000000000000000e+00 0.000000000000000000e+00
2.099999999999999645e+00 3.355546431775729976e-01 0.000000000000000000e+00 6.644453568224291118e-01 0.000000000000000000e+00 0.000000000000000000e+00 0.000000000000000000e+00 1.656945343379829794e-01 4.421572664322449553e-01 0.000000000000000000e+00 0.000000000000000000e+00 0.000000000000000000e+00 0.000000000000000000e+00 0.000000000000000000e+00 0.000000000000000000e+00 0.000000000000000000e+00 0.000000000000000000e+00
2.199999999999999734e+00 3.049532922845905047e-01 0.000000000000000000e+00 6.950467077154057760e-01 0.000000000000000000e+00 0.000000000000000000e+00 0.000000000000000000e+00 1.600492310731264634e-01 4.316723562744498865e-01 0.000000000000000000e+00 0.000000000000000000e+00 0.000000000000000000e+00 0.000000000000000000e+00 0.000000000000000000e+00 0.000000000000000000e+00 0.000000000000000000e+00 0.000000000000000000e+00
2.299999999999999822e+00 2.763959644210218780e-01 0.000000000000000000e+00 7.236040355789765677e-01 0.000000000000000000e+00 0.000000000000000000e+00 0.000000000000000000e+00 1.540823807698056269e-01 4.198331266434688347e-01 0.000000000000000000e+00 0.000000000000000000e+00 0.000000000000000000e+00 0.000000000000000000e+00 0.000000000000000000e+00 0.000000000000000000e+00 0.000000000000000000e+00 0.000000000000000000e+00
2.399999999999999911e+00 2.498972634939494730e-01 0.000000000000000000e+00 7.501027365060545238e-01 0.000000000000000000e+00 0.000000000000000000e+00 0.000000000000000000e+00 1.479167667567664046e-01 4.069020161686089931e-01 0.000000000000000000e+00 0.000000000000000000e+00 0.000000000000000000e+00 0.000000000000000000e+00 0.000000000000000000e+00 0.000000000000000000e+00 0.000000000000000000e+00 0.000000000000000000e+00
2.500000000000000000e+00 2.254150402626272642e-01 0.000000000000000000e+00 7.745849597373707374e-01 0.000000000000000000e+00 0.000000000000000000e+00 0.000000000000000000e+00 1.416472662819627248e-01 3.931146767797593644e-01 0.000000000000000000e+00 0.000000000000000000e+00 0.000000000000000000e+00 0.000000000000000000e+00 0.000000000000000000e+00 0.000000000000000000e+00 0.000000000000000000e+00 0.000000000000000000e+00
2.600000000000000089e+00 2.028990917670705219e-01 0.000000000000000000e+00 7.971009082329291173e-01 0.000000000000000000e+00 0.000000000000000000e+00 0.000000000000000000e+00 1.353631660464370556e-01 3.786923056049888436e-01 0.000000000000000000e+00 0.000000000000000000e+00 0.000000000000000000e+00 0.000000000000000000e+00 0.000000000000000000e+00 0.000000000000000000e+00 0.000000000000000000e+00 0.000000000000000000e+00
2.699999999999999734e+00 1.822675929231951653e-01 0.000000000000000000e+00 8.177324070768027253e-01 0.000000000000000000e+00 0.000000000000000000e+00 0.000000000000000000e+00 1.291377119782403105e-01 3.638262912217378742e-01 0.000000000000000000e+00 0.000000000000000000e+00 0.000000000000000000e+00 0.000000000000000000e+00 0.000000000000000000e+00 0.000000000000000000e+00 0.000000000000000000e+00 0.000000000000000000e+00
2.799999999999999822e+00 1.634423102127655347e-01 0.000000000000000000e+00 8.365576897872338824e-01 0.000000000000000000e+00 0.000000000000000000e+00 0.000000000000000000e+00 1.230347830131863912e-01 3.486995324555978160e-01 0.000000000000000000e+00 0.000000000000000000e+00 0.000000000000000000e+00 0.000000000000000000e+00 0.000000000000000000e+00 0.000000000000000000e+00 0.000000000000000000e+00 0.000000000000000000e+00
2.899999999999999911e+00 1.463187246045088985e-01 0.000000000000000000e+00 8.536812753954891031e-01 0.000000000000000000e+00 0.000000000000000000e+00 0.000000000000000000e+00 1.171015302947224779e-01 3.334618221542505201e-01 0.000000000000000000e+00 0.000000000000000000e+00 0.000000000000000000e+00 0.000000000000000000e+00 0.000000000000000000e+00 0.000000000000000000e+00 0.000000000000000000e+00 0.000000000000000000e+00
3.000000000000000000e+00 1.307922286406200396e-01 0.000000000000000000e+00 8.692077713593788779e-01 0.000000000000000000e+00 0.000000000000000000e+00 0.000000000000000000e+00 1.113790688099338538e-01 3.182456980524245860e-01 0.000000000000000000e+00 0.000000000000000000e+00 0.000000000000000000e+00 0.000000000000000000e+00 0.000000000000000000e+00 0.000000000000000000e+00 0.000000000000000000e+00 0.000000000000000000e+00
