1.000000000000000056e-01 9.951085874723315516e-01 0.000000000000000000e+00 4.891412527669513483e-03 0.000000000000000000e+00 0.000000000000000000e+00 0.000000000000000000e+00 5.589489038233380613e-02 -4.175222131528102953e-02 0.000000000000000000e+00 0.000000000000000000e+00 0.000000000000000000e+00 0.000000000000000000e+00 0.000000000000000000e+00 0.000000000000000000e+00 0.000000000000000000e+00 0.000000000000000000e+00
2.000000000000000111e-01 9.805943122905486087e-01 0.000000000000000000e+00 1.940568770944705104e-02 0.000000000000000000e+00 0.000000000000000000e+00 0.000000000000000000e+00 1.139240011425090571e-01 -7.778449635003541196e-02 0.000000000000000000e+00 0.000000000000000000e+00 0.000000000000000000e+00 0.000000000000000000e+00 0.000000000000000000e+00 0.000000000000000000e+00 0.000000000000000000e+00 0.000000000000000000e+00
2.999999999999999889e-01 9.569319817648367366e-01 0.000000000000000000e+00 4.306801823516326344e-02 0.000000000000000000e+00 0.000000000000000000e+00 0.000000000000000000e+00 1.753312618953425106e-01 -1.023333442683236338e-01 0.000000000000000000e+00 0.000000000000000000e+00 0.000000000000000000e+00 0.000000000000000000e+00 0.000000000000000000e+00 0.000000000000000000e+00 0.000000000000000000e+00 0.000000000000000000e+00
4.000000000000000222e-01 9.248754365813056655e-01 0.000000000000000000e+00 7.512456341869498677e-02 0.000000000000000000e+00 0.000000000000000000e+00 0.000000000000000000e+00 2.396697115548004353e-01 -1.097237078023418633e-01 0.000000000000000000e+00 0.000000000000000000e+00 0.000000000000000000e+00 0.000000000000000000e+00 0.000000000000000000e+00 0.000000000000000000e+00 0.000000000000000000e+00 0.000000000000000000e+00
5.000000000000000000e-01 8.854243320464506573e-01 0.000000000000000000e+00 1.145756679535523265e-01 0.000000000000000000e+00 0.000000000000000000e+00 0.000000000000000000e+00 3.040711809032268231e-01 -9.480930107037610632e-02 0.000000000000000000e+00 0.000000000000000000e+00 0.000000000000000000e+00 0.000000000000000000e+00 0.000000000000000000e+00 0.000000000000000000e+00 0.000000000000000000e+00 0.000000000000000000e+00
5.999999999999999778e-01 8.397554515052636503e-01 0.000000000000000000e+00 1.602445484947334631e-01 0.000000000000000000e+00 0.000000000000000000e+00 0.000000000000000000e+00 3.628673031807175819e-01 -5.379175572599471933e-02 0.000000000000000000e+00 0.000000000000000000e+00 0.000000000000000000e+00 0.000000000000000000e+00 0.000000000000000000e+00 0.000000000000000000e+00 0.000000000000000000e+00 0.000000000000000000e+00
6.999999999999999556e-01 7.891660111489264828e-01 0.000000000000000000e+00 2.108339888510731563e-01 0.000000000000000000e+00 0.000000000000000000e+00 0.000000000000000000e+00 4.076399687320297338e-01 1.458332239795502583e-02 0.000000000000000000e+00 0.000000000000000000e+00 0.000000000000000000e+00 0.000000000000000000e+00 0.000000000000000000e+00 0.000000000000000000e+00 0.000000000000000000e+00 0.000000000000000000e+00
7.999999999999999334e-01 7.350177246787118479e-01 0.000000000000000000e+00 2.649822753212899840e-01 0.000000000000000000e+00 0.000000000000000000e+00 0.000000000000000000e+00 4.280020095411621317e-01 1.076147909498034599e-01 0.000000000000000000e+00 0.000000000000000000e+00 0.000000000000000000e+00 0.000000000000000000e+00 0.000000000000000000e+00 0.000000000000000000e+00 0.000000000000000000e+00 0.000000000000000000e+00
8.999999999999999112e-01 6.786542785821405577e-01 0.000000000000000000e+00 3.213457214178618848e-01 0.000000000000000000e+00 0.000000000000000000e+00 0.000000000000000000e+00 4.132808019135041921e-01 2.174433875456088239e-01 0.000000000000000000e+00 0.000000000000000000e+00 0.000000000000000000e+00 0.000000000000000000e+00 0.000000000000000000e+00 0.000000000000000000e+00 0.000000000000000000e+00 0.000000000000000000e+00
9.999999999999998890e-01 6.213594951468960348e-01 0.000000000000000000e+00 3.786405048531034656e-01 0.000000000000000000e+00 0.000000000000000000e+00 0.000000000000000000e+00 3.550504459708353489e-01 3.304709589197736830e-01 0.000000000000000000e+00 0.000000000000000000e+00 0.000000000000000000e+00 0.000000000000000000e+00 0.000000000000000000e+00 0.000000000000000000e+00 0.000000000000000000e+00 0.000000000000000000e+00
1.099999999999999867e+00 5.642920432755443860e-01 0.000000000000000000e+00 4.357079567244598883e-01 0.000000000000000000e+00 0.000000000000000000e+00 0.000000000000000000e+00 2.502760615730957872e-01 4.280518956731890201e-01 0.000000000000000000e+00 0.000000000000000000e+00 0.000000000000000000e+00 0.000000000000000000e+00 0.000000000000000000e+00 0.000000000000000000e+00 0.000000000000000000e+00 0.000000000000000000e+00
1.199999999999999956e+00 5.084773896430700990e-01 0.000000000000000000e+00 4.915226103569286797e-01 0.000000000000000000e+00 0.000000000000000000e+00 0.000000000000000000e+00 1.043587162687054926e-01 4.889145047512235553e-01 0.000000000000000000e+00 0.000000000000000000e+00 0.000000000000000000e+00 0.000000000000000000e+00 0.000000000000000000e+00 0.000000000000000000e+00 0.000000000000000000e+00 0.000000000000000000e+00
1.300000000000000044e+00 4.547821501009320366e-01 0.000000000000000000e+00 5.452178498990707389e-01 0.000000000000000000e+00 0.000000000000000000e+00 0.000000000000000000e+00 -6.691899734321887783e-02 4.934340844117227620e-01 0.000000000000000000e+00 0.000000000000000000e+00 0.000000000000000000e+00 0.000000000000000000e+00 0.000000000000000000e+00 0.000000000000000000e+00 0.000000000000000000e+00 0.000000000000000000e+00
1.399999999999999911e+00 4.038735837132771400e-01 0.000000000000000000e+00 5.961264162867273564e-01 0.000000000000000000e+00 0.000000000000000000e+00 0.000000000000000000e+00 -2.377491511500341437e-01 4.292261108990493290e-01 0.000000000000000000e+00 0.000000000000000000e+00 0.000000000000000000e+00 0.000000000000000000e+00 0.000000000000000000e+00 0.000000000000000000e+00 0.000000000000000000e+00 0.000000000000000000e+00
1.500000000000000000e+00 3.562581540957682757e-01 0.000000000000000000e+00 6.437418459042276719e-01 0.000000000000000000e+00 0.000000000000000000e+00 0.000000000000000000e+00 -3.758584898668723140e-01 2.967636635747287199e-01 0.000000000000000000e+00 0.000000000000000000e+00 0.000000000000000000e+00 0.000000000000000000e+00 0.000000000000000000e+00 0.000000000000000000e+00 0.000000000000000000e+00 0.000000000000000000e+00
1.599999999999999867e+00 3.122601104147190165e-01 0.000000000000000000e+00 6.877398895852818717e-01 0.000000000000000000e+00 0.000000000000000000e+00 0.000000000000000000e+00 -4.493986920470167679e-01 1.131129660230417999e-01 0.000000000000000000e+00 0.000000000000000000e+00 0.000000000000000000e+00 0.000000000000000000e+00 0.000000000000000000e+00 0.000000000000000000e+00 0.000000000000000000e+00 0.000000000000000000e+00
1.699999999999999956e+00 2.720607887637229716e-01 0.000000000000000000e+00 7.279392112362742528e-01 0.000000000000000000e+00 0.000000000000000000e+00 0.000000000000000000e+00 -4.361577329102417355e-01 -8.837502902535279703e-02 0.000000000000000000e+00 0.000000000000000000e+00 0.000000000000000000e+00 0.000000000000000000e+00 0.000000000000000000e+00 0.000000000000000000e+00 0.000000000000000000e+00 0.000000000000000000e+00
1.800000000000000044e+00 2.357149921873807619e-01 0.000000000000000000e+00 7.642850078126155466e-01 0.000000000000000000e+00 0.000000000000000000e+00 0.000000000000000000e+00 -3.325087784195287499e-01 -2.638017199707253790e-01 0.000000000000000000e+00 0.000000000000000000e+00 0.000000000000000000e+00 0.000000000000000000e+00 0.000000000000000000e+00 0.000000000000000000e+00 0.000000000000000000e+00 0.000000000000000000e+00
1.899999999999999911e+00 2.031733981846651771e-01 0.000000000000000000e+00 7.968266018153351560e-01 0.000000000000000000e+00 0.000000000000000000e+00 0.000000000000000000e+00 -1.587412750562258168e-01 -3.697231023257382954e-01 0.000000000000000000e+00 0.000000000000000000e+00 0.000000000000000000e+00 0.000000000000000000e+00 0.000000000000000000e+00 0.000000000000000000e+00 0.000000000000000000e+00 0.000000000000000000e+00
2.000000000000000000e+00 1.742791730361571700e-01 0.000000000000000000e+00 8.257208269638448561e-01 0.000000000000000000e+00 0.000000000000000000e+00 0.000000000000000000e+00 4.251341235754729775e-02 -3.769596171862051315e-01 0.000000000000000000e+00 0.000000000000000000e+00 0.000000000000000000e+00 0.000000000000000000e+00 0.000000000000000000e+00 0.000000000000000000e+00 0.000000000000000000e+00 0.000000000000000000e+00
2.099999999999999645e+00 1.488399735130072621e-01 0.000000000000000000e+00 8.511600264869959576e-01 0.000000000000000000e+00 0.000000000000000000e+00 0.000000000000000000e+00 2.162495313001957520e-01 -2.827061607411961441e-01 0.000000000000000000e+00 0.000000000000000000e+00 0.000000000000000000e+00 0.000000000000000000e+00 0.000000000000000000e+00 0.000000000000000000e+00 0.000000000000000000e+00 0.000000000000000000e+00
2.199999999999999734e+00 1.265999685399400998e-01 0.000000000000000000e+00 8.734000314600640635e-01 0.000000000000000000e+00 0.000000000000000000e+00 0.000000000000000000e+00 3.118064116812882536e-01 -1.155386482002638826e-01 0.000000000000000000e+00 0.000000000000000000e+00 0.000000000000000000e+00 0.000000000000000000e+00 0.000000000000000000e+00 0.000000000000000000e+00 0.000000000000000000e+00 0.000000000000000000e+00
2.299999999999999822e+00 1.072920549980589389e-01 0.000000000000000000e+00 8.927079450019462792e-01 0.000000000000000000e+00 0.000000000000000000e+00 0.000000000000000000e+00 3.013459337472385591e-01 7.050601290795546761e-02 0.000000000000000000e+00 0.000000000000000000e+00 0.000000000000000000e+00 0.000000000000000000e+00 0.000000000000000000e+00 0.000000000000000000e+00 0.000000000000000000e+00 0.000000000000000000e+00
2.399999999999999911e+00 9.062576452247703140e-02 0.000000000000000000e+00 9.093742354775241621e-01 0.000000000000000000e+00 0.000000000000000000e+00 0.000000000000000000e+00 1.925187351024375271e-01 2.129536846752987933e-01 0.000000000000000000e+00 0.000000000000000000e+00 0.000000000000000000e+00 0.000000000000000000e+00 0.000000000000000000e+00 0.000000000000000000e+00 0.000000000000000000e+00 0.000000000000000000e+00
2.500000000000000000e+00 7.633089084672822766e-02 0.000000000000000000e+00 9.236691091532697184e-01 0.000000000000000000e+00 0.000000000000000000e+00 0.000000000000000000e+00 2.872984423178739227e-02 2.639679550241089689e-01 0.000000000000000000e+00 0.000000000000000000e+00 0.000000000000000000e+00 0.000000000000000000e+00 0.000000000000000000e+00 0.000000000000000000e+00 0.000000000000000000e+00 0.000000000000000000e+00
2.600000000000000089e+00 6.411946928002613955e-02 0.000000000000000000e+00 9.358805307199776768e-01 0.000000000000000000e+00 0.000000000000000000e+00 0.000000000000000000e+00 -1.255998439271488187e-01 2.103160507638036636e-01 0.000000000000000000e+00 0.000000000000000000e+00 0.000000000000000000e+00 0.000000000000000000e+00 0.000000000000000000e+00 0.000000000000000000e+00 0.000000000000000000e+00 0.000000000000000000e+00
2.699999999999999734e+00 5.373917162346790455e-02 0.000000000000000000e+00 9.462608283765355788e-01 0.000000000000000000e+00 0.000000000000000000e+00 0.000000000000000000e+00 -2.105645139489142337e-01 8.070848061280626318e-02 0.000000000000000000e+00 0.000000000000000000e+00 0.000000000000000000e+00 0.000000000000000000e+00 0.000000000000000000e+00 0.000000000000000000e+00 0.000000000000000000e+00 0.000000000000000000e+00
2.799999999999999822e+00 4.495203199226739665e-02 0.000000000000000000e+00 9.550479680077340605e-01 0.000000000000000000e+00 0.000000000000000000e+00 0.000000000000000000e+00 -1.967161598298072800e-01 -6.506995263951588504e-02 0.000000000000000000e+00 0.000000000000000000e+00 0.000000000000000000e+00 0.000000000000000000e+00 0.000000000000000000e+00 0.000000000000000000e+00 0.000000000000000000e+00 0.000000000000000000e+00
2.899999999999999911e+00 3.753977139493398091e-02 0.000000000000000000e+00 9.624602286050655264e-01 0.000000000000000000e+00 0.000000000000000000e+00 0.000000000000000000e+00 -9.891436409044623845e-02 -1.623160040967774886e-01 0.000000000000000000e+00 0.000000000000000000e+00 0.000000000000000000e+00 0.000000000000000000e+00 0.000000000000000000e+00 0.000000000000000000e+00 0.000000000000000000e+00 0.000000000000000000e+00
3.000000000000000000e+00 3.130553999228925105e-02 0.000000000000000000e+00 9.686944600077154188e-01 0.000000000000000000e+00 0.000000000000000000e+00 0.000000000000000000e+00 3.028836764313221075e-02 -1.714879524203259953e-01 0.000000000000000000e+00 0.000000000000000000e+00 0.000000000000000000e+00 0.000000000000000000e+00 0.000000000000000000e+00 0.000000000000000000e+00 0.000000000000000000e+00 0.000000000000000000e+00
