0.000000000000000000e+00 -7.292596444811088966e-12 1.004678667957755525e-11 -1.000000000000000000e+00
1.025641025641025605e-01 -1.942128183225642346e-01 2.460969236173498609e-01 -9.463301235418862811e-01
2.051282051282051211e-01 -3.855927963073533249e-01 4.414353279316813317e-01 -7.949050266009335397e-01
3.076923076923077094e-01 -5.653507040059831956e-01 5.478870456131507138e-01 -5.713590046513580267e-01
4.102564102564102422e-01 -7.167549605503719112e-01 5.488041901146921697e-01 -3.095655102613026899e-01
5.128205128205127750e-01 -8.186363650381577317e-01 4.516921322212348877e-01 -4.266883522945053714e-02
6.153846153846154188e-01 -8.525166904520187217e-01 2.845559783389397523e-01 2.035959097157293285e-01
7.179487179487179516e-01 -8.099397554501075458e-01 8.758404761603794109e-02 4.137790478400302785e-01
8.205128205128204844e-01 -6.968224984220636742e-01 -9.716605473522317571e-02 5.821287322781134588e-01
9.230769230769230171e-01 -5.332857161065048812e-01 -2.355283231191055426e-01 7.100380157885083365e-01
1.025641025641025550e+00 -3.490410323739585041e-01 -3.081854155937809314e-01 8.030564518483903624e-01
1.128205128205128194e+00 -1.758713634660702962e-01 -3.135370612254897438e-01 8.683238040597671681e-01
1.230769230769230838e+00 -3.947648367267739961e-02 -2.657922015044797415e-01 9.128634440768437219e-01
1.333333333333333259e+00 4.666368869512875495e-02 -1.888660315082580088e-01 9.426774764308267773e-01
1.435897435897435903e+00 8.321292443804972905e-02 -1.080738702067617490e-01 9.624225995795883115e-01
1.538461538461538325e+00 8.216636814739965156e-02 -4.258205737053906426e-02 9.754558287309321729e-01
1.641025641025640969e+00 6.068630447676302830e-02 -1.251223251288680061e-03 9.840694810467300879e-01
1.743589743589743613e+00 3.451759923553633647e-02 1.693537626778688493e-02 9.897692174452096259e-01
1.846153846153846034e+00 1.364500411684792941e-02 1.911873086995451859e-02 9.935309176022800726e-01
1.948717948717948678e+00 1.502718047113009783e-03 1.374489635622534039e-02 9.959905574824945429e-01
2.051282051282051100e+00 -3.169356329635465534e-03 7.157262477090974538e-03 9.975729589993422852e-01
2.153846153846153744e+00 -3.476782063605177858e-03 2.447009787660083847e-03 9.985685602141141093e-01
2.256410256410256387e+00 -2.212005304989635504e-03 1.336474324462105442e-04 9.991785783174814695e-01
2.358974358974359031e+00 -9.677077443465553633e-04 -5.372271996617529900e-04 9.995416846600749805e-01
2.461538461538461675e+00 -2.477809007964176715e-04 -4.620073958288991819e-04 9.997514031744328955e-01
2.564102564102563875e+00 2.472509519064273998e-05 -2.408676626212671510e-04 9.998688866076340664e-01
2.666666666666666519e+00 6.646180282946317322e-05 -8.016880401261165128e-05 9.999327418941507117e-01
2.769230769230769162e+00 4.319252354041780797e-05 -1.255825899446112539e-05 9.999664290870757810e-01
2.871794871794871806e+00 1.528564560081930877e-05 6.146117588136598640e-06 9.999836893924406445e-01
2.974358974358974450e+00 5.412214077860475957e-06 1.030930786280868062e-05 9.999922832036307607e-01
3.076923076923076650e+00 1.659987914528478024e-06 2.503302618188999517e-06 9.999964436465728079e-01
3.179487179487179294e+00 1.941449173331007904e-06 -3.246297666647092887e-06 9.999984029057156221e-01
3.282051282051281937e+00 -1.467095055829939885e-06 1.100489237648120085e-06 9.999993008977120512e-01
3.384615384615384581e+00 3.844582070604103869e-06 -1.788571086856889502e-06 9.999997016096889846e-01
3.487179487179487225e+00 -1.566743701566066392e-06 2.245036808143204690e-06 9.999998757920762760e-01
3.589743589743589425e+00 -1.973375093325123638e-06 -9.794687871867541045e-07 9.999999495595276455e-01
3.692307692307692069e+00 -7.767622529455941163e-07 2.896185632270420648e-06 9.999999800089381941e-01
3.794871794871794712e+00 -4.399914751126444065e-06 3.260760040463843365e-06 9.999999922587760048e-01
3.897435897435897356e+00 -2.858157803405171794e-06 -4.947696675839634521e-07 9.999999970832732510e-01
4.000000000000000000e+00 -4.225141713901226553e-07 -1.897435058716977969e-06 9.999999989319026117e-01
