1.000000000000000056e-01 9.756270331594127931e-01 1.215487598672558567e-02 1.221809085386576024e-02 0.000000000000000000e+00 -6.186838743951558056e-02 8.961544638573440413e-02 -1.684959441439619647e-03 1.091671225236686693e-01 1.013430932780779066e-02 -6.767950473749135415e-03 0.000000000000000000e+00 0.000000000000000000e+00 0.000000000000000000e+00 0.000000000000000000e+00 0.000000000000000000e+00 0.000000000000000000e+00
2.000000000000000111e-01 9.059763280789654427e-01 4.653701437141460895e-02 4.748665754962078100e-02 0.000000000000000000e+00 -1.243431254023767973e-01 1.634020213069561633e-01 -1.278750773164394859e-02 2.070223835425463732e-01 3.909364241855224631e-02 -2.610697968075926731e-02 0.000000000000000000e+00 0.000000000000000000e+00 0.000000000000000000e+00 0.000000000000000000e+00 0.000000000000000000e+00 0.000000000000000000e+00
2.999999999999999889e-01 8.006521295916249059e-01 9.742042999910019430e-02 1.019274404092796876e-01 0.000000000000000000e+00 -1.857821372639931745e-01 2.085302669293075950e-01 -3.949389680240318612e-02 2.829287089504832209e-01 8.285303605464314214e-02 -5.536415349178861606e-02 0.000000000000000000e+00 0.000000000000000000e+00 0.000000000000000000e+00 0.000000000000000000e+00 0.000000000000000000e+00 0.000000000000000000e+00
4.000000000000000222e-01 6.732453803693515537e-01 1.568293140272079000e-01 1.699253056034399634e-01 0.000000000000000000e+00 -2.411827873945579237e-01 2.177509454292517743e-01 -8.245308062655180847e-02 3.280288348832432477e-01 1.356338348593375265e-01 -9.084454830279352355e-02 0.000000000000000000e+00 0.000000000000000000e+00 0.000000000000000000e+00 0.000000000000000000e+00 0.000000000000000000e+00 0.000000000000000000e+00
5.000000000000000000e-01 5.384866534425108986e-01 2.163665933636253480e-01 2.451467531938661404e-01 0.000000000000000000e+00 -2.828716195804088507e-01 1.910344722570318510e-01 -1.361572875438462338e-01 3.368522640550740688e-01 1.910268829927947998e-01 -1.286479608642393246e-01 0.000000000000000000e+00 0.000000000000000000e+00 0.000000000000000000e+00 0.000000000000000000e+00 0.000000000000000000e+00 0.000000000000000000e+00
5.999999999999999778e-01 4.095246209578103369e-01 2.689240942677849078e-01 3.215512847744114167e-01 0.000000000000000000e+00 -3.028263081434964810e-01 1.357470620655756299e-01 -1.902579709199581359e-01 3.090065897733671463e-01 2.431156774471444071e-01 -1.654317242679144151e-01 0.000000000000000000e+00 0.000000000000000000e+00 0.000000000000000000e+00 0.000000000000000000e+00 0.000000000000000000e+00 0.000000000000000000e+00
6.999999999999999556e-01 2.959921936542303511e-01 3.098311124486703982e-01 3.941766938971008605e-01 0.000000000000000000e+00 -2.957761560370817389e-01 6.499273923011462950e-02 -2.325769837550757391e-01 2.501622892234243167e-01 2.873368301342976716e-01 -1.989114114738079753e-01 0.000000000000000000e+00 0.000000000000000000e+00 0.000000000000000000e+00 0.000000000000000000e+00 0.000000000000000000e+00 0.000000000000000000e+00
7.999999999999999334e-01 2.031954721263772579e-01 3.372497499433250723e-01 4.595547779302993630e-01 0.000000000000000000e+00 -2.617169422046098926e-01 -5.644849271462344317e-03 -2.528711116793880276e-01 1.715682108438955911e-01 3.209332213422048108e-01 -2.280057046921900032e-01 0.000000000000000000e+00 0.000000000000000000e+00 0.000000000000000000e+00 0.000000000000000000e+00 0.000000000000000000e+00 0.000000000000000000e+00
8.999999999999999112e-01 1.324006390758140084e-01 3.518349468234294175e-01 5.157644141007542427e-01 0.000000000000000000e+00 -2.066904509777555965e-01 -6.214683639302100854e-02 -2.461118857799439175e-01 8.784348430098218308e-02 3.429725289780982678e-01 -2.526534970290000848e-01 0.000000000000000000e+00 0.000000000000000000e+00 0.000000000000000000e+00 0.000000000000000000e+00 0.000000000000000000e+00 0.000000000000000000e+00
9.999999999999998890e-01 8.182086891025351638e-02 3.559668817403026653e-01 5.622122493494449147e-01 0.000000000000000000e+00 -1.413613815047579381e-01 -9.561631331883332918e-02 -2.140526866593021049e-01 1.349600304389281941e-02 3.540459278859488523e-01 -2.734600925396775684e-01 0.000000000000000000e+00 0.000000000000000000e+00 0.000000000000000000e+00 0.000000000000000000e+00 0.000000000000000000e+00 0.000000000000000000e+00
1.099999999999999867e+00 4.790967148206996123e-02 3.528124585789251255e-01 5.992778699390121089e-01 0.000000000000000000e+00 -7.789603223387021880e-02 -1.040929255098545780e-01 -1.644973248728593407e-01 -4.064278505715773759e-02 3.557593863154749902e-01 -2.913210560538005423e-01 0.000000000000000000e+00 0.000000000000000000e+00 0.000000000000000000e+00 0.000000000000000000e+00 0.000000000000000000e+00 0.000000000000000000e+00
1.199999999999999956e+00 2.655012794231428191e-02 3.455205285370213653e-01 6.279293435206616536e-01 0.000000000000000000e+00 -2.641824393119130560e-02 -9.206351407901784689e-02 -1.086030813498872621e-01 -6.983534293626253442e-02 3.502201495778334284e-01 -3.070966060855350177e-01 0.000000000000000000e+00 0.000000000000000000e+00 0.000000000000000000e+00 0.000000000000000000e+00 0.000000000000000000e+00 0.000000000000000000e+00
1.300000000000000044e+00 1.391168180656198079e-02 3.366773981605251098e-01 6.494109200329080123e-01 0.000000000000000000e+00 7.541200020509021204e-03 -6.802116668296870339e-02 -5.733505321926039150e-02 -7.580956217578083134e-02 3.395908451777047143e-01 -3.214343428280050374e-01 0.000000000000000000e+00 0.000000000000000000e+00 0.000000000000000000e+00 0.000000000000000000e+00 0.000000000000000000e+00 0.000000000000000000e+00
1.399999999999999911e+00 6.881443287955045333e-03 3.281076341895752257e-01 6.650109225224714038e-01 0.000000000000000000e+00 2.379534209677395748e-02 -4.112949978594903494e-02 -1.833172571625362596e-02 -6.511668559820010804e-02 3.258047691572523163e-01 -3.347333459177287973e-01 0.000000000000000000e+00 0.000000000000000000e+00 0.000000000000000000e+00 0.000000000000000000e+00 0.000000000000000000e+00 0.000000000000000000e+00
1.500000000000000000e+00 3.208910973870221593e-03 3.208545017593034121e-01 6.759365872668242625e-01 0.000000000000000000e+00 2.628628489171133328e-02 -1.840175913449217798e-02 5.519529834542095600e-03 -4.624451405039076840e-02 3.104069794584348174e-01 -3.471668244673497550e-01 0.000000000000000000e+00 0.000000000000000000e+00 0.000000000000000000e+00 0.000000000000000000e+00 0.000000000000000000e+00 0.000000000000000000e+00
1.599999999999999867e+00 1.407929734080814186e-03 3.153454117902062537e-01 6.832466584757184158e-01 0.000000000000000000e+00 2.081258298983384644e-02 -3.289461347113706736e-03 1.569543658050068929e-02 -2.675100975410948587e-02 2.945168312200520666e-01 -3.587736542509645798e-01 0.000000000000000000e+00 0.000000000000000000e+00 0.000000000000000000e+00 0.000000000000000000e+00 0.000000000000000000e+00 0.000000000000000000e+00
1.699999999999999956e+00 5.800990265142358382e-04 3.115883037254412180e-01 6.878315972480518736e-01 0.000000000000000000e+00 1.278736298901252989e-02 4.151555206424375338e-03 1.636822878437414752e-02 -1.144951985791249974e-02 2.788716584438254986e-01 -3.695279133420653062e-01 0.000000000000000000e+00 0.000000000000000000e+00 0.000000000000000000e+00 0.000000000000000000e+00 0.000000000000000000e+00 0.000000000000000000e+00
1.800000000000000044e+00 2.239026172118407986e-04 3.093540399771774196e-01 6.904220574056132431e-01 0.000000000000000000e+00 5.811044389154519825e-03 5.957930039921418772e-03 1.226412578176941034e-02 -2.044137328986207324e-03 2.639029559761843502e-01 -3.793943628526182943e-01 0.000000000000000000e+00 0.000000000000000000e+00 0.000000000000000000e+00 0.000000000000000000e+00 0.000000000000000000e+00 0.000000000000000000e+00
1.899999999999999911e+00 8.082513763053918057e-05 3.083342259223976201e-01 6.915849489399653605e-01 0.000000000000000000e+00 1.356753663851134476e-03 4.804202245648375377e-03 7.150493942840704768e-03 2.183540177042162488e-03 2.498188266932374335e-01 -3.883682063506217474e-01 0.000000000000000000e+00 0.000000000000000000e+00 0.000000000000000000e+00 0.000000000000000000e+00 0.000000000000000000e+00 0.000000000000000000e+00
2.000000000000000000e+00 2.721462856789161848e-05 3.081998462891855084e-01 6.917729390822470181e-01 0.000000000000000000e+00 -6.697523718928565916e-04 2.817613618482189136e-03 3.110260419410913659e-03 3.025319318703195617e-03 2.366778396183818189e-01 -3.964693099118021258e-01 0.000000000000000000e+00 0.000000000000000000e+00 0.000000000000000000e+00 0.000000000000000000e+00 0.000000000000000000e+00 0.000000000000000000e+00
2.099999999999999645e+00 8.505167778811469539e-06 3.086837166438090585e-01 6.913077781884136019e-01 0.000000000000000000e+00 -1.109203866872355160e-03 1.181122080386498401e-03 7.383550483730502495e-04 2.309646324747411088e-03 2.244524424214678626e-01 -4.037530871547337918e-01 0.000000000000000000e+00 0.000000000000000000e+00 0.000000000000000000e+00 0.000000000000000000e+00 0.000000000000000000e+00 0.000000000000000000e+00
2.199999999999999734e+00 2.466076452274738218e-06 3.095623765855050058e-01 6.904351573380500540e-01 0.000000000000000000e+00 -8.381007385248004935e-04 2.469252797922409149e-04 -2.495985479286361294e-04 1.280750883596348637e-03 2.130720587642352670e-01 -4.102841039339595874e-01 0.000000000000000000e+00 0.000000000000000000e+00 0.000000000000000000e+00 0.000000000000000000e+00 0.000000000000000000e+00 0.000000000000000000e+00
2.299999999999999822e+00 6.575829366098803440e-07 3.106820638297636550e-01 6.893172785873032948e-01 0.000000000000000000e+00 -4.374786787957450239e-04 -1.134649251669991865e-04 -4.370474418616569962e-04 5.120448760608634119e-04 2.024446565519321395e-01 -4.161426146874498411e-01 0.000000000000000000e+00 0.000000000000000000e+00 0.000000000000000000e+00 0.000000000000000000e+00 0.000000000000000000e+00 0.000000000000000000e+00
2.399999999999999911e+00 1.633153262133970023e-07 3.119352147081737026e-01 6.880646219764999794e-01 0.000000000000000000e+00 -1.562495485104695625e-04 -1.627661467076848797e-04 -3.163001186940473655e-04 1.106524989803941099e-04 1.924751751578455683e-01 -4.214082254902396518e-01 0.000000000000000000e+00 0.000000000000000000e+00 0.000000000000000000e+00 0.000000000000000000e+00 0.000000000000000000e+00 0.000000000000000000e+00
2.500000000000000000e+00 3.641212472302233611e-08 3.132489581591857419e-01 6.867510054286917187e-01 0.000000000000000000e+00 -2.146378017048447751e-05 -1.044272961270996565e-04 -1.546097548601665038e-04 -3.183564350121300497e-05 1.830869844321760809e-01 -4.261492614903018561e-01 0.000000000000000000e+00 0.000000000000000000e+00 0.000000000000000000e+00 0.000000000000000000e+00 0.000000000000000000e+00 0.000000000000000000e+00
2.600000000000000089e+00 7.838678796480502101e-09 3.145801386591016713e-01 6.854198535022234529e-01 0.000000000000000000e+00 1.942729664423999706e-05 -4.528233697118837046e-05 -5.120077978874546800e-05 -5.165754064168353189e-05 1.742024233109330800e-01 -4.304334887553629696e-01 0.000000000000000000e+00 0.000000000000000000e+00 0.000000000000000000e+00 0.000000000000000000e+00 0.000000000000000000e+00 0.000000000000000000e+00
2.699999999999999734e+00 1.137293736341468681e-09 3.159017022058403512e-01 6.840982966568658341e-01 0.000000000000000000e+00 1.450361515285883746e-05 -1.044644298166493654e-05 -6.751497188992349108e-06 -2.542180556006465414e-05 1.657683047694865630e-01 -4.343140401819181040e-01 0.000000000000000000e+00 0.000000000000000000e+00 0.000000000000000000e+00 0.000000000000000000e+00 0.000000000000000000e+00 0.000000000000000000e+00
2.799999999999999822e+00 3.945469464508188413e-10 3.171994995039869591e-01 6.828005001014660902e-01 0.000000000000000000e+00 9.522009779407209881e-06 -3.089469893033092438e-08 4.692066032485806389e-06 -1.315895900254704338e-05 1.577256393298641091e-01 -4.378431220962170078e-01 0.000000000000000000e+00 0.000000000000000000e+00 0.000000000000000000e+00 0.000000000000000000e+00 0.000000000000000000e+00 0.000000000000000000e+00
2.899999999999999911e+00 2.010175483372032277e-10 3.184650254268302505e-01 6.815349743721538234e-01 0.000000000000000000e+00 -2.233206564783073702e-07 5.182405250262669063e-06 7.072099132502787156e-06 2.750864040025435335e-06 1.500391300812123074e-01 -4.410593070830318152e-01 0.000000000000000000e+00 0.000000000000000000e+00 0.000000000000000000e+00 0.000000000000000000e+00 0.000000000000000000e+00 0.000000000000000000e+00
3.000000000000000000e+00 1.501267811173973233e-10 3.196925936803171608e-01 6.803074061695599806e-01 0.000000000000000000e+00 -1.896999265158069252e-06 6.427928278044610566e-08 -7.573701719775195870e-07 2.663219211882771482e-06 1.426719503209858131e-01 -4.439976956522527773e-01 0.000000000000000000e+00 0.000000000000000000e+00 0.000000000000000000e+00 0.000000000000000000e+00 0.000000000000000000e+00 0.000000000000000000e+00
