1.000000000000000056e-01 5.780025008808947762e-02 -3.015032853921185141e-01 -9.510562160565833034e-01
2.000000000000000111e-01 7.725106830718103668e-02 -5.651698809705085758e-01 -8.147393756913517970e-01
2.999999999999999889e-01 3.461889146192037581e-02 -7.590545266161873306e-01 -6.184739455351410120e-01
4.000000000000000222e-01 -7.129404226830643454e-02 -8.616772025969355875e-01 -3.967052215946462179e-01
5.000000000000000000e-01 -2.201530490803514928e-01 -8.647273500636001309e-01 -1.805399570646366025e-01
5.999999999999999778e-01 -3.777735264839726659e-01 -7.741849422232776057e-01 9.039903322931832491e-03
6.999999999999999556e-01 -5.067411664181956654e-01 -6.100457580499101251e-01 1.631659074344833649e-01
7.999999999999999334e-01 -5.771209633256659810e-01 -4.040510810254616114e-01 2.836853671174327518e-01
8.999999999999999112e-01 -5.749621593250210383e-01 -1.942411898543690563e-01 3.794612259176783353e-01
9.999999999999998890e-01 -5.060734282846208743e-01 -1.629267393607536363e-02 4.618311078130029057e-01
1.099999999999999867e+00 -3.930386382064834927e-01 1.057999013943272115e-01 5.402115115643308929e-01
1.199999999999999956e+00 -2.661246783308253705e-01 1.654308610162555926e-01 6.192358675559148651e-01
1.300000000000000044e+00 -1.522517592558090271e-01 1.723201381489818107e-01 6.982837955092670024e-01
1.399999999999999911e+00 -6.734615902996334003e-02 1.456212543446127328e-01 7.732332227105055411e-01
1.500000000000000000e+00 -1.489027926074126817e-02 1.053124225213271925e-01 8.391729406017551796e-01
1.599999999999999867e+00 1.053493684768912197e-02 6.615871756352670330e-02 8.926487286229148888e-01
1.699999999999999956e+00 1.797797720752065953e-02 3.581443846922516272e-02 9.326261146181263895e-01
1.800000000000000044e+00 1.605265943187223973e-02 1.607860943961622255e-02 9.602466529573424614e-01
1.899999999999999911e+00 1.093254040645205878e-02 5.306393707389518884e-03 9.779396604859622588e-01
2.000000000000000000e+00 6.048546368826338525e-03 6.097161904315608755e-04 9.884798254813983442e-01
2.099999999999999645e+00 2.708042261310640141e-03 -7.462309603165954118e-04 9.943349650654910166e-01
2.199999999999999734e+00 9.234663189418385000e-04 -7.147920345309225106e-04 9.973749722420293118e-01
2.299999999999999822e+00 2.005121430753339094e-04 -3.698864094332552461e-04 9.988530164467996908e-01
2.399999999999999911e+00 6.142020146027425912e-06 -1.228763325140031014e-04 9.995271080319962920e-01
2.500000000000000000e+00 -1.011943019299606277e-05 -1.892610419916891068e-05 9.998159045186489902e-01
