1.000000000000000000e+00 -4.089491225532686514e-01 -3.399502792160161158e-01 8.139114523724841899e-01
1.051724137931034475e+00 -3.072832683754533889e-01 -3.568885957563138200e-01 8.549492514779628571e-01
1.103448275862068950e+00 -2.113660929801626787e-01 -3.550098418355863705e-01 8.884183947752246624e-01
1.155172413793103425e+00 -1.251899599342387037e-01 -3.366424734670772079e-01 9.153001932286762843e-01
1.206896551724137900e+00 -5.179404440577801277e-02 -3.050595059378856111e-01 9.365620496985940235e-01
1.258620689655172376e+00 6.940282362479656408e-03 -2.641352751005249244e-01 9.531192251052214015e-01
1.310344827586206851e+00 5.033503270516125061e-02 -2.179405804252482481e-01 9.658136295496012602e-01
1.362068965517241326e+00 7.888175023602968239e-02 -1.703347235833048146e-01 9.754018190614095474e-01
1.413793103448275801e+00 9.403780632739869305e-02 -1.247073428109138626e-01 9.825315092822869412e-01
1.465517241379310276e+00 9.797747105076409779e-02 -8.368149483068647310e-02 9.877548074099485875e-01
1.517241379310344751e+00 9.329541604366128893e-02 -4.903122837060460565e-02 9.915241537396256577e-01
1.568965517241379448e+00 8.268243874127578774e-02 -2.164218524525059889e-02 9.942060009898578965e-01
1.620689655172413701e+00 6.870085167429666739e-02 -1.607908350965067679e-03 9.960861651170300757e-01
1.672413793103448398e+00 5.352875828020457055e-02 1.161224032441575404e-02 9.973867542558231269e-01
1.724137931034482651e+00 3.887816578415819596e-02 1.901872785485082470e-02 9.982742129342254689e-01
1.775862068965517349e+00 2.591088773870518086e-02 2.184557186759676986e-02 9.988724466147471670e-01
1.827586206896551602e+00 1.530259778957996503e-02 2.139744349628827300e-02 9.992704310126339085e-01
1.879310344827586299e+00 7.271753150160696968e-03 1.887720517305883222e-02 9.995323985131306932e-01
1.931034482758620552e+00 1.703259889029596838e-03 1.532418742720597846e-02 9.997027833215329506e-01
1.982758620689655249e+00 -1.739382141529816767e-03 1.150462799264311865e-02 9.998126645046101491e-01
2.034482758620689502e+00 -3.495549796078983688e-03 7.967825987503009480e-03 9.998827456248173817e-01
2.086206896551724199e+00 -4.053063852205442477e-03 5.000048308416211833e-03 9.999271517525554209e-01
2.137931034482758896e+00 -3.843172365908747046e-03 2.735841077398227291e-03 9.999550029419377317e-01
2.189655172413793149e+00 -3.216765182188624332e-03 1.159414108674177400e-03 9.999723809624067039e-01
2.241379310344827402e+00 -2.450750996762235921e-03 1.664375968919366670e-04 9.999831319160578103e-01
2.293103448275862100e+00 -1.703527405088875240e-03 -3.672372674132530750e-04 9.999897613450238198e-01
2.344827586206896797e+00 -1.077776585375262710e-03 -5.837448140058896845e-04 9.999938153794529772e-01
2.396551724137931050e+00 -6.052118483499645263e-04 -5.992503201148829083e-04 9.999962865118321442e-01
2.448275862068965303e+00 -2.799906620919928655e-04 -5.094380456896860539e-04 9.999977856798207831e-01
2.500000000000000000e+00 -8.035686091728430841e-05 -3.842080676108794923e-04 9.999986871363341079e-01
