1.000000000000000000e+00 -4.099169940212735730e-01 -3.616649902628117363e-01 8.330775164516582842e-01
1.051724137931034475e+00 -3.043847170166268934e-01 -3.750826314166572084e-01 8.725453326345448124e-01
1.103448275862068950e+00 -2.058057752078237823e-01 -3.692789661491077124e-01 9.041014179808944951e-01
1.155172413793103425e+00 -1.181838487170880636e-01 -3.469928250317708129e-01 9.289059820277810742e-01
1.206896551724137900e+00 -4.440751903011418145e-02 -3.118539604935293696e-01 9.480747049047748565e-01
1.258620689655172376e+00 1.388175270637240222e-02 -2.679653986907239438e-01 9.626412241209426623e-01
1.310344827586206851e+00 5.630453364661490434e-02 -2.195128789897908272e-01 9.735248767788046154e-01
1.362068965517241326e+00 8.361627537441500280e-02 -1.703646061634055686e-01 9.815247078848574613e-01
1.413793103448275801e+00 9.751345082642223772e-02 -1.238207157633728905e-01 9.873048973821809682e-01
1.465517241379310276e+00 1.003128841433841845e-01 -8.238126871752174396e-02 9.914129878147662778e-01
1.517241379310344751e+00 9.470696681043953846e-02 -4.765793715849848955e-02 9.942833719051347163e-01
1.568965517241379448e+00 8.341039063887809024e-02 -2.040825198472249330e-02 9.962558203277218638e-01
1.620689655172413701e+00 6.896796535766108738e-02 -6.230542176855688452e-04 9.975873906184161699e-01
1.672413793103448398e+00 5.352661541712941395e-02 1.233642836828971467e-02 9.984710535610256121e-01
1.724137931034482651e+00 3.874463786115757424e-02 1.950181750587635585e-02 9.990472286578839789e-01
1.775862068965517349e+00 2.573697047636330781e-02 2.214258302345707002e-02 9.994165625535516018e-01
1.827586206896551602e+00 1.512959792707051741e-02 2.155597905012574672e-02 9.996490684700051199e-01
1.879310344827586299e+00 7.134842414067405977e-03 1.894868707843737343e-02 9.997926165412215349e-01
1.931034482758620552e+00 1.602855799744330040e-03 1.534254986156399075e-02 9.998796398867292323e-01
1.982758620689655249e+00 -1.803231909378990271e-03 1.149979750034891071e-02 9.999314698099041054e-01
2.034482758620689502e+00 -3.537223404527486958e-03 7.951203304942948066e-03 9.999616951095416928e-01
2.086206896551724199e+00 -4.073769013079929155e-03 4.985564270924672942e-03 9.999790317602462730e-01
2.137931034482758896e+00 -3.852725814071454331e-03 2.721650996858956863e-03 9.999887419604976957e-01
2.189655172413793149e+00 -3.224046747814185085e-03 1.148945775411050647e-03 9.999940711309949215e-01
2.241379310344827402e+00 -2.451271266550731666e-03 1.608614914845093308e-04 9.999969445548743119e-01
2.293103448275862100e+00 -1.702174117318810357e-03 -3.716100345890250862e-04 9.999984621840147803e-01
2.344827586206896797e+00 -1.077395942035252628e-03 -5.840054897995656689e-04 9.999992386540186295e-01
2.396551724137931050e+00 -6.026277226583833316e-04 -5.975359697344557715e-04 9.999996345540803633e-01
2.448275862068965303e+00 -2.788576593490731462e-04 -5.103140417261370788e-04 9.999998282096057567e-01
2.500000000000000000e+00 -7.800724902713870000e-05 -3.851506706475505250e-04 9.999999214396129155e-01
