1.000000000000000056e-01 1.863680912441583182e-01 -1.563584275414791891e-01 -8.603193872389367503e-01
2.000000000000000111e-01 3.380017270403231633e-01 -3.067460004109697214e-01 -7.453617064764264111e-01
2.999999999999999889e-01 4.285482492371359697e-01 -4.432063618077222711e-01 -5.759457468216845344e-01
4.000000000000000222e-01 4.458017954457018650e-01 -5.553626709306150877e-01 -3.786160153789426830e-01
5.000000000000000000e-01 3.933020895834741237e-01 -6.320597312544196100e-01 -1.799125956965355599e-01
5.999999999999999778e-01 2.877538362520284387e-01 -6.644214316852891100e-01 -7.889238578710482553e-04
6.999999999999999556e-01 1.536470732028778208e-01 -6.488529479881810502e-01 1.463059551578571871e-01
7.999999999999999334e-01 1.695109180908329488e-02 -5.886989812333596195e-01 2.575591666474913999e-01
8.999999999999999112e-01 -1.003458712121970964e-01 -4.939229729301581329e-01 3.359520080072532777e-01
9.999999999999998890e-01 -1.837940537770442750e-01 -3.790496404557008869e-01 3.885689751006182746e-01
1.099999999999999867e+00 -2.277751694247095726e-01 -2.601007536540244081e-01 4.240061057948017464e-01
1.199999999999999956e+00 -2.347312903225520220e-01 -1.514526734451468182e-01 4.504144397449840742e-01
1.300000000000000044e+00 -2.129494622378657331e-01 -6.339271317079755996e-02 4.743034076923755560e-01
1.399999999999999911e+00 -1.735872720408435099e-01 -8.906718857724996163e-04 5.000437163554890541e-01
1.500000000000000000e+00 -1.277697688678077204e-01 3.623027754209406925e-02 5.298593329651025696e-01
1.599999999999999867e+00 -8.440195778890698108e-02 5.209570216484302879e-02 5.641611808790008009e-01
1.699999999999999956e+00 -4.900189884637444482e-02 5.290605901241422770e-02 6.020471247046924601e-01
1.800000000000000044e+00 -2.365817805984748654e-02 4.510103336529193430e-02 6.418421909660658731e-01
1.899999999999999911e+00 -7.843237382063727309e-03 3.400387109427893684e-02 6.815929218625627062e-01
2.000000000000000000e+00 5.015385023145677024e-04 2.317385955446404910e-02 7.194659706644390695e-01
2.099999999999999645e+00 3.845036360989951933e-03 1.442024802674544623e-02 7.540045406595780042e-01
2.199999999999999734e+00 4.375922765665255128e-03 8.218709825435857944e-03 7.842571285228339129e-01
2.299999999999999822e+00 3.656834554749076403e-03 4.292925386696204958e-03 8.097838966002171013e-01
2.399999999999999911e+00 2.612205182773690536e-03 2.041493366282568639e-03 8.305885220712787564e-01
2.500000000000000000e+00 1.682686563156934141e-03 8.693546146344527338e-04 8.470015845221132711e-01
2.600000000000000089e+00 1.000671100227670633e-03 3.240609706527958081e-04 8.595576439539054370e-01
2.699999999999999734e+00 5.625981356040723330e-04 9.187339305645090496e-05 8.688831246088015714e-01
2.799999999999999822e+00 3.038223670514724199e-04 1.377301725324935793e-05 8.756120242214197047e-01
2.899999999999999911e+00 1.569743891631306945e-04 -8.514085916848498827e-06 8.803274228297490733e-01
3.000000000000000000e+00 8.079544631979255413e-05 -6.826070541663885295e-06 8.835315684502297318e-01
