1.000000000000000056e-01 -1.854247497490810470e-01 7.793746977906076956e-02 -8.731008677767307935e-01
2.000000000000000111e-01 -3.444486554687783975e-01 1.721664732868282977e-01 -7.927869390160937613e-01
2.999999999999999889e-01 -4.517255388383933368e-01 2.914714901053817031e-01 -6.701549422693423574e-01
4.000000000000000222e-01 -4.855214878363445785e-01 4.315562441821945150e-01 -5.195013421741051518e-01
5.000000000000000000e-01 -4.323686813741197676e-01 5.731688011977079666e-01 -3.565755620676075432e-01
5.999999999999999778e-01 -2.928763251237075371e-01 6.851243700009457260e-01 -1.958520341874902260e-01
6.999999999999999556e-01 -8.627428609931472869e-02 7.323756298951101806e-01 -4.856873099822002493e-02
7.999999999999999334e-01 1.490521907145520575e-01 6.875475202528277263e-01 7.826306906678361097e-02
8.999999999999999112e-01 3.614870742783284907e-01 5.428359133347609999e-01 1.817233849653968336e-01
9.999999999999998890e-01 4.986233390516755515e-01 3.177446146713566177e-01 2.623999557595365628e-01
1.099999999999999867e+00 5.235552462927941519e-01 5.853346662194061634e-02 3.232458582131233493e-01
1.199999999999999956e+00 4.295810741053990300e-01 -1.728019612668134919e-01 3.684989998127696231e-01
1.300000000000000044e+00 2.465204673660381374e-01 -3.180501184303335394e-01 4.027787784875070387e-01
1.399999999999999911e+00 3.377624911992467560e-02 -3.445399286309444031e-01 4.303829558858289772e-01
1.500000000000000000e+00 -1.399280846631209274e-01 -2.595646912994707400e-01 4.548949661193290583e-01
1.599999999999999867e+00 -2.232089954990986724e-01 -1.093292860960094204e-01 4.789723868852102662e-01
1.699999999999999956e+00 -2.032711918819587460e-01 3.973005306515669383e-02 5.043140210047790672e-01
1.800000000000000044e+00 -1.101211153794751652e-01 1.301120799651691584e-01 5.317569873571631467e-01
1.899999999999999911e+00 -4.214480059247863175e-05 1.384218455299643658e-01 5.614160691540642789e-01
2.000000000000000000e+00 7.376774257136170521e-02 8.270870730922079417e-02 5.928748749021285347e-01
2.099999999999999645e+00 8.711542239290334666e-02 7.602579269545434518e-03 6.253727367862169650e-01
2.199999999999999734e+00 5.220144249495455024e-02 -4.355719013324613198e-02 6.579856803895860473e-01
2.299999999999999822e+00 3.419851289605039396e-03 -5.197138268260156901e-02 6.897781142796042264e-01
2.399999999999999911e+00 -2.742020192796830458e-02 -2.819381316222015904e-02 7.199121532288257352e-01
2.500000000000000000e+00 -2.922960783402761553e-02 1.920896173749967600e-03 7.477231137982969233e-01
2.600000000000000089e+00 -1.237748440194511197e-02 1.761673050804241775e-02 7.727552337803081928e-01
2.699999999999999734e+00 4.745445210375148770e-03 1.489333617682008643e-02 7.947625994547287132e-01
2.799999999999999822e+00 1.067154094482794524e-02 3.460541646685209860e-03 8.136893306588034447e-01
2.899999999999999911e+00 6.280067960955538521e-03 -4.909011981929562417e-03 8.296339137028517774e-01
3.000000000000000000e+00 -5.454052389267808124e-04 -5.583849677411521946e-03 8.428080553235772765e-01
