1.000000000000000056e-01 9.351705265526066846e-02 9.141038257199857534e-03 -9.697828021459410364e-01
2.000000000000000111e-01 1.026856568465232301e-02 1.169312142665088119e-03 -8.827412617175591780e-01
2.999999999999999889e-01 1.220483435022543585e-04 1.734460900433796866e-05 -7.491219860319286994e-01
4.000000000000000222e-01 1.858299710934290222e-07 3.434118932305118644e-08 -5.841726459878681110e-01
5.000000000000000000e-01 3.814140636988915985e-11 9.382546404304157358e-12 -4.057830148388743008e-01
5.999999999999999778e-01 -4.418851700236642491e-16 -3.477079417325519939e-16 -2.318610366354743046e-01
6.999999999999999556e-01 -1.152658999589156950e-17 -3.873038782034672982e-16 -7.791913741610538569e-02
7.999999999999999334e-01 1.559774987483702174e-16 2.940925623508684041e-16 4.473337962010254937e-02
8.999999999999999112e-01 6.012842775476161367e-16 -9.563525365835411256e-17 1.299352389976745903e-01
9.999999999999998890e-01 -5.579016279478152894e-16 9.714412959149388518e-16 1.767274864082889474e-01
1.099999999999999867e+00 1.988599779913066098e-16 6.037069365338192970e-16 1.886248815372328358e-01
1.199999999999999956e+00 3.588257260367590993e-16 1.496565410816355190e-16 1.723606415209297804e-01
1.300000000000000044e+00 2.697484209068393269e-16 -1.604713915619297702e-16 1.363987524208090385e-01
1.399999999999999911e+00 9.952549414859130922e-17 9.992026254268721762e-17 8.950525554176154419e-02
1.500000000000000000e+00 -6.060825866328030445e-17 2.491442791553314851e-16 3.958555435556279645e-02
1.599999999999999867e+00 8.373592538288081710e-19 -4.423565081980349279e-17 -7.086290965022919511e-03
1.699999999999999956e+00 -1.221689489676252310e-17 -1.832666565155709394e-16 -4.622858160337612460e-02
1.800000000000000044e+00 -1.168613296936269071e-16 -1.882283920354234414e-16 -7.554451016411974085e-02
1.899999999999999911e+00 -1.907694109777846851e-17 -4.072910464885958783e-16 -9.445406454669037777e-02
2.000000000000000000e+00 -5.734311980957910077e-17 -5.382976431245006716e-16 -1.036761139491068351e-01
2.099999999999999645e+00 -3.563894589457015577e-17 -3.762869949361541298e-16 -1.047605859290276359e-01
2.199999999999999734e+00 4.694972914310273508e-17 -2.000238498936964976e-16 -9.965883913688453055e-02
2.299999999999999822e+00 -2.632669474266199059e-17 -3.086907923792610402e-16 -9.037720623942296916e-02
2.399999999999999911e+00 -2.884863493322742546e-17 -2.655704582830036236e-16 -7.873388031593565872e-02
2.500000000000000000e+00 -2.549950131456308082e-17 -2.340778621405857415e-16 -6.622080617582865036e-02
2.600000000000000089e+00 -1.743882334661374391e-17 -1.707073331034222177e-16 -5.395096690645514309e-02
2.699999999999999734e+00 -5.948221703462431480e-18 -1.976979399355810160e-16 -4.266722933697882775e-02
2.799999999999999822e+00 -1.800353304727753629e-17 -4.959776033016149006e-17 -3.279311037116273975e-02
2.899999999999999911e+00 -5.184941905453939247e-18 -9.198374812634541053e-17 -2.450058816171535314e-02
3.000000000000000000e+00 -2.853350804192431086e-18 -5.658000758838012815e-17 -1.778059289455918152e-02
