1.000000000000000056e-01 1.145160007625741633e-01 -2.831667450089382990e-02 -9.515294922502272046e-01
2.000000000000000111e-01 1.229107357222302029e-02 -3.233905234681127856e-03 -8.133112445112553601e-01
2.999999999999999889e-01 1.435852048020708660e-04 -3.622663698182033949e-05 -6.013126298281334936e-01
4.000000000000000222e-01 2.120604797399415641e-07 -5.232678854698137367e-08 -3.428656167318465120e-01
5.000000000000000000e-01 4.142224591886214618e-11 -1.023114753514106858e-11 -7.026552408707531505e-02
5.999999999999999778e-01 8.745831502557788093e-16 -1.971539621767878856e-15 1.859394618366194962e-01
6.999999999999999556e-01 -6.284749222939179137e-16 -4.024551924146360932e-15 4.002702603841435391e-01
7.999999999999999334e-01 -1.748421239293728782e-16 -6.179831569504984843e-16 5.553631649636675549e-01
8.999999999999999112e-01 -1.118312031902793642e-16 -2.152090197004105660e-15 6.433889472018625710e-01
9.999999999999998890e-01 -7.368960529710784944e-17 2.459847615797113929e-15 6.657212281887584515e-01
1.099999999999999867e+00 -1.129615069683445209e-16 2.661631512862043715e-16 6.312278924491618870e-01
1.199999999999999956e+00 -5.176182824985453714e-17 5.196031887293322586e-16 5.537085949981223054e-01
1.300000000000000044e+00 -2.633948105264478270e-17 -2.529885839272675506e-16 4.491021705062017144e-01
1.399999999999999911e+00 -2.086282135444869257e-17 -5.782332388381918282e-16 3.329622861868895001e-01
1.500000000000000000e+00 -2.050055855494194914e-17 6.706379711762797235e-16 2.185632423606671537e-01
1.599999999999999867e+00 -1.057998285950976435e-17 5.706798919823871971e-16 1.157996782650002193e-01
1.699999999999999956e+00 -3.473540083173976104e-18 7.701789776637123632e-17 3.082813792663226596e-02
1.800000000000000044e+00 1.534057788232242770e-19 -7.829122258772647299e-17 -3.366816606117637584e-02
1.899999999999999911e+00 5.283275745529669052e-19 -3.293360346701163822e-16 -7.783224485327530640e-02
2.000000000000000000e+00 1.863527985092668934e-18 -4.542540697607074185e-16 -1.037931229696481411e-01
2.099999999999999645e+00 4.929789500877987815e-18 -2.342942403823041150e-16 -1.148222409354101858e-01
2.199999999999999734e+00 9.237560823473386477e-19 -4.530253850376797735e-16 -1.146169940919284369e-01
2.299999999999999822e+00 7.081846095045635591e-19 -3.522573414238399112e-16 -1.067571116916402191e-01
2.399999999999999911e+00 2.728724073729313528e-18 -2.863279614246711915e-16 -9.436085237578430152e-02
2.500000000000000000e+00 1.711038183485061440e-19 -3.350815364559622474e-16 -7.991107331278905768e-02
2.600000000000000089e+00 -2.420305922067699413e-19 -1.034255151571958741e-16 -6.522067009635933166e-02
2.699999999999999734e+00 7.045384572584186341e-19 -9.640901361219482799e-18 -5.148574854213401608e-02
2.799999999999999822e+00 -1.207642141213850955e-18 -1.418529901900367218e-16 -3.938977407907839901e-02
2.899999999999999911e+00 -1.038067591738018414e-18 -6.901616440186701060e-17 -2.922666933601154524e-02
3.000000000000000000e+00 -1.495825139752492824e-18 -5.564742934812934791e-17 -2.101860708269431485e-02
