0.000000000000000000e+00 -2.919876287356592158e-13 -3.396085933429636056e-12 -1.000000000000000000e+00
1.000000000000000056e-01 1.612283450185895126e-05 1.854776070760850125e-04 -9.997714302842893863e-01
2.000000000000000111e-01 3.313640649672160084e-05 3.664323388956982654e-04 -9.990863529780383834e-01
3.000000000000000444e-01 5.184909540216531851e-05 5.380999833762210556e-04 -9.979466604163712562e-01
4.000000000000000222e-01 7.285018286993796496e-05 6.962322661781829812e-04 -9.963554951695471340e-01
5.000000000000000000e-01 9.650303458914558802e-05 8.354921730652537133e-04 -9.943172345476891660e-01
6.000000000000000888e-01 1.227145966662031849e-04 9.519671672229489904e-04 -9.918374660876809745e-01
7.000000000000000666e-01 1.509650399022992675e-04 1.040974093211359053e-03 -9.889229600195001968e-01
8.000000000000000444e-01 1.801895414290335842e-04 1.097649411685282890e-03 -9.855816341100642752e-01
9.000000000000000222e-01 2.086508278914359375e-04 1.117838691583261266e-03 -9.818225120699627384e-01
1.000000000000000000e+00 2.339327767791189554e-04 1.096949033032284648e-03 -9.776556788602769332e-01
1.100000000000000089e+00 2.527814363030418091e-04 1.031858502277451265e-03 -9.730922277504366891e-01
1.200000000000000178e+00 2.611861786929728564e-04 9.187388010748046875e-04 -9.681442075167733252e-01
1.300000000000000044e+00 2.543039238697307664e-04 7.541773527525586895e-04 -9.628245616661541550e-01
1.400000000000000133e+00 2.263776630903725317e-04 5.369302280941045009e-04 -9.571470641915424959e-01
1.500000000000000000e+00 1.709065088358610260e-04 2.656139484329741313e-04 -9.511262560406329447e-01
1.600000000000000089e+00 8.066688786762195621e-05 -6.017132481501624367e-05 -9.447773756228063924e-01
1.700000000000000178e+00 -5.222738251344851443e-05 -4.386743436996089294e-04 -9.381162889105177927e-01
1.800000000000000044e+00 -2.360720946151393578e-04 -8.676197556180009242e-04 -9.311594184474724090e-01
1.900000000000000133e+00 -4.794501769739847549e-04 -1.342567402593040742e-03 -9.239236717391973164e-01
2.000000000000000000e+00 -7.909581007461419233e-04 -1.857266945217068456e-03 -9.164263700704005089e-01
2.100000000000000089e+00 -1.178909971943152384e-03 -2.403654073294229920e-03 -9.086851776599647046e-01
2.200000000000000178e+00 -1.650989783478813136e-03 -2.972133040178449610e-03 -9.007180309116670225e-01
2.300000000000000266e+00 -2.213923526803487137e-03 -3.550915523545836866e-03 -8.925430719888699516e-01
2.400000000000000355e+00 -2.873122674050208967e-03 -4.125505969619791373e-03 -8.841785868834214357e-01
2.500000000000000000e+00 -3.632178965150823641e-03 -4.680887747872232788e-03 -8.756429344713991814e-01
2.600000000000000089e+00 -4.492555846958550675e-03 -5.200064153336753786e-03 -8.669544924719335688e-01
2.700000000000000178e+00 -5.453152598192214685e-03 -5.665472909307448304e-03 -8.581315946863040667e-01
2.800000000000000266e+00 -6.510083414570389145e-03 -6.056994300074827406e-03 -8.491924924393412510e-01
2.900000000000000355e+00 -7.656212865899533412e-03 -6.355842720957427007e-03 -8.401552823376451373e-01
3.000000000000000000e+00 -8.881039874836160405e-03 -6.543171256529021519e-03 -8.310378700199957391e-01
3.100000000000000089e+00 -1.017060821127569251e-02 -6.599969817072485860e-03 -8.218579318681240586e-01
3.200000000000000178e+00 -1.150733539053660007e-02 -6.510800520426870616e-03 -8.126328483420069970e-01
3.300000000000000266e+00 -1.287033997097734341e-02 -6.260088266090552828e-03 -8.033796990140145144e-01
3.400000000000000355e+00 -1.423550086362168621e-02 -5.836447699208479993e-03 -7.941151952549933002e-01
3.500000000000000000e+00 -1.557590354589138276e-02 -5.232121418893262259e-03 -7.848556537940583056e-01
3.600000000000000089e+00 -1.686237586195397237e-02 -4.443471072229444700e-03 -7.756169625568691828e-01
3.700000000000000178e+00 -1.806412428301311726e-02 -3.472260512890000018e-03 -7.664145423172625815e-01
3.800000000000000266e+00 -1.914963556441983891e-02 -2.324115269311857832e-03 -7.572633228744192202e-01
3.900000000000000355e+00 -2.008745923276958681e-02 -1.011780082300257422e-03 -7.481776941476440124e-01
4.000000000000000000e+00 -2.084732370327666701e-02 4.466608529196054765e-04 -7.391714833970278731e-01
4.100000000000000533e+00 -2.140121943294878704e-02 2.027626635969708574e-03 -7.302579180020006833e-01
4.200000000000000178e+00 -2.172446056546007212e-02 3.700817734214270020e-03 -7.214495956114159725e-01
4.299999999999999822e+00 -2.179688646813349173e-02 5.431211804034361684e-03 -7.127584526984509505e-01
4.400000000000000355e+00 -2.160396379712792650e-02 7.180142711404611904e-03 -7.041957231795663574e-01
4.500000000000000000e+00 -2.113769121730064635e-02 8.904239768037253144e-03 -6.957719210128110454e-01
4.600000000000000533e+00 -2.039749602660596156e-02 1.055733793369995066e-02 -6.874968125912931383e-01
4.700000000000000178e+00 -1.939097103053067511e-02 1.209314261277362988e-02 -6.793793691565412907e-01
4.800000000000000711e+00 -1.813422375540653733e-02 1.346449842070148936e-02 -6.714277743736060122e-01
4.900000000000000355e+00 -1.665212454394296437e-02 1.462647242509383314e-02 -6.636493849098692444e-01
5.000000000000000000e+00 -1.497817237574462779e-02 1.553773012043648677e-02 -6.560507192346266558e-01
5.100000000000000533e+00 -1.315402622017833138e-02 1.616173925100458653e-02 -6.486374615547266798e-01
5.200000000000000178e+00 -1.122874873184495290e-02 1.646917392155978696e-02 -6.414144440196649644e-01
5.300000000000000711e+00 -9.257646036679972879e-03 1.643883683226851286e-02 -6.343856684204027818e-01
5.400000000000000355e+00 -7.300830621807794830e-03 1.605970441354064721e-02 -6.275543047774435612e-01
5.500000000000000000e+00 -5.421381835114427554e-03 1.533044356536510458e-02 -6.209227566953058330e-01
5.600000000000000533e+00 -3.683437795461174270e-03 1.426328669065917050e-02 -6.144926170628238760e-01
5.700000000000000178e+00 -2.149822566616959967e-03 1.288135502704756095e-02 -6.082647915907438696e-01
5.800000000000000711e+00 -8.797286961611830393e-04 1.122007119782498889e-02 -6.022395157380928676e-01
5.900000000000000355e+00 7.371549087255046043e-05 9.326497115123701803e-03 -5.964164225160800692e-01
6.000000000000000000e+00 6.658275700264648525e-04 7.258220187835408808e-03 -5.907946164355409868e-01
6.100000000000000533e+00 8.625836308942119723e-04 5.082127871788963587e-03 -5.853727490398707989e-01
6.200000000000000178e+00 6.425910103351403779e-04 2.872150245877214386e-03 -5.801491086108142570e-01
6.300000000000000711e+00 -1.301771744021422697e-06 7.063831848596619639e-04 -5.751217073246431832e-01
6.400000000000000355e+00 -1.060931733037493753e-03 -1.334447417972216623e-03 -5.702883629998761750e-01
6.500000000000000000e+00 -2.512222802598524686e-03 -3.170962535892388450e-03 -5.656467930999201643e-01
6.600000000000000533e+00 -4.315257465980062122e-03 -4.728266913638528614e-03 -5.611946926415450898e-01
6.700000000000000178e+00 -6.415018750479063205e-03 -5.939344275146148100e-03 -5.569298027123890105e-01
6.800000000000000711e+00 -8.742835819018140650e-03 -6.748231569420153758e-03 -5.528499672050949387e-01
6.900000000000000355e+00 -1.121856247221790157e-02 -7.111708256925108364e-03 -5.489531918991030768e-01
7.000000000000000000e+00 -1.375326559590191004e-02 -7.004125492548433397e-03 -5.452376414047228614e-01
7.100000000000000533e+00 -1.625265407278904395e-02 -6.416832429972834165e-03 -5.417016736826688605e-01
7.200000000000000178e+00 -1.862078231678380297e-02 -5.361520619328446861e-03 -5.383437960235506470e-01
7.300000000000000711e+00 -2.076418853452341451e-02 -3.869027019850577488e-03 -5.351626455816096417e-01
7.400000000000000355e+00 -2.259607672179307636e-02 -1.989417759272949903e-03 -5.321569181337293397e-01
7.500000000000000000e+00 -2.404041792817357068e-02 2.085584329382510226e-04 -5.293252837620801010e-01
7.600000000000000533e+00 -2.503584613006063289e-02 2.640930673816523078e-03 -5.266662992033567248e-01
7.700000000000000178e+00 -2.553899144091489881e-02 5.210617416322492826e-03 -5.241783003193434265e-01
7.800000000000000711e+00 -2.552724514356104896e-02 7.813487175689455208e-03 -5.218592699306927596e-01
7.900000000000000355e+00 -2.500048076104244288e-02 1.033967492309720813e-02 -5.197067479703051385e-01
8.000000000000000000e+00 -2.398196598633729748e-02 1.268070227440554372e-02 -5.177177110617037226e-01
8.099999999999999645e+00 -2.251808262824298718e-02 1.473411300997214471e-02 -5.158884815145622360e-01
8.200000000000001066e+00 -2.067690985372846665e-02 1.640828102748818559e-02 -5.142146650129998386e-01
8.300000000000000711e+00 -1.854567877071040816e-02 1.762705454291476834e-02 -5.126911170297849818e-01
8.400000000000000355e+00 -1.622719876218186794e-02 1.833480210611136696e-02 -5.113119075061868246e-01
8.500000000000000000e+00 -1.383528647767655675e-02 1.849858569993780358e-02 -5.100703922112658217e-01
8.599999999999999645e+00 -1.148951271180037245e-02 1.811083811647074687e-02 -5.089592757825114333e-01
8.700000000000001066e+00 -9.309456814836148883e-03 1.719082068225491478e-02 -5.079707118654801512e-01
8.800000000000000711e+00 -7.408727747064433253e-03 1.578402633441912742e-02 -5.070964688643416762e-01
8.900000000000000355e+00 -5.889083776276695520e-03 1.396014195657603943e-02 -5.063281271941367789e-01
9.000000000000000000e+00 -4.835020891353415326e-03 1.181111822525972473e-02 -5.056572563720976854e-01
9.099999999999999645e+00 -4.309033456376613891e-03 9.446239911216985918e-03 -5.050756654718812078e-01
9.200000000000001066e+00 -4.347905758673823416e-03 6.986570009216504402e-03 -5.045756330062572959e-01
9.300000000000000711e+00 -4.960318033906545125e-03 4.560322126245826627e-03 -5.041501018643350651e-01
9.400000000000000355e+00 -6.125775830671507244e-03 2.294342456133781349e-03 -5.037929073022079374e-01
9.500000000000000000e+00 -7.795189256387882390e-03 3.086791562165189045e-04 -5.034989152724199668e-01
9.600000000000001421e+00 -9.892991787744328386e-03 -1.289344183890997692e-03 -5.032641456537276792e-01
9.700000000000001066e+00 -1.232065356043035576e-02 -2.413527782566516310e-03 -5.030858302767632351e-01
9.800000000000000711e+00 -1.496173108473738619e-02 -3.000350120540365602e-03 -5.029624131385761476e-01
9.900000000000000355e+00 -1.768780068527578755e-02 -3.015810106299072688e-03 -5.028934730229432937e-01
1.000000000000000000e+01 -2.036534644485812201e-02 -2.455811204387747630e-03 -5.028795958373738495e-01
