0.000000000000000000e+00 8.181477290329902450e-12 9.217554181738955657e-12 -1.000000000000000000e+00
2.105263157894736725e-01 4.337798839264163653e-01 3.986521763056541934e-01 -7.957390632449421464e-01
4.210526315789473450e-01 7.732116619768424348e-01 4.302146507374198237e-01 -3.290883383116435801e-01
6.315789473684210176e-01 8.662513480903489826e-01 1.116474746849218658e-01 1.597532183688386564e-01
8.421052631578946901e-01 6.355774143083781080e-01 -2.563039632494167885e-01 5.351238450638829969e-01
1.052631578947368363e+00 2.366959074606933000e-01 -3.827947170048844328e-01 7.653121009217811466e-01
1.263157894736842035e+00 -4.787749348056665605e-02 -2.480330943953431289e-01 8.839820723022394633e-01
1.473684210526315708e+00 -1.050795910242069975e-01 -6.294270813620887750e-02 9.412655197576548227e-01
1.684210526315789380e+00 -4.769655120217889538e-02 1.918856708837523781e-02 9.702497335915517551e-01
1.894736842105263053e+00 -3.609662571481894386e-03 1.824040741808712063e-02 9.856722563898208112e-01
2.105263157894736725e+00 4.354139127358811791e-03 3.744255996425826984e-03 9.936595548412764378e-01
2.315789473684210620e+00 1.373460255739305342e-03 -5.866907433685767184e-04 9.974565166778186498e-01
2.526315789473684070e+00 -1.744687845717777684e-06 -3.227503648789749736e-04 9.990780272466384115e-01
2.736842105263157521e+00 -5.019324495037809494e-05 -1.721273786280514789e-05 9.996979569534034660e-01
2.947368421052631415e+00 -5.581127001856095169e-06 7.024103529812839711e-06 9.999104905676717836e-01
3.157894736842105310e+00 9.970040039189908938e-07 2.590197158429432423e-06 9.999759839400558237e-01
3.368421052631578760e+00 -7.715358115734630471e-07 2.276238012991796537e-06 9.999941612981556593e-01
3.578947368421052211e+00 7.386756916215938914e-07 2.438686328700176918e-06 9.999987128027231220e-01
3.789473684210526105e+00 3.142419917192751996e-06 2.292697217288509215e-06 9.999997424716348116e-01
4.000000000000000000e+00 -1.600587261356550715e-06 -5.227343298040095212e-06 9.999999532018519766e-01
