1.000000000000000056e-01 7.239425057346110526e-02 2.776976821257469696e-01 -9.577966935984110197e-01
2.000000000000000111e-01 1.286618631645834454e-01 5.334519542326777719e-01 -8.355848295408455639e-01
2.999999999999999889e-01 1.573934313469137480e-01 7.466954962059541012e-01 -6.456075331691294439e-01
4.000000000000000222e-01 1.498603186934515663e-01 9.006764800723467967e-01 -4.067043275565536686e-01
5.000000000000000000e-01 1.008461958252506452e-01 9.841850153176822102e-01 -1.426363984360853598e-01
5.999999999999999778e-01 1.017009012279870145e-02 9.923151479691761923e-01 1.203156283149039163e-01
6.999999999999999556e-01 -1.171247126519689985e-01 9.268314156588417507e-01 3.559599695527704832e-01
7.999999999999999334e-01 -2.712311756432524978e-01 7.959730058957168453e-01 5.408033656548338897e-01
8.999999999999999112e-01 -4.385392186935206382e-01 6.136518793244327696e-01 6.563867559240172955e-01
9.999999999999998890e-01 -6.030134411216678814e-01 3.981474074199566338e-01 6.911189772461548975e-01
1.099999999999999867e+00 -7.478751993016394817e-01 1.703886757345678682e-01 6.414498798530098300e-01
1.199999999999999956e+00 -8.573884847112944740e-01 -4.797246408382523780e-02 5.122367457256715717e-01
1.300000000000000044e+00 -9.185945890985955931e-01 -2.365636186550701958e-01 3.162763985604349903e-01
1.399999999999999911e+00 -9.227815511051463693e-01 -3.781329410318954865e-01 7.305785806930738258e-02
1.500000000000000000e+00 -8.665546193148747633e-01 -4.601061306995080091e-01 -1.931488428043778571e-01
1.599999999999999867e+00 -7.523801343049535406e-01 -4.756867118006939399e-01 -4.556939747541103869e-01
1.699999999999999956e+00 -5.885324624050540798e-01 -4.244075816794395384e-01 -6.881807564745299199e-01
1.800000000000000044e+00 -3.884495273769126289e-01 -3.120958846573315126e-01 -8.670722136117308132e-01
1.899999999999999911e+00 -1.695435745007013162e-01 -1.502470495110443394e-01 -9.740375937953822394e-01
2.000000000000000000e+00 4.843071779408032740e-02 4.512631663170577762e-02 -9.977854652166523453e-01
2.099999999999999645e+00 2.452676225176337599e-01 2.550515608752482177e-01 -9.351977796154191669e-01
2.199999999999999734e+00 4.022851023800601555e-01 4.594118364550120459e-01 -7.916746499227924616e-01
2.299999999999999822e+00 5.042237885212977888e-01 6.388698470975469057e-01 -5.806203260172051461e-01
2.399999999999999911e+00 5.407914766129403583e-01 7.766661376960797281e-01 -3.221684706296147893e-01
2.500000000000000000e+00 5.077918973195220120e-01 8.601900176138695953e-01 -4.120348057236753597e-02
2.600000000000000089e+00 4.076383271794396523e-01 8.821206480404792938e-01 2.350620331512902894e-01
2.699999999999999734e+00 2.492442872555077349e-01 8.410669939013507568e-01 4.797493901689112161e-01
2.799999999999999822e+00 4.725984552867175392e-02 7.416398054986846899e-01 6.689731836113215202e-01
2.899999999999999911e+00 -1.792669340789613819e-01 5.939521986852461799e-01 7.841886085260982853e-01
3.000000000000000000e+00 -4.086730624181487692e-01 4.126036649841750004e-01 8.140308491084848885e-01
