1.000000000000000056e-01 2.975404623777527791e-01 -7.358616787111682545e-02 -9.513795053548919078e-01
2.000000000000000111e-01 5.601024255617679248e-01 -1.474666472696498920e-01 -8.110217910337060854e-01
2.999999999999999889e-01 7.746215749934706185e-01 -1.957479745361431767e-01 -5.904047336235422883e-01
4.000000000000000222e-01 9.139702863242128439e-01 -2.262073546071822761e-01 -3.113577907702548830e-01
5.000000000000000000e-01 9.620074662869402271e-01 -2.388498010200684751e-01 -2.144312901257228350e-03
5.999999999999999778e-01 9.146842495647410365e-01 -2.313617085232052839e-01 3.070607385675985790e-01
6.999999999999999556e-01 7.768868821249663714e-01 -2.041807347009184648e-01 5.860722106234412809e-01
7.999999999999999334e-01 5.621858537399745392e-01 -1.599243197870787170e-01 8.076054145466242673e-01
8.999999999999999112e-01 2.916427720868703943e-01 -1.029123799838778802e-01 9.499932433671574028e-01
9.999999999999998890e-01 -8.215272268832672295e-03 -3.869775753095393983e-02 9.993079051461311035e-01
1.099999999999999867e+00 -3.079868352527864173e-01 2.649035441082294579e-02 9.507326214559428390e-01
1.199999999999999956e+00 -5.782763360953107057e-01 8.635772019664346433e-02 8.090336679844546408e-01
1.300000000000000044e+00 -7.925744356962148851e-01 1.351566283927114753e-01 5.880889541148973665e-01
1.399999999999999911e+00 -9.298467245226086364e-01 1.682399022892195339e-01 3.095345301141892436e-01
1.500000000000000000e+00 -9.766009595764278961e-01 1.825074707766660698e-01 6.474664556555025574e-04
1.599999999999999867e+00 -9.282107162476037621e-01 1.767020230902531241e-01 -3.083328099770575870e-01
1.699999999999999956e+00 -7.893701824773645681e-01 1.515234353554682223e-01 -5.871505066330028333e-01
1.800000000000000044e+00 -5.736323059328974905e-01 1.095527463132059676e-01 -8.085130595780590790e-01
1.899999999999999911e+00 -3.020879124433953899e-01 5.499496802565918135e-02 -9.507469791289638872e-01
2.000000000000000000e+00 -1.302201253173910448e-03 -6.735105872955517679e-03 -9.999267782518410641e-01
2.099999999999999645e+00 2.992943920755859466e-01 -6.954677744722995159e-02 -9.512380513455384046e-01
2.199999999999999734e+00 5.702752809376618881e-01 -1.272656289814994013e-01 -8.094471780400650518e-01
2.299999999999999822e+00 7.851134024038923798e-01 -1.742386344862134895e-01 -5.884310526379005202e-01
2.399999999999999911e+00 9.227635105801181847e-01 -2.058804251062036073e-01 -3.098289671999464590e-01
2.500000000000000000e+00 9.697392277787079129e-01 -2.191202722218238141e-01 -9.140483338784655522e-04
2.600000000000000089e+00 9.214273139246217381e-01 -2.126958685534230398e-01 3.080760417988462896e-01
2.699999999999999734e+00 7.825420115591281700e-01 -1.872717627790178585e-01 5.868916499166308975e-01
2.799999999999999822e+00 5.666663876212489903e-01 -1.453693817144016409e-01 8.082389066439568115e-01
2.899999999999999911e+00 2.949226980868787651e-01 -9.111606637746358373e-02 9.504502368255438594e-01
3.000000000000000000e+00 -6.093717356491066932e-03 -2.983796661777513709e-02 9.996045904742608679e-01
