1.000000000000000056e-01 -6.831199580920791978e-03 -6.212298796006913287e-02 -9.980451237477533377e-01
2.000000000000000111e-01 -1.515896431354660928e-02 -1.216254964862047150e-01 -9.924602986378380232e-01
2.999999999999999889e-01 -2.621656472769948176e-02 -1.759630200860550220e-01 -9.840476142864001963e-01
4.000000000000000222e-01 -4.074402700198245103e-02 -2.227488893022703809e-01 -9.740240533191518724e-01
5.000000000000000000e-01 -5.880667207226225601e-02 -2.598468854372537606e-01 -9.638575472082244744e-01
5.999999999999999778e-01 -7.969746203124147832e-02 -2.854789078389944335e-01 -9.550654991388062287e-01
6.999999999999999556e-01 -1.019238889984207530e-01 -2.983397902251099243e-01 -9.490020496941817818e-01
7.999999999999999334e-01 -1.232886903026326753e-01 -2.977179073420198607e-01 -9.466593613512397365e-01
8.999999999999999112e-01 -1.410685592931565924e-01 -2.836091716640867233e-01 -9.485069843415181445e-01
9.999999999999998890e-01 -1.522533647958902447e-01 -2.568004908916720064e-01 -9.543963644803092894e-01
1.099999999999999867e+00 -1.538549189726317323e-01 -2.189228498422022828e-01 -9.635359099333383748e-01
1.199999999999999956e+00 -1.432320527703905555e-01 -1.724423272127598994e-01 -9.745502669803507434e-01
1.300000000000000044e+00 -1.184085936452367316e-01 -1.205961485723697074e-01 -9.856145159938709543e-01
1.399999999999999911e+00 -7.835808602968467873e-02 -6.723825654694993992e-02 -9.946552303652260729e-01
1.500000000000000000e+00 -2.321085698549722395e-02 -1.662896938478271996e-02 -9.995922837360912139e-01
1.599999999999999867e+00 4.562193119600339852e-02 2.684886325163353751e-02 -9.985979059877827524e-01
1.699999999999999956e+00 1.254467486654519126e-01 5.902024364093956532e-02 -9.903432353714710645e-01
1.800000000000000044e+00 2.124065772446752653e-01 7.627169579497389273e-02 -9.742002227824687610e-01
1.899999999999999911e+00 3.016961363295382337e-01 7.589903282164936482e-02 -9.503782291085208778e-01
2.000000000000000000e+00 3.879127250558001005e-01 5.641533590138343712e-02 -9.199679491727597025e-01
2.099999999999999645e+00 4.654521012583512363e-01 1.778232815625208074e-02 -8.848944175615330865e-01
2.199999999999999734e+00 5.289736060726852873e-01 -3.845674290883385749e-02 -8.477664788003137497e-01
2.299999999999999822e+00 5.738553515985158615e-01 -1.091692656025953501e-01 -8.116477724852032560e-01
2.399999999999999911e+00 5.966322162861465994e-01 -1.897648286849062393e-01 -7.797559283636876781e-01
2.500000000000000000e+00 5.953468398348673585e-01 -2.744793142668582320e-01 -7.551312772237973592e-01
2.600000000000000089e+00 5.697985106385036191e-01 -3.567594719399308500e-01 -7.403055686639185007e-01
2.699999999999999734e+00 5.216540832472286171e-01 -4.297698481343062982e-01 -7.370039997375417151e-01
2.799999999999999822e+00 4.544142637644191796e-01 -4.869579787526091552e-01 -7.459085750798798431e-01
2.899999999999999911e+00 3.732004272403564582e-01 -5.226197281038374998e-01 -7.665442326142724028e-01
3.000000000000000000e+00 2.844342736720364417e-01 -5.324606605547222982e-01 -7.972344625513313465e-01
