0.000000000000000000e+00 8.117299664786112302e-12 9.396374267011310496e-12 -1.000000000000000000e+00
1.025641025641025605e-01 2.144335184996434551e-01 2.289077215773339946e-01 -9.479719806990967168e-01
2.051282051282051211e-01 4.226351497929374257e-01 4.043632175869092960e-01 -8.018722642328396377e-01
3.076923076923077094e-01 6.126388367582277228e-01 4.877461222588890255e-01 -5.879362587414135310e-01
4.102564102564102422e-01 7.653161223918500955e-01 4.648407897790551857e-01 -3.396627181738249290e-01
5.128205128205127750e-01 8.585927761664633451e-01 3.475652804111992733e-01 -8.830146209566290538e-02
6.153846153846154188e-01 8.751312985410165668e-01 1.686275410663325702e-01 1.432847655142334697e-01
7.179487179487179516e-01 8.097792942864713295e-01 -2.831263101623918144e-02 3.421853634479364303e-01
8.205128205128204844e-01 6.735252429794528206e-01 -2.001164763427773496e-01 5.037585273173522671e-01
9.230769230769230171e-01 4.922098306886198982e-01 -3.146215953430868129e-01 6.285297842799280055e-01
1.025641025641025550e+00 3.000582995351237514e-01 -3.576564123553968022e-01 7.194694704839517119e-01
1.128205128205128194e+00 1.301747818047659377e-01 -3.345111073995766793e-01 7.803547318472426886e-01
1.230769230769230838e+00 5.640719511590661095e-03 -2.655120761697055132e-01 8.152490395775097154e-01
1.333333333333333259e+00 -6.531964967280844137e-02 -1.774875062527068170e-01 8.286945168271361295e-01
1.435897435897435903e+00 -8.866180156759495556e-02 -9.469969815306443495e-02 8.259623661075538026e-01
1.538461538461538325e+00 -7.935885534067617375e-02 -3.264650737243959128e-02 8.129245828995907974e-01
1.641025641025640969e+00 -5.469448329977276424e-02 3.742724148173927345e-03 7.955142360407321256e-01
1.743589743589743613e+00 -2.873583450792601204e-02 1.798795944576950245e-02 7.790096074806875937e-01
1.846153846153846034e+00 -9.519182985073074491e-03 1.796088264942383161e-02 7.674483033193929549e-01
1.948717948717948678e+00 8.295016474338164775e-04 1.181793054026766820e-02 7.633220033215366573e-01
2.051282051282051100e+00 4.120509862117064867e-03 5.317853468865392681e-03 7.675751815798544930e-01
2.153846153846153744e+00 3.562189299274369503e-03 1.069471286293956647e-03 7.798213022901079317e-01
2.256410256410256387e+00 1.881056872411868749e-03 -6.920663434299262860e-04 7.986853442190996466e-01
2.358974358974359031e+00 5.535996884567485291e-04 -8.986869066805603778e-04 8.221950800404627113e-01
2.461538461538461675e+00 -6.840751449785250878e-05 -5.338315768132789090e-04 8.481638804605248216e-01
2.564102564102563875e+00 -1.960311823422537303e-04 -1.810743145756861733e-04 8.745205162177185354e-01
2.666666666666666519e+00 -1.260984050752958681e-04 -6.155852396376814794e-06 8.995504768041042709e-01
2.769230769230769162e+00 -4.297355610475147122e-05 3.323395231704667102e-05 9.220313956759412788e-01
2.871794871794871806e+00 -3.262183972895987813e-06 2.069657372706707512e-05 9.412628418645372363e-01
2.974358974358974450e+00 1.725914138340229527e-06 9.818206500825717937e-06 9.570116706077692603e-01
3.076923076923076650e+00 2.044152383288391437e-06 3.351379172968319646e-06 9.694053901280688113e-01
3.179487179487179294e+00 8.369711733912767351e-07 -2.635033595560145610e-07 9.788071946843742710e-01
3.282051282051281937e+00 2.811824983067960430e-06 2.441404238227575259e-07 9.856996570429032989e-01
3.384615384615384581e+00 -1.010808726687623591e-07 4.820605127874970341e-07 9.905929676047332544e-01
3.487179487179487225e+00 1.364150125751657699e-07 -1.834492270919292150e-06 9.939632012150805274e-01
3.589743589743589425e+00 9.713047046366187792e-07 2.167810357543645656e-06 9.962183810732669897e-01
3.692307692307692069e+00 2.842682426796000377e-06 1.332541517231418391e-06 9.976863128786113144e-01
3.794871794871794712e+00 1.268520025710336988e-06 2.003948032969663150e-06 9.986167529848053448e-01
3.897435897435897356e+00 -5.044881259753260539e-07 1.712410480346019537e-06 9.991915474591526181e-01
4.000000000000000000e+00 2.922294510145550488e-06 -3.134678416323089581e-06 9.995378948342582559e-01
