1.000000000000000056e-01 9.879718676606806804e-01 0.000000000000000000e+00 1.202813233931692045e-02 0.000000000000000000e+00 0.000000000000000000e+00 0.000000000000000000e+00 -1.083338863254480061e-01 -1.213364041618997941e-02 0.000000000000000000e+00 0.000000000000000000e+00 0.000000000000000000e+00 0.000000000000000000e+00 0.000000000000000000e+00 0.000000000000000000e+00 0.000000000000000000e+00 0.000000000000000000e+00
2.000000000000000111e-01 9.527674879399249397e-01 0.000000000000000000e+00 4.723251206007390152e-02 0.000000000000000000e+00 0.000000000000000000e+00 0.000000000000000000e+00 -2.091564762719802795e-01 -3.542837812881102777e-02 0.000000000000000000e+00 0.000000000000000000e+00 0.000000000000000000e+00 0.000000000000000000e+00 0.000000000000000000e+00 0.000000000000000000e+00 0.000000000000000000e+00 0.000000000000000000e+00
2.999999999999999889e-01 8.969135945009472088e-01 0.000000000000000000e+00 1.030864054990556222e-01 0.000000000000000000e+00 0.000000000000000000e+00 0.000000000000000000e+00 -2.937283886157060486e-01 -7.863353101089401442e-02 0.000000000000000000e+00 0.000000000000000000e+00 0.000000000000000000e+00 0.000000000000000000e+00 0.000000000000000000e+00 0.000000000000000000e+00 0.000000000000000000e+00 0.000000000000000000e+00
4.000000000000000222e-01 8.242824724688160298e-01 0.000000000000000000e+00 1.757175275311883000e-01 0.000000000000000000e+00 0.000000000000000000e+00 0.000000000000000000e+00 -3.515893267963592361e-01 -1.456908497302293604e-01 0.000000000000000000e+00 0.000000000000000000e+00 0.000000000000000000e+00 0.000000000000000000e+00 0.000000000000000000e+00 0.000000000000000000e+00 0.000000000000000000e+00 0.000000000000000000e+00
5.000000000000000000e-01 7.396445720381334965e-01 0.000000000000000000e+00 2.603554279618715550e-01 0.000000000000000000e+00 0.000000000000000000e+00 0.000000000000000000e+00 -3.714231346775701548e-01 -2.336992396788902526e-01 0.000000000000000000e+00 0.000000000000000000e+00 0.000000000000000000e+00 0.000000000000000000e+00 0.000000000000000000e+00 0.000000000000000000e+00 0.000000000000000000e+00 0.000000000000000000e+00
5.999999999999999778e-01 6.481247590404953796e-01 0.000000000000000000e+00 3.518752409595118924e-01 0.000000000000000000e+00 0.000000000000000000e+00 0.000000000000000000e+00 -3.435569192557476059e-01 -3.317042344953938238e-01 0.000000000000000000e+00 0.000000000000000000e+00 0.000000000000000000e+00 0.000000000000000000e+00 0.000000000000000000e+00 0.000000000000000000e+00 0.000000000000000000e+00 0.000000000000000000e+00
6.999999999999999556e-01 5.547227956031212104e-01 0.000000000000000000e+00 4.452772043968813431e-01 0.000000000000000000e+00 0.000000000000000000e+00 0.000000000000000000e+00 -2.637125152611408119e-01 -4.212613494714644302e-01 0.000000000000000000e+00 0.000000000000000000e+00 0.000000000000000000e+00 0.000000000000000000e+00 0.000000000000000000e+00 0.000000000000000000e+00 0.000000000000000000e+00 0.000000000000000000e+00
7.999999999999999334e-01 4.638717664551201270e-01 0.000000000000000000e+00 5.361282335448793734e-01 0.000000000000000000e+00 0.000000000000000000e+00 0.000000000000000000e+00 -1.370491717669340970e-01 -4.794916839955311594e-01 0.000000000000000000e+00 0.000000000000000000e+00 0.000000000000000000e+00 0.000000000000000000e+00 0.000000000000000000e+00 0.000000000000000000e+00 0.000000000000000000e+00 0.000000000000000000e+00
8.999999999999999112e-01 3.790749692361887191e-01 0.000000000000000000e+00 6.209250307638125577e-01 0.000000000000000000e+00 0.000000000000000000e+00 0.000000000000000000e+00 1.924704760640565115e-02 -4.847748833739224383e-01 0.000000000000000000e+00 0.000000000000000000e+00 0.000000000000000000e+00 0.000000000000000000e+00 0.000000000000000000e+00 0.000000000000000000e+00 0.000000000000000000e+00 0.000000000000000000e+00
9.999999999999998890e-01 3.028403666033651631e-01 0.000000000000000000e+00 6.971596333966363357e-01 0.000000000000000000e+00 0.000000000000000000e+00 0.000000000000000000e+00 1.766932595921957561e-01 -4.241551260872714613e-01 0.000000000000000000e+00 0.000000000000000000e+00 0.000000000000000000e+00 0.000000000000000000e+00 0.000000000000000000e+00 0.000000000000000000e+00 0.000000000000000000e+00 0.000000000000000000e+00
1.099999999999999867e+00 2.366047757085842640e-01 0.000000000000000000e+00 7.633952242914096020e-01 0.000000000000000000e+00 0.000000000000000000e+00 0.000000000000000000e+00 3.008314740358971617e-01 -3.002055627091655410e-01 0.000000000000000000e+00 0.000000000000000000e+00 0.000000000000000000e+00 0.000000000000000000e+00 0.000000000000000000e+00 0.000000000000000000e+00 0.000000000000000000e+00 0.000000000000000000e+00
1.199999999999999956e+00 1.808599289262545762e-01 0.000000000000000000e+00 8.191400710737457569e-01 0.000000000000000000e+00 0.000000000000000000e+00 0.000000000000000000e+00 3.607245426424284807e-01 -1.342662261262319578e-01 0.000000000000000000e+00 0.000000000000000000e+00 0.000000000000000000e+00 0.000000000000000000e+00 0.000000000000000000e+00 0.000000000000000000e+00 0.000000000000000000e+00 0.000000000000000000e+00
1.300000000000000044e+00 1.353182742239439629e-01 0.000000000000000000e+00 8.646817257760556208e-01 0.000000000000000000e+00 0.000000000000000000e+00 0.000000000000000000e+00 3.400838692691111054e-01 3.674508566781284347e-02 0.000000000000000000e+00 0.000000000000000000e+00 0.000000000000000000e+00 0.000000000000000000e+00 0.000000000000000000e+00 0.000000000000000000e+00 0.000000000000000000e+00 0.000000000000000000e+00
1.399999999999999911e+00 9.914935998846420573e-02 0.000000000000000000e+00 9.008506400115366963e-01 0.000000000000000000e+00 0.000000000000000000e+00 0.000000000000000000e+00 2.454728076690998462e-01 1.704754110373979392e-01 0.000000000000000000e+00 0.000000000000000000e+00 0.000000000000000000e+00 0.000000000000000000e+00 0.000000000000000000e+00 0.000000000000000000e+00 0.000000000000000000e+00 0.000000000000000000e+00
1.500000000000000000e+00 7.118100629443434302e-02 0.000000000000000000e+00 9.288189937055661982e-01 0.000000000000000000e+00 0.000000000000000000e+00 0.000000000000000000e+00 1.070826539618811302e-01 2.337682075423385963e-01 0.000000000000000000e+00 0.000000000000000000e+00 0.000000000000000000e+00 0.000000000000000000e+00 0.000000000000000000e+00 0.000000000000000000e+00 0.000000000000000000e+00 0.000000000000000000e+00
1.599999999999999867e+00 5.010172804630314003e-02 0.000000000000000000e+00 9.498982719536970265e-01 0.000000000000000000e+00 0.000000000000000000e+00 0.000000000000000000e+00 -3.020458137430203152e-02 2.160537601164175259e-01 0.000000000000000000e+00 0.000000000000000000e+00 0.000000000000000000e+00 0.000000000000000000e+00 0.000000000000000000e+00 0.000000000000000000e+00 0.000000000000000000e+00 0.000000000000000000e+00
1.699999999999999956e+00 3.459928641932937671e-02 0.000000000000000000e+00 9.654007135806675910e-01 0.000000000000000000e+00 0.000000000000000000e+00 0.000000000000000000e+00 -1.233580753405450758e-01 1.348516229695323199e-01 0.000000000000000000e+00 0.000000000000000000e+00 0.000000000000000000e+00 0.000000000000000000e+00 0.000000000000000000e+00 0.000000000000000000e+00 0.000000000000000000e+00 0.000000000000000000e+00
1.800000000000000044e+00 2.345305002266135502e-02 0.000000000000000000e+00 9.765469499773362649e-01 0.000000000000000000e+00 0.000000000000000000e+00 0.000000000000000000e+00 -1.484699957123646608e-01 2.932003189042727345e-02 0.000000000000000000e+00 0.000000000000000000e+00 0.000000000000000000e+00 0.000000000000000000e+00 0.000000000000000000e+00 0.000000000000000000e+00 0.000000000000000000e+00 0.000000000000000000e+00
1.899999999999999911e+00 1.561753391634198088e-02 0.000000000000000000e+00 9.843824660836566487e-01 0.000000000000000000e+00 0.000000000000000000e+00 0.000000000000000000e+00 -1.104262105613237621e-01 -5.638863480680959828e-02 0.000000000000000000e+00 0.000000000000000000e+00 0.000000000000000000e+00 0.000000000000000000e+00 0.000000000000000000e+00 0.000000000000000000e+00 0.000000000000000000e+00 0.000000000000000000e+00
2.000000000000000000e+00 1.022472626539906726e-02 0.000000000000000000e+00 9.897752737346026120e-01 0.000000000000000000e+00 0.000000000000000000e+00 0.000000000000000000e+00 -3.916993099061247263e-02 -9.266011659056283545e-02 0.000000000000000000e+00 0.000000000000000000e+00 0.000000000000000000e+00 0.000000000000000000e+00 0.000000000000000000e+00 0.000000000000000000e+00 0.000000000000000000e+00 0.000000000000000000e+00
2.099999999999999645e+00 6.585539771307346614e-03 0.000000000000000000e+00 9.934144602286860692e-01 0.000000000000000000e+00 0.000000000000000000e+00 0.000000000000000000e+00 2.616814267922307896e-02 -7.653364364857298541e-02 0.000000000000000000e+00 0.000000000000000000e+00 0.000000000000000000e+00 0.000000000000000000e+00 0.000000000000000000e+00 0.000000000000000000e+00 0.000000000000000000e+00 0.000000000000000000e+00
2.199999999999999734e+00 4.177836736701959729e-03 0.000000000000000000e+00 9.958221632633000864e-01 0.000000000000000000e+00 0.000000000000000000e+00 0.000000000000000000e+00 5.716450363300436960e-02 -2.987644113414347075e-02 0.000000000000000000e+00 0.000000000000000000e+00 0.000000000000000000e+00 0.000000000000000000e+00 0.000000000000000000e+00 0.000000000000000000e+00 0.000000000000000000e+00 0.000000000000000000e+00
2.299999999999999822e+00 2.611783669278070364e-03 0.000000000000000000e+00 9.973882163307213888e-01 0.000000000000000000e+00 0.000000000000000000e+00 0.000000000000000000e+00 4.863911441446324563e-02 1.546604454678407806e-02 0.000000000000000000e+00 0.000000000000000000e+00 0.000000000000000000e+00 0.000000000000000000e+00 0.000000000000000000e+00 0.000000000000000000e+00 0.000000000000000000e+00 0.000000000000000000e+00
2.399999999999999911e+00 1.610186503968151928e-03 0.000000000000000000e+00 9.983898134960262905e-01 0.000000000000000000e+00 0.000000000000000000e+00 0.000000000000000000e+00 1.724197576906498497e-02 3.619817736499984090e-02 0.000000000000000000e+00 0.000000000000000000e+00 0.000000000000000000e+00 0.000000000000000000e+00 0.000000000000000000e+00 0.000000000000000000e+00 0.000000000000000000e+00 0.000000000000000000e+00
2.500000000000000000e+00 9.806811600248639769e-04 0.000000000000000000e+00 9.990193188399755231e-01 0.000000000000000000e+00 0.000000000000000000e+00 0.000000000000000000e+00 -1.226213523129177953e-02 2.879859456813238516e-02 0.000000000000000000e+00 0.000000000000000000e+00 0.000000000000000000e+00 0.000000000000000000e+00 0.000000000000000000e+00 0.000000000000000000e+00 0.000000000000000000e+00 0.000000000000000000e+00
2.600000000000000089e+00 5.899102106224407343e-04 0.000000000000000000e+00 9.994100897893773983e-01 0.000000000000000000e+00 0.000000000000000000e+00 0.000000000000000000e+00 -2.324396030372632982e-02 7.019980234646205561e-03 0.000000000000000000e+00 0.000000000000000000e+00 0.000000000000000000e+00 0.000000000000000000e+00 0.000000000000000000e+00 0.000000000000000000e+00 0.000000000000000000e+00 0.000000000000000000e+00
2.699999999999999734e+00 3.511104720513978259e-04 0.000000000000000000e+00 9.996488895279533882e-01 0.000000000000000000e+00 0.000000000000000000e+00 0.000000000000000000e+00 -1.536342977496599205e-02 -1.072155855561385436e-02 0.000000000000000000e+00 0.000000000000000000e+00 0.000000000000000000e+00 0.000000000000000000e+00 0.000000000000000000e+00 0.000000000000000000e+00 0.000000000000000000e+00 0.000000000000000000e+00
2.799999999999999822e+00 2.072241963675931320e-04 0.000000000000000000e+00 9.997927758036380119e-01 0.000000000000000000e+00 0.000000000000000000e+00 0.000000000000000000e+00 -4.648993062124138868e-04 -1.438626445316153885e-02 0.000000000000000000e+00 0.000000000000000000e+00 0.000000000000000000e+00 0.000000000000000000e+00 0.000000000000000000e+00 0.000000000000000000e+00 0.000000000000000000e+00 0.000000000000000000e+00
2.899999999999999911e+00 1.209605947822445005e-04 0.000000000000000000e+00 9.998790394052179398e-01 0.000000000000000000e+00 0.000000000000000000e+00 0.000000000000000000e+00 8.773861605707413899e-03 -6.630615856393694968e-03 0.000000000000000000e+00 0.000000000000000000e+00 0.000000000000000000e+00 0.000000000000000000e+00 0.000000000000000000e+00 0.000000000000000000e+00 0.000000000000000000e+00 0.000000000000000000e+00
3.000000000000000000e+00 7.018692228820824308e-05 0.000000000000000000e+00 9.999298130777108939e-01 0.000000000000000000e+00 0.000000000000000000e+00 0.000000000000000000e+00 7.913093793552950297e-03 2.750368864923388550e-03 0.000000000000000000e+00 0.000000000000000000e+00 0.000000000000000000e+00 0.000000000000000000e+00 0.000000000000000000e+00 0.000000000000000000e+00 0.000000000000000000e+00 0.000000000000000000e+00
