1.000000000000000056e-01 9.774907971680050212e-01 0.000000000000000000e+00 2.250920283199499272e-02 0.000000000000000000e+00 0.000000000000000000e+00 0.000000000000000000e+00 1.437263415759055252e-01 3.667802266729740940e-02 0.000000000000000000e+00 0.000000000000000000e+00 0.000000000000000000e+00 0.000000000000000000e+00 0.000000000000000000e+00 0.000000000000000000e+00 0.000000000000000000e+00 0.000000000000000000e+00
2.000000000000000111e-01 9.129329851973597698e-01 0.000000000000000000e+00 8.706701480264125714e-02 0.000000000000000000e+00 0.000000000000000000e+00 0.000000000000000000e+00 2.706326216155404141e-01 7.902109649032719452e-02 0.000000000000000000e+00 0.000000000000000000e+00 0.000000000000000000e+00 0.000000000000000000e+00 0.000000000000000000e+00 0.000000000000000000e+00 0.000000000000000000e+00 0.000000000000000000e+00
2.999999999999999889e-01 8.146075918927216941e-01 0.000000000000000000e+00 1.853924081072839958e-01 0.000000000000000000e+00 0.000000000000000000e+00 0.000000000000000000e+00 3.662275103267310095e-01 1.299979756236251394e-01 0.000000000000000000e+00 0.000000000000000000e+00 0.000000000000000000e+00 0.000000000000000000e+00 0.000000000000000000e+00 0.000000000000000000e+00 0.000000000000000000e+00 0.000000000000000000e+00
4.000000000000000222e-01 6.943627051442406994e-01 0.000000000000000000e+00 3.056372948557654068e-01 0.000000000000000000e+00 0.000000000000000000e+00 0.000000000000000000e+00 4.204764986930081272e-01 1.882090667165686737e-01 0.000000000000000000e+00 0.000000000000000000e+00 0.000000000000000000e+00 0.000000000000000000e+00 0.000000000000000000e+00 0.000000000000000000e+00 0.000000000000000000e+00 0.000000000000000000e+00
5.000000000000000000e-01 5.653063559332238697e-01 0.000000000000000000e+00 4.346936440667778512e-01 0.000000000000000000e+00 0.000000000000000000e+00 0.000000000000000000e+00 4.293811018391569534e-01 2.477235338577381263e-01 0.000000000000000000e+00 0.000000000000000000e+00 0.000000000000000000e+00 0.000000000000000000e+00 0.000000000000000000e+00 0.000000000000000000e+00 0.000000000000000000e+00 0.000000000000000000e+00
5.999999999999999778e-01 4.394827104517780580e-01 0.000000000000000000e+00 5.605172895482306572e-01 0.000000000000000000e+00 0.000000000000000000e+00 0.000000000000000000e+00 3.956761549212403084e-01 2.996298352790618957e-01 0.000000000000000000e+00 0.000000000000000000e+00 0.000000000000000000e+00 0.000000000000000000e+00 0.000000000000000000e+00 0.000000000000000000e+00 0.000000000000000000e+00 0.000000000000000000e+00
6.999999999999999556e-01 3.261723736893095693e-01 0.000000000000000000e+00 6.738276263106888209e-01 0.000000000000000000e+00 0.000000000000000000e+00 0.000000000000000000e+00 3.282881066908094891e-01 3.346802584932819791e-01 0.000000000000000000e+00 0.000000000000000000e+00 0.000000000000000000e+00 0.000000000000000000e+00 0.000000000000000000e+00 0.000000000000000000e+00 0.000000000000000000e+00 0.000000000000000000e+00
7.999999999999999334e-01 2.310234273346570000e-01 0.000000000000000000e+00 7.689765726653450262e-01 0.000000000000000000e+00 0.000000000000000000e+00 0.000000000000000000e+00 2.405673649005737880e-01 3.460909512078479411e-01 0.000000000000000000e+00 0.000000000000000000e+00 0.000000000000000000e+00 0.000000000000000000e+00 0.000000000000000000e+00 0.000000000000000000e+00 0.000000000000000000e+00 0.000000000000000000e+00
8.999999999999999112e-01 1.561031747178761586e-01 0.000000000000000000e+00 8.438968252821247296e-01 0.000000000000000000e+00 0.000000000000000000e+00 0.000000000000000000e+00 1.475262493145897968e-01 3.316187260991886876e-01 0.000000000000000000e+00 0.000000000000000000e+00 0.000000000000000000e+00 0.000000000000000000e+00 0.000000000000000000e+00 0.000000000000000000e+00 0.000000000000000000e+00 0.000000000000000000e+00
9.999999999999998890e-01 1.005873137802127393e-01 0.000000000000000000e+00 8.994126862197863170e-01 0.000000000000000000e+00 0.000000000000000000e+00 0.000000000000000000e+00 6.283453377662012729e-02 2.941450788303487385e-01 0.000000000000000000e+00 0.000000000000000000e+00 0.000000000000000000e+00 0.000000000000000000e+00 0.000000000000000000e+00 0.000000000000000000e+00 0.000000000000000000e+00 0.000000000000000000e+00
1.099999999999999867e+00 6.177655822634293969e-02 0.000000000000000000e+00 9.382234417736550203e-01 0.000000000000000000e+00 0.000000000000000000e+00 0.000000000000000000e+00 -3.710296899375728485e-03 2.407206867047500809e-01 0.000000000000000000e+00 0.000000000000000000e+00 0.000000000000000000e+00 0.000000000000000000e+00 0.000000000000000000e+00 0.000000000000000000e+00 0.000000000000000000e+00 0.000000000000000000e+00
1.199999999999999956e+00 3.614673272306936913e-02 0.000000000000000000e+00 9.638532672769303256e-01 0.000000000000000000e+00 0.000000000000000000e+00 0.000000000000000000e+00 -4.746784318375878858e-02 1.805185599141665709e-01 0.000000000000000000e+00 0.000000000000000000e+00 0.000000000000000000e+00 0.000000000000000000e+00 0.000000000000000000e+00 0.000000000000000000e+00 0.000000000000000000e+00 0.000000000000000000e+00
1.300000000000000044e+00 2.013658443241109208e-02 0.000000000000000000e+00 9.798634155675925994e-01 0.000000000000000000e+00 0.000000000000000000e+00 0.000000000000000000e+00 -6.889179024348249247e-02 1.224133318391677633e-01 0.000000000000000000e+00 0.000000000000000000e+00 0.000000000000000000e+00 0.000000000000000000e+00 0.000000000000000000e+00 0.000000000000000000e+00 0.000000000000000000e+00 0.000000000000000000e+00
1.399999999999999911e+00 1.067564324531861467e-02 0.000000000000000000e+00 9.893243567546862183e-01 0.000000000000000000e+00 0.000000000000000000e+00 0.000000000000000000e+00 -7.224627673216528490e-02 7.309000975957613555e-02 0.000000000000000000e+00 0.000000000000000000e+00 0.000000000000000000e+00 0.000000000000000000e+00 0.000000000000000000e+00 0.000000000000000000e+00 0.000000000000000000e+00 0.000000000000000000e+00
1.500000000000000000e+00 5.381380989865956407e-03 0.000000000000000000e+00 9.946186190101330427e-01 0.000000000000000000e+00 0.000000000000000000e+00 0.000000000000000000e+00 -6.367163133596787095e-02 3.603255711542465572e-02 0.000000000000000000e+00 0.000000000000000000e+00 0.000000000000000000e+00 0.000000000000000000e+00 0.000000000000000000e+00 0.000000000000000000e+00 0.000000000000000000e+00 0.000000000000000000e+00
1.599999999999999867e+00 2.578182160045377168e-03 0.000000000000000000e+00 9.974218178399569812e-01 0.000000000000000000e+00 0.000000000000000000e+00 0.000000000000000000e+00 -4.935504333010057310e-02 1.164538564979798393e-02 0.000000000000000000e+00 0.000000000000000000e+00 0.000000000000000000e+00 0.000000000000000000e+00 0.000000000000000000e+00 0.000000000000000000e+00 0.000000000000000000e+00 0.000000000000000000e+00
1.699999999999999956e+00 1.172866889471037028e-03 0.000000000000000000e+00 9.988271331105305073e-01 0.000000000000000000e+00 0.000000000000000000e+00 0.000000000000000000e+00 -3.417272560509525270e-02 -1.927725774974628666e-03 0.000000000000000000e+00 0.000000000000000000e+00 0.000000000000000000e+00 0.000000000000000000e+00 0.000000000000000000e+00 0.000000000000000000e+00 0.000000000000000000e+00 0.000000000000000000e+00
1.800000000000000044e+00 5.061798843586121045e-04 0.000000000000000000e+00 9.994938201156452484e-01 0.000000000000000000e+00 0.000000000000000000e+00 0.000000000000000000e+00 -2.115195533414191906e-02 -7.649735647257854473e-03 0.000000000000000000e+00 0.000000000000000000e+00 0.000000000000000000e+00 0.000000000000000000e+00 0.000000000000000000e+00 0.000000000000000000e+00 0.000000000000000000e+00 0.000000000000000000e+00
1.899999999999999911e+00 2.073258823831697437e-04 0.000000000000000000e+00 9.997926741176176302e-01 0.000000000000000000e+00 0.000000000000000000e+00 0.000000000000000000e+00 -1.156029818870648110e-02 -8.581515754834036919e-03 0.000000000000000000e+00 0.000000000000000000e+00 0.000000000000000000e+00 0.000000000000000000e+00 0.000000000000000000e+00 0.000000000000000000e+00 0.000000000000000000e+00 0.000000000000000000e+00
2.000000000000000000e+00 8.040388630834772749e-05 0.000000000000000000e+00 9.999195961136891908e-01 0.000000000000000000e+00 0.000000000000000000e+00 0.000000000000000000e+00 -5.374388528421093249e-03 -7.177277772193869747e-03 0.000000000000000000e+00 0.000000000000000000e+00 0.000000000000000000e+00 0.000000000000000000e+00 0.000000000000000000e+00 0.000000000000000000e+00 0.000000000000000000e+00 0.000000000000000000e+00
2.099999999999999645e+00 2.958550358234727883e-05 0.000000000000000000e+00 9.999704144964175478e-01 0.000000000000000000e+00 0.000000000000000000e+00 0.000000000000000000e+00 -1.895306159302735747e-03 -5.098271511045319483e-03 0.000000000000000000e+00 0.000000000000000000e+00 0.000000000000000000e+00 0.000000000000000000e+00 0.000000000000000000e+00 0.000000000000000000e+00 0.000000000000000000e+00 0.000000000000000000e+00
2.199999999999999734e+00 1.027424436898581489e-05 0.000000000000000000e+00 9.999897257556328301e-01 0.000000000000000000e+00 0.000000000000000000e+00 0.000000000000000000e+00 -2.418208678977960965e-04 -3.196183650207868026e-03 0.000000000000000000e+00 0.000000000000000000e+00 0.000000000000000000e+00 0.000000000000000000e+00 0.000000000000000000e+00 0.000000000000000000e+00 0.000000000000000000e+00 0.000000000000000000e+00
2.299999999999999822e+00 3.388359856927750629e-06 0.000000000000000000e+00 9.999966116401411975e-01 0.000000000000000000e+00 0.000000000000000000e+00 0.000000000000000000e+00 3.622398365231711392e-04 -1.804718913134238439e-03 0.000000000000000000e+00 0.000000000000000000e+00 0.000000000000000000e+00 0.000000000000000000e+00 0.000000000000000000e+00 0.000000000000000000e+00 0.000000000000000000e+00 0.000000000000000000e+00
2.399999999999999911e+00 1.036707784831047561e-06 0.000000000000000000e+00 9.999989632922133831e-01 0.000000000000000000e+00 0.000000000000000000e+00 0.000000000000000000e+00 4.562097855331485202e-04 -9.101986871938100776e-04 0.000000000000000000e+00 0.000000000000000000e+00 0.000000000000000000e+00 0.000000000000000000e+00 0.000000000000000000e+00 0.000000000000000000e+00 0.000000000000000000e+00 0.000000000000000000e+00
2.500000000000000000e+00 3.185480957385514543e-07 0.000000000000000000e+00 9.999996814519023225e-01 0.000000000000000000e+00 0.000000000000000000e+00 0.000000000000000000e+00 3.729469055862016523e-04 -4.235032606177002593e-04 0.000000000000000000e+00 0.000000000000000000e+00 0.000000000000000000e+00 0.000000000000000000e+00 0.000000000000000000e+00 0.000000000000000000e+00 0.000000000000000000e+00 0.000000000000000000e+00
2.600000000000000089e+00 8.197434551391570509e-08 0.000000000000000000e+00 9.999999180256584630e-01 0.000000000000000000e+00 0.000000000000000000e+00 0.000000000000000000e+00 2.302877185459860571e-04 -1.698258348354574857e-04 0.000000000000000000e+00 0.000000000000000000e+00 0.000000000000000000e+00 0.000000000000000000e+00 0.000000000000000000e+00 0.000000000000000000e+00 0.000000000000000000e+00 0.000000000000000000e+00
2.699999999999999734e+00 2.023017965774781535e-08 0.000000000000000000e+00 9.999999797698243542e-01 0.000000000000000000e+00 0.000000000000000000e+00 0.000000000000000000e+00 1.292157914349634522e-04 -5.859429140279212979e-05 0.000000000000000000e+00 0.000000000000000000e+00 0.000000000000000000e+00 0.000000000000000000e+00 0.000000000000000000e+00 0.000000000000000000e+00 0.000000000000000000e+00 0.000000000000000000e+00
2.799999999999999822e+00 6.702577997912450918e-09 0.000000000000000000e+00 9.999999932974158456e-01 0.000000000000000000e+00 0.000000000000000000e+00 0.000000000000000000e+00 7.862380299311847310e-05 -2.064671905199363551e-05 0.000000000000000000e+00 0.000000000000000000e+00 0.000000000000000000e+00 0.000000000000000000e+00 0.000000000000000000e+00 0.000000000000000000e+00 0.000000000000000000e+00 0.000000000000000000e+00
2.899999999999999911e+00 1.675326751099237464e-09 0.000000000000000000e+00 9.999999983246662394e-01 0.000000000000000000e+00 0.000000000000000000e+00 0.000000000000000000e+00 3.943878371028704640e-05 3.683135560376326335e-06 0.000000000000000000e+00 0.000000000000000000e+00 0.000000000000000000e+00 0.000000000000000000e+00 0.000000000000000000e+00 0.000000000000000000e+00 0.000000000000000000e+00 0.000000000000000000e+00
3.000000000000000000e+00 4.192492919838813048e-10 0.000000000000000000e+00 9.999999995807535846e-01 0.000000000000000000e+00 0.000000000000000000e+00 0.000000000000000000e+00 1.766825213502623727e-05 1.371626725438976505e-06 0.000000000000000000e+00 0.000000000000000000e+00 0.000000000000000000e+00 0.000000000000000000e+00 0.000000000000000000e+00 0.000000000000000000e+00 0.000000000000000000e+00 0.000000000000000000e+00
