1.000000000000000056e-01 -1.071244930668510632e-03 -3.079918377061625634e-01 -9.511838233295745182e-01
2.000000000000000111e-01 -8.823531106065929386e-03 -5.795254252874380008e-01 -8.111325284747421538e-01
2.999999999999999889e-01 -3.000372168121297201e-02 -7.819867004489595708e-01 -5.986627053439728119e-01
4.000000000000000222e-01 -6.836071798636522701e-02 -8.930754257372157667e-01 -3.421703118602860139e-01
5.000000000000000000e-01 -1.217669932616884526e-01 -9.060612142888562204e-01 -7.323321982304455136e-02
5.999999999999999778e-01 -1.838064111755493002e-01 -8.288847320737152691e-01 1.798273862630414832e-01
6.999999999999999556e-01 -2.479575837524831405e-01 -6.788038880120115248e-01 3.947376541128200245e-01
7.999999999999999334e-01 -3.099566238635278470e-01 -4.776435372885835529e-01 5.554712296663945059e-01
8.999999999999999112e-01 -3.674526431376218816e-01 -2.490785661657692884e-01 6.525377245319036179e-01
9.999999999999998890e-01 -4.189067716763505977e-01 -1.638162628380882349e-02 6.834826923179786462e-01
1.099999999999999867e+00 -4.631166604269662534e-01 1.998808918947970470e-01 6.522111008290205625e-01
1.199999999999999956e+00 -4.993122690410227715e-01 3.833716182388900440e-01 5.670303819059530070e-01
1.300000000000000044e+00 -5.272901356327133193e-01 5.222383661532178367e-01 4.385608608682027287e-01
1.399999999999999911e+00 -5.473648354344126110e-01 6.085845702664102186e-01 2.784592867086809198e-01
1.500000000000000000e+00 -5.602053011004068939e-01 6.379185687421206064e-01 9.902225896106232883e-02
1.599999999999999867e+00 -5.666709446777909998e-01 6.089821778281130360e-01 -8.674731402543676972e-02
1.699999999999999956e+00 -5.677000957785343083e-01 5.239950867898385267e-01 -2.650902415493761044e-01
1.800000000000000044e+00 -5.642462603414752920e-01 3.891003885194359579e-01 -4.217860522096438802e-01
1.899999999999999911e+00 -5.572469476965963286e-01 2.146870179761199149e-01 -5.429503257803516281e-01
2.000000000000000000e+00 -5.475977154735106600e-01 1.528962954917469433e-02 -6.163025918660886004e-01
2.099999999999999645e+00 -5.361317482918923627e-01 -1.911533009396432781e-01 -6.327184375053424015e-01
2.199999999999999734e+00 -5.235948672717515295e-01 -3.847521387366912293e-01 -5.877660431706651645e-01
2.299999999999999822e+00 -5.106231686073029463e-01 -5.456693432978976244e-01 -4.828679443825469875e-01
2.399999999999999911e+00 -4.977281319799187753e-01 -6.564119778378358916e-01 -3.257942739431504697e-01
2.500000000000000000e+00 -4.852906258298186337e-01 -7.040178557562537520e-01 -1.303104753184956277e-01
2.600000000000000089e+00 -4.735672096983012946e-01 -6.817782043012519111e-01 8.500952482508992991e-02
2.699999999999999734e+00 -4.627049138644632742e-01 -5.902351369373010082e-01 2.986750805326843783e-01
2.799999999999999822e+00 -4.527625529426260176e-01 -4.372996134359732889e-01 4.886096721845573643e-01
2.899999999999999911e+00 -4.437331656811088765e-01 -2.375081304616593336e-01 6.345908360938129489e-01
3.000000000000000000e+00 -4.355668146212743896e-01 -1.051529992828987778e-02 7.205208395489002271e-01
