1.000000000000000056e-01 -4.343126540847358323e-03 4.514088425487067756e-03 -9.999697647222220986e-01
2.000000000000000111e-01 -8.759570458822045838e-03 8.831069176097661177e-03 -9.998801961665509941e-01
2.999999999999999889e-01 -1.331132088504361106e-02 1.274945881401369323e-02 -9.997346926309164106e-01
4.000000000000000222e-01 -1.803778092187710569e-02 1.606191240064346742e-02 -9.995388218373740807e-01
5.000000000000000000e-01 -2.294351790705903213e-02 1.855358365544916219e-02 -9.993001611941644269e-01
5.999999999999999778e-01 -2.798612698610951702e-02 2.000385200226805979e-02 -9.990280067854692136e-01
6.999999999999999556e-01 -3.306370043411266391e-02 2.019034267432098448e-02 -9.987329311647126229e-01
7.999999999999999334e-01 -3.800260015739691244e-02 1.890389091059730894e-02 -9.984259733555528316e-01
8.999999999999999112e-01 -4.254790145715697108e-02 1.595730187720525994e-02 -9.981177121550655063e-01
9.999999999999998890e-01 -4.635586437544191030e-02 1.121424434463095914e-02 -9.978167431942177590e-01
1.099999999999999867e+00 -4.899337579984530677e-02 4.613175403650617880e-03 -9.975279351565786712e-01
1.199999999999999956e+00 -4.994492620482452599e-02 -3.799902792158620785e-03 -9.972502421038030862e-01
1.300000000000000044e+00 -4.863170706903888890e-02 -1.382849124044698876e-02 -9.969742342224564569e-01
1.399999999999999911e+00 -4.444506910778794895e-02 -2.509437652990114884e-02 -9.966796051238098197e-01
1.500000000000000000e+00 -3.679682143514961118e-02 -3.700140065631606079e-02 -9.963328760482950130e-01
1.599999999999999867e+00 -2.518867598862009269e-02 -4.871053988267667195e-02 -9.958859049631505478e-01
1.699999999999999956e+00 -9.300892286631045128e-03 -5.913704275751806294e-02 -9.952756420173177743e-01
1.800000000000000044e+00 1.091023247515475469e-02 -6.697649397147358019e-02 -9.944258275988940854e-01
1.899999999999999911e+00 3.510169577945155411e-02 -7.076453193709295042e-02 -9.932513871830866981e-01
2.000000000000000000e+00 6.244472871087739657e-02 -6.898252418475168957e-02 -9.916662647167058253e-01
2.099999999999999645e+00 9.155007074272045187e-02 -6.021653092131585422e-02 -9.895943505555799824e-01
2.199999999999999734e+00 1.204386818201539922e-01 -4.335995363387701307e-02 -9.869839587959979843e-01
2.299999999999999822e+00 1.465837731565182711e-01 -1.785099156817922597e-02 -9.838247759457648955e-01
2.399999999999999911e+00 1.670488154095001454e-01 1.607545322949520059e-02 -9.801649271304899713e-01
2.500000000000000000e+00 1.787358641562032946e-01 5.715691099985231727e-02 -9.761259653042305695e-01
