1.000000000000000056e-01 2.048703848291942575e-01 2.305077309556956555e-01 -9.512490899526828692e-01
2.000000000000000111e-01 4.080345313823322551e-01 4.171141143638127380e-01 -8.119392315383087144e-01
2.999999999999999889e-01 6.019262185780362984e-01 5.243673667541950412e-01 -6.012908288203938634e-01
4.000000000000000222e-01 7.703447688940637805e-01 5.325716328304399561e-01 -3.464977600415218295e-01
5.000000000000000000e-01 8.906075454147561743e-01 4.424917530087038031e-01 -7.703125586268003144e-02
5.999999999999999778e-01 9.402364958008641027e-01 2.758744799311688145e-01 1.808064239134934692e-01
6.999999999999999556e-01 9.056773288827202339e-01 7.075835728664556235e-02 4.077557663914671560e-01
7.999999999999999334e-01 7.892884379929192562e-01 -1.279308549684507190e-01 5.932004635783728608e-01
8.999999999999999112e-01 6.112596265168774856e-01 -2.801878648309993891e-01 7.346237731967055762e-01
9.999999999999998890e-01 4.051429482239967683e-01 -3.612928931439433056e-01 8.355918201375944765e-01
1.099999999999999867e+00 2.083950031653769852e-01 -3.671828088035971605e-01 9.031936890407467056e-01
1.199999999999999956e+00 5.168841290731241572e-02 -3.129500280860911809e-01 9.456531748497469803e-01
1.300000000000000044e+00 -4.878678844808316539e-02 -2.253963200971999259e-01 9.706343134165498210e-01
1.399999999999999911e+00 -9.337760381167707624e-02 -1.329180481236253986e-01 9.843470714599128479e-01
1.500000000000000000e+00 -9.520271375573488570e-02 -5.687614941423987241e-02 9.912916971241415576e-01
1.599999999999999867e+00 -7.301195909367688697e-02 -7.313885931729324774e-03 9.944366523883978459e-01
1.699999999999999956e+00 -4.407526804356910743e-02 1.640397809592113176e-02 9.955787482830231738e-01
1.800000000000000044e+00 -1.971659549362560215e-02 2.150608720356071701e-02 9.957200145555704651e-01
1.899999999999999911e+00 -4.407627606443999951e-03 1.693956759810940835e-02 9.953773612394916093e-01
2.000000000000000000e+00 2.480232541175558109e-03 9.832271895515278318e-03 9.947969695924808731e-01
2.099999999999999645e+00 3.913782540467538977e-03 4.099718447475137265e-03 9.940867591054360908e-01
2.199999999999999734e+00 2.922621981109770929e-03 8.449450725535588048e-04 9.932900862649582940e-01
2.299999999999999822e+00 1.520298941500191833e-03 -4.011549888650484683e-04 9.924222944570545435e-01
2.399999999999999911e+00 5.343973334017491743e-04 -5.651501057172311337e-04 9.914878953233833281e-01
2.500000000000000000e+00 7.315873154501863315e-05 -3.614813522150552754e-04 9.904873973937570186e-01
2.600000000000000089e+00 -6.194389657723655231e-05 -1.570054450099225125e-04 9.894200628631905081e-01
2.699999999999999734e+00 -6.016220432427648316e-05 -3.872867646159690151e-05 9.882848263972685565e-01
2.799999999999999822e+00 -2.646503445468763630e-05 -1.280329646616615015e-06 9.870805834857021566e-01
2.899999999999999911e+00 -7.969789964792190032e-06 5.097328221935183748e-06 9.858062793705821836e-01
3.000000000000000000e+00 9.179570451004956649e-08 3.747187019814125630e-06 9.844609199930702825e-01
