1.000000000000000056e-01 -2.048692643409077419e-01 2.305060761508095357e-01 -9.512497378575272000e-01
2.000000000000000111e-01 -4.080350588289914371e-01 4.171126051284307357e-01 -8.119397827785687083e-01
2.999999999999999889e-01 -6.019258419478606958e-01 5.243673393064762767e-01 -6.012915195325170270e-01
4.000000000000000222e-01 -7.703438161076350266e-01 5.325715975887328479e-01 -3.464999613286900981e-01
5.000000000000000000e-01 -8.906075552508496695e-01 4.424933003925500818e-01 -7.703176152382280872e-02
5.999999999999999778e-01 -9.402380341204956693e-01 2.758728276872858265e-01 1.808066270113759810e-01
6.999999999999999556e-01 -9.056785211118957291e-01 7.075932212020122347e-02 4.077559467326764553e-01
7.999999999999999334e-01 -7.892871103972499691e-01 -1.279315181531463230e-01 5.931999582081131095e-01
8.999999999999999112e-01 -6.112565118743559234e-01 -2.801869220383522152e-01 7.346251407664188271e-01
9.999999999999998890e-01 -4.051415652601993989e-01 -3.612883653527723116e-01 8.355932501626158748e-01
1.099999999999999867e+00 -2.083897790771198355e-01 -3.671776199400806906e-01 9.031961105579863203e-01
1.199999999999999956e+00 -5.168754175719142419e-02 -3.129493061246798047e-01 9.456542494151626288e-01
1.300000000000000044e+00 4.878361184923628302e-02 -2.253974917409628242e-01 9.706348955293994107e-01
1.399999999999999911e+00 9.337540980657049738e-02 -1.329198577310979901e-01 9.843477232103097219e-01
1.500000000000000000e+00 9.520131751685854959e-02 -5.688039011571353193e-02 9.912923153300271517e-01
1.599999999999999867e+00 7.301527697384581350e-02 -7.315683803651676365e-03 9.944372105877542500e-01
1.699999999999999956e+00 4.407755919192359734e-02 1.640571244159895470e-02 9.955795674837830678e-01
1.800000000000000044e+00 1.972150029987033981e-02 2.150503795369938451e-02 9.957210445590276571e-01
1.899999999999999911e+00 4.409752370873419938e-03 1.693912209272679242e-02 9.953786462487934639e-01
2.000000000000000000e+00 -2.478438673097524240e-03 9.831649270060497867e-03 9.947984627833341698e-01
2.099999999999999645e+00 -3.911648725560630015e-03 4.093092664028489744e-03 9.940867971369783396e-01
2.199999999999999734e+00 -2.923908282484614062e-03 8.439896646441488130e-04 9.932900837057440091e-01
2.299999999999999822e+00 -1.519884549500594324e-03 -4.041192538854671045e-04 9.924222941306823920e-01
2.399999999999999911e+00 -5.351905652476307692e-04 -5.628527641074480749e-04 9.914903418021395742e-01
2.500000000000000000e+00 -7.210016170262843727e-05 -3.577416199208344086e-04 9.904901301638524558e-01
2.600000000000000089e+00 6.256650962350398420e-05 -1.557305004124333618e-04 9.894230992610898445e-01
2.699999999999999734e+00 5.689766953824020599e-05 -4.240518793943393809e-05 9.882881857941585579e-01
2.799999999999999822e+00 2.968635237531797765e-05 -1.435714462664051618e-06 9.870842865954292389e-01
2.899999999999999911e+00 1.074560622181991317e-05 4.847692624099883511e-06 9.858103449235608995e-01
3.000000000000000000e+00 -2.301802292613169143e-07 8.386259271152769834e-07 9.844653675668414428e-01
