1.000000000000000056e-01 9.920765272284476355e-01 0.000000000000000000e+00 7.923472771549727733e-03 0.000000000000000000e+00 0.000000000000000000e+00 0.000000000000000000e+00 1.785292610547312142e-02 8.684448390422690178e-02 0.000000000000000000e+00 0.000000000000000000e+00 0.000000000000000000e+00 0.000000000000000000e+00 0.000000000000000000e+00 0.000000000000000000e+00 0.000000000000000000e+00 0.000000000000000000e+00
2.000000000000000111e-01 9.687456803916609793e-01 0.000000000000000000e+00 3.125431960833841699e-02 0.000000000000000000e+00 0.000000000000000000e+00 0.000000000000000000e+00 3.492737306030417599e-02 1.704627987416593438e-01 0.000000000000000000e+00 0.000000000000000000e+00 0.000000000000000000e+00 0.000000000000000000e+00 0.000000000000000000e+00 0.000000000000000000e+00 0.000000000000000000e+00 0.000000000000000000e+00
2.999999999999999889e-01 9.312801769832287357e-01 0.000000000000000000e+00 6.871982301677213856e-02 0.000000000000000000e+00 0.000000000000000000e+00 0.000000000000000000e+00 5.052482308860554300e-02 2.478803151132346339e-01 0.000000000000000000e+00 0.000000000000000000e+00 0.000000000000000000e+00 0.000000000000000000e+00 0.000000000000000000e+00 0.000000000000000000e+00 0.000000000000000000e+00 0.000000000000000000e+00
4.000000000000000222e-01 8.816592878496773977e-01 0.000000000000000000e+00 1.183407121503229492e-01 0.000000000000000000e+00 0.000000000000000000e+00 0.000000000000000000e+00 6.408425892262027690e-02 3.165902643600395638e-01 0.000000000000000000e+00 0.000000000000000000e+00 0.000000000000000000e+00 0.000000000000000000e+00 0.000000000000000000e+00 0.000000000000000000e+00 0.000000000000000000e+00 0.000000000000000000e+00
5.000000000000000000e-01 8.223746574708233892e-01 0.000000000000000000e+00 1.776253425291784704e-01 0.000000000000000000e+00 0.000000000000000000e+00 0.000000000000000000e+00 7.523489926120893734e-02 3.747189477590303075e-01 0.000000000000000000e+00 0.000000000000000000e+00 0.000000000000000000e+00 0.000000000000000000e+00 0.000000000000000000e+00 0.000000000000000000e+00 0.000000000000000000e+00 0.000000000000000000e+00
5.999999999999999778e-01 7.562034615571212592e-01 0.000000000000000000e+00 2.437965384428802673e-01 0.000000000000000000e+00 0.000000000000000000e+00 0.000000000000000000e+00 8.381211152559490951e-02 4.211119990430957083e-01 0.000000000000000000e+00 0.000000000000000000e+00 0.000000000000000000e+00 0.000000000000000000e+00 0.000000000000000000e+00 0.000000000000000000e+00 0.000000000000000000e+00 0.000000000000000000e+00
6.999999999999999556e-01 6.859691570157432361e-01 0.000000000000000000e+00 3.140308429842620930e-01 0.000000000000000000e+00 0.000000000000000000e+00 0.000000000000000000e+00 8.983518272195170629e-02 4.553516357027403982e-01 0.000000000000000000e+00 0.000000000000000000e+00 0.000000000000000000e+00 0.000000000000000000e+00 0.000000000000000000e+00 0.000000000000000000e+00 0.000000000000000000e+00 0.000000000000000000e+00
7.999999999999999334e-01 6.143463392675365675e-01 0.000000000000000000e+00 3.856536607324649868e-01 0.000000000000000000e+00 0.000000000000000000e+00 0.000000000000000000e+00 9.350331632394928705e-02 4.776840423314643314e-01 0.000000000000000000e+00 0.000000000000000000e+00 0.000000000000000000e+00 0.000000000000000000e+00 0.000000000000000000e+00 0.000000000000000000e+00 0.000000000000000000e+00 0.000000000000000000e+00
8.999999999999999112e-01 5.436725765269241339e-01 0.000000000000000000e+00 4.563274234730772538e-01 0.000000000000000000e+00 0.000000000000000000e+00 0.000000000000000000e+00 9.511939655420917350e-02 4.889222905126696661e-01 0.000000000000000000e+00 0.000000000000000000e+00 0.000000000000000000e+00 0.000000000000000000e+00 0.000000000000000000e+00 0.000000000000000000e+00 0.000000000000000000e+00 0.000000000000000000e+00
9.999999999999998890e-01 4.758809843155940578e-01 0.000000000000000000e+00 5.241190156844086623e-01 0.000000000000000000e+00 0.000000000000000000e+00 0.000000000000000000e+00 9.506962842730416752e-02 4.902856704403735777e-01 0.000000000000000000e+00 0.000000000000000000e+00 0.000000000000000000e+00 0.000000000000000000e+00 0.000000000000000000e+00 0.000000000000000000e+00 0.000000000000000000e+00 0.000000000000000000e+00
1.099999999999999867e+00 4.124038675092649986e-01 0.000000000000000000e+00 5.875961324907365002e-01 0.000000000000000000e+00 0.000000000000000000e+00 0.000000000000000000e+00 9.376007523783982944e-02 4.832555903391999030e-01 0.000000000000000000e+00 0.000000000000000000e+00 0.000000000000000000e+00 0.000000000000000000e+00 0.000000000000000000e+00 0.000000000000000000e+00 0.000000000000000000e+00 0.000000000000000000e+00
1.199999999999999956e+00 3.542196716975658521e-01 0.000000000000000000e+00 6.457803283024348140e-01 0.000000000000000000e+00 0.000000000000000000e+00 0.000000000000000000e+00 9.157135872692429013e-02 4.694281433935876269e-01 0.000000000000000000e+00 0.000000000000000000e+00 0.000000000000000000e+00 0.000000000000000000e+00 0.000000000000000000e+00 0.000000000000000000e+00 0.000000000000000000e+00 0.000000000000000000e+00
1.300000000000000044e+00 3.018568341534229593e-01 0.000000000000000000e+00 6.981431658465784285e-01 0.000000000000000000e+00 0.000000000000000000e+00 0.000000000000000000e+00 8.884299126549900782e-02 4.503845121491633630e-01 0.000000000000000000e+00 0.000000000000000000e+00 0.000000000000000000e+00 0.000000000000000000e+00 0.000000000000000000e+00 0.000000000000000000e+00 0.000000000000000000e+00 0.000000000000000000e+00
1.399999999999999911e+00 2.554873326383451104e-01 0.000000000000000000e+00 7.445126673616526691e-01 0.000000000000000000e+00 0.000000000000000000e+00 0.000000000000000000e+00 8.585066977587378634e-02 4.276017046359696372e-01 0.000000000000000000e+00 0.000000000000000000e+00 0.000000000000000000e+00 0.000000000000000000e+00 0.000000000000000000e+00 0.000000000000000000e+00 0.000000000000000000e+00 0.000000000000000000e+00
1.500000000000000000e+00 2.149968903467651959e-01 0.000000000000000000e+00 7.850031096532386066e-01 0.000000000000000000e+00 0.000000000000000000e+00 0.000000000000000000e+00 8.280728448843192868e-02 4.023880973881145962e-01 0.000000000000000000e+00 0.000000000000000000e+00 0.000000000000000000e+00 0.000000000000000000e+00 0.000000000000000000e+00 0.000000000000000000e+00 0.000000000000000000e+00 0.000000000000000000e+00
1.599999999999999867e+00 1.800676085119111702e-01 0.000000000000000000e+00 8.199323914880873865e-01 0.000000000000000000e+00 0.000000000000000000e+00 0.000000000000000000e+00 7.985758828535298448e-02 3.758537352969713030e-01 0.000000000000000000e+00 0.000000000000000000e+00 0.000000000000000000e+00 0.000000000000000000e+00 0.000000000000000000e+00 0.000000000000000000e+00 0.000000000000000000e+00 0.000000000000000000e+00
1.699999999999999956e+00 1.502395173823578844e-01 0.000000000000000000e+00 8.497604826176431425e-01 0.000000000000000000e+00 0.000000000000000000e+00 0.000000000000000000e+00 7.708965537483790376e-02 3.488907993848950340e-01 0.000000000000000000e+00 0.000000000000000000e+00 0.000000000000000000e+00 0.000000000000000000e+00 0.000000000000000000e+00 0.000000000000000000e+00 0.000000000000000000e+00 0.000000000000000000e+00
1.800000000000000044e+00 1.249935599983329204e-01 0.000000000000000000e+00 8.750064400016660526e-01 0.000000000000000000e+00 0.000000000000000000e+00 0.000000000000000000e+00 7.454654575710903397e-02 3.222002209886274948e-01 0.000000000000000000e+00 0.000000000000000000e+00 0.000000000000000000e+00 0.000000000000000000e+00 0.000000000000000000e+00 0.000000000000000000e+00 0.000000000000000000e+00 0.000000000000000000e+00
1.899999999999999911e+00 1.037767123599050018e-01 0.000000000000000000e+00 8.962232876400948456e-01 0.000000000000000000e+00 0.000000000000000000e+00 0.000000000000000000e+00 7.224132723590931393e-02 2.962908994336784230e-01 0.000000000000000000e+00 0.000000000000000000e+00 0.000000000000000000e+00 0.000000000000000000e+00 0.000000000000000000e+00 0.000000000000000000e+00 0.000000000000000000e+00 0.000000000000000000e+00
2.000000000000000000e+00 8.605190959426302355e-02 0.000000000000000000e+00 9.139480904057357691e-01 0.000000000000000000e+00 0.000000000000000000e+00 0.000000000000000000e+00 7.015692142906290729e-02 2.715234516052317248e-01 0.000000000000000000e+00 0.000000000000000000e+00 0.000000000000000000e+00 0.000000000000000000e+00 0.000000000000000000e+00 0.000000000000000000e+00 0.000000000000000000e+00 0.000000000000000000e+00
2.099999999999999645e+00 7.131128431699312875e-02 0.000000000000000000e+00 9.286887156830078149e-01 0.000000000000000000e+00 0.000000000000000000e+00 0.000000000000000000e+00 6.826921557682288921e-02 2.481235569824599974e-01 0.000000000000000000e+00 0.000000000000000000e+00 0.000000000000000000e+00 0.000000000000000000e+00 0.000000000000000000e+00 0.000000000000000000e+00 0.000000000000000000e+00 0.000000000000000000e+00
2.199999999999999734e+00 5.909880784619575556e-02 0.000000000000000000e+00 9.409011921538086298e-01 0.000000000000000000e+00 0.000000000000000000e+00 0.000000000000000000e+00 6.654490871619739289e-02 2.262253610376216417e-01 0.000000000000000000e+00 0.000000000000000000e+00 0.000000000000000000e+00 0.000000000000000000e+00 0.000000000000000000e+00 0.000000000000000000e+00 0.000000000000000000e+00 0.000000000000000000e+00
2.299999999999999822e+00 4.900524208754489935e-02 0.000000000000000000e+00 9.509947579124525818e-01 0.000000000000000000e+00 0.000000000000000000e+00 0.000000000000000000e+00 6.495148585529822438e-02 2.058762572236176314e-01 0.000000000000000000e+00 0.000000000000000000e+00 0.000000000000000000e+00 0.000000000000000000e+00 0.000000000000000000e+00 0.000000000000000000e+00 0.000000000000000000e+00 0.000000000000000000e+00
2.399999999999999911e+00 4.067966728333080595e-02 0.000000000000000000e+00 9.593203327166711647e-01 0.000000000000000000e+00 0.000000000000000000e+00 0.000000000000000000e+00 6.345419673362831525e-02 1.870785845935157288e-01 0.000000000000000000e+00 0.000000000000000000e+00 0.000000000000000000e+00 0.000000000000000000e+00 0.000000000000000000e+00 0.000000000000000000e+00 0.000000000000000000e+00 0.000000000000000000e+00
2.500000000000000000e+00 3.381766369123075100e-02 0.000000000000000000e+00 9.661823363087719274e-01 0.000000000000000000e+00 0.000000000000000000e+00 0.000000000000000000e+00 6.201974606291511122e-02 1.697868669718416434e-01 0.000000000000000000e+00 0.000000000000000000e+00 0.000000000000000000e+00 0.000000000000000000e+00 0.000000000000000000e+00 0.000000000000000000e+00 0.000000000000000000e+00 0.000000000000000000e+00
2.600000000000000089e+00 2.816240194942872324e-02 0.000000000000000000e+00 9.718375980505717937e-01 0.000000000000000000e+00 0.000000000000000000e+00 0.000000000000000000e+00 6.062565229012593232e-02 1.539279425871938611e-01 0.000000000000000000e+00 0.000000000000000000e+00 0.000000000000000000e+00 0.000000000000000000e+00 0.000000000000000000e+00 0.000000000000000000e+00 0.000000000000000000e+00 0.000000000000000000e+00
2.699999999999999734e+00 2.350257253914818725e-02 0.000000000000000000e+00 9.764974274608547722e-01 0.000000000000000000e+00 0.000000000000000000e+00 0.000000000000000000e+00 5.925332424716357738e-02 1.394246943876182865e-01 0.000000000000000000e+00 0.000000000000000000e+00 0.000000000000000000e+00 0.000000000000000000e+00 0.000000000000000000e+00 0.000000000000000000e+00 0.000000000000000000e+00 0.000000000000000000e+00
2.799999999999999822e+00 1.965853926092907267e-02 0.000000000000000000e+00 9.803414607390749103e-01 0.000000000000000000e+00 0.000000000000000000e+00 0.000000000000000000e+00 5.789004574320245899e-02 1.261777474969950630e-01 0.000000000000000000e+00 0.000000000000000000e+00 0.000000000000000000e+00 0.000000000000000000e+00 0.000000000000000000e+00 0.000000000000000000e+00 0.000000000000000000e+00 0.000000000000000000e+00
2.899999999999999911e+00 1.648433354395279979e-02 0.000000000000000000e+00 9.835156664560475992e-01 0.000000000000000000e+00 0.000000000000000000e+00 0.000000000000000000e+00 5.651680163142533408e-02 1.140984301630753456e-01 0.000000000000000000e+00 0.000000000000000000e+00 0.000000000000000000e+00 0.000000000000000000e+00 0.000000000000000000e+00 0.000000000000000000e+00 0.000000000000000000e+00 0.000000000000000000e+00
3.000000000000000000e+00 1.386242790432294821e-02 0.000000000000000000e+00 9.861375720956792046e-01 0.000000000000000000e+00 0.000000000000000000e+00 0.000000000000000000e+00 5.513956916521604162e-02 1.031013539370005672e-01 0.000000000000000000e+00 0.000000000000000000e+00 0.000000000000000000e+00 0.000000000000000000e+00 0.000000000000000000e+00 0.000000000000000000e+00 0.000000000000000000e+00 0.000000000000000000e+00
