1.000000000000000056e-01 9.920965587270209607e-01 0.000000000000000000e+00 7.903441272980614440e-03 0.000000000000000000e+00 0.000000000000000000e+00 0.000000000000000000e+00 5.339932589754813053e-02 7.063631406351905673e-02 0.000000000000000000e+00 0.000000000000000000e+00 0.000000000000000000e+00 0.000000000000000000e+00 0.000000000000000000e+00 0.000000000000000000e+00 0.000000000000000000e+00 0.000000000000000000e+00
2.000000000000000111e-01 9.690592880776420781e-01 0.000000000000000000e+00 3.094071192235618717e-02 0.000000000000000000e+00 0.000000000000000000e+00 0.000000000000000000e+00 1.053337003372102343e-01 1.374343319635904503e-01 0.000000000000000000e+00 0.000000000000000000e+00 0.000000000000000000e+00 0.000000000000000000e+00 0.000000000000000000e+00 0.000000000000000000e+00 0.000000000000000000e+00 0.000000000000000000e+00
2.999999999999999889e-01 9.328039641127394699e-01 0.000000000000000000e+00 6.719603588725990562e-02 0.000000000000000000e+00 0.000000000000000000e+00 0.000000000000000000e+00 1.544670372445836604e-01 1.970295987520761238e-01 0.000000000000000000e+00 0.000000000000000000e+00 0.000000000000000000e+00 0.000000000000000000e+00 0.000000000000000000e+00 0.000000000000000000e+00 0.000000000000000000e+00 0.000000000000000000e+00
4.000000000000000222e-01 8.861977970850927200e-01 0.000000000000000000e+00 1.138022029149090147e-01 0.000000000000000000e+00 0.000000000000000000e+00 0.000000000000000000e+00 1.996983960549220671e-01 2.469247089675323803e-01 0.000000000000000000e+00 0.000000000000000000e+00 0.000000000000000000e+00 0.000000000000000000e+00 0.000000000000000000e+00 0.000000000000000000e+00 0.000000000000000000e+00 0.000000000000000000e+00
5.000000000000000000e-01 8.326395808203556070e-01 0.000000000000000000e+00 1.673604191796451701e-01 0.000000000000000000e+00 0.000000000000000000e+00 0.000000000000000000e+00 2.402375487602433912e-01 2.857215941885876132e-01 0.000000000000000000e+00 0.000000000000000000e+00 0.000000000000000000e+00 0.000000000000000000e+00 0.000000000000000000e+00 0.000000000000000000e+00 0.000000000000000000e+00 0.000000000000000000e+00
5.999999999999999778e-01 7.755911333948080078e-01 0.000000000000000000e+00 2.244088666051914926e-01 0.000000000000000000e+00 0.000000000000000000e+00 0.000000000000000000e+00 2.756338886369861796e-01 3.131700600196807849e-01 0.000000000000000000e+00 0.000000000000000000e+00 0.000000000000000000e+00 0.000000000000000000e+00 0.000000000000000000e+00 0.000000000000000000e+00 0.000000000000000000e+00 0.000000000000000000e+00
6.999999999999999556e-01 7.181591909782526484e-01 0.000000000000000000e+00 2.818408090217509043e-01 0.000000000000000000e+00 0.000000000000000000e+00 0.000000000000000000e+00 3.057595816779515863e-01 3.300267342136526949e-01 0.000000000000000000e+00 0.000000000000000000e+00 0.000000000000000000e+00 0.000000000000000000e+00 0.000000000000000000e+00 0.000000000000000000e+00 0.000000000000000000e+00 0.000000000000000000e+00
7.999999999999999334e-01 6.627787970931144912e-01 0.000000000000000000e+00 3.372212029068863970e-01 0.000000000000000000e+00 0.000000000000000000e+00 0.000000000000000000e+00 3.307628171281770668e-01 3.377854671596970948e-01 0.000000000000000000e+00 0.000000000000000000e+00 0.000000000000000000e+00 0.000000000000000000e+00 0.000000000000000000e+00 0.000000000000000000e+00 0.000000000000000000e+00 0.000000000000000000e+00
8.999999999999999112e-01 6.110630444609257417e-01 0.000000000000000000e+00 3.889369555390731481e-01 0.000000000000000000e+00 0.000000000000000000e+00 0.000000000000000000e+00 3.509992485653600780e-01 3.383260667499261576e-01 0.000000000000000000e+00 0.000000000000000000e+00 0.000000000000000000e+00 0.000000000000000000e+00 0.000000000000000000e+00 0.000000000000000000e+00 0.000000000000000000e+00 0.000000000000000000e+00
9.999999999999998890e-01 5.638121408809555479e-01 0.000000000000000000e+00 4.361878591190463950e-01 0.000000000000000000e+00 0.000000000000000000e+00 0.000000000000000000e+00 3.669616848891212868e-01 3.335672830384752152e-01 0.000000000000000000e+00 0.000000000000000000e+00 0.000000000000000000e+00 0.000000000000000000e+00 0.000000000000000000e+00 0.000000000000000000e+00 0.000000000000000000e+00 0.000000000000000000e+00
1.099999999999999867e+00 5.211639779143956153e-01 0.000000000000000000e+00 4.788360220856017757e-01 0.000000000000000000e+00 0.000000000000000000e+00 0.000000000000000000e+00 3.792105731327586882e-01 3.251944451783383983e-01 0.000000000000000000e+00 0.000000000000000000e+00 0.000000000000000000e+00 0.000000000000000000e+00 0.000000000000000000e+00 0.000000000000000000e+00 0.000000000000000000e+00 0.000000000000000000e+00
1.199999999999999956e+00 4.828008602076589439e-01 0.000000000000000000e+00 5.171991397923418887e-01 0.000000000000000000e+00 0.000000000000000000e+00 0.000000000000000000e+00 3.883217631761876065e-01 3.145002349166217126e-01 0.000000000000000000e+00 0.000000000000000000e+00 0.000000000000000000e+00 0.000000000000000000e+00 0.000000000000000000e+00 0.000000000000000000e+00 0.000000000000000000e+00 0.000000000000000000e+00
1.300000000000000044e+00 4.482196340576541371e-01 0.000000000000000000e+00 5.517803659423486939e-01 0.000000000000000000e+00 0.000000000000000000e+00 0.000000000000000000e+00 3.948532562768947152e-01 3.023403706006324576e-01 0.000000000000000000e+00 0.000000000000000000e+00 0.000000000000000000e+00 0.000000000000000000e+00 0.000000000000000000e+00 0.000000000000000000e+00 0.000000000000000000e+00 0.000000000000000000e+00
1.399999999999999911e+00 4.169125084197858322e-01 0.000000000000000000e+00 5.830874915802124470e-01 0.000000000000000000e+00 0.000000000000000000e+00 0.000000000000000000e+00 3.993207542336619231e-01 2.892047783979255771e-01 0.000000000000000000e+00 0.000000000000000000e+00 0.000000000000000000e+00 0.000000000000000000e+00 0.000000000000000000e+00 0.000000000000000000e+00 0.000000000000000000e+00 0.000000000000000000e+00
1.500000000000000000e+00 3.884863959151940715e-01 0.000000000000000000e+00 6.115136040848043741e-01 0.000000000000000000e+00 0.000000000000000000e+00 0.000000000000000000e+00 4.021831771821845480e-01 2.753423467218950038e-01 0.000000000000000000e+00 0.000000000000000000e+00 0.000000000000000000e+00 0.000000000000000000e+00 0.000000000000000000e+00 0.000000000000000000e+00 0.000000000000000000e+00 0.000000000000000000e+00
1.599999999999999867e+00 3.627185837483172248e-01 0.000000000000000000e+00 6.372814162516825531e-01 0.000000000000000000e+00 0.000000000000000000e+00 0.000000000000000000e+00 4.038313629293967533e-01 2.609100283098632067e-01 0.000000000000000000e+00 0.000000000000000000e+00 0.000000000000000000e+00 0.000000000000000000e+00 0.000000000000000000e+00 0.000000000000000000e+00 0.000000000000000000e+00 0.000000000000000000e+00
1.699999999999999956e+00 3.395056606517418696e-01 0.000000000000000000e+00 6.604943393482608505e-01 0.000000000000000000e+00 0.000000000000000000e+00 0.000000000000000000e+00 4.045800186263019405e-01 2.460824569053604582e-01 0.000000000000000000e+00 0.000000000000000000e+00 0.000000000000000000e+00 0.000000000000000000e+00 0.000000000000000000e+00 0.000000000000000000e+00 0.000000000000000000e+00 0.000000000000000000e+00
1.800000000000000044e+00 3.187805888955991818e-01 0.000000000000000000e+00 6.812194111044054257e-01 0.000000000000000000e+00 0.000000000000000000e+00 0.000000000000000000e+00 4.046578892503608915e-01 2.311093200903510114e-01 0.000000000000000000e+00 0.000000000000000000e+00 0.000000000000000000e+00 0.000000000000000000e+00 0.000000000000000000e+00 0.000000000000000000e+00 0.000000000000000000e+00 0.000000000000000000e+00
1.899999999999999911e+00 3.004206736790298038e-01 0.000000000000000000e+00 6.995793263209710844e-01 0.000000000000000000e+00 0.000000000000000000e+00 0.000000000000000000e+00 4.042041816017315492e-01 2.163031945785966748e-01 0.000000000000000000e+00 0.000000000000000000e+00 0.000000000000000000e+00 0.000000000000000000e+00 0.000000000000000000e+00 0.000000000000000000e+00 0.000000000000000000e+00 0.000000000000000000e+00
2.000000000000000000e+00 2.842128593310884743e-01 0.000000000000000000e+00 7.157871406689112481e-01 0.000000000000000000e+00 0.000000000000000000e+00 0.000000000000000000e+00 4.032832410843232296e-01 2.019864781731990355e-01 0.000000000000000000e+00 0.000000000000000000e+00 0.000000000000000000e+00 0.000000000000000000e+00 0.000000000000000000e+00 0.000000000000000000e+00 0.000000000000000000e+00 0.000000000000000000e+00
2.099999999999999645e+00 2.698393228275197120e-01 0.000000000000000000e+00 7.301606771724803435e-01 0.000000000000000000e+00 0.000000000000000000e+00 0.000000000000000000e+00 4.019019636698761277e-01 1.884167562217573533e-01 0.000000000000000000e+00 0.000000000000000000e+00 0.000000000000000000e+00 0.000000000000000000e+00 0.000000000000000000e+00 0.000000000000000000e+00 0.000000000000000000e+00 0.000000000000000000e+00
2.199999999999999734e+00 2.568972594177819646e-01 0.000000000000000000e+00 7.431027405822164811e-01 0.000000000000000000e+00 0.000000000000000000e+00 0.000000000000000000e+00 4.000366197019935011e-01 1.757036158727824926e-01 0.000000000000000000e+00 0.000000000000000000e+00 0.000000000000000000e+00 0.000000000000000000e+00 0.000000000000000000e+00 0.000000000000000000e+00 0.000000000000000000e+00 0.000000000000000000e+00
2.299999999999999822e+00 2.449945236995157705e-01 0.000000000000000000e+00 7.550054763004830916e-01 0.000000000000000000e+00 0.000000000000000000e+00 0.000000000000000000e+00 3.976655495969315113e-01 1.638118364693822993e-01 0.000000000000000000e+00 0.000000000000000000e+00 0.000000000000000000e+00 0.000000000000000000e+00 0.000000000000000000e+00 0.000000000000000000e+00 0.000000000000000000e+00 0.000000000000000000e+00
2.399999999999999911e+00 2.338264293024863993e-01 0.000000000000000000e+00 7.661735706975127957e-01 0.000000000000000000e+00 0.000000000000000000e+00 0.000000000000000000e+00 3.948142418287626798e-01 1.525560374190511048e-01 0.000000000000000000e+00 0.000000000000000000e+00 0.000000000000000000e+00 0.000000000000000000e+00 0.000000000000000000e+00 0.000000000000000000e+00 0.000000000000000000e+00 0.000000000000000000e+00
2.500000000000000000e+00 2.232034321092367102e-01 0.000000000000000000e+00 7.767965678907640115e-01 0.000000000000000000e+00 0.000000000000000000e+00 0.000000000000000000e+00 3.915480771391616766e-01 1.416819090100823186e-01 0.000000000000000000e+00 0.000000000000000000e+00 0.000000000000000000e+00 0.000000000000000000e+00 0.000000000000000000e+00 0.000000000000000000e+00 0.000000000000000000e+00 0.000000000000000000e+00
2.600000000000000089e+00 2.131059090918936139e-01 0.000000000000000000e+00 7.868940909081064694e-01 0.000000000000000000e+00 0.000000000000000000e+00 0.000000000000000000e+00 3.880004567833842399e-01 1.309481809444671407e-01 0.000000000000000000e+00 0.000000000000000000e+00 0.000000000000000000e+00 0.000000000000000000e+00 0.000000000000000000e+00 0.000000000000000000e+00 0.000000000000000000e+00 0.000000000000000000e+00
2.699999999999999734e+00 2.036206769994481636e-01 0.000000000000000000e+00 7.963793230005514756e-01 0.000000000000000000e+00 0.000000000000000000e+00 0.000000000000000000e+00 3.843301816256234349e-01 1.202065236773113138e-01 0.000000000000000000e+00 0.000000000000000000e+00 0.000000000000000000e+00 0.000000000000000000e+00 0.000000000000000000e+00 0.000000000000000000e+00 0.000000000000000000e+00 0.000000000000000000e+00
2.799999999999999822e+00 1.948957463847199867e-01 0.000000000000000000e+00 8.051042536152807072e-01 0.000000000000000000e+00 0.000000000000000000e+00 0.000000000000000000e+00 3.807014157682616640e-01 1.094432576944920632e-01 0.000000000000000000e+00 0.000000000000000000e+00 0.000000000000000000e+00 0.000000000000000000e+00 0.000000000000000000e+00 0.000000000000000000e+00 0.000000000000000000e+00 0.000000000000000000e+00
2.899999999999999911e+00 1.870619686636192658e-01 0.000000000000000000e+00 8.129380313363796517e-01 0.000000000000000000e+00 0.000000000000000000e+00 0.000000000000000000e+00 3.772395669403461604e-01 9.879320582253064975e-02 0.000000000000000000e+00 0.000000000000000000e+00 0.000000000000000000e+00 0.000000000000000000e+00 0.000000000000000000e+00 0.000000000000000000e+00 0.000000000000000000e+00 0.000000000000000000e+00
3.000000000000000000e+00 1.801529199815289084e-01 0.000000000000000000e+00 8.198470800184668450e-01 0.000000000000000000e+00 0.000000000000000000e+00 0.000000000000000000e+00 3.739896291437639908e-01 8.848504151508836124e-02 0.000000000000000000e+00 0.000000000000000000e+00 0.000000000000000000e+00 0.000000000000000000e+00 0.000000000000000000e+00 0.000000000000000000e+00 0.000000000000000000e+00 0.000000000000000000e+00
