1.000000000000000056e-01 9.920735473017449069e-01 0.000000000000000000e+00 7.926452698255948351e-03 0.000000000000000000e+00 0.000000000000000000e+00 0.000000000000000000e+00 -8.327639894422268763e-02 -3.047400924680126674e-02 0.000000000000000000e+00 0.000000000000000000e+00 0.000000000000000000e+00 0.000000000000000000e+00 0.000000000000000000e+00 0.000000000000000000e+00 0.000000000000000000e+00 0.000000000000000000e+00
2.000000000000000111e-01 9.687018715233631783e-01 0.000000000000000000e+00 3.129812847664096426e-02 0.000000000000000000e+00 0.000000000000000000e+00 0.000000000000000000e+00 -1.633179789129717285e-01 -6.038040398318697544e-02 0.000000000000000000e+00 0.000000000000000000e+00 0.000000000000000000e+00 0.000000000000000000e+00 0.000000000000000000e+00 0.000000000000000000e+00 0.000000000000000000e+00 0.000000000000000000e+00
2.999999999999999889e-01 9.310705297669967795e-01 0.000000000000000000e+00 6.892947023300315113e-02 0.000000000000000000e+00 0.000000000000000000e+00 0.000000000000000000e+00 -2.371280552989424861e-01 -8.915426834023687519e-02 0.000000000000000000e+00 0.000000000000000000e+00 0.000000000000000000e+00 0.000000000000000000e+00 0.000000000000000000e+00 0.000000000000000000e+00 0.000000000000000000e+00 0.000000000000000000e+00
4.000000000000000222e-01 8.810348288261103944e-01 0.000000000000000000e+00 1.189651711738855810e-01 0.000000000000000000e+00 0.000000000000000000e+00 0.000000000000000000e+00 -3.021603841333880824e-01 -1.162392392351405540e-01 0.000000000000000000e+00 0.000000000000000000e+00 0.000000000000000000e+00 0.000000000000000000e+00 0.000000000000000000e+00 0.000000000000000000e+00 0.000000000000000000e+00 0.000000000000000000e+00
5.000000000000000000e-01 8.209618249016800151e-01 0.000000000000000000e+00 1.790381750983247033e-01 0.000000000000000000e+00 0.000000000000000000e+00 0.000000000000000000e+00 -3.564735268521159184e-01 -1.411032645120719187e-01 0.000000000000000000e+00 0.000000000000000000e+00 0.000000000000000000e+00 0.000000000000000000e+00 0.000000000000000000e+00 0.000000000000000000e+00 0.000000000000000000e+00 0.000000000000000000e+00
5.999999999999999778e-01 7.535319401305523579e-01 0.000000000000000000e+00 2.464680598694508895e-01 0.000000000000000000e+00 0.000000000000000000e+00 0.000000000000000000e+00 -3.988356144520374125e-01 -1.632535107477550707e-01 0.000000000000000000e+00 0.000000000000000000e+00 0.000000000000000000e+00 0.000000000000000000e+00 0.000000000000000000e+00 0.000000000000000000e+00 0.000000000000000000e+00 0.000000000000000000e+00
6.999999999999999556e-01 6.815245474668456538e-01 0.000000000000000000e+00 3.184754525331564001e-01 0.000000000000000000e+00 0.000000000000000000e+00 0.000000000000000000e+00 -4.287525188023103562e-01 -1.822638611581668400e-01 0.000000000000000000e+00 0.000000000000000000e+00 0.000000000000000000e+00 0.000000000000000000e+00 0.000000000000000000e+00 0.000000000000000000e+00 0.000000000000000000e+00 0.000000000000000000e+00
7.999999999999999334e-01 6.076382403940490118e-01 0.000000000000000000e+00 3.923617596059507107e-01 0.000000000000000000e+00 0.000000000000000000e+00 0.000000000000000000e+00 -4.464183025251742265e-01 -1.977996663397109112e-01 0.000000000000000000e+00 0.000000000000000000e+00 0.000000000000000000e+00 0.000000000000000000e+00 0.000000000000000000e+00 0.000000000000000000e+00 0.000000000000000000e+00 0.000000000000000000e+00
8.999999999999999112e-01 5.343122113445020194e-01 0.000000000000000000e+00 4.656877886555033652e-01 0.000000000000000000e+00 0.000000000000000000e+00 0.000000000000000000e+00 -4.526350838567768653e-01 -2.096286066422745342e-01 0.000000000000000000e+00 0.000000000000000000e+00 0.000000000000000000e+00 0.000000000000000000e+00 0.000000000000000000e+00 0.000000000000000000e+00 0.000000000000000000e+00 0.000000000000000000e+00
9.999999999999998890e-01 4.636235841602261987e-01 0.000000000000000000e+00 5.363764158397743564e-01 0.000000000000000000e+00 0.000000000000000000e+00 0.000000000000000000e+00 -4.486692737207538251e-01 -2.176525643897315176e-01 0.000000000000000000e+00 0.000000000000000000e+00 0.000000000000000000e+00 0.000000000000000000e+00 0.000000000000000000e+00 0.000000000000000000e+00 0.000000000000000000e+00 0.000000000000000000e+00
1.099999999999999867e+00 3.971848871748428489e-01 0.000000000000000000e+00 6.028151128251563184e-01 0.000000000000000000e+00 0.000000000000000000e+00 0.000000000000000000e+00 -4.361051083292898922e-01 -2.219040032940743923e-01 0.000000000000000000e+00 0.000000000000000000e+00 0.000000000000000000e+00 0.000000000000000000e+00 0.000000000000000000e+00 0.000000000000000000e+00 0.000000000000000000e+00 0.000000000000000000e+00
1.199999999999999956e+00 3.361707557868374718e-01 0.000000000000000000e+00 6.638292442131601412e-01 0.000000000000000000e+00 0.000000000000000000e+00 0.000000000000000000e+00 -4.166862975216018006e-01 -2.225589986024817668e-01 0.000000000000000000e+00 0.000000000000000000e+00 0.000000000000000000e+00 0.000000000000000000e+00 0.000000000000000000e+00 0.000000000000000000e+00 0.000000000000000000e+00 0.000000000000000000e+00
1.300000000000000044e+00 2.812779169923104172e-01 0.000000000000000000e+00 7.187220830076913591e-01 0.000000000000000000e+00 0.000000000000000000e+00 0.000000000000000000e+00 -3.921842931809574884e-01 -2.198911761370118123e-01 0.000000000000000000e+00 0.000000000000000000e+00 0.000000000000000000e+00 0.000000000000000000e+00 0.000000000000000000e+00 0.000000000000000000e+00 0.000000000000000000e+00 0.000000000000000000e+00
1.399999999999999911e+00 2.328190155443998766e-01 0.000000000000000000e+00 7.671809844555961266e-01 0.000000000000000000e+00 0.000000000000000000e+00 0.000000000000000000e+00 -3.642708531993672505e-01 -2.142920139443338645e-01 0.000000000000000000e+00 0.000000000000000000e+00 0.000000000000000000e+00 0.000000000000000000e+00 0.000000000000000000e+00 0.000000000000000000e+00 0.000000000000000000e+00 0.000000000000000000e+00
1.500000000000000000e+00 1.907794121550674682e-01 0.000000000000000000e+00 8.092205878449352241e-01 0.000000000000000000e+00 0.000000000000000000e+00 0.000000000000000000e+00 -3.344566672782123273e-01 -2.062070936895062656e-01 0.000000000000000000e+00 0.000000000000000000e+00 0.000000000000000000e+00 0.000000000000000000e+00 0.000000000000000000e+00 0.000000000000000000e+00 0.000000000000000000e+00 0.000000000000000000e+00
1.599999999999999867e+00 1.548734523398689056e-01 0.000000000000000000e+00 8.451265476601298454e-01 0.000000000000000000e+00 0.000000000000000000e+00 0.000000000000000000e+00 -3.040138815544744522e-01 -1.961204358526333624e-01 0.000000000000000000e+00 0.000000000000000000e+00 0.000000000000000000e+00 0.000000000000000000e+00 0.000000000000000000e+00 0.000000000000000000e+00 0.000000000000000000e+00 0.000000000000000000e+00
1.699999999999999956e+00 1.246447777455997330e-01 0.000000000000000000e+00 8.753552222543984351e-01 0.000000000000000000e+00 0.000000000000000000e+00 0.000000000000000000e+00 -2.739685385207574209e-01 -1.845256013584186117e-01 0.000000000000000000e+00 0.000000000000000000e+00 0.000000000000000000e+00 0.000000000000000000e+00 0.000000000000000000e+00 0.000000000000000000e+00 0.000000000000000000e+00 0.000000000000000000e+00
1.800000000000000044e+00 9.953178040850677033e-02 0.000000000000000000e+00 9.004682195914933684e-01 0.000000000000000000e+00 0.000000000000000000e+00 0.000000000000000000e+00 -2.451062206519195596e-01 -1.718957407722702391e-01 0.000000000000000000e+00 0.000000000000000000e+00 0.000000000000000000e+00 0.000000000000000000e+00 0.000000000000000000e+00 0.000000000000000000e+00 0.000000000000000000e+00 0.000000000000000000e+00
1.899999999999999911e+00 7.891433483090894152e-02 0.000000000000000000e+00 9.210856651690904062e-01 0.000000000000000000e+00 0.000000000000000000e+00 0.000000000000000000e+00 -2.179655468356085368e-01 -1.586754023175530326e-01 0.000000000000000000e+00 0.000000000000000000e+00 0.000000000000000000e+00 0.000000000000000000e+00 0.000000000000000000e+00 0.000000000000000000e+00 0.000000000000000000e+00 0.000000000000000000e+00
2.000000000000000000e+00 6.217173528650316028e-02 0.000000000000000000e+00 9.378282647134997818e-01 0.000000000000000000e+00 0.000000000000000000e+00 0.000000000000000000e+00 -1.928973335049920246e-01 -1.452481643176616599e-01 0.000000000000000000e+00 0.000000000000000000e+00 0.000000000000000000e+00 0.000000000000000000e+00 0.000000000000000000e+00 0.000000000000000000e+00 0.000000000000000000e+00 0.000000000000000000e+00
2.099999999999999645e+00 4.870522498331551070e-02 0.000000000000000000e+00 9.512947750166824701e-01 0.000000000000000000e+00 0.000000000000000000e+00 0.000000000000000000e+00 -1.700767881874951371e-01 -1.319352559595383945e-01 0.000000000000000000e+00 0.000000000000000000e+00 0.000000000000000000e+00 0.000000000000000000e+00 0.000000000000000000e+00 0.000000000000000000e+00 0.000000000000000000e+00 0.000000000000000000e+00
2.199999999999999734e+00 3.796706092175252539e-02 0.000000000000000000e+00 9.620329390782503820e-01 0.000000000000000000e+00 0.000000000000000000e+00 0.000000000000000000e+00 -1.495434765011623979e-01 -1.190055113518767860e-01 0.000000000000000000e+00 0.000000000000000000e+00 0.000000000000000000e+00 0.000000000000000000e+00 0.000000000000000000e+00 0.000000000000000000e+00 0.000000000000000000e+00 0.000000000000000000e+00
2.299999999999999822e+00 2.947298636262128679e-02 0.000000000000000000e+00 9.705270136373792544e-01 0.000000000000000000e+00 0.000000000000000000e+00 0.000000000000000000e+00 -1.312606253014423352e-01 -1.066535403131901316e-01 0.000000000000000000e+00 0.000000000000000000e+00 0.000000000000000000e+00 0.000000000000000000e+00 0.000000000000000000e+00 0.000000000000000000e+00 0.000000000000000000e+00 0.000000000000000000e+00
2.399999999999999911e+00 2.279645409169001047e-02 0.000000000000000000e+00 9.772035459083114883e-01 0.000000000000000000e+00 0.000000000000000000e+00 0.000000000000000000e+00 -1.150987822424308915e-01 -9.502129184656331329e-02 0.000000000000000000e+00 0.000000000000000000e+00 0.000000000000000000e+00 0.000000000000000000e+00 0.000000000000000000e+00 0.000000000000000000e+00 0.000000000000000000e+00 0.000000000000000000e+00
2.500000000000000000e+00 1.758205002883959228e-02 0.000000000000000000e+00 9.824179499711642727e-01 0.000000000000000000e+00 0.000000000000000000e+00 0.000000000000000000e+00 -1.009068464838183410e-01 -8.420647104924733339e-02 0.000000000000000000e+00 0.000000000000000000e+00 0.000000000000000000e+00 0.000000000000000000e+00 0.000000000000000000e+00 0.000000000000000000e+00 0.000000000000000000e+00 0.000000000000000000e+00
2.600000000000000089e+00 1.352740385920269024e-02 0.000000000000000000e+00 9.864725961408000732e-01 0.000000000000000000e+00 0.000000000000000000e+00 0.000000000000000000e+00 -8.850002320053020066e-02 -7.424391632841133293e-02 0.000000000000000000e+00 0.000000000000000000e+00 0.000000000000000000e+00 0.000000000000000000e+00 0.000000000000000000e+00 0.000000000000000000e+00 0.000000000000000000e+00 0.000000000000000000e+00
2.699999999999999734e+00 1.038977722437387473e-02 0.000000000000000000e+00 9.896102227756303771e-01 0.000000000000000000e+00 0.000000000000000000e+00 0.000000000000000000e+00 -7.768990502809730581e-02 -6.516217083249271902e-02 0.000000000000000000e+00 0.000000000000000000e+00 0.000000000000000000e+00 0.000000000000000000e+00 0.000000000000000000e+00 0.000000000000000000e+00 0.000000000000000000e+00 0.000000000000000000e+00
2.799999999999999822e+00 7.969496654157979046e-03 0.000000000000000000e+00 9.920305033458390875e-01 0.000000000000000000e+00 0.000000000000000000e+00 0.000000000000000000e+00 -6.828916777246590852e-02 -5.694360010620340418e-02 0.000000000000000000e+00 0.000000000000000000e+00 0.000000000000000000e+00 0.000000000000000000e+00 0.000000000000000000e+00 0.000000000000000000e+00 0.000000000000000000e+00 0.000000000000000000e+00
2.899999999999999911e+00 6.109005933652610770e-03 0.000000000000000000e+00 9.938909940663515075e-01 0.000000000000000000e+00 0.000000000000000000e+00 0.000000000000000000e+00 -6.012633059260107798e-02 -4.956319738374902195e-02 0.000000000000000000e+00 0.000000000000000000e+00 0.000000000000000000e+00 0.000000000000000000e+00 0.000000000000000000e+00 0.000000000000000000e+00 0.000000000000000000e+00 0.000000000000000000e+00
3.000000000000000000e+00 4.682185863707686267e-03 0.000000000000000000e+00 9.953178141362895026e-01 0.000000000000000000e+00 0.000000000000000000e+00 0.000000000000000000e+00 -5.304337551057537736e-02 -4.297282211135058927e-02 0.000000000000000000e+00 0.000000000000000000e+00 0.000000000000000000e+00 0.000000000000000000e+00 0.000000000000000000e+00 0.000000000000000000e+00 0.000000000000000000e+00 0.000000000000000000e+00
