7.500000000000000000e-01 -8.543023888664759147e-01 -2.282139570290223074e-02 4.979098706507006922e-01
8.016666666666666385e-01 -7.870202677112351219e-01 -1.231089233087220292e-01 5.887382026625915810e-01
8.533333333333332771e-01 -7.026153874094889229e-01 -2.110490709889633332e-01 6.679370039122817237e-01
9.050000000000000266e-01 -6.053529352069944025e-01 -2.823450085991835445e-01 7.357448938097382873e-01
9.566666666666666652e-01 -5.002688022648589250e-01 -3.341105271394657072e-01 7.927570300119475277e-01
1.008333333333333304e+00 -3.927722117989562722e-01 -3.650224246829311681e-01 8.398304251562211942e-01
1.060000000000000053e+00 -2.881348191400630587e-01 -3.753357187400621631e-01 8.780279555736562047e-01
1.111666666666666581e+00 -1.911175019166270750e-01 -3.667803860888577683e-01 9.084796565360911957e-01
1.163333333333333330e+00 -1.055657399298456228e-01 -3.422581695717010764e-01 9.323436105778915017e-01
1.214999999999999858e+00 -3.418885942351421875e-02 -3.055056256738439280e-01 9.507257423563200138e-01
1.266666666666666607e+00 2.157488509169396343e-02 -2.606645213765577673e-01 9.646490597515329224e-01
1.318333333333333357e+00 6.154228613615807253e-02 -2.118940221004569635e-01 9.750181925251510950e-01
1.369999999999999885e+00 8.661896056499168717e-02 -1.629867849583447326e-01 9.826150637623990436e-01
1.421666666666666412e+00 9.863203530832692634e-02 -1.171152907395827947e-01 9.880870820762129858e-01
1.473333333333333162e+00 9.996656836539469237e-02 -7.665338743372676622e-02 9.919629526075609549e-01
1.524999999999999911e+00 9.332391053948896342e-02 -4.306902116456968327e-02 9.946633186645238434e-01
1.576666666666666661e+00 8.141151668177723510e-02 -1.698394038887263147e-02 9.965131219382881156e-01
1.628333333333333188e+00 6.670758849636274079e-02 1.716875391059385914e-03 9.977585759809285415e-01
1.679999999999999716e+00 5.128046523113448385e-02 1.373112876463310553e-02 9.985831303279714133e-01
1.731666666666666465e+00 3.671351655781371348e-02 2.014142395240145489e-02 9.991192510115628478e-01
1.783333333333333215e+00 2.404635119640678720e-02 2.222884534375958038e-02 9.994618155302548157e-01
1.834999999999999742e+00 1.382887563905856217e-02 2.128201449836451820e-02 9.996769129362833572e-01
1.886666666666666492e+00 6.200202578122706101e-03 1.847713437474388098e-02 9.998095792634190682e-01
1.938333333333333242e+00 1.003086064573962752e-03 1.480379150877236816e-02 9.998896782728052823e-01
1.989999999999999769e+00 -2.133940132327533448e-03 1.097675732614119756e-02 9.999373619315269357e-01
2.041666666666666519e+00 -3.673955951066298214e-03 7.498736345592892615e-03 9.999650802190358512e-01
2.093333333333332824e+00 -4.082338192549773460e-03 4.631296909683272310e-03 9.999809170222619947e-01
2.144999999999999574e+00 -3.783537157668053971e-03 2.468396100616889258e-03 9.999897840905777047e-01
2.196666666666666323e+00 -3.124982035247838175e-03 9.860695988146987896e-04 9.999946257225481583e-01
2.248333333333333073e+00 -2.344364096778910229e-03 6.743091397097404106e-05 9.999972473304824527e-01
2.299999999999999822e+00 -1.608612868895117898e-03 -4.114442699258355485e-04 9.999986205041052623e-01
