7.500000000000000000e-01 -8.191530848501474837e-01 4.819430399832846934e-03 4.797736667351240047e-01
8.016666666666666385e-01 -7.566250990773703000e-01 -9.211931704977779911e-02 5.671622187424885109e-01
8.533333333333332771e-01 -6.783783539422364450e-01 -1.778545410407972316e-01 6.437871477791438091e-01
9.050000000000000266e-01 -5.881278662288071946e-01 -2.484725580829383607e-01 7.099926535683501738e-01
9.566666666666666652e-01 -4.902477284264011304e-01 -3.012376077044096045e-01 7.663932468573355639e-01
1.008333333333333304e+00 -3.894854384135296166e-01 -3.347494211110143558e-01 8.137727524821610769e-01
1.060000000000000053e+00 -2.905693272833432816e-01 -3.489676647621379191e-01 8.530491979586753981e-01
1.111666666666666581e+00 -1.978853185344681687e-01 -3.451782014232296913e-01 8.851762935332601057e-01
1.163333333333333330e+00 -1.151250168871565394e-01 -3.257771967458198414e-01 9.111205284278032224e-01
1.214999999999999858e+00 -4.504892767206702953e-02 -2.940134109780390137e-01 9.318094747029694869e-01
1.266666666666666607e+00 1.069996437243556781e-02 -2.536362755789152712e-01 9.481113621720618223e-01
1.318333333333333357e+00 5.160912803506675223e-02 -2.085265843401456487e-01 9.608125913129073048e-01
1.369999999999999885e+00 7.825273962655052151e-02 -1.623744865609735855e-01 9.706012728419562974e-01
1.421666666666666412e+00 9.209500429930232712e-02 -1.183474310912584759e-01 9.780731066965819842e-01
1.473333333333333162e+00 9.526953859579234685e-02 -7.891174225251704200e-02 9.837251979948992142e-01
1.524999999999999911e+00 9.026990328365511185e-02 -4.572047052252496691e-02 9.879673828197714780e-01
1.576666666666666661e+00 7.969655169523270910e-02 -1.957593048367553545e-02 9.911304989581938285e-01
1.628333333333333188e+00 6.597974939676529149e-02 -5.382163641100487506e-04 9.934769208573637211e-01
1.679999999999999716e+00 5.121203794294117845e-02 1.195151355284877065e-02 9.952102775019845415e-01
1.731666666666666465e+00 3.702050015741470412e-02 1.885142937689010534e-02 9.964870026942115322e-01
1.783333333333333215e+00 2.452319895760904020e-02 2.137723876842474377e-02 9.974254582624425547e-01
1.834999999999999742e+00 1.433374011032632032e-02 2.078269065416227593e-02 9.981148560525460178e-01
1.886666666666666492e+00 6.648066313361558274e-03 1.822956614233060130e-02 9.986212724287146791e-01
1.938333333333333242e+00 1.360173313221272814e-03 1.471846372051670120e-02 9.989929383568386667e-01
1.989999999999999769e+00 -1.876719199013954405e-03 1.099213715607904110e-02 9.992658519842807507e-01
2.041666666666666519e+00 -3.503984010001920217e-03 7.557490076212675968e-03 9.994661547922487621e-01
2.093333333333332824e+00 -3.979673098917156995e-03 4.703986695767316435e-03 9.996130201194873832e-01
2.144999999999999574e+00 -3.731173789372500479e-03 2.536890508035435747e-03 9.997205333107100911e-01
2.196666666666666323e+00 -3.103313251468901163e-03 1.037658186621420904e-03 9.997990474177567144e-01
2.248333333333333073e+00 -2.340614011440654389e-03 1.035384905594221010e-04 9.998562246578385215e-01
2.299999999999999822e+00 -1.615643377829462535e-03 -3.894911086288364507e-04 9.998976758455883074e-01
