7.500000000000000000e-01 -8.344831649904421722e-01 -4.867655982231988698e-03 4.848539693930093430e-01
8.016666666666666385e-01 -7.705294597659231304e-01 -1.035484005208320291e-01 5.739946778492995838e-01
8.533333333333332771e-01 -6.901912830193210890e-01 -1.907572784087862572e-01 6.521894303882215249e-01
9.050000000000000266e-01 -5.973015138553848802e-01 -2.623655524634787017e-01 7.197032657368197528e-01
9.566666666666666652e-01 -4.964496982988527152e-01 -3.154813373043917069e-01 7.770737773838704010e-01
1.008333333333333304e+00 -3.926283236493545714e-01 -3.486172680470108198e-01 8.250604207926679479e-01
1.060000000000000053e+00 -2.908412399686940986e-01 -3.617563751837075126e-01 8.645693209241832600e-01
1.111666666666666581e+00 -1.957090746797889580e-01 -3.562878029904193444e-01 8.965826611105999211e-01
1.163333333333333330e+00 -1.111077713184581289e-01 -3.347907809711003768e-01 9.221110141362132140e-01
1.214999999999999858e+00 -3.987214920389782480e-02 -3.007312646323033190e-01 9.421465526429718684e-01
1.266666666666666607e+00 1.634988362611043688e-02 -2.580895614411787276e-01 9.576204849581892997e-01
1.318333333333333357e+00 5.713506257194194554e-02 -2.109465950486738850e-01 9.693833272738127116e-01
1.369999999999999885e+00 8.319573230678184439e-02 -1.631254935051492383e-01 9.781839293447777139e-01
1.421666666666666412e+00 9.616907613199375537e-02 -1.178742278447741931e-01 9.846658694025429703e-01
1.473333333333333162e+00 9.834638958428917888e-02 -7.765862085633395973e-02 9.893670262967565465e-01
1.524999999999999911e+00 9.237070497829197313e-02 -4.408355114318614210e-02 9.927240602551254955e-01
1.576666666666666661e+00 8.094075708698258986e-02 -1.787026761053659568e-02 9.950854968548145107e-01
1.628333333333333188e+00 6.654823344182801692e-02 1.019444377713195349e-03 9.967223933109367051e-01
1.679999999999999716e+00 5.130215123009276151e-02 1.323314424037407705e-02 9.978407278128212932e-01
1.731666666666666465e+00 3.682073213534822059e-02 1.981366713716508146e-02 9.985939704188037114e-01
1.783333333333333215e+00 2.417470758899960270e-02 2.203244806806974390e-02 9.990947020347058505e-01
1.834999999999999742e+00 1.394573179043891858e-02 2.118155199674157455e-02 9.994232034114332031e-01
1.886666666666666492e+00 6.293904702886861033e-03 1.842981141229171199e-02 9.996363224991163809e-01
1.938333333333333242e+00 1.071380259682133684e-03 1.478869724056239114e-02 9.997726239511387503e-01
1.989999999999999769e+00 -2.091926217604053728e-03 1.098206165181588902e-02 9.998590695687793461e-01
2.041666666666666519e+00 -3.645393545315139643e-03 7.511468589936797641e-03 9.999132969212934929e-01
2.093333333333332824e+00 -4.068994943751544184e-03 4.640824817290212928e-03 9.999470333694046031e-01
2.144999999999999574e+00 -3.776617179426637518e-03 2.477051537606177536e-03 9.999678361981174657e-01
2.196666666666666323e+00 -3.120740528465195535e-03 9.904164355349557962e-04 9.999805616133828901e-01
2.248333333333333073e+00 -2.343408452471782213e-03 7.090960651140476058e-05 9.999883194135334996e-01
2.299999999999999822e+00 -1.610246510156537964e-03 -4.119833730342628651e-04 9.999930086874428969e-01
