8.000000000000000444e-01 7.293163422866156820e-01 -1.773715385034924097e-01 5.054248410803358071e-01
8.517241379310345195e-01 6.437682437905623001e-01 -2.545771674098151749e-01 5.822101531361785209e-01
9.034482758620689946e-01 5.477597918502591368e-01 -3.149673270009192283e-01 6.497382760134227109e-01
9.551724137931034697e-01 4.460348796597548571e-01 -3.564100457216178297e-01 7.084869361933290310e-01
1.006896551724137945e+00 3.435340000975850572e-01 -3.781634627477984401e-01 7.590771343298479135e-01
1.058620689655172420e+00 2.450055669171599670e-01 -3.808633570335310803e-01 8.022297623096975583e-01
1.110344827586206895e+00 1.546455794131552652e-01 -3.663921670105505513e-01 8.387139601053984483e-01
1.162068965517241370e+00 7.582324495906948847e-02 -3.376583710248119985e-01 8.692928156303550979e-01
1.213793103448275845e+00 1.083395225746427992e-02 -2.982444429372617112e-01 8.947208127434855829e-01
1.265517241379310320e+00 -3.916803757493714233e-02 -2.520564586997121048e-01 9.157093288859361468e-01
1.317241379310344795e+00 -7.416841816649753782e-02 -2.029801497044696756e-01 9.329105304419486044e-01
1.368965517241379271e+00 -9.517439287803204639e-02 -1.545193596524831736e-01 9.469171606636577199e-01
1.420689655172413746e+00 -1.039861383681671414e-01 -1.095890566181801640e-01 9.582488250597412938e-01
1.472413793103448221e+00 -1.029458011626298020e-01 -7.031676526471826449e-02 9.673603637734476957e-01
1.524137931034482696e+00 -9.464399402018125462e-02 -3.799549510964939092e-02 9.746425927907010900e-01
1.575862068965517171e+00 -8.165682285357708792e-02 -1.312203810667265935e-02 9.804274102611242325e-01
1.627586206896551646e+00 -6.632368676555021325e-02 4.512323464293761799e-03 9.849945838738036752e-01
1.679310344827586121e+00 -5.060401337756093021e-02 1.564356468604680486e-02 9.885766310149043390e-01
1.731034482758620596e+00 -3.595530853666804860e-02 2.137027165778159279e-02 9.913674552135451901e-01
1.782758620689655071e+00 -2.333736954742460928e-02 2.295216611881331983e-02 9.935264133751137150e-01
1.834482758620689546e+00 -1.323222996192536041e-02 2.166227493283318789e-02 9.951840812603718334e-01
1.886206896551724022e+00 -5.748197134833347641e-03 1.863900408902743888e-02 9.964468645598461016e-01
1.937931034482758497e+00 -6.748837290267966499e-04 1.483069323017176949e-02 9.974009756401012172e-01
1.989655172413792972e+00 2.352399671384590094e-03 1.094815578987760711e-02 9.981155660575812272e-01
2.041379310344827225e+00 3.807696160828378563e-03 7.440666195053771172e-03 9.986461118962560723e-01
2.093103448275861922e+00 4.154975285671084866e-03 4.571786367791658666e-03 9.990362749682700771e-01
2.144827586206896619e+00 3.818461030050266086e-03 2.422632929592465154e-03 9.993204638224543190e-01
2.196551724137930872e+00 3.133764789605604680e-03 9.442281067601520153e-04 9.995254584184047886e-01
2.248275862068965125e+00 2.349790063009530791e-03 4.257616868155473383e-05 9.996718166616276324e-01
2.299999999999999822e+00 1.604735656086535289e-03 -4.299456232562117678e-04 9.997752846509662117e-01
