1.000000000000000000e+00 -4.100099650718073141e-01 -3.573605524325635940e-01 8.291432691544500244e-01
1.051724137931034475e+00 -3.051335949788333557e-01 -3.717083636066191854e-01 8.691729975670868802e-01
1.103448275862068950e+00 -2.069388852969180070e-01 -3.667802305046505285e-01 9.012714831936856630e-01
1.155172413793103425e+00 -1.194671829185390000e-01 -3.452787727700201148e-01 9.265753872285847903e-01
1.206896551724137900e+00 -4.567184031609616834e-02 -3.107866791889510871e-01 9.461921806336585083e-01
1.258620689655172376e+00 1.275345597793773114e-02 -2.674011367009756501e-01 9.611473891596361563e-01
1.310344827586206851e+00 5.537559831286305301e-02 -2.193043020407204891e-01 9.723609209893030458e-01
1.362068965517241326e+00 8.290960298439942200e-02 -1.703811673421488926e-01 9.806332460365591031e-01
1.413793103448275801e+00 9.700843392683923538e-02 -1.239634915109234653e-01 9.866331260936767045e-01
1.465517241379310276e+00 9.998162567232928011e-02 -8.257184777163649458e-02 9.909146475282344380e-01
1.517241379310344751e+00 9.451254411740800387e-02 -4.785131767217040699e-02 9.939185779133458132e-01
1.568965517241379448e+00 8.331860676959514100e-02 -2.058233685151958370e-02 9.959919009637198117e-01
1.620689655172413701e+00 6.893989695855391731e-02 -7.495491054400685305e-04 9.973993561922357420e-01
1.672413793103448398e+00 5.353194878718610383e-02 1.224441652548592663e-02 9.983388759106375243e-01
1.724137931034482651e+00 3.875740740754950175e-02 1.944343004960384647e-02 9.989557194145721741e-01
1.775862068965517349e+00 2.575644220469516452e-02 2.210428593437074180e-02 9.993537721287282238e-01
1.827586206896551602e+00 1.515334343409800374e-02 2.153730833880816015e-02 9.996063248795229450e-01
1.879310344827586299e+00 7.151968741688934095e-03 1.894265704707310746e-02 9.997639248792478117e-01
1.931034482758620552e+00 1.615850608502078858e-03 1.534159578636484951e-02 9.998606096252045106e-01
1.982758620689655249e+00 -1.794511024764578778e-03 1.150450065485987550e-02 9.999189472687151081e-01
2.034482758620689502e+00 -3.531281510278531065e-03 7.952708805310069670e-03 9.999535975930606835e-01
2.086206896551724199e+00 -4.076779997248292618e-03 4.987371015300368603e-03 9.999738011631186252e-01
2.137931034482758896e+00 -3.851997673056637133e-03 2.722536198845248653e-03 9.999854294305027258e-01
2.189655172413793149e+00 -3.223014773027882765e-03 1.147518602975948834e-03 9.999919908087921971e-01
2.241379310344827402e+00 -2.450396068544902911e-03 1.637755048972315639e-04 9.999956470095749950e-01
2.293103448275862100e+00 -1.700361228230983001e-03 -3.684514260145037301e-04 9.999976651928896842e-01
2.344827586206896797e+00 -1.074583945589462682e-03 -5.829503337877609340e-04 9.999987531255858375e-01
2.396551724137931050e+00 -6.020752720032507450e-04 -5.968398385636048895e-04 9.999993396533921608e-01
2.448275862068965303e+00 -2.803059451340509994e-04 -5.119263725996738837e-04 9.999996500740450101e-01
2.500000000000000000e+00 -8.057188549923680011e-05 -3.847178984806936771e-04 9.999998166006778266e-01
