1.000000000000000000e+00 -4.102591301392901069e-01 -3.543846925528003622e-01 8.264286280823111008e-01
1.051724137931034475e+00 -3.057719608030698422e-01 -3.694773280876901822e-01 8.669499504328788131e-01
1.103448275862068950e+00 -2.077678135197253695e-01 -3.652207849024741160e-01 8.994915278257523683e-01
1.155172413793103425e+00 -1.203231329417668027e-01 -3.442703379949328402e-01 9.251841840121614036e-01
1.206896551724137900e+00 -4.645312803040516081e-02 -3.102008051236206931e-01 9.451257585197713196e-01
1.258620689655172376e+00 1.210539232284459088e-02 -2.671124513843680104e-01 9.603446942956941346e-01
1.310344827586206851e+00 5.487500693967166387e-02 -2.192106828926134177e-01 9.717652697216911939e-01
1.362068965517241326e+00 8.254237081294985012e-02 -1.704058926759038917e-01 9.801968898726938217e-01
1.413793103448275801e+00 9.676661101264251441e-02 -1.240417144113707404e-01 9.863173718347931773e-01
1.465517241379310276e+00 9.982991415073533270e-02 -8.266417036763037962e-02 9.906893942189189950e-01
1.517241379310344751e+00 9.442858826145730800e-02 -4.794251809161678007e-02 9.937589999387217432e-01
1.568965517241379448e+00 8.327260292954967447e-02 -2.065105159252181993e-02 9.958809095883315310e-01
1.620689655172413701e+00 6.892390461769704046e-02 -8.079052744191864144e-04 9.973222213678470949e-01
1.672413793103448398e+00 5.352882247954672545e-02 1.220661309204494616e-02 9.982860448424624167e-01
1.724137931034482651e+00 3.876759792401217319e-02 1.941835305825941396e-02 9.989195695606418735e-01
1.775862068965517349e+00 2.576430134633075214e-02 2.209143658861320234e-02 9.993294970992118165e-01
1.827586206896551602e+00 1.516285790850093775e-02 2.152750147696095434e-02 9.995901669064368722e-01
1.879310344827586299e+00 7.155511856481460223e-03 1.894299078598791694e-02 9.997531809105624223e-01
1.931034482758620552e+00 1.617352515984977687e-03 1.533860830554152968e-02 9.998536442778748201e-01
1.982758620689655249e+00 -1.791678544380576749e-03 1.150195728826083202e-02 9.999144374033397398e-01
2.034482758620689502e+00 -3.530236061929451982e-03 7.953797527892039407e-03 9.999506734477613401e-01
2.086206896551724199e+00 -4.075450608882225448e-03 4.987367388712480101e-03 9.999719485565465860e-01
2.137931034482758896e+00 -3.849837542155981184e-03 2.722241648172157250e-03 9.999842668570688708e-01
2.189655172413793149e+00 -3.224587356910818721e-03 1.146397785712446448e-03 9.999912550347025419e-01
2.241379310344827402e+00 -2.452750240472297959e-03 1.605873509612446709e-04 9.999951887459761490e-01
2.293103448275862100e+00 -1.703412606018418025e-03 -3.685266978817321008e-04 9.999973822420651359e-01
2.344827586206896797e+00 -1.073923921522328996e-03 -5.821749676460136365e-04 9.999985856170087173e-01
2.396551724137931050e+00 -6.023457199052359087e-04 -5.997698039361139656e-04 9.999992362676630719e-01
2.448275862068965303e+00 -2.790135852443619718e-04 -5.106067290025454331e-04 9.999995906437181281e-01
2.500000000000000000e+00 -8.254279892561989813e-05 -3.815227583051313855e-04 9.999997819709945945e-01
