1.000000000000000000e+00 -4.108359723713738143e-01 -3.408095540500035714e-01 8.143370078872329554e-01
1.051724137931034475e+00 -3.084525360568941554e-01 -3.587371314728131089e-01 8.564324315190554593e-01
1.103448275862068950e+00 -2.116482644624969878e-01 -3.572993106784942419e-01 8.906318104750114983e-01
1.155172413793103425e+00 -1.246315415334652288e-01 -3.388997405143978625e-01 9.179299192797758522e-01
1.206896551724137900e+00 -5.059672216030951242e-02 -3.069439497100768799e-01 9.393395332570191325e-01
1.258620689655172376e+00 8.502632802342879187e-03 -2.654579771109926156e-01 9.558389519708159199e-01
1.310344827586206851e+00 5.200012931129822935e-02 -2.186596463183970718e-01 9.683324028221242941e-01
1.362068965517241326e+00 8.041725857441632541e-02 -1.705202781859676275e-01 9.776344436723043430e-01
1.413793103448275801e+00 9.530134390068849271e-02 -1.245053032894593292e-01 9.844383983980651287e-01
1.465517241379310276e+00 9.891928932911171757e-02 -8.323629740266103028e-02 9.893336358399535957e-01
1.517241379310344751e+00 9.391093845613575353e-02 -4.848485251639097354e-02 9.927966737474953618e-01
1.568965517241379448e+00 8.303215661856525043e-02 -2.110850836430805400e-02 9.952058946268298456e-01
1.620689655172413701e+00 6.884182203854383175e-02 -1.145363575864505323e-03 9.968557580550599928e-01
1.672413793103448398e+00 5.353840656781113511e-02 1.197120509632057517e-02 9.979670560275958335e-01
1.724137931034482651e+00 3.881096965390572195e-02 1.927320146192925202e-02 9.987040501093497058e-01
1.775862068965517349e+00 2.581878036159201972e-02 2.200409428875222187e-02 9.991853631250539047e-01
1.827586206896551602e+00 1.521264831363875955e-02 2.148826609212179176e-02 9.994945755226321005e-01
1.879310344827586299e+00 7.194243053347938385e-03 1.892276850042711941e-02 9.996905820754343752e-01
1.931034482758620552e+00 1.642660134702598682e-03 1.533716708963790872e-02 9.998129018581072280e-01
1.982758620689655249e+00 -1.776805951344697689e-03 1.150399754335841920e-02 9.998882286505755834e-01
2.034482758620689502e+00 -3.522280259524777565e-03 7.955890727088358455e-03 9.999339626268068937e-01
2.086206896551724199e+00 -4.070418511806247683e-03 4.994100707935630705e-03 9.999613614195593803e-01
2.137931034482758896e+00 -3.848347863839059971e-03 2.725430844458929906e-03 9.999776366483175138e-01
2.189655172413793149e+00 -3.224064032585860669e-03 1.153252493121605191e-03 9.999871319698989680e-01
2.241379310344827402e+00 -2.449003108710678424e-03 1.604981946053971389e-04 9.999926632430975459e-01
2.293103448275862100e+00 -1.700369510307243263e-03 -3.678596975505517199e-04 9.999958410309923718e-01
2.344827586206896797e+00 -1.077330590011794237e-03 -5.797703588420851295e-04 9.999976481043417742e-01
2.396551724137931050e+00 -6.048930115151651341e-04 -5.975613625646900018e-04 9.999986756124162879e-01
2.448275862068965303e+00 -2.787572535651965371e-04 -5.113724472739318225e-04 9.999992575315420629e-01
2.500000000000000000e+00 -8.257199801267427197e-05 -3.843831690330674596e-04 9.999995850645703177e-01
