1.000000000000000000e+00 -3.755878871512229322e-01 -2.179313636864089743e-01 7.398135314848826027e-01
1.051724137931034475e+00 -2.980376689975536841e-01 -2.426646699800140139e-01 7.778192619159610688e-01
1.103448275862068950e+00 -2.232966410921215783e-01 -2.532578623347613855e-01 8.102083654309095717e-01
1.155172413793103425e+00 -1.540643974171781450e-01 -2.509301971710392043e-01 8.377620018394853485e-01
1.206896551724137900e+00 -9.258058813488533045e-02 -2.375170673097381502e-01 8.611885860143599913e-01
1.258620689655172376e+00 -4.049092240447690200e-02 -2.153163599544063445e-01 8.811171690482942909e-01
1.310344827586206851e+00 1.227710759608868774e-03 -1.869029081727435204e-01 8.980954781336768500e-01
1.362068965517241326e+00 3.229277516988834917e-02 -1.549253063023905697e-01 9.125936788556813228e-01
1.413793103448275801e+00 5.308704985910434049e-02 -1.219176201055706815e-01 9.250088261184045146e-01
1.465517241379310276e+00 6.458470510799106667e-02 -9.009256038217403062e-02 9.356750488590221959e-01
1.517241379310344751e+00 6.820887637058267727e-02 -6.124557103247997569e-02 9.448658083030598842e-01
1.568965517241379448e+00 6.565838273524929325e-02 -3.662264091516079234e-02 9.528083687636810239e-01
1.620689655172413701e+00 5.874853409062715665e-02 -1.692013832502266973e-02 9.596868016075152941e-01
1.672413793103448398e+00 4.923223767311953047e-02 -2.303445307947897536e-03 9.656517889521093467e-01
1.724137931034482651e+00 3.865134272061184623e-02 7.512571969786465548e-03 9.708269823277431154e-01
1.775862068965517349e+00 2.825923412039552454e-02 1.315292832559025737e-02 9.753137658651598318e-01
1.827586206896551602e+00 1.894504173300697383e-02 1.544340821247098053e-02 9.791972998078510848e-01
1.879310344827586299e+00 1.124527433649009575e-02 1.529076697564835802e-02 9.825496587966510154e-01
1.931034482758620552e+00 5.372663594845466031e-03 1.357370358099969226e-02 9.854331316462082713e-01
1.982758620689655249e+00 1.280770340940521994e-03 1.103808437367068129e-02 9.879027184134816508e-01
2.034482758620689502e+00 -1.251251294950092227e-03 8.282151489803456224e-03 9.900072608011608599e-01
2.086206896551724199e+00 -2.540715146471523526e-03 5.704881802280316154e-03 9.917910226497108628e-01
2.137931034482758896e+00 -2.937318019474533057e-03 3.545083188818964025e-03 9.932940520869708578e-01
2.189655172413793149e+00 -2.767740230026488179e-03 1.907852798370820654e-03 9.945527534490870014e-01
2.241379310344827402e+00 -2.300185448737155670e-03 7.717514724718081958e-04 9.956002398543704057e-01
2.293103448275862100e+00 -1.726049715408363308e-03 7.332120489960541887e-05 9.964663769671255888e-01
2.344827586206896797e+00 -1.180559912359613068e-03 -2.933779810338211754e-04 9.971779370756242988e-01
2.396551724137931050e+00 -7.277035066308023149e-04 -4.342973343133259842e-04 9.977587547884728680e-01
2.448275862068965303e+00 -3.953091614142930027e-04 -4.302142237451160741e-04 9.982298285591397757e-01
2.500000000000000000e+00 -1.741057107016542394e-04 -3.571438654008919850e-04 9.986094836685912579e-01
