0.000000000000000000e+00 1.794449094523347646e-14 1.356803307541816998e-18 -1.000000000000000000e+00
1.034482758620689641e-01 1.293649321755943049e-01 8.373691822440181010e-02 -9.880547699918257321e-01
2.068965517241379282e-01 2.474115716174754009e-01 1.760428396785672089e-01 -9.527828537683997734e-01
3.103448275862069061e-01 3.423096616901498690e-01 2.834145882252344095e-01 -8.958226827930932945e-01
4.137931034482758563e-01 4.016147070621824966e-01 4.083313085691209765e-01 -8.197368402854476876e-01
5.172413793103448620e-01 4.129479317982154285e-01 5.475422737073888380e-01 -7.277829923378944521e-01
6.206896551724138122e-01 3.656490627696618034e-01 6.909159031586378230e-01 -6.236440335677457814e-01
7.241379310344827624e-01 2.533556007406686517e-01 8.212931975317540045e-01 -5.111592889659575256e-01
8.275862068965517127e-01 7.714775224029840617e-02 9.158474936360576635e-01 -3.940388433943413093e-01
9.310344827586206629e-01 -1.514988372097295088e-01 9.492358920464948335e-01 -2.756700046509495960e-01
1.034482758620689724e+00 -4.089377362086145107e-01 8.986024969042392119e-01 -1.589904241403410079e-01
1.137931034482758674e+00 -6.599507745251136370e-01 7.498745458184882251e-01 -4.634154918433344011e-02
1.241379310344827624e+00 -8.615292750069903915e-01 5.040860946101838325e-01 6.048896738168576398e-02
1.344827586206896575e+00 -9.701477152002466742e-01 1.819904876891952905e-01 1.602726980204196294e-01
1.448275862068965525e+00 -9.516822106812609094e-01 -1.750805882820561932e-01 2.522743663381008528e-01
1.551724137931034475e+00 -7.919724329803483620e-01 -5.096643310534232363e-01 3.361795596745593695e-01
1.655172413793103425e+00 -5.050448091390975502e-01 -7.584038463731848090e-01 4.120053230749738393e-01
1.758620689655172376e+00 -1.357208409730937815e-01 -8.667050867573864448e-01 4.799973099360990703e-01
1.862068965517241326e+00 2.458638469088653689e-01 -8.045478714954416022e-01 5.406009045125481638e-01
1.965517241379310276e+00 5.582997773673709085e-01 -5.788548455918812730e-01 5.943266769243379377e-01
2.068965517241379448e+00 7.291978229322340077e-01 -2.374430624194779904e-01 6.417845546899345610e-01
2.172413793103448398e+00 7.166164130299608193e-01 1.385158369877538265e-01 6.835720363947345168e-01
2.275862068965517349e+00 5.247586584667085496e-01 4.536822385837215865e-01 7.202758519291488915e-01
2.379310344827586299e+00 2.075390462811327885e-01 6.250647576723703525e-01 7.524748042383220259e-01
2.482758620689655249e+00 -1.433122101281887883e-01 6.082587056643838919e-01 7.806919661169438029e-01
2.586206896551724199e+00 -4.240442552015464273e-01 4.141151311561568349e-01 8.054144096717745782e-01
2.689655172413793149e+00 -5.515002674997082632e-01 1.086495606271160874e-01 8.270671552063201259e-01
2.793103448275862100e+00 -4.916395070828984415e-01 -2.061498425689836933e-01 8.460439948067479676e-01
2.896551724137931050e+00 -2.730329869444573232e-01 -4.256999979300516990e-01 8.626877962745356232e-01
3.000000000000000000e+00 2.134444693134876503e-02 -4.794722183993795905e-01 8.772962106192170317e-01
