0.000000000000000000e+00 1.693743868627287559e-14 1.140993091707783741e-18 -1.000000000000000000e+00
1.034482758620689641e-01 7.022857683862936953e-04 -6.665309350753940987e-04 -9.999995280837178369e-01
2.068965517241379282e-01 1.430341888959523518e-03 -1.310679322207877057e-03 -9.999981121662070427e-01
3.103448275862069061e-01 2.192693106083503859e-03 -1.916379883365250045e-03 -9.999957511141056576e-01
4.137931034482758563e-01 3.007152990218664793e-03 -2.457895162468764008e-03 -9.999924466260016187e-01
5.172413793103448620e-01 3.884324668263713226e-03 -2.915897505040064216e-03 -9.999881910370939098e-01
6.206896551724138122e-01 4.830744584676470096e-03 -3.258901867469984111e-03 -9.999830055131877504e-01
7.241379310344827624e-01 5.853845245426279008e-03 -3.458069477366789574e-03 -9.999768683658171176e-01
8.275862068965517127e-01 6.947747965639669565e-03 -3.483507453478099959e-03 -9.999697754914386172e-01
9.310344827586206629e-01 8.096295752755940794e-03 -3.300477677137921700e-03 -9.999617544018550852e-01
1.034482758620689724e+00 9.280100315386568752e-03 -2.871628631252207825e-03 -9.999527899777479467e-01
1.137931034482758674e+00 1.046372627308585039e-02 -2.169232781908915324e-03 -9.999428730514184904e-01
1.241379310344827624e+00 1.159931580137908355e-02 -1.157503645721784900e-03 -9.999320253669637948e-01
1.344827586206896575e+00 1.262738963589526281e-02 1.799313688168372415e-04 -9.999202229710275613e-01
1.448275862068965525e+00 1.347336617504433717e-02 1.856011240873742685e-03 -9.999074727419359210e-01
1.551724137931034475e+00 1.405090673510330304e-02 3.864216484448701819e-03 -9.998937773347932323e-01
1.655172413793103425e+00 1.426348039421435065e-02 6.178156299342129829e-03 -9.998791450171348183e-01
1.758620689655172376e+00 1.401164633815653662e-02 8.744385343308434116e-03 -9.998635536814773905e-01
1.862068965517241326e+00 1.319502315777822121e-02 1.147566286975008551e-02 -9.998470454296414234e-01
1.965517241379310276e+00 1.172556744895713460e-02 1.425508045448103424e-02 -9.998295912349951520e-01
2.068965517241379448e+00 9.541484506130171878e-03 1.692500272687336854e-02 -9.998111861184467708e-01
2.172413793103448398e+00 6.601256927069764496e-03 1.930457148513496993e-02 -9.997918064594591980e-01
2.275862068965517349e+00 2.923600593388761895e-03 2.117139916858714471e-02 -9.997715343745741112e-01
2.379310344827586299e+00 -1.420380534439750000e-03 2.230000229750933247e-02 -9.997502613183746334e-01
2.482758620689655249e+00 -6.281443925218723953e-03 2.245676225792644226e-02 -9.997280245462527581e-01
2.586206896551724199e+00 -1.143313997211164133e-02 2.142579415361599640e-02 -9.997050072074568083e-01
2.689655172413793149e+00 -1.657591146912355817e-02 1.905778512948793496e-02 -9.996809088847122826e-01
2.793103448275862100e+00 -2.133551828113416232e-02 1.525814729054574340e-02 -9.996558702452690293e-01
2.896551724137931050e+00 -2.527244027433912799e-02 1.005707986932612499e-02 -9.996299453775119304e-01
3.000000000000000000e+00 -2.793940845031481560e-02 3.614334797917055642e-03 -9.996030171396613762e-01
