0.000000000000000000e+00 2.004667508660009891e-14 1.876095811545002793e-18 -1.000000000000000000e+00
1.034482758620689641e-01 7.074813373038748437e-03 -6.692027277261736705e-03 -9.999525629948402550e-01
2.068965517241379282e-01 1.415404022802150240e-02 -1.338123397251604965e-02 -9.998102513313146256e-01
3.103448275862069061e-01 2.122911552258185258e-02 -2.006832081562130027e-02 -9.995731539491014006e-01
4.137931034482758563e-01 2.830298237959068611e-02 -2.675071688499716660e-02 -9.992413188510533839e-01
5.172413793103448620e-01 3.536948289346549673e-02 -3.343201038553414439e-02 -9.988148695925880283e-01
6.206896551724138122e-01 4.243049188748499595e-02 -4.010537670669857974e-02 -9.982940576477818961e-01
7.241379310344827624e-01 4.948617899542880755e-02 -4.677343021258296291e-02 -9.976788802240320608e-01
8.275862068965517127e-01 5.653357348019620587e-02 -5.343649116774576435e-02 -9.969695334325504588e-01
9.310344827586206629e-01 6.357151405971936398e-02 -6.008943900373404229e-02 -9.961664752408622148e-01
1.034482758620689724e+00 7.059833382438017446e-02 -6.673421652765948453e-02 -9.952698702441743484e-01
1.137931034482758674e+00 7.761309505595667679e-02 -7.336739130019506727e-02 -9.942801911986256513e-01
1.241379310344827624e+00 8.461802667411046086e-02 -7.999064626197639749e-02 -9.931973227281998273e-01
1.344827586206896575e+00 9.160648215309183384e-02 -8.660148885702638466e-02 -9.920221974579255253e-01
1.448275862068965525e+00 9.857977192562654423e-02 -9.319865614872169246e-02 -9.907550730289585994e-01
1.551724137931034475e+00 1.055416732116182255e-01 -9.978255233587819684e-02 -9.893957465272055218e-01
1.655172413793103425e+00 1.124831101586220572e-01 -1.063498360067397092e-01 -9.879457357040676291e-01
1.758620689655172376e+00 1.194051451492608718e-01 -1.129031477405714190e-01 -9.864049746645776606e-01
1.862068965517241326e+00 1.263112016494525869e-01 -1.194375388010867067e-01 -9.847738862460224674e-01
1.965517241379310276e+00 1.331957134019489952e-01 -1.259581532750700394e-01 -9.830528301116692180e-01
2.068965517241379448e+00 1.400593349337729832e-01 -1.324554619999308014e-01 -9.812432539632219841e-01
2.172413793103448398e+00 1.468964891239015469e-01 -1.389323663730925307e-01 -9.793459947380972475e-01
2.275862068965517349e+00 1.537165795036913585e-01 -1.453907760203416166e-01 -9.773597404849229120e-01
2.379310344827586299e+00 1.605086359063050694e-01 -1.518265680032838960e-01 -9.752871195590512299e-01
2.482758620689655249e+00 1.672796117666093263e-01 -1.582431395993913747e-01 -9.731268684018309356e-01
2.586206896551724199e+00 1.740182743092236195e-01 -1.646338254721549654e-01 -9.708823686998665492e-01
2.689655172413793149e+00 1.807328782379932774e-01 -1.710002141676272291e-01 -9.685523988795208261e-01
2.793103448275862100e+00 1.874144067927580037e-01 -1.773438378691446493e-01 -9.661387924844776487e-01
2.896551724137931050e+00 1.940762803765986311e-01 -1.836604285871860087e-01 -9.636401689624937150e-01
3.000000000000000000e+00 2.007001519898705122e-01 -1.899469622481469167e-01 -9.610612357890010449e-01
