0.000000000000000000e+00 1.707673984407388115e-14 1.169361347595191416e-18 -1.000000000000000000e+00
1.034482758620689641e-01 -8.058506317838059260e-04 -2.613006214365587096e-03 -9.999962533644430884e-01
2.068965517241379282e-01 -1.525580002599774034e-03 -5.254141355322350035e-03 -9.999850181749662115e-01
3.103448275862069061e-01 -2.082424220208739518e-03 -7.939758932412350340e-03 -9.999662896058754136e-01
4.137931034482758563e-01 -2.395652973171013243e-03 -1.067995469444637212e-02 -9.999400698574477664e-01
5.172413793103448620e-01 -2.372432364026108575e-03 -1.347669463368917665e-02 -9.999063365470172160e-01
6.206896551724138122e-01 -1.931219362608030919e-03 -1.630569447155349322e-02 -9.998651477313926783e-01
7.241379310344827624e-01 -9.830742649752938905e-04 -1.912818616616325518e-02 -9.998165095759825594e-01
8.275862068965517127e-01 5.534507028513158122e-04 -2.188457518583401817e-02 -9.997602986111765455e-01
9.310344827586206629e-01 2.754332130595138831e-03 -2.447228253542791526e-02 -9.996966560260370782e-01
1.034482758620689724e+00 5.677204490296074504e-03 -2.676712662627753897e-02 -9.996255103117432927e-01
1.137931034482758674e+00 9.349843750856047520e-03 -2.860753544454658695e-02 -9.995469222761380612e-01
1.241379310344827624e+00 1.377024214098318891e-02 -2.980686417219492040e-02 -9.994607434604135809e-01
1.344827586206896575e+00 1.888041043654278481e-02 -3.014194729139529211e-02 -9.993672142984626472e-01
1.448275862068965525e+00 2.456481612461828418e-02 -2.938596162732345571e-02 -9.992661611465741833e-01
1.551724137931034475e+00 3.063586795935113044e-02 -2.730100673821232726e-02 -9.991576004792941390e-01
1.655172413793103425e+00 3.681149507373503160e-02 -2.367521474935155995e-02 -9.990416409592509650e-01
1.758620689655172376e+00 4.273070769531216173e-02 -1.834056723538603911e-02 -9.989181632107826392e-01
1.862068965517241326e+00 4.793980669247818044e-02 -1.120944463027958443e-02 -9.987872147880855200e-01
1.965517241379310276e+00 5.191058001138348227e-02 -2.307699581253638832e-03 -9.986489555711892674e-01
2.068965517241379448e+00 5.407522821478463748e-02 8.195155260858151894e-03 -9.985031135580397788e-01
2.172413793103448398e+00 5.385155786165599090e-02 1.994262515423966473e-02 -9.983496617810895257e-01
2.275862068965517349e+00 5.070071902640955336e-02 3.237176113708020025e-02 -9.981889797910135087e-01
2.379310344827586299e+00 4.420579526415452376e-02 4.471955653025921212e-02 -9.980209071574566160e-01
2.482758620689655249e+00 3.415460016778429364e-02 5.601848130944981491e-02 -9.978452288669575898e-01
2.586206896551724199e+00 2.060817154743712840e-02 6.515514245900407009e-02 -9.976621720563295659e-01
2.689655172413793149e+00 3.985641257478425570e-03 7.095133595488094247e-02 -9.974716590180500164e-01
2.793103448275862100e+00 -1.488076722691516682e-02 7.227054708879536438e-02 -9.972738886078561515e-01
2.896551724137931050e+00 -3.472470066013234880e-02 6.817838602095557810e-02 -9.970684896443041678e-01
3.000000000000000000e+00 -5.388507442147705273e-02 5.809160324148750221e-02 -9.968557656726703131e-01
