0.000000000000000000e+00 1.721737006683369845e-14 1.198479260934444665e-18 -1.000000000000000000e+00
1.034482758620689641e-01 2.585700500827623101e-03 -6.418681131671023776e-03 -9.999760388918444987e-01
2.068965517241379282e-01 5.400230872687876611e-03 -1.274686543073798826e-02 -9.999041386342059079e-01
3.103448275862069061e-01 8.656693725247181781e-03 -1.887522563699967418e-02 -9.997843205591657734e-01
4.137931034482758563e-01 1.255839259685440079e-02 -2.467443616903463449e-02 -9.996165910537263555e-01
5.172413793103448620e-01 1.729038637056573222e-02 -2.997089984694529044e-02 -9.994011357411891616e-01
6.206896551724138122e-01 2.300348519573019307e-02 -3.456081974724126843e-02 -9.991377289415420693e-01
7.241379310344827624e-01 2.979959977222523121e-02 -3.817523527417912566e-02 -9.988265205242405909e-01
8.275862068965517127e-01 3.771140081147181938e-02 -4.049484561124748472e-02 -9.984677129820399566e-01
9.310344827586206629e-01 4.668704353472365176e-02 -4.115687168607214813e-02 -9.980612023564243707e-01
1.034482758620689724e+00 5.656466750720313269e-02 -3.975495900655671988e-02 -9.976069788815399297e-01
1.137931034482758674e+00 6.703502149087636752e-02 -3.587218397200656050e-02 -9.971053908443885394e-01
1.241379310344827624e+00 7.763277795408045356e-02 -2.912496096860459766e-02 -9.965563350978413615e-01
1.344827586206896575e+00 8.772343038994645514e-02 -1.917347916864966390e-02 -9.959601379674544175e-01
1.448275862068965525e+00 9.649165253830072064e-02 -5.829028838945510271e-03 -9.953165180178252802e-01
1.551724137931034475e+00 1.029558667541807387e-01 1.091036695895174213e-02 -9.946258636997397096e-01
1.655172413793103425e+00 1.060162503730957828e-01 3.076627155054117990e-02 -9.938880782750022513e-01
1.758620689655172376e+00 1.045145130562715186e-01 5.311597319279003082e-02 -9.931036740079182135e-01
1.862068965517241326e+00 9.735196508553894956e-02 7.692872625249225216e-02 -9.922721553155413599e-01
1.965517241379310276e+00 8.361083706323224618e-02 1.007237296422067996e-01 -9.913946675686249321e-01
2.068965517241379448e+00 6.274336307584699179e-02 1.226011958450884815e-01 -9.904704053726222091e-01
2.172413793103448398e+00 3.473658799388579244e-02 1.402938936623057409e-01 -9.895000626151534417e-01
2.275862068965517349e+00 3.064929788474390904e-04 1.513222854223364999e-01 -9.884841066558149869e-01
2.379310344827586299e+00 -3.894926668518053359e-02 1.532372046565937118e-01 -9.874212080023757609e-01
2.482758620689655249e+00 -8.049076449912744013e-02 1.438989042998459200e-01 -9.863131451416413675e-01
2.586206896551724199e+00 -1.208496321859257316e-01 1.218781041577113589e-01 -9.851600660791342001e-01
2.689655172413793149e+00 -1.558048120287721383e-01 8.686524695560213227e-02 -9.839606264029064908e-01
2.793103448275862100e+00 -1.807416976315989465e-01 3.998902776671602738e-02 -9.827169068404045804e-01
2.896551724137931050e+00 -1.911714083518152585e-01 -1.586300645495310191e-02 -9.814280561750019505e-01
3.000000000000000000e+00 -1.834053674836089443e-01 -7.600574027051867909e-02 -9.800942391496676453e-01
