0.000000000000000000e+00 1.855735051814866257e-14 1.500617535041281587e-18 -1.000000000000000000e+00
1.034482758620689641e-01 -3.021088344710878837e-02 -3.173171415539233209e-01 -9.478374820434434245e-01
2.068965517241379282e-01 -3.971629659399086854e-02 -6.001740253054270724e-01 -7.988811448704532525e-01
3.103448275862069061e-01 -1.457388788937635793e-02 -8.186912510342526650e-01 -5.740455118060758810e-01
4.137931034482758563e-01 4.784170793994479975e-02 -9.517621574725106948e-01 -3.030759833948195592e-01
5.172413793103448620e-01 1.378944101343884676e-01 -9.902728390909217859e-01 -1.842782271187940954e-02
6.206896551724138122e-01 2.366603624682470097e-01 -9.386631233254020268e-01 2.507955232904224285e-01
7.241379310344827624e-01 3.217531596721608378e-01 -8.141666355680391431e-01 4.833251750016023252e-01
8.275862068965517127e-01 3.740936132056386088e-01 -6.435014251667371399e-01 6.677996459583498412e-01
9.310344827586206629e-01 3.833328924437325869e-01 -4.574818550043192600e-01 8.023488149385713530e-01
1.034482758620689724e+00 3.503085264043265812e-01 -2.847392284786126604e-01 8.923035624994183346e-01
1.137931034482758674e+00 2.858357449952136919e-01 -1.461902282307571688e-01 9.470612889611830232e-01
1.241379310344827624e+00 2.065801340014003784e-01 -5.178630294861920336e-02 9.770578396839409985e-01
1.344827586206896575e+00 1.296357368566760093e-01 -3.773248788407103371e-04 9.915613706403716421e-01
1.448275862068965525e+00 6.774318738982523791e-02 1.754698632683883430e-02 9.975483462366615539e-01
1.551724137931034475e+00 2.670009119604298958e-02 1.534584492092432723e-02 9.995256320299154007e-01
1.655172413793103425e+00 5.472494903241156838e-03 5.632356528722329628e-03 9.999691463238397082e-01
1.758620689655172376e+00 -1.534535366791513894e-03 -2.912088370934628242e-03 9.999945746135258107e-01
1.862068965517241326e+00 -1.265283806247782371e-03 -6.631124735592937650e-03 9.999771982201207665e-01
1.965517241379310276e+00 6.709735595672684447e-04 -5.885405746361364876e-03 9.999824422982847016e-01
2.068965517241379448e+00 1.370860009665886585e-03 -3.056488152254202735e-03 9.999943813312461849e-01
2.172413793103448398e+00 4.671984525589848564e-04 -5.212597074969179756e-04 9.999997530801106871e-01
2.275862068965517349e+00 -9.969615222817679485e-04 5.673741144132731732e-04 9.999993390457175835e-01
2.379310344827586299e+00 -1.906475681823936643e-03 3.668849515503455096e-04 9.999981105158294303e-01
2.482758620689655249e+00 -1.805472611642981295e-03 -2.556919906752611743e-04 9.999983328505460678e-01
2.586206896551724199e+00 -1.013807940787966877e-03 -5.194457011857859727e-04 9.999993481758071567e-01
2.689655172413793149e+00 -1.963871446012185472e-04 -2.042986944951309745e-04 9.999999590197314880e-01
2.793103448275862100e+00 1.739286000390363675e-04 3.894477431196222746e-04 9.999999078339263381e-01
2.896551724137931050e+00 5.815286154345556324e-05 8.247480994312517914e-04 9.999996559606776358e-01
3.000000000000000000e+00 -2.411711747792154997e-04 8.390937424425722220e-04 9.999996165196228803e-01
