0.000000000000000000e+00 -7.893772828766733944e-12 9.704157935098105944e-12 -1.000000000000000000e+00
1.025641025641025605e-01 -2.090369259714675576e-01 2.376959030613744472e-01 -9.484922802410473697e-01
2.051282051282051211e-01 -4.146261693016707883e-01 4.267824752498466379e-01 -8.024301540377886122e-01
3.076923076923077094e-01 -6.097020275890672192e-01 5.304261833198347098e-01 -5.836552480160611678e-01
4.102564102564102422e-01 -7.784483907044508211e-01 5.298203687888384250e-01 -3.210594817014048585e-01
5.128205128205127750e-01 -8.964089390127294443e-01 4.275990389834991579e-01 -4.538570109930535612e-02
6.153846153846154188e-01 -9.388298214904318151e-01 2.487170559532849712e-01 2.158680625797031738e-01
7.179487179487179516e-01 -8.918138319066655217e-01 3.541193318113289301e-02 4.428706037314379396e-01
8.205128205128204844e-01 -7.601566431065699403e-01 -1.637608176264170601e-01 6.252851432973025592e-01
9.230769230769230171e-01 -5.685312417397624385e-01 -3.074475289716812054e-01 7.615325641243677612e-01
1.025641025641025550e+00 -3.552244258187590709e-01 -3.728803276426977953e-01 8.563443290182058965e-01
1.128205128205128194e+00 -1.604775927536168101e-01 -3.607014748945763793e-01 9.179109355435455253e-01
1.230769230769230838e+00 -1.442095792897733764e-02 -2.916061933057608746e-01 9.552306926176112878e-01
1.333333333333333259e+00 7.044188834134029742e-02 -1.964501881686039619e-01 9.763611008891563969e-01
1.435897435897435903e+00 9.947996033643931313e-02 -1.045869291627698205e-01 9.875575714152203810e-01
1.538461538461538325e+00 8.996883008938989790e-02 -3.530218284377924232e-02 9.931415787519055627e-01
1.641025641025640969e+00 6.242425069547280492e-02 5.086237404557297781e-03 9.958151959635680450e-01
1.743589743589743613e+00 3.339406359148838765e-02 2.064775669665085134e-02 9.971062365933855975e-01
1.846153846153846034e+00 1.199345775036303463e-02 2.054191798814521824e-02 9.977979406696899645e-01
1.948717948717948678e+00 3.473936107837912596e-04 1.390642012457248521e-02 9.982491305242194857e-01
2.051282051282051100e+00 -3.706351958259941105e-03 6.905696983492722388e-03 9.986025167360869093e-01
2.153846153846153744e+00 -3.629425504341430523e-03 2.207188951570547737e-03 9.989038345160146104e-01
2.256410256410256387e+00 -2.208680927736151982e-03 4.269442233942278772e-06 9.991625366125066465e-01
2.358974358974359031e+00 -9.379478982213674664e-04 -5.807462746701997107e-04 9.993785415204760048e-01
2.461538461538461675e+00 -2.259515550869411527e-04 -4.730837706837587916e-04 9.995521586332631880e-01
2.564102564102563875e+00 3.296311200666048676e-05 -2.364956061031636757e-04 9.996863536893165758e-01
2.666666666666666519e+00 6.757437573381630731e-05 -7.756140368655657939e-05 9.997862989275233536e-01
2.769230769230769162e+00 4.066807262369974218e-05 -9.892342333109084573e-06 9.998581986672354649e-01
2.871794871794871806e+00 1.729456165831200630e-05 9.044228829957686814e-06 9.999082754100211412e-01
2.974358974358974450e+00 2.210457338062156430e-06 9.612007519207438688e-06 9.999421088957616277e-01
3.076923076923076650e+00 3.536406388019225550e-06 2.775728412493206213e-06 9.999643209493864759e-01
3.179487179487179294e+00 1.047045236376754828e-06 1.573742593246836298e-06 9.999785111252003089e-01
3.282051282051281937e+00 1.365798206931111309e-07 3.052059388689111732e-06 9.999873435940882516e-01
3.384615384615384581e+00 -8.636875823867365464e-08 -4.171734672621646587e-06 9.999927058010295022e-01
3.487179487179487225e+00 -4.876665367469374501e-06 3.717162773268435879e-07 9.999958840382952019e-01
3.589743589743589425e+00 -2.228085362903170425e-06 1.318266447738227423e-06 9.999977247609147524e-01
3.692307692307692069e+00 -3.259584150874756748e-06 3.492679484750817779e-06 9.999987672491759128e-01
3.794871794871794712e+00 -2.012272247379535139e-06 -1.739801646395683702e-06 9.999993450323636512e-01
3.897435897435897356e+00 -2.792843144188869272e-06 -6.009710654259110908e-06 9.999996585771436797e-01
4.000000000000000000e+00 1.960771916310595775e-07 -8.004692946452415357e-07 9.999998253317756713e-01
