0.000000000000000000e+00 7.944356759005846554e-12 9.545334974139851438e-12 -1.000000000000000000e+00
1.025641025641025605e-01 2.102648649433399575e-01 2.332130738389673053e-01 -9.489028051190226964e-01
2.051282051282051211e-01 4.164520816874331399e-01 4.166634481656706357e-01 -8.043905002401591231e-01
3.076923076923077094e-01 6.107492771294953382e-01 5.157466054444430625e-01 -5.881518735903912276e-01
4.102564102564102422e-01 7.774530081755394173e-01 5.142937620969670887e-01 -3.278727718890592224e-01
5.128205128205127750e-01 8.931467356807683000e-01 4.149076648542207035e-01 -5.338768719099335619e-02
6.153846153846154188e-01 9.341264580299826203e-01 2.408571083245159838e-01 2.077060140817936496e-01
7.179487179487179516e-01 8.870738462556698734e-01 3.274830947121565305e-02 4.350679527043672112e-01
8.205128205128204844e-01 7.568041579555948584e-01 -1.621006580836401589e-01 6.177319496983731950e-01
9.230769230769230171e-01 5.674719812885576919e-01 -3.031503700459315942e-01 7.534240216762804199e-01
1.025641025641025550e+00 3.564908507549912620e-01 -3.678126619260663754e-01 8.462892475245145096e-01
1.128205128205128194e+00 1.633327886280944719e-01 -3.563172927408461144e-01 9.041391981522991506e-01
1.230769230769230838e+00 1.782162186366541279e-02 -2.885484542909563799e-01 9.359805791914254103e-01
1.333333333333333259e+00 -6.732376405386333862e-02 -1.946261374325002902e-01 9.502710860487755262e-01
1.435897435897435903e+00 -9.700271319039600881e-02 -1.035596986415917159e-01 9.539629526860051723e-01
1.538461538461538325e+00 -8.806365757144374307e-02 -3.466884148645738711e-02 9.522222377435538565e-01
1.641025641025640969e+00 -6.088829400876952930e-02 5.485078771366454220e-03 9.485656968341761308e-01
1.743589743589743613e+00 -3.208747881864498774e-02 2.079128669065770374e-02 9.451784119872874701e-01
1.846153846153846034e+00 -1.092470867421764177e-02 2.039177202687902229e-02 9.432517861816833715e-01
1.948717948717948678e+00 3.965350813946218883e-04 1.352498853822030160e-02 9.432785949285132920e-01
2.051282051282051100e+00 4.108857183094128881e-03 6.440598274122212412e-03 9.452832021858258438e-01
2.153846153846153744e+00 3.742047904164419632e-03 1.804728422402330362e-03 9.489950778934729270e-01
2.256410256410256387e+00 2.152718236425456982e-03 -2.588589823873993414e-04 9.539819126801143412e-01
2.358974358974359031e+00 8.308551326118007990e-04 -7.007099347696375520e-04 9.597513790124647670e-01
2.461538461538461675e+00 1.374138552737728860e-04 -5.027391493339435254e-04 9.658271057237763912e-01
2.564102564102563875e+00 -7.739878957941624682e-05 -2.220075636125846670e-04 9.718003528853575990e-01
2.666666666666666519e+00 -8.402779772341107767e-05 -5.966590039192780365e-05 9.773591700996683285e-01
2.769230769230769162e+00 -4.194876357571738384e-05 -1.112542039513858116e-06 9.822977776595128718e-01
2.871794871794871806e+00 -1.289249862565520477e-05 1.139171784886525355e-05 9.865101582278922310e-01
2.974358974358974450e+00 -4.353909014317970899e-06 3.898205269252585815e-06 9.899734974721825509e-01
3.076923076923076650e+00 9.206723380083018317e-07 -1.398083634851728828e-06 9.927265088003133231e-01
3.179487179487179294e+00 -1.600687215554644563e-07 3.878390859608509087e-07 9.948471248207256812e-01
3.282051282051281937e+00 -2.054559221980339392e-07 2.535949335146760810e-06 9.964329851709858854e-01
3.384615384615384581e+00 2.719772629407258433e-06 1.856277100433988830e-06 9.975860689994263675e-01
3.487179487179487225e+00 -7.771448322054437528e-07 4.726004551698813443e-07 9.984022685324112079e-01
3.589743589743589425e+00 1.493816575897051813e-06 1.893709253555839932e-06 9.989652844384609987e-01
3.692307692307692069e+00 1.494155629895777900e-06 4.045580573407934039e-06 9.993440954408501220e-01
3.794871794871794712e+00 1.000839154453667203e-06 -2.177027046414106928e-06 9.995928894884330562e-01
3.897435897435897356e+00 -6.758380586261603631e-08 -1.830217271152128745e-06 9.997524989226678205e-01
4.000000000000000000e+00 -4.315198927467475597e-06 2.961340192900192763e-06 9.998525764628900525e-01
