1.000000000000000056e-01 9.735797146349475240e-01 0.000000000000000000e+00 2.642028536504681391e-02 0.000000000000000000e+00 0.000000000000000000e+00 0.000000000000000000e+00 -9.406040100848153673e-02 1.299034058375933276e-01 0.000000000000000000e+00 0.000000000000000000e+00 0.000000000000000000e+00 0.000000000000000000e+00 0.000000000000000000e+00 0.000000000000000000e+00 0.000000000000000000e+00 0.000000000000000000e+00
2.000000000000000111e-01 8.984044008011139448e-01 0.000000000000000000e+00 1.015955991988863188e-01 0.000000000000000000e+00 0.000000000000000000e+00 0.000000000000000000e+00 -1.907513397956181189e-01 2.342815822182876262e-01 0.000000000000000000e+00 0.000000000000000000e+00 0.000000000000000000e+00 0.000000000000000000e+00 0.000000000000000000e+00 0.000000000000000000e+00 0.000000000000000000e+00 0.000000000000000000e+00
2.999999999999999889e-01 7.856998664067401661e-01 0.000000000000000000e+00 2.143001335932583074e-01 0.000000000000000000e+00 0.000000000000000000e+00 0.000000000000000000e+00 -2.879242036631823320e-01 2.923614873127554081e-01 0.000000000000000000e+00 0.000000000000000000e+00 0.000000000000000000e+00 0.000000000000000000e+00 0.000000000000000000e+00 0.000000000000000000e+00 0.000000000000000000e+00 0.000000000000000000e+00
4.000000000000000222e-01 6.511204003324290168e-01 0.000000000000000000e+00 3.488795996675749800e-01 0.000000000000000000e+00 0.000000000000000000e+00 0.000000000000000000e+00 -3.762900334623041076e-01 2.925208288535243173e-01 0.000000000000000000e+00 0.000000000000000000e+00 0.000000000000000000e+00 0.000000000000000000e+00 0.000000000000000000e+00 0.000000000000000000e+00 0.000000000000000000e+00 0.000000000000000000e+00
5.000000000000000000e-01 5.111788812721752562e-01 0.000000000000000000e+00 4.888211187278174163e-01 0.000000000000000000e+00 0.000000000000000000e+00 0.000000000000000000e+00 -4.408798312224115334e-01 2.355843946607348582e-01 0.000000000000000000e+00 0.000000000000000000e+00 0.000000000000000000e+00 0.000000000000000000e+00 0.000000000000000000e+00 0.000000000000000000e+00 0.000000000000000000e+00 0.000000000000000000e+00
5.999999999999999778e-01 3.800650988201579317e-01 0.000000000000000000e+00 6.199349011798448439e-01 0.000000000000000000e+00 0.000000000000000000e+00 0.000000000000000000e+00 -4.660838990539292181e-01 1.355780900055593985e-01 0.000000000000000000e+00 0.000000000000000000e+00 0.000000000000000000e+00 0.000000000000000000e+00 0.000000000000000000e+00 0.000000000000000000e+00 0.000000000000000000e+00 0.000000000000000000e+00
6.999999999999999556e-01 2.675333373039336937e-01 0.000000000000000000e+00 7.324666626960614213e-01 0.000000000000000000e+00 0.000000000000000000e+00 0.000000000000000000e+00 -4.423505882040405512e-01 1.688809615154828608e-02 0.000000000000000000e+00 0.000000000000000000e+00 0.000000000000000000e+00 0.000000000000000000e+00 0.000000000000000000e+00 0.000000000000000000e+00 0.000000000000000000e+00 0.000000000000000000e+00
7.999999999999999334e-01 1.781983678919757119e-01 0.000000000000000000e+00 8.218016321080251485e-01 0.000000000000000000e+00 0.000000000000000000e+00 0.000000000000000000e+00 -3.714088691472232084e-01 -9.219089656452750248e-02 0.000000000000000000e+00 0.000000000000000000e+00 0.000000000000000000e+00 0.000000000000000000e+00 0.000000000000000000e+00 0.000000000000000000e+00 0.000000000000000000e+00 0.000000000000000000e+00
8.999999999999999112e-01 1.122598515606122865e-01 0.000000000000000000e+00 8.877401484393845355e-01 0.000000000000000000e+00 0.000000000000000000e+00 0.000000000000000000e+00 -2.674287027852633170e-01 -1.677482224220757656e-01 0.000000000000000000e+00 0.000000000000000000e+00 0.000000000000000000e+00 0.000000000000000000e+00 0.000000000000000000e+00 0.000000000000000000e+00 0.000000000000000000e+00 0.000000000000000000e+00
9.999999999999998890e-01 6.684439995421090353e-02 0.000000000000000000e+00 9.331556000457954525e-01 0.000000000000000000e+00 0.000000000000000000e+00 0.000000000000000000e+00 -1.530583480458443113e-01 -1.973559427455813531e-01 0.000000000000000000e+00 0.000000000000000000e+00 0.000000000000000000e+00 0.000000000000000000e+00 0.000000000000000000e+00 0.000000000000000000e+00 0.000000000000000000e+00 0.000000000000000000e+00
1.099999999999999867e+00 3.759835202643773550e-02 0.000000000000000000e+00 9.624016479735636453e-01 0.000000000000000000e+00 0.000000000000000000e+00 0.000000000000000000e+00 -5.193416316166384050e-02 -1.829960614773479266e-01 0.000000000000000000e+00 0.000000000000000000e+00 0.000000000000000000e+00 0.000000000000000000e+00 0.000000000000000000e+00 0.000000000000000000e+00 0.000000000000000000e+00 0.000000000000000000e+00
1.199999999999999956e+00 1.995790518617070880e-02 0.000000000000000000e+00 9.800420948138286459e-01 0.000000000000000000e+00 0.000000000000000000e+00 0.000000000000000000e+00 1.904747286284049282e-02 -1.385524480440746276e-01 0.000000000000000000e+00 0.000000000000000000e+00 0.000000000000000000e+00 0.000000000000000000e+00 0.000000000000000000e+00 0.000000000000000000e+00 0.000000000000000000e+00 0.000000000000000000e+00
1.300000000000000044e+00 9.989777958846760703e-03 0.000000000000000000e+00 9.900102220411540754e-01 0.000000000000000000e+00 0.000000000000000000e+00 0.000000000000000000e+00 5.429862020428580238e-02 -8.331651715777459166e-02 0.000000000000000000e+00 0.000000000000000000e+00 0.000000000000000000e+00 0.000000000000000000e+00 0.000000000000000000e+00 0.000000000000000000e+00 0.000000000000000000e+00 0.000000000000000000e+00
1.399999999999999911e+00 4.710082410821886043e-03 0.000000000000000000e+00 9.952899175891768424e-01 0.000000000000000000e+00 0.000000000000000000e+00 0.000000000000000000e+00 5.919761673600786034e-02 -3.440260977657180752e-02 0.000000000000000000e+00 0.000000000000000000e+00 0.000000000000000000e+00 0.000000000000000000e+00 0.000000000000000000e+00 0.000000000000000000e+00 0.000000000000000000e+00 0.000000000000000000e+00
1.500000000000000000e+00 2.089999334412464670e-03 0.000000000000000000e+00 9.979100006655871047e-01 0.000000000000000000e+00 0.000000000000000000e+00 0.000000000000000000e+00 4.563867229395933423e-02 -1.656113290955289665e-03 0.000000000000000000e+00 0.000000000000000000e+00 0.000000000000000000e+00 0.000000000000000000e+00 0.000000000000000000e+00 0.000000000000000000e+00 0.000000000000000000e+00 0.000000000000000000e+00
1.599999999999999867e+00 8.715259192835833396e-04 0.000000000000000000e+00 9.991284740807105935e-01 0.000000000000000000e+00 0.000000000000000000e+00 0.000000000000000000e+00 2.622823903540638657e-02 1.352204509392736058e-02 0.000000000000000000e+00 0.000000000000000000e+00 0.000000000000000000e+00 0.000000000000000000e+00 0.000000000000000000e+00 0.000000000000000000e+00 0.000000000000000000e+00 0.000000000000000000e+00
1.699999999999999956e+00 3.409722399507592277e-04 0.000000000000000000e+00 9.996590277600482244e-01 0.000000000000000000e+00 0.000000000000000000e+00 0.000000000000000000e+00 9.845460718361448774e-03 1.561802574466314604e-02 0.000000000000000000e+00 0.000000000000000000e+00 0.000000000000000000e+00 0.000000000000000000e+00 0.000000000000000000e+00 0.000000000000000000e+00 0.000000000000000000e+00 0.000000000000000000e+00
1.800000000000000044e+00 1.251948212799092002e-04 0.000000000000000000e+00 9.998748051787161861e-01 0.000000000000000000e+00 0.000000000000000000e+00 0.000000000000000000e+00 1.221885052115242705e-04 1.118767700064542125e-02 0.000000000000000000e+00 0.000000000000000000e+00 0.000000000000000000e+00 0.000000000000000000e+00 0.000000000000000000e+00 0.000000000000000000e+00 0.000000000000000000e+00 0.000000000000000000e+00
1.899999999999999911e+00 4.295351562249186757e-05 0.000000000000000000e+00 9.999570464843798856e-01 0.000000000000000000e+00 0.000000000000000000e+00 0.000000000000000000e+00 -3.471545079789938905e-03 5.558769360922335284e-03 0.000000000000000000e+00 0.000000000000000000e+00 0.000000000000000000e+00 0.000000000000000000e+00 0.000000000000000000e+00 0.000000000000000000e+00 0.000000000000000000e+00 0.000000000000000000e+00
2.000000000000000000e+00 1.380532537343500162e-05 0.000000000000000000e+00 9.999861946746230190e-01 0.000000000000000000e+00 0.000000000000000000e+00 0.000000000000000000e+00 -3.384911214167607690e-03 1.532116751851682074e-03 0.000000000000000000e+00 0.000000000000000000e+00 0.000000000000000000e+00 0.000000000000000000e+00 0.000000000000000000e+00 0.000000000000000000e+00 0.000000000000000000e+00 0.000000000000000000e+00
2.099999999999999645e+00 4.090202282013203388e-06 0.000000000000000000e+00 9.999959097977202394e-01 0.000000000000000000e+00 0.000000000000000000e+00 0.000000000000000000e+00 -1.990385476494598883e-03 -3.583508997405036823e-04 0.000000000000000000e+00 0.000000000000000000e+00 0.000000000000000000e+00 0.000000000000000000e+00 0.000000000000000000e+00 0.000000000000000000e+00 0.000000000000000000e+00 0.000000000000000000e+00
2.199999999999999734e+00 1.126529073947893649e-06 0.000000000000000000e+00 9.999988734709297500e-01 0.000000000000000000e+00 0.000000000000000000e+00 0.000000000000000000e+00 -7.422719215427167790e-04 -7.585444432618173270e-04 0.000000000000000000e+00 0.000000000000000000e+00 0.000000000000000000e+00 0.000000000000000000e+00 0.000000000000000000e+00 0.000000000000000000e+00 0.000000000000000000e+00 0.000000000000000000e+00
2.299999999999999822e+00 2.873967201090246341e-07 0.000000000000000000e+00 9.999997126032804662e-01 0.000000000000000000e+00 0.000000000000000000e+00 0.000000000000000000e+00 -6.921915168811690377e-05 -5.314463290458196513e-04 0.000000000000000000e+00 0.000000000000000000e+00 0.000000000000000000e+00 0.000000000000000000e+00 0.000000000000000000e+00 0.000000000000000000e+00 0.000000000000000000e+00 0.000000000000000000e+00
2.399999999999999911e+00 6.801146849283025467e-08 0.000000000000000000e+00 9.999999319885315430e-01 0.000000000000000000e+00 0.000000000000000000e+00 0.000000000000000000e+00 1.275508070603953307e-04 -2.270591689291712656e-04 0.000000000000000000e+00 0.000000000000000000e+00 0.000000000000000000e+00 0.000000000000000000e+00 0.000000000000000000e+00 0.000000000000000000e+00 0.000000000000000000e+00 0.000000000000000000e+00
2.500000000000000000e+00 1.563004168990784734e-08 0.000000000000000000e+00 9.999999843699576285e-01 0.000000000000000000e+00 0.000000000000000000e+00 0.000000000000000000e+00 1.153063818748378193e-04 -4.663652133147512638e-05 0.000000000000000000e+00 0.000000000000000000e+00 0.000000000000000000e+00 0.000000000000000000e+00 0.000000000000000000e+00 0.000000000000000000e+00 0.000000000000000000e+00 0.000000000000000000e+00
2.600000000000000089e+00 3.275950002453951688e-09 0.000000000000000000e+00 9.999999967240534859e-01 0.000000000000000000e+00 0.000000000000000000e+00 0.000000000000000000e+00 5.394414062039831840e-05 1.442615672104205864e-05 0.000000000000000000e+00 0.000000000000000000e+00 0.000000000000000000e+00 0.000000000000000000e+00 0.000000000000000000e+00 0.000000000000000000e+00 0.000000000000000000e+00 0.000000000000000000e+00
2.699999999999999734e+00 6.094286020927810139e-10 0.000000000000000000e+00 9.999999993905727136e-01 0.000000000000000000e+00 0.000000000000000000e+00 0.000000000000000000e+00 1.123153890328620072e-05 1.794003253384008085e-05 0.000000000000000000e+00 0.000000000000000000e+00 0.000000000000000000e+00 0.000000000000000000e+00 0.000000000000000000e+00 0.000000000000000000e+00 0.000000000000000000e+00 0.000000000000000000e+00
2.799999999999999822e+00 3.757935438379516790e-10 0.000000000000000000e+00 9.999999996242081579e-01 0.000000000000000000e+00 0.000000000000000000e+00 0.000000000000000000e+00 4.297521317386237783e-06 1.180431485045322031e-05 0.000000000000000000e+00 0.000000000000000000e+00 0.000000000000000000e+00 0.000000000000000000e+00 0.000000000000000000e+00 0.000000000000000000e+00 0.000000000000000000e+00 0.000000000000000000e+00
2.899999999999999911e+00 1.832890342414911075e-10 0.000000000000000000e+00 9.999999998167165005e-01 0.000000000000000000e+00 0.000000000000000000e+00 0.000000000000000000e+00 2.363032315081867942e-06 1.589502656581098574e-06 0.000000000000000000e+00 0.000000000000000000e+00 0.000000000000000000e+00 0.000000000000000000e+00 0.000000000000000000e+00 0.000000000000000000e+00 0.000000000000000000e+00 0.000000000000000000e+00
3.000000000000000000e+00 1.653278749759630431e-10 0.000000000000000000e+00 9.999999998346740249e-01 0.000000000000000000e+00 0.000000000000000000e+00 0.000000000000000000e+00 -1.916428835946668240e-06 3.493796932236951325e-06 0.000000000000000000e+00 0.000000000000000000e+00 0.000000000000000000e+00 0.000000000000000000e+00 0.000000000000000000e+00 0.000000000000000000e+00 0.000000000000000000e+00 0.000000000000000000e+00
