1.000000000000000056e-01 -1.861429131357663410e-03 -3.071757132425114167e-01 -9.512833257385459040e-01
2.000000000000000111e-01 -1.193961474260409050e-02 -5.759923887438513912e-01 -8.119342374348629265e-01
2.999999999999999889e-01 -2.843524338154506878e-02 -7.811968984023598406e-01 -5.981267541386073860e-01
4.000000000000000222e-01 -4.314192502468788132e-02 -9.099356412146548667e-01 -3.293207579015916542e-01
5.000000000000000000e-01 -5.146026255132387511e-02 -9.537137939394345620e-01 -2.841087623409277799e-02
5.999999999999999778e-01 -5.574116279455734041e-02 -9.065042006912665817e-01 2.755047599172126271e-01
6.999999999999999556e-01 -6.033512668359890946e-02 -7.702522298198630768e-01 5.501139510806076771e-01
7.999999999999999334e-01 -6.616972832090591006e-02 -5.584785331378435691e-01 7.677799101183909736e-01
8.999999999999999112e-01 -7.082673016561923107e-02 -2.932162877247533883e-01 9.099097976778202090e-01
9.999999999999998890e-01 -7.202241881610089991e-02 -1.321000381196399170e-04 9.654116073509364515e-01
1.099999999999999867e+00 -6.966832166213043909e-02 2.936345158320654014e-01 9.287887999903945424e-01
1.199999999999999956e+00 -6.529810261642110536e-02 5.603147429003966229e-01 8.013600013814807799e-01
1.300000000000000044e+00 -6.058544815484107060e-02 7.735819628731760433e-01 5.934913034573265911e-01
1.399999999999999911e+00 -5.649396772584168447e-02 9.117530391969200787e-01 3.248393145251073921e-01
1.500000000000000000e+00 -5.327240717533466424e-02 9.606129872607410691e-01 2.215655639865624429e-02
1.599999999999999867e+00 -5.079978611157304896e-02 9.150199978481237117e-01 -2.840916421297173255e-01
1.699999999999999956e+00 -4.886950521166087691e-02 7.793119477958461161e-01 -5.631799960875440991e-01
1.800000000000000044e+00 -4.731198716528300929e-02 5.667520015172690107e-01 -7.872754209638561651e-01
1.899999999999999911e+00 -4.601414816691719312e-02 2.981735600907699513e-01 -9.341171554036257207e-01
2.000000000000000000e+00 -4.490522564322891458e-02 -8.209383638334105898e-05 -9.891477124386999220e-01
2.099999999999999645e+00 -4.393987459089583603e-02 -2.987440930085826785e-01 -9.468946602425469816e-01
2.199999999999999734e+00 -4.308764739018017959e-02 -5.684975877797104893e-01 -8.114759703569143223e-01
2.299999999999999822e+00 -4.232689349205779467e-02 -7.828351260125588906e-01 -5.961840156941980995e-01
2.399999999999999911e+00 -4.164181819907085413e-02 -9.206814276765116212e-01 -3.221625022135699012e-01
2.500000000000000000e+00 -4.102009485221374402e-02 -9.684536013984003100e-01 -1.632165673382630564e-02
2.600000000000000089e+00 -4.045234275814599961e-02 -9.213943566906855898e-01 2.913024238789416187e-01
2.699999999999999734e+00 -3.993085967300765565e-02 -7.840457744342183011e-01 5.704979329669126464e-01
2.799999999999999822e+00 -3.944962481019063244e-02 -5.698050285773477164e-01 7.938483706066071788e-01
2.899999999999999911e+00 -3.900354126075181865e-02 -2.996170565779484596e-01 9.394160375793952911e-01
3.000000000000000000e+00 -3.858839652822854127e-02 7.761163767467517502e-05 9.928974632035300063e-01
