1.000000000000000056e-01 1.132690703857125604e-04 1.168563288778569050e-03 -9.999993108144559217e-01
2.000000000000000111e-01 2.158331114882463067e-04 2.339797821372885302e-03 -9.999972393761471512e-01
2.999999999999999889e-01 2.969107058961505076e-04 3.517090473858267355e-03 -9.999937709373164507e-01
4.000000000000000222e-01 3.456059210315013059e-04 4.702716518548109847e-03 -9.999888824405066545e-01
5.000000000000000000e-01 3.508889936664785726e-04 5.898403193591413712e-03 -9.999825426987254406e-01
5.999999999999999778e-01 3.015204175618326041e-04 7.105244402468772862e-03 -9.999747119635493675e-01
6.999999999999999556e-01 1.861221227022811066e-04 8.321941075808338140e-03 -9.999653547133185993e-01
7.999999999999999334e-01 -6.873504594398437378e-06 9.548296471501216062e-03 -9.999544139360957429e-01
8.999999999999999112e-01 -2.890480554430483471e-04 1.077944773208242175e-02 -9.999418582653095688e-01
9.999999999999998890e-01 -6.719637720193825893e-04 1.201158126991818190e-02 -9.999276325427609580e-01
1.099999999999999867e+00 -1.166939950588467617e-03 1.323719035257970265e-02 -9.999117035884523830e-01
1.199999999999999956e+00 -1.784790065398068545e-03 1.444630079392270582e-02 -9.998940538053722182e-01
1.300000000000000044e+00 -2.535710574408539010e-03 1.562704672760762553e-02 -9.998746748887369362e-01
1.399999999999999911e+00 -3.428408379690399757e-03 1.676573333070961042e-02 -9.998535673236055299e-01
1.500000000000000000e+00 -4.470649153169417404e-03 1.784372075557862439e-02 -9.998307930804163357e-01
1.599999999999999867e+00 -5.667080488379219565e-03 1.884218270537800846e-02 -9.998064093632123006e-01
1.699999999999999956e+00 -7.021183682873850633e-03 1.973663818613422688e-02 -9.997805598830805662e-01
1.800000000000000044e+00 -8.531512169439682547e-03 2.050311891387073676e-02 -9.997533872036815650e-01
1.899999999999999911e+00 -1.019377747873790804e-02 2.111239090554083847e-02 -9.997251390439185759e-01
2.000000000000000000e+00 -1.199835739239303763e-02 2.153597901911177837e-02 -9.996960742151489443e-01
2.099999999999999645e+00 -1.393108092358640200e-02 2.174220303259530307e-02 -9.996665450731088143e-01
2.199999999999999734e+00 -1.597040848156262155e-02 2.169927779763113768e-02 -9.996369776689423281e-01
2.299999999999999822e+00 -1.808891495896091522e-02 2.137649518585745673e-02 -9.996078412657430912e-01
2.399999999999999911e+00 -2.025122052801458725e-02 2.074210435057381383e-02 -9.995797381043507457e-01
2.500000000000000000e+00 -2.241628326159780110e-02 1.977256495092402991e-02 -9.995531778961198599e-01
2.600000000000000089e+00 -2.453060188319677870e-02 1.844154198056644281e-02 -9.995289683693708849e-01
2.699999999999999734e+00 -2.653810277106442503e-02 1.673686060222152189e-02 -9.995076818172793365e-01
2.799999999999999822e+00 -2.837252899358181507e-02 1.465150598033194800e-02 -9.994900361029225300e-01
2.899999999999999911e+00 -2.996071186963316160e-02 1.218618696390638169e-02 -9.994767890766277363e-01
3.000000000000000000e+00 -3.122629139504446219e-02 9.358397003406905904e-03 -9.994685279845181292e-01
