1.000000000000000056e-01 -1.258983150547287992e-04 -2.701233882949637165e-04 -9.999999555914826921e-01
2.000000000000000111e-01 -2.521041816324340388e-04 -5.428208058212935462e-04 -9.999998208944959055e-01
2.999999999999999889e-01 -3.789486610567607003e-04 -8.206727230141578136e-04 -9.999995914468448044e-01
4.000000000000000222e-01 -5.068468208287901702e-04 -1.106031410457944701e-03 -9.999992598998945770e-01
5.000000000000000000e-01 -6.362847817243720647e-04 -1.402066944973036008e-03 -9.999988146738971739e-01
5.999999999999999778e-01 -7.678454123428106850e-04 -1.710865567400853080e-03 -9.999982416740621494e-01
6.999999999999999556e-01 -9.023000018947004109e-04 -2.034696179978041052e-03 -9.999975229296653723e-01
7.999999999999999334e-01 -1.040533488408313745e-03 -2.376704906541207436e-03 -9.999966342753396908e-01
8.999999999999999112e-01 -1.183727377437416694e-03 -2.738906548823532346e-03 -9.999955485801970134e-01
9.999999999999998890e-01 -1.333087777909521031e-03 -3.123363554054205821e-03 -9.999942337203960863e-01
1.099999999999999867e+00 -1.490441463499114858e-03 -3.532805812174452664e-03 -9.999926489069341784e-01
1.199999999999999956e+00 -1.657386344263607264e-03 -3.969393921299461080e-03 -9.999907484471648456e-01
1.300000000000000044e+00 -1.836371257160361418e-03 -4.434983298675726493e-03 -9.999884792669073708e-01
1.399999999999999911e+00 -2.029590266792093579e-03 -4.931763122885814837e-03 -9.999857791337916080e-01
1.500000000000000000e+00 -2.240150881960380810e-03 -5.460572624293664849e-03 -9.999825817845694464e-01
1.599999999999999867e+00 -2.470949908989860441e-03 -6.023691973426316404e-03 -9.999788045449400364e-01
1.699999999999999956e+00 -2.725571210839754059e-03 -6.621605922310884809e-03 -9.999743624660515362e-01
1.800000000000000044e+00 -3.008028684084302490e-03 -7.255319150612212463e-03 -9.999691555744794069e-01
1.899999999999999911e+00 -3.322353843369999817e-03 -7.925007656693659058e-03 -9.999630774251327958e-01
2.000000000000000000e+00 -3.673049869279063507e-03 -8.630407138267242803e-03 -9.999560114218172258e-01
2.099999999999999645e+00 -4.064948123795617506e-03 -9.371262034108851155e-03 -9.999478264603496314e-01
2.199999999999999734e+00 -4.502842516847623683e-03 -1.014605188778891151e-02 -9.999383890982344036e-01
2.299999999999999822e+00 -4.992591897806337303e-03 -1.095302659686618434e-02 -9.999275499659375788e-01
2.399999999999999911e+00 -5.539825423568930755e-03 -1.178946594279745540e-02 -9.999151557760886933e-01
2.500000000000000000e+00 -6.149554138235035182e-03 -1.265160987420312598e-02 -9.999010549192481889e-01
2.600000000000000089e+00 -6.828351037276488185e-03 -1.353510092812305540e-02 -9.998850806841019789e-01
2.699999999999999734e+00 -7.580713231601576667e-03 -1.443479211083976629e-02 -9.998670758952692417e-01
2.799999999999999822e+00 -8.412590430946330008e-03 -1.534495252314059879e-02 -9.998468685759649421e-01
2.899999999999999911e+00 -9.328803995100760568e-03 -1.625728769232704166e-02 -9.998243215196969125e-01
3.000000000000000000e+00 -1.033342022843494225e-02 -1.716378774983376432e-02 -9.997992921780990416e-01
