0.000000000000000000e+00 -6.791431265263586388e-12 -5.699344399576489931e-11 -1.000000000000000000e+00
1.025641025641025605e-01 -1.723254937096838080e-01 1.955763267683935380e-01 -8.197233386421705070e-01
2.051282051282051211e-01 -3.032039810260596657e-01 3.154186281850932527e-01 -3.717606010762531943e-01
3.076923076923077094e-01 -3.640763812798984422e-01 3.282885908972537070e-01 1.409731681501123213e-01
4.102564102564102422e-01 -3.498811084249979775e-01 2.582099907978225861e-01 5.507207029976888268e-01
5.128205128205127750e-01 -2.807299658381433582e-01 1.583078295524620038e-01 8.019010958144221490e-01
6.153846153846154188e-01 -1.907085398098321560e-01 7.399760798906780679e-02 9.252547918026909901e-01
7.179487179487179516e-01 -1.102171494490530312e-01 2.353474312572053501e-02 9.753528301618075158e-01
8.205128205128204844e-01 -5.429474847621998390e-02 2.193156131456368285e-03 9.927151608836802810e-01
9.230769230769230171e-01 -2.283866645313654617e-02 -3.036274375314600843e-03 9.980208496837825738e-01
1.025641025641025550e+00 -8.234705610155490518e-03 -2.527186198715845704e-03 9.994939160532037015e-01
1.128205128205128194e+00 -2.564053701157120377e-03 -1.224099722910551927e-03 9.998741870661194131e-01
1.230769230769230838e+00 -7.007017251997733594e-04 -4.406525042556578816e-04 9.999675294808305637e-01
1.333333333333333259e+00 -1.706401947810060548e-04 -1.254026392059213102e-04 9.999902407974974317e-01
1.435897435897435903e+00 -3.821616930246750029e-05 -2.775979085410207830e-05 9.999961715749071667e-01
1.538461538461538325e+00 -8.567876026099186518e-06 -6.043523757799179316e-06 9.999980116156813592e-01
1.641025641025640969e+00 -1.165338916831075710e-06 -2.070468246029524737e-07 9.999987282245763609e-01
1.743589743589743613e+00 -7.728519573394727467e-07 2.254083910792481293e-07 9.999990699639382807e-01
1.846153846153846034e+00 -1.042321696388693563e-06 -8.055881513523472488e-07 9.999992590092487976e-01
1.948717948717948678e+00 5.996663084235815066e-07 6.796368582007438446e-07 9.999993753359482929e-01
2.051282051282051100e+00 4.017257012871711227e-07 9.566391540533391704e-07 9.999994528934041949e-01
2.153846153846153744e+00 -1.066400288805288681e-06 8.591309320755249882e-07 9.999995079484692573e-01
2.256410256410256387e+00 1.006109821407283445e-06 8.239445600160298099e-07 9.999995490415735100e-01
2.358974358974359031e+00 -8.687877675474205977e-07 -3.638874523583839080e-07 9.999995809713998485e-01
2.461538461538461675e+00 6.656640593954174260e-07 -1.493833212801384206e-06 9.999996065983962623e-01
2.564102564102563875e+00 -1.183511631183004990e-06 1.840368199838198751e-07 9.999996277214397988e-01
2.666666666666666519e+00 5.301842719108943429e-08 -2.372644667984286574e-07 9.999996455086723746e-01
2.769230769230769162e+00 8.710960790257113434e-07 1.000275762746413414e-06 9.999996607523053971e-01
2.871794871794871806e+00 2.720549374735863577e-07 -3.153788534545932959e-07 9.999996740115024707e-01
2.974358974358974450e+00 4.427916586384625609e-07 1.007401224400541632e-06 9.999996856839373782e-01
3.076923076923076650e+00 -6.284674843986535097e-07 -8.985732899560504799e-08 9.999996960681143410e-01
3.179487179487179294e+00 2.149885097529074558e-07 2.003864015808412484e-06 9.999997053831126692e-01
3.282051282051281937e+00 1.867899306025231273e-07 -6.132398452136947900e-07 9.999997138085561232e-01
3.384615384615384581e+00 -8.517660778346080526e-07 8.063449657927364054e-07 9.999997214732296857e-01
3.487179487179487225e+00 4.491377797837501633e-07 1.311411205403544858e-07 9.999997284885696613e-01
3.589743589743589425e+00 -1.970162206886951720e-07 -4.574052152772164377e-07 9.999997349398451751e-01
3.692307692307692069e+00 -4.411379749584419212e-07 -1.116040669109290992e-06 9.999997408987216785e-01
3.794871794871794712e+00 -9.330328409164381020e-07 5.435668056665407548e-07 9.999997464264587244e-01
3.897435897435897356e+00 7.197382423791877325e-08 -7.475246762782693627e-07 9.999997515727271358e-01
4.000000000000000000e+00 -2.581825726524097228e-07 2.874763736848830505e-07 9.999997563762309527e-01
