1.000000000000000056e-01 -1.672533362663025103e-01 2.087209021505559980e-01 -9.569670367744694817e-01
2.000000000000000111e-01 -2.590218667528686458e-01 3.030315240567864610e-01 -8.335011355710562064e-01
2.999999999999999889e-01 -2.524045282873465523e-01 2.652289413125472062e-01 -6.456651839896608847e-01
4.000000000000000222e-01 -1.821905876533941870e-01 1.644616292279940661e-01 -4.175160530375419676e-01
5.000000000000000000e-01 -1.019119977216022960e-01 7.505097086301316944e-02 -1.773460853749919963e-01
5.999999999999999778e-01 -4.483355259187848940e-02 2.507641612485606367e-02 4.680283961857834019e-02
6.999999999999999556e-01 -1.555625461074467385e-02 5.819568760223652049e-03 2.316025213909772007e-01
7.999999999999999334e-01 -4.241880133932223775e-03 7.562180564989230691e-04 3.619671792671458888e-01
8.999999999999999112e-01 -9.007787647592479813e-04 -3.373584406264965030e-05 4.327487405363558692e-01
9.999999999999998890e-01 -1.465069574228047974e-04 -4.317088322228580311e-05 4.483333359315554989e-01
1.099999999999999867e+00 -1.768392274198075532e-05 -1.142340759350257312e-05 4.202694555562686562e-01
1.199999999999999956e+00 -1.472197921462865432e-06 -1.859760924040121292e-06 3.637497347152529592e-01
1.300000000000000044e+00 -6.538006603932802594e-08 -2.101605594767541223e-07 2.939966512446834934e-01
1.399999999999999911e+00 1.676383928032875878e-09 -1.679375830314514128e-08 2.235024788754146896e-01
1.500000000000000000e+00 4.525328874477833738e-10 -9.367915117751400727e-10 1.606280078826783642e-01
1.599999999999999867e+00 -3.354780542450135751e-11 -5.832414007442089436e-11 1.095435432637512085e-01
1.699999999999999956e+00 -5.545271864166799432e-11 -1.909357868514088287e-11 7.108364170803552207e-02
1.800000000000000044e+00 -3.762143076636100123e-11 -1.282931960962197236e-11 4.397105947045915758e-02
1.899999999999999911e+00 -2.351826130249120420e-11 -7.960619767967419416e-12 2.595237455622476097e-02
2.000000000000000000e+00 -1.392959931470127619e-11 -4.698166882640258349e-12 1.461587363968280297e-02
2.099999999999999645e+00 -7.852075270430919959e-12 -2.629516644776937227e-12 7.848954823677090076e-03
2.199999999999999734e+00 -4.204980028625585672e-12 -1.397550353168190439e-12 4.013917947204899243e-03
2.299999999999999822e+00 -2.136539489125650029e-12 -7.044600462891627971e-13 1.951687198229352764e-03
2.399999999999999911e+00 -1.028445743984231752e-12 -3.362258665806988106e-13 9.008421649898189047e-04
2.500000000000000000e+00 -4.684644860820188329e-13 -1.518060674295053480e-13 3.941305251120861609e-04
2.600000000000000089e+00 -2.017019943310178203e-13 -6.475870154808982247e-14 1.632452252088737257e-04
2.699999999999999734e+00 -8.200187444985144745e-14 -2.607262023437964806e-14 6.394632531432338594e-05
2.799999999999999822e+00 -3.146016663760758130e-14 -9.901169182058471067e-15 2.367141283425302381e-05
2.899999999999999911e+00 -1.138298979611820880e-14 -3.543956734848375708e-15 8.275386754853294657e-06
3.000000000000000000e+00 -3.882926433447041341e-15 -1.195465097378087831e-15 2.730645813063719128e-06
