1.000000000000000056e-01 -2.472284627723266570e-01 -1.373213121035502526e-01 -9.512740389396674434e-01
2.000000000000000111e-01 -3.508658074398064985e-01 -2.172947126533337769e-01 -8.122681561121404270e-01
2.999999999999999889e-01 -2.948114672365579336e-01 -2.169335616526705535e-01 -6.032336552344905733e-01
4.000000000000000222e-01 -1.714055451935085073e-01 -1.589695982196539792e-01 -3.538856318401047973e-01
5.000000000000000000e-01 -7.080970389584836933e-02 -8.855534969498901621e-02 -9.808703755260371471e-02
5.999999999999999778e-01 -2.008048192270351848e-02 -3.775608031761783223e-02 1.321863547305187070e-01
6.999999999999999556e-01 -3.308226987568099395e-03 -1.226838001441812528e-02 3.123595348610345157e-01
7.999999999999999334e-01 1.382462403378380278e-05 -2.999994668621099210e-03 4.288903043132420989e-01
8.999999999999999112e-01 1.773493399603839936e-04 -5.381766883702166415e-04 4.802915000968315806e-01
9.999999999999998890e-01 5.421142659003867721e-05 -6.695633351399003959e-05 4.754099708885861642e-01
1.099999999999999867e+00 9.431376333292084533e-06 -4.874579169831127384e-06 4.296515409821528020e-01
1.199999999999999956e+00 1.067795055179123673e-06 -1.266628623821763455e-08 3.605257831201152952e-01
1.300000000000000044e+00 7.702384880192907136e-08 4.278021910882174751e-08 2.837652945914193592e-01
1.399999999999999911e+00 2.664517114294141852e-09 5.391143549895219741e-09 2.109560105272152708e-01
1.500000000000000000e+00 -1.527580766115241048e-10 4.003501838033929416e-10 1.488619994728040408e-01
1.599999999999999867e+00 -9.860528149391470620e-11 4.533282508782314449e-11 1.000548760633375445e-01
1.699999999999999956e+00 -5.872621525725206514e-11 2.338264876198862590e-11 6.419186311491251185e-02
1.800000000000000044e+00 -3.741071818045561976e-11 1.522975215496088914e-11 3.934550842953383337e-02
1.899999999999999911e+00 -2.309842036485102688e-11 9.501150620312842975e-12 2.303554353628003634e-02
2.000000000000000000e+00 -1.359353785329689335e-11 5.606952213790996412e-12 1.286887355333154667e-02
2.099999999999999645e+00 -7.600351974352817151e-12 3.145461680005160800e-12 6.849577994950219358e-03
2.199999999999999734e+00 -4.032716091729249233e-12 1.674596848196212063e-12 3.467498023157422442e-03
2.299999999999999822e+00 -2.027690412572704705e-12 8.449641891227298065e-13 1.666856410045484743e-03
2.399999999999999911e+00 -9.649392494000227355e-13 4.035694225708195809e-13 7.598104595161364909e-04
2.500000000000000000e+00 -4.341934012271788172e-13 1.822887230536864479e-13 3.280489803540439847e-04
2.600000000000000089e+00 -1.845874424708296170e-13 7.780544519582917076e-14 1.340257595647540757e-04
2.699999999999999734e+00 -7.408700388810834740e-14 3.135639568725139607e-14 5.177317689696105558e-05
2.799999999999999822e+00 -2.805679059746752889e-14 1.192498547474848961e-14 1.889603184151030071e-05
2.899999999999999911e+00 -1.001929268419094570e-14 4.277111858230518978e-15 6.511595373344208454e-06
3.000000000000000000e+00 -3.372042369465930350e-15 1.445963569962945902e-15 2.117264501953424008e-06
