1.000000000000000056e-01 4.019687583098983941e-02 4.338574314794564624e-02 -9.980190151361388873e-01
2.000000000000000111e-01 6.668985593485048102e-02 7.222493045395386724e-02 -9.920483246063135363e-01
2.999999999999999889e-01 7.324983854276614914e-02 7.977607142057720202e-02 -9.820074307154836868e-01
4.000000000000000222e-01 6.311240682001909019e-02 6.926059856011962390e-02 -9.677765190290397168e-01
5.000000000000000000e-01 4.497470461641474987e-02 4.982295787628089612e-02 -9.492117310176894085e-01
5.999999999999999778e-01 2.713250079923064384e-02 3.038889875002637186e-02 -9.261699691313018956e-01
6.999999999999999556e-01 1.402750614624789088e-02 1.590333196420253004e-02 -8.985358562067574661e-01
7.999999999999999334e-01 6.258661285383035344e-03 7.188593031184687711e-03 -8.662553977491348478e-01
8.999999999999999112e-01 2.420208412169820925e-03 2.817471646869549456e-03 -8.293677389928109100e-01
9.999999999999998890e-01 8.133891631514665946e-04 9.596476319807153684e-04 -7.880278267261231484e-01
1.099999999999999867e+00 2.379861991829763273e-04 2.844050578059424857e-04 -7.425422284504902271e-01
1.199999999999999956e+00 6.069152085905134318e-05 7.337664247555730345e-05 -6.933637640771239674e-01
1.300000000000000044e+00 1.350043914360070111e-05 1.648241738002258178e-05 -6.411153647803796707e-01
1.399999999999999911e+00 2.620934668450843183e-06 3.222343392170562694e-06 -5.865630432734896260e-01
1.500000000000000000e+00 4.444177397618366354e-07 5.482563016238000504e-07 -5.305963420998869307e-01
1.599999999999999867e+00 6.621586707245036370e-08 8.119578374393131763e-08 -4.741951486254567527e-01
1.699999999999999956e+00 8.996621206062507077e-09 1.054225367987288666e-08 -4.183706049476152988e-01
1.800000000000000044e+00 1.433318720433291116e-09 1.291074935203006594e-09 -3.641267694378597097e-01
1.899999999999999911e+00 5.297842716075826116e-10 2.305571185630033525e-10 -3.123959337431756467e-01
2.000000000000000000e+00 3.956675117586612163e-10 1.140892248984932829e-10 -2.639947368929114746e-01
2.099999999999999645e+00 3.388064386585166403e-10 9.140497262405911389e-11 -2.195817067691353819e-01
2.199999999999999734e+00 2.898097229973839190e-10 7.708354275509660075e-11 -1.796299227390870390e-01
2.299999999999999822e+00 2.434858424018286457e-10 6.411637455082017216e-11 -1.444161320254979120e-01
2.399999999999999911e+00 2.005207553531417039e-10 5.226809273903321042e-11 -1.140174560542684817e-01
2.500000000000000000e+00 1.617571759967565639e-10 4.171599726014162891e-11 -8.833066919647920845e-02
2.600000000000000089e+00 1.277305203234433336e-10 3.257189424976243447e-11 -6.709653779562897713e-02
2.699999999999999734e+00 9.867281935277141132e-11 2.486675433814669178e-11 -4.993546306337641461e-02
2.799999999999999822e+00 7.452045328573148813e-11 1.854897419721164431e-11 -3.638359972934517711e-02
2.899999999999999911e+00 5.498882225045922664e-11 1.351123212074485529e-11 -2.593489540019726716e-02
3.000000000000000000e+00 3.961795944040093516e-11 9.602943189427553068e-12 -1.807291102705421357e-02
