1.000000000000000056e-01 -9.505559644631871117e-04 1.078363008903148118e-03 -9.999989667877993149e-01
2.000000000000000111e-01 -1.895875520818907306e-03 2.156449208910972241e-03 -9.999958776830768503e-01
2.999999999999999889e-01 -2.830762464974879034e-03 3.232560032768993889e-03 -9.999907686274815966e-01
4.000000000000000222e-01 -3.750003383761803168e-03 4.306725498029780573e-03 -9.999836946627090883e-01
5.000000000000000000e-01 -4.648444122480038972e-03 5.377105209149845091e-03 -9.999747390352872189e-01
5.999999999999999778e-01 -5.520970240254313016e-03 6.442857678081070211e-03 -9.999640035897207069e-01
6.999999999999999556e-01 -6.362546973260989336e-03 7.502176574099996866e-03 -9.999516165026199888e-01
7.999999999999999334e-01 -7.168247664860584976e-03 8.552382198126538479e-03 -9.999377345559958830e-01
8.999999999999999112e-01 -7.933295151704912451e-03 9.591527072326565609e-03 -9.999225297202724017e-01
9.999999999999998890e-01 -8.653062022476849802e-03 1.061639584436358148e-02 -9.999062039331821916e-01
1.099999999999999867e+00 -9.323234855006030941e-03 1.162231746728967577e-02 -9.998889933576475819e-01
1.199999999999999956e+00 -9.939740815450518602e-03 1.260635558909494955e-02 -9.998711323770170800e-01
1.300000000000000044e+00 -1.049896491380877470e-02 1.356171382089210037e-02 -9.998529150158276257e-01
1.399999999999999911e+00 -1.099771642840093738e-02 1.448395928070665001e-02 -9.998346189091426028e-01
1.500000000000000000e+00 -1.143342783197635708e-02 1.536584010650052755e-02 -9.998165670260714677e-01
1.599999999999999867e+00 -1.180422320433799008e-02 1.619994265032510469e-02 -9.997990909119487402e-01
1.699999999999999956e+00 -1.210909048842667875e-02 1.697854401262919796e-02 -9.997825258462079701e-01
1.800000000000000044e+00 -1.234792668114761266e-02 1.769255808051781870e-02 -9.997672239639786573e-01
1.899999999999999911e+00 -1.252184871494039717e-02 1.833223937600882494e-02 -9.997535357892731733e-01
2.000000000000000000e+00 -1.263317629169561675e-02 1.888790412859026394e-02 -9.997417916416504458e-01
2.099999999999999645e+00 -1.268589804350285684e-02 1.934882589688942736e-02 -9.997323096367707329e-01
2.199999999999999734e+00 -1.268491418438764083e-02 1.970420585482061254e-02 -9.997253808798710617e-01
2.299999999999999822e+00 -1.263774092042579088e-02 1.994255126065028888e-02 -9.997212521774837546e-01
2.399999999999999911e+00 -1.255342698212860361e-02 2.005203846255760453e-02 -9.997201243759993305e-01
2.500000000000000000e+00 -1.244389347666860664e-02 2.002173392612554767e-02 -9.997221011871395557e-01
