1.000000000000000056e-01 1.399170416466022186e-03 -5.394023844495786412e-04 -9.999988756829666370e-01
2.000000000000000111e-01 2.816429745966073268e-03 -1.066001886681272907e-03 -9.999954656714029610e-01
2.999999999999999889e-01 4.269439297484102329e-03 -1.566922801153942555e-03 -9.999896582669309808e-01
4.000000000000000222e-01 5.774963827302933769e-03 -2.027516971609692915e-03 -9.999812693082805737e-01
5.000000000000000000e-01 7.348409870067990068e-03 -2.432438909541579947e-03 -9.999700416075629761e-01
5.999999999999999778e-01 9.003215015174355004e-03 -2.763924147331403656e-03 -9.999556504376216903e-01
6.999999999999999556e-01 1.075034428097117536e-02 -3.002339254982888672e-03 -9.999377060873730905e-01
7.999999999999999334e-01 1.259744668672783605e-02 -3.126772999476712216e-03 -9.999157602651643773e-01
8.999999999999999112e-01 1.454825477637259473e-02 -3.111626886903757615e-03 -9.998893269054522914e-01
9.999999999999998890e-01 1.660161596079485352e-02 -2.931253677784354233e-03 -9.998578869509778810e-01
1.099999999999999867e+00 1.875068859509733399e-02 -2.557400380632520332e-03 -9.998209196549888711e-01
1.199999999999999956e+00 2.098201104450715671e-02 -1.960614509626336203e-03 -9.997779309439426276e-01
1.300000000000000044e+00 2.327461344430698659e-02 -1.111691527232940837e-03 -9.997284913958499608e-01
1.399999999999999911e+00 2.559934504599993554e-02 1.793782970800590149e-05 -9.996722829050721515e-01
1.500000000000000000e+00 2.791818584085060256e-02 1.453214306559973568e-03 -9.996091551543360154e-01
1.599999999999999867e+00 3.018376152671093174e-02 3.216143417493944664e-03 -9.995391923077339147e-01
1.699999999999999956e+00 3.233978928153814769e-02 5.320139728290888305e-03 -9.994627727641566262e-01
1.800000000000000044e+00 3.432125543012946867e-02 7.770395862128224099e-03 -9.993806443850500321e-01
1.899999999999999911e+00 3.605577357066933053e-02 1.055825072390710606e-02 -9.992940030508226101e-01
2.000000000000000000e+00 3.746532949863799061e-02 1.366219273493958671e-02 -9.992045304012371343e-01
2.099999999999999645e+00 3.846944512114439801e-02 1.704067817560353179e-02 -9.991144664548404775e-01
2.199999999999999734e+00 3.898911509599260056e-02 2.063370290947949548e-02 -9.990265758041965150e-01
2.299999999999999822e+00 3.895010937673774182e-02 2.435917859650232539e-02 -9.989442022570331758e-01
2.399999999999999911e+00 3.828842788021390164e-02 2.811183715764478674e-02 -9.988712232870303742e-01
2.500000000000000000e+00 3.696069164886742198e-02 3.176349904435120386e-02 -9.988117877075182172e-01
