1.000000000000000056e-01 -5.338169902118658451e-04 3.575789815766873330e-04 -9.999997935883133682e-01
2.000000000000000111e-01 -1.068994452785284287e-03 7.093177080790141493e-04 -9.999991770592741025e-01
2.999999999999999889e-01 -1.606820151918522156e-03 1.049930169732572098e-03 -9.999981578859429288e-01
4.000000000000000222e-01 -2.148422586257433750e-03 1.373166858815443340e-03 -9.999967493413965958e-01
5.000000000000000000e-01 -2.694680647194844670e-03 1.673756818175089296e-03 -9.999949686042007846e-01
5.999999999999999778e-01 -3.246243468548894347e-03 1.944983640244374399e-03 -9.999928394456221170e-01
6.999999999999999556e-01 -3.803297356782338670e-03 2.181831232100478555e-03 -9.999903872248278036e-01
7.999999999999999334e-01 -4.365650442142044764e-03 2.378025559431593255e-03 -9.999876429685619073e-01
8.999999999999999112e-01 -4.932256051410530660e-03 2.527657494027387135e-03 -9.999846417808427868e-01
9.999999999999998890e-01 -5.501890411022999222e-03 2.624363463574927360e-03 -9.999814207873192196e-01
1.099999999999999867e+00 -6.072305542612683148e-03 2.662363622209707858e-03 -9.999780192208890250e-01
1.199999999999999956e+00 -6.640669838745515835e-03 2.635714743952232222e-03 -9.999744769262536304e-01
1.300000000000000044e+00 -7.203005097971287504e-03 2.538808438678046182e-03 -9.999708351556274577e-01
1.399999999999999911e+00 -7.754532391979285580e-03 2.365065963563615144e-03 -9.999671363001142455e-01
1.500000000000000000e+00 -8.289587726777561047e-03 2.110057151279217703e-03 -9.999634145251776740e-01
1.599999999999999867e+00 -8.801207481272978195e-03 1.768903486349792092e-03 -9.999597040508878543e-01
1.699999999999999956e+00 -9.281564042991491403e-03 1.336788025231832894e-03 -9.999560318183275953e-01
1.800000000000000044e+00 -9.721635055863032254e-03 8.105040542909572321e-04 -9.999524153153794837e-01
1.899999999999999911e+00 -1.011099230477082930e-02 1.867716089931134430e-04 -9.999488651663684946e-01
2.000000000000000000e+00 -1.043834572729213962e-02 -5.353299763312266641e-04 -9.999453756852361153e-01
2.099999999999999645e+00 -1.069105518063208186e-02 -1.357224523858953152e-03 -9.999419279483614531e-01
2.199999999999999734e+00 -1.085596980982391976e-02 -2.277503936658606312e-03 -9.999384785361493666e-01
2.299999999999999822e+00 -1.091820637225180378e-02 -3.292520165479109751e-03 -9.999349738988249081e-01
2.399999999999999911e+00 -1.086235924802540082e-02 -4.398597821245405631e-03 -9.999313283521199525e-01
2.500000000000000000e+00 -1.067260724262787154e-02 -5.588014893644942423e-03 -9.999274320887040490e-01
