1.000000000000000056e-01 2.326284794566821704e-03 -5.766434141680020116e-03 -9.999755665620848610e-01
2.000000000000000111e-01 4.455700905977332156e-03 -1.194886232335240148e-02 -9.998983958066873790e-01
2.999999999999999889e-01 6.165606659259796618e-03 -1.894946362646814444e-02 -9.997562235137581466e-01
4.000000000000000222e-01 7.183138137734379827e-03 -2.714212068213817455e-02 -9.995264455005750115e-01
5.000000000000000000e-01 7.163647615092223232e-03 -3.685070728490640740e-02 -9.991731103067903463e-01
5.999999999999999778e-01 5.673810609032526285e-03 -4.832513748494369349e-02 -9.986430228641227647e-01
6.999999999999999556e-01 2.182752119405673326e-03 -6.170628352627539198e-02 -9.978616240217044187e-01
7.999999999999999334e-01 -3.936401601002548906e-03 -7.698527089417202263e-02 -9.967292730461481121e-01
8.999999999999999112e-01 -1.339027311667153643e-02 -9.395937806527371317e-02 -9.951186781857735975e-01
9.999999999999998890e-01 -2.692944725079979285e-02 -1.121764708328095300e-01 -9.928756377227658803e-01
1.099999999999999867e+00 -4.528945731346409320e-02 -1.308925135326931277e-01 -9.898231525648193418e-01
1.199999999999999956e+00 -6.910582546744693799e-02 -1.490270939299629116e-01 -9.857726447531309777e-01
1.300000000000000044e+00 -9.880200654609153088e-02 -1.651530887990830532e-01 -9.805411389318193782e-01
1.399999999999999911e+00 -1.344525937086517575e-01 -1.775054350495205990e-01 -9.739791988541858236e-01
1.500000000000000000e+00 -1.756305345290246067e-01 -1.840498420156845283e-01 -9.660063933282184712e-01
1.599999999999999867e+00 -2.212554527548160066e-01 -1.826145551627830210e-01 -9.566537075006437130e-01
1.699999999999999956e+00 -2.694607890865618471e-01 -1.710867817020008397e-01 -9.461122826409413822e-01
1.800000000000000044e+00 -3.175198128043787427e-01 -1.477004032989665538e-01 -9.347758722552905741e-01
1.899999999999999911e+00 -3.618576517353380151e-01 -1.113833132597627923e-01 -9.232738095718747706e-01
2.000000000000000000e+00 -3.981993542810599029e-01 -6.215728922414547747e-02 -9.124760348823789391e-01
2.099999999999999645e+00 -4.218803385540255690e-01 -1.526101134383887892e-03 -9.034610467992842953e-01
2.199999999999999734e+00 -4.283449540304320458e-01 6.719886814339820491e-02 -8.974290257143060501e-01
2.299999999999999822e+00 -4.138223205625575774e-01 1.387434874715283151e-01 -8.955547084069735986e-01
2.399999999999999911e+00 -3.761359475093101756e-01 2.059705142117404242e-01 -8.987781845844666773e-01
2.500000000000000000e+00 -3.155497985654231452e-01 2.603369651156715037e-01 -9.075495059147168364e-01
