1.000000000000000056e-01 2.908066695537989133e-01 -9.493561576731308904e-02 -9.502235875946219990e-01
2.000000000000000111e-01 5.546243369633176989e-01 -1.599946763892120538e-01 -8.084781943901959700e-01
2.999999999999999889e-01 7.667868779085279529e-01 -1.736762929735885252e-01 -5.956593883428997760e-01
4.000000000000000222e-01 9.076369579324283787e-01 -1.286522043736767484e-01 -3.410225283693513743e-01
5.000000000000000000e-01 9.654462352419171944e-01 -3.326360776293933036e-02 -7.573743744429228819e-02
5.999999999999999778e-01 9.388206620463851459e-01 9.151061393231446628e-02 1.731249961251028202e-01
6.999999999999999556e-01 8.375677405042906143e-01 2.183955680964280444e-01 3.866302320205705079e-01
7.999999999999999334e-01 6.813337876054381681e-01 3.212567504829471066e-01 5.553801079810345431e-01
8.999999999999999112e-01 4.961097983964820601e-01 3.813606873291524035e-01 6.785336279009179794e-01
9.999999999999998890e-01 3.094957256780604959e-01 3.909257890240380728e-01 7.613445748879001940e-01
1.099999999999999867e+00 1.459469989273994572e-01 3.535970618276945143e-01 8.122714211444390653e-01
1.199999999999999956e+00 2.297138854248641227e-02 2.824251195624371547e-01 8.404872616445855371e-01
1.300000000000000044e+00 -5.130446729738635109e-02 1.962878338936498712e-01 8.541877262349072408e-01
1.399999999999999911e+00 -7.911677134753661300e-02 1.154361200251140251e-01 8.597295857657861751e-01
1.500000000000000000e+00 -7.236980459310544955e-02 5.658391213027257755e-02 8.614161771658231936e-01
1.599999999999999867e+00 -4.969437675720524833e-02 2.817964080841646457e-02 8.617207757912821453e-01
1.699999999999999956e+00 -3.087446289245576736e-02 2.732548116914422162e-02 8.617845253896555535e-01
1.800000000000000044e+00 -2.953226712382493735e-02 4.045064218694664759e-02 8.620490644428558946e-01
1.899999999999999911e+00 -4.695857729489967547e-02 4.913959760708559721e-02 8.628388753671691891e-01
2.000000000000000000e+00 -7.114146804440280025e-02 3.983720817440235262e-02 8.646635585256479128e-01
2.099999999999999645e+00 -8.353256698085816112e-02 1.265943020693553224e-02 8.680831333239942271e-01
2.199999999999999734e+00 -7.149899765375301863e-02 -1.704569130417338610e-02 8.732259100290229448e-01
2.299999999999999822e+00 -3.914533768123562574e-02 -2.777659915692958642e-02 8.793533692306275684e-01
2.399999999999999911e+00 -7.716102586700121502e-03 -7.743346347437023505e-03 8.849675461615922334e-01
2.500000000000000000e+00 -2.312246079353566693e-03 3.329223113864859807e-02 8.886403626761194552e-01
