1.000000000000000056e-01 1.109013911812841297e-04 3.034027969183514923e-04 -9.999999478238118522e-01
2.000000000000000111e-01 2.228339307333253977e-04 6.056296214201780086e-04 -9.999997917788725488e-01
2.999999999999999889e-01 3.367935073868120349e-04 9.046450513629075620e-04 -9.999995340935889931e-01
4.000000000000000222e-01 4.537469943999507716e-04 1.199834546209060286e-03 -9.999991772549718938e-01
5.000000000000000000e-01 5.745723340415510123e-04 1.489444024811621648e-03 -9.999987257106688343e-01
5.999999999999999778e-01 7.000504740062797777e-04 1.771859938339777167e-03 -9.999981852190790166e-01
6.999999999999999556e-01 8.308394166708672887e-04 2.045676724850102428e-03 -9.999975624531627361e-01
7.999999999999999334e-01 9.674328128713192499e-04 2.309419106141816745e-03 -9.999968653234382332e-01
8.999999999999999112e-01 1.110128427511622396e-03 2.560785581718542578e-03 -9.999961049882000186e-01
9.999999999999998890e-01 1.259018943085936154e-03 2.797867820644828456e-03 -9.999952933920456255e-01
1.099999999999999867e+00 1.413919987036819708e-03 3.019572873932067653e-03 -9.999944414890904465e-01
1.199999999999999956e+00 1.574342986378048309e-03 3.222494763076818973e-03 -9.999935684646207301e-01
1.300000000000000044e+00 1.739487007138342933e-03 3.405725275775671468e-03 -9.999926875827831463e-01
1.399999999999999911e+00 1.908161830549667034e-03 3.567093818589382823e-03 -9.999918173458799409e-01
1.500000000000000000e+00 2.078767855711607503e-03 3.703663547475593339e-03 -9.999909807586317978e-01
1.599999999999999867e+00 2.249251191482859805e-03 3.813988640586156963e-03 -9.999901971309415050e-01
1.699999999999999956e+00 2.417102820945580578e-03 3.896405463770939107e-03 -9.999894877628960899e-01
1.800000000000000044e+00 2.579293828641210200e-03 3.948553249668522447e-03 -9.999888780222188078e-01
1.899999999999999911e+00 2.732282890456157968e-03 3.969963112019846488e-03 -9.999883869423746852e-01
2.000000000000000000e+00 2.872237008670812906e-03 3.958518780841024931e-03 -9.999880401155260001e-01
2.099999999999999645e+00 2.994153102123119255e-03 3.913671720068165327e-03 -9.999878590286107594e-01
2.199999999999999734e+00 3.093433123963562539e-03 3.836546581193776839e-03 -9.999878557241691501e-01
2.299999999999999822e+00 3.163852260858077310e-03 3.726829210396158040e-03 -9.999880503287430500e-01
2.399999999999999911e+00 3.200375452271070949e-03 3.586854923163709970e-03 -9.999884459798864533e-01
2.500000000000000000e+00 3.196501338050558930e-03 3.418942771486345629e-03 -9.999890465531714456e-01
