8.000000000000000444e-01 -7.433497020064262495e-01 -8.213558799809320132e-02 5.625924153491045354e-01
8.517241379310345195e-01 -6.666585074383443166e-01 -1.663088132777159056e-01 6.378086751295773960e-01
9.034482758620689946e-01 -5.784529715474953093e-01 -2.356128155727615914e-01 7.025766555558512483e-01
9.551724137931034697e-01 -4.830494769446591063e-01 -2.874831655549787701e-01 7.575906989524107127e-01
1.006896551724137945e+00 -3.850509339876456161e-01 -3.206550998781099726e-01 8.037274627031423258e-01
1.058620689655172420e+00 -2.889975815390057323e-01 -3.351944001777553139e-01 8.419631470375502635e-01
1.110344827586206895e+00 -1.990437305348259356e-01 -3.323998818380619058e-01 8.733031126235224484e-01
1.162068965517241370e+00 -1.186664883293515743e-01 -3.146071576742025533e-01 8.987348048369773190e-01
1.213793103448275845e+00 -5.043158317088454468e-02 -2.849263723778691637e-01 9.191905383228584636e-01
1.265517241379310320e+00 4.128727490942382672e-03 -2.468956815360742463e-01 9.355277727128431531e-01
1.317241379310344795e+00 4.454626983063521284e-02 -2.041942869271047012e-01 9.484995888970575439e-01
1.368965517241379271e+00 7.134294195970394825e-02 -1.602763140383473006e-01 9.587630916402348769e-01
1.420689655172413746e+00 8.587551796595954690e-02 -1.181412052090586862e-01 9.668699095417642164e-01
1.472413793103448221e+00 9.010240098946939447e-02 -8.015703703839910377e-02 9.732744390030844128e-01
1.524137931034482696e+00 8.635262955383382621e-02 -4.791191287807004817e-02 9.783472458407983519e-01
1.575862068965517171e+00 7.704338359196014063e-02 -2.223124120074641136e-02 9.823834600760247282e-01
1.627586206896551646e+00 6.448034986423643866e-02 -3.252272693404355264e-03 9.856130529652621375e-01
1.679310344827586121e+00 5.065241403803529691e-02 9.472641306839543751e-03 9.882153367678345735e-01
1.731034482758620596e+00 3.715257767467856909e-02 1.680037804730962619e-02 9.903264349953289081e-01
1.782758620689655071e+00 2.508529321609283616e-02 1.982655953419217715e-02 9.920509540373830815e-01
1.834482758620689546e+00 1.510636454898058208e-02 1.973459820035440571e-02 9.934676048272153004e-01
1.886206896551724022e+00 7.468762709403277758e-03 1.761334925602676613e-02 9.946370234113595110e-01
1.937931034482758497e+00 2.098307810197800119e-03 1.443958004876570028e-02 9.956049998808913504e-01
1.989655172413792972e+00 -1.275665234997546207e-03 1.095536794851828186e-02 9.964074236518858374e-01
2.041379310344827225e+00 -3.058253463380430741e-03 7.662163590343344134e-03 9.970728100844535868e-01
2.093103448275861922e+00 -3.686262234360567457e-03 4.872121799133504252e-03 9.976237548555988432e-01
2.144827586206896619e+00 -3.558644413409464344e-03 2.713773325123159351e-03 9.980788819347787832e-01
2.196551724137930872e+00 -3.017449835459643914e-03 1.199493027415773905e-03 9.984536030173214449e-01
2.248275862068965125e+00 -2.318374376981928529e-03 2.299206570860780341e-04 9.987609301637910830e-01
2.299999999999999822e+00 -1.625363144516775394e-03 -2.976138644498710177e-04 9.990118639455706218e-01
